-176299.401    91.388     0.00    7.45
-175927.695    95.247    10.38   10.49
-175556.062   102.279    18.92   13.20
-175184.501   111.973    26.10    9.98
-174813.014   119.943    21.46    9.10
-174441.600   126.520    17.71    8.45
-174070.258   133.478    18.74   10.09
-173698.989   140.182    18.06    9.24
-173327.794   147.901    20.80    9.87
-172956.670   153.247    14.41    9.61
-172585.620   160.731    20.17   10.29
-172214.642   168.061    19.76   10.59
-171843.737   176.572    22.95   10.77
-171472.904   183.924    19.83    9.96
-171102.144   191.231    19.71    8.60
-170731.456   195.856    12.48    9.07
-170360.841   201.454    15.11    9.76
-169990.298   205.901    12.00   10.34
-169619.828   211.915    16.24    9.72
-169249.430   216.678    12.86    9.29
-168879.104   221.528    13.10    7.65
-168508.850   225.558    10.89    7.48
-168138.669   229.485    10.61    6.75
-167768.560   233.789    11.63    7.73
-167398.522   238.346    12.31    7.07
-167028.557   241.799     9.34    6.41
-166658.664   243.787     5.37    5.44
-166288.843   246.631     7.69    6.42
-165919.094   248.473     4.98    7.04
-165549.416   252.968    12.16    9.55
-165179.811   257.466    12.17   10.78
-164810.277   263.721    16.93   12.23
-164440.815   268.561    13.10   12.05
-164071.425   274.367    15.72   10.89
-163702.107   277.440     8.32    9.89
-163332.860   279.236     4.86    8.84
-162963.685   276.889    -6.36    8.54
-162594.581   272.742   -11.24    7.93
-162225.549   269.678    -8.30    6.05
-161856.588   269.822     0.39    6.13
-161487.699   274.463    12.58    8.75
-161118.881   280.560    16.53    8.13
-160750.134   285.766    14.12    7.89
-160381.459   287.776     5.45    8.19
-160012.855   288.345     1.54    7.62
-159644.323   289.144     2.17    6.64
-159275.861   290.923     4.83    5.89
-158907.471   294.277     9.10    6.67
-158539.152   299.492    14.16    5.63
-158170.904   302.811     9.01    4.18
-157802.726   304.799     5.40    1.68
-157434.620   304.676    -0.33    1.11
-157066.585   303.363    -3.57    2.54
-156698.621   299.697    -9.96    6.09
-156330.727   294.268   -14.76    8.50
-155962.905   288.911   -14.57    7.96
-155595.153   284.227   -12.74    5.07
-155227.472   282.411    -4.94    3.89
-154859.861   280.822    -4.32    3.90
-154492.322   278.033    -7.59    5.15
-154124.853   273.144   -13.31    7.60
-153757.454   264.663   -23.09   10.27
-153390.126   256.766   -21.50   10.77
-153022.869   247.040   -26.49    9.62
-152655.682   238.867   -22.26    8.78
-152288.565   231.362   -20.45    7.38
-151921.519   225.799   -15.16    6.17
-151554.543   220.773   -13.70    4.77
-151187.637   216.395   -11.93    4.59
-150820.802   212.676   -10.14    4.09
-150454.037   208.948   -10.16    4.09
-150087.342   205.694    -8.88    3.52
-149720.717   202.620    -8.39    3.10
-149354.162   199.665    -8.06    3.61
-148987.678   196.552    -8.49    3.78
-148621.263   193.561    -8.17    3.87
-148254.918   189.958    -9.83    3.64
-147888.643   187.163    -7.63    3.57
-147522.439   183.489   -10.03    4.50
-147156.304   179.481   -10.95    5.34
-146776.983   175.834    -9.62    4.20
-146396.349   173.620    -5.82    2.39
-146015.791   171.845    -4.66    1.56
-145635.310   170.586    -3.31    2.40
-145254.905   168.259    -6.12    2.81
-144874.576   165.856    -6.32    2.91
-144494.323   162.799    -8.04    3.43
-144114.147   159.474    -8.75    4.29
-143734.047   155.247   -11.12    4.59
-143354.022   152.765    -6.53    3.38
-142974.074   151.755    -2.66    2.31
-142594.202   152.155     1.06    2.12
-142214.405   153.765     4.24    2.08
-141834.685   155.345     4.16    2.37
-141455.040   156.833     3.92    2.38
-141075.472   158.951     5.58    2.53
-140695.979   161.454     6.60    3.43
-140316.561   163.063     4.24    3.19
-139937.220   163.350     0.76    2.21
-139557.954   162.834    -1.36    1.42
-139178.763   161.572    -3.33    1.61
-138799.648   160.429    -3.01    1.50
-138420.609   159.811    -1.63    1.52
-138041.645   159.497    -0.83    1.50
-137662.757   159.455    -0.11    1.57
-137283.943   159.415    -0.11    1.51
-136905.205   159.674     0.68    1.35
-136526.543   160.334     1.74    1.46
-136147.955   161.193     2.27    1.40
-135769.443   162.098     2.39    0.97
-135391.006   162.390     0.77    0.71
-135012.644   161.799    -1.56    1.50
-134634.357   160.991    -2.14    1.86
-134256.145   159.985    -2.66    1.69
-133878.008   159.159    -2.18    1.01
-133499.946   158.890    -0.71    0.47
-133121.959   159.601     1.88    1.59
-132744.046   160.722     2.97    2.02
-132366.209   161.707     2.61    1.77
-131988.446   162.492     2.08    0.80
-131610.757   162.328    -0.44    0.75
-131233.144   162.027    -0.80    0.46
-130855.605   161.787    -0.63    0.32
-130478.141   161.231    -1.47    0.92
-130100.751   160.569    -1.75    1.22
-129723.435   159.765    -2.13    1.21
-129346.194   158.893    -2.31    0.90
-128969.028   158.367    -1.39    0.64
-128591.935   158.078    -0.77    0.44
-128214.917   157.754    -0.86    0.47
-127837.974   157.441    -0.83    0.56
-127461.104   156.845    -1.58    0.80
-127084.309   156.096    -1.99    0.91
-126707.588   155.282    -2.16    1.15
-126330.940   154.434    -2.25    1.17
-125954.367   153.766    -1.77    1.07
-125577.868   153.322    -1.18    0.74
-125201.443   153.288    -0.09    0.61
-124825.092   153.615     0.87    0.72
-124448.815   153.992     1.00    0.75
-124072.611   154.395     1.07    0.69
-123696.481   154.617     0.59    0.70
-123320.425   154.810     0.51    0.65
-122944.443   154.900     0.24    0.58
-122568.534   155.151     0.67    0.63
-122192.699   155.633     1.28    0.90
-121816.937   156.078     1.18    0.87
-121441.249   156.538     1.22    0.84
-121065.635   156.883     0.92    0.99
-120690.094   156.981     0.26    1.06
-120314.626   157.163     0.49    1.12
-119939.232   157.200     0.10    1.07
-119563.910   157.237     0.10    1.09
-119188.663   157.378     0.38    1.01
-118813.488   157.461     0.22    0.89
-118438.387   157.569     0.29    0.69
-118063.358   157.505    -0.17    0.65
-117688.403   157.362    -0.38    0.71
-117313.521   157.200    -0.43    0.80
-116938.712   157.072    -0.34    0.83
-116563.976   156.907    -0.44    1.01
-116189.313   156.822    -0.23    1.07
-115814.722   156.786    -0.10    0.99
-115440.205   156.777    -0.02    0.97
-115065.760   156.920     0.38    1.00
-114691.388   156.914    -0.01    0.94
-114317.089   156.785    -0.34    0.85
-113942.862   156.572    -0.57    0.78
-113568.708   156.310    -0.70    0.63
-113194.627   156.133    -0.47    0.53
-112820.618   155.905    -0.61    0.42
-112446.682   155.788    -0.31    0.49
-112072.818   155.712    -0.20    0.57
-111699.026   155.581    -0.35    0.66
-111325.307   155.298    -0.76    0.83
-110951.661   154.629    -1.79    1.16
-110578.086   153.737    -2.39    1.19
-110204.584   152.589    -3.07    1.48
-109831.154   151.412    -3.15    1.34
-109457.796   150.270    -3.06    1.36
-109084.511   149.075    -3.20    1.27
-108711.297   147.595    -3.97    1.83
-108338.155   146.340    -3.36    1.68
-107965.086   145.282    -2.84    1.23
-107592.088   144.429    -2.29    0.85
-107219.163   143.834    -1.60    0.95
-106846.309   143.257    -1.55    0.78
-106473.527   142.845    -1.11    0.45
-106100.817   142.694    -0.40    0.34
-105728.178   142.720     0.07    0.30
-105355.612   142.914     0.52    0.42
-104983.117   143.515     1.61    1.11
-104610.693   144.370     2.29    1.52
-104238.342   145.515     3.08    1.66
-103866.061   146.561     2.81    1.54
-103493.853   147.299     1.98    1.19
-103121.715   147.357     0.16    1.13
-102749.649   146.904    -1.22    1.37
-102377.655   145.913    -2.67    1.67
-102005.732   144.811    -2.96    1.50
-101633.880   143.916    -2.41    1.12
-101262.100   143.004    -2.45    0.99
-100890.390   142.436    -1.53    0.89
-100518.752   142.008    -1.15    0.79
-100147.185   141.890    -0.32    0.80
 -99775.689   142.043     0.41    0.68
 -99404.264   142.277     0.63    0.57
 -99032.910   142.563     0.77    0.62
 -98661.628   142.981     1.13    0.91
 -98290.416   143.714     1.97    1.04
 -97919.275   144.673     2.58    1.15
 -97548.205   145.665     2.68    1.17
 -97177.205   146.710     2.81    1.28
 -96806.277   147.724     2.74    1.19
 -96435.419   148.891     3.15    1.33
 -96064.632   150.032     3.08    1.31
 -95693.915   151.259     3.31    1.39
 -95323.269   152.376     3.02    1.00
 -94952.694   153.111     1.98    0.72
 -94582.189   153.533     1.14    0.55
 -94211.755   153.515    -0.05    0.57
 -93841.391   153.351    -0.44    0.67
 -93471.098   152.937    -1.12    1.07
 -93100.875   152.915    -0.06    2.15
 -92730.722   154.247     3.60    4.37
 -92360.640   155.822     4.26    5.46
 -91990.628   158.265     6.60    6.70
 -91620.686   160.299     5.50    7.06
 -91250.814   162.810     6.79    6.40
 -90881.012   164.924     5.72    5.09
 -90511.281   166.563     4.43    3.86
 -90141.619   167.834     3.44    3.24
 -89772.028   168.996     3.15    3.40
 -89402.507   170.696     4.60    3.99
 -89033.055   173.027     6.31    5.04
 -88663.673   175.546     6.82    5.80
 -88294.362   177.810     6.13    6.62
 -87925.120   179.754     5.27    6.81
 -87555.947   182.651     7.85    7.55
 -87186.845   186.282     9.84    8.01
 -86817.812   191.542    14.25   10.71
 -86448.849   196.970    14.71   11.70
 -86079.956   201.775    13.03   11.98
 -85711.132   206.078    11.67   10.70
 -85342.378   209.104     8.21    8.55
 -84973.693   211.485     6.46    5.99
 -84605.077   212.462     2.65    4.04
 -84236.532   213.013     1.50    4.08
 -83868.055   214.879     5.07    5.45
 -83499.648   219.055    11.34    7.14
 -83131.310   224.075    13.63    6.61
 -82763.041   228.427    11.82    4.64
 -82394.842   230.420     5.41    2.60
 -82026.712   231.432     2.75    1.39
 -81658.651   232.140     1.92    3.14
 -81290.659   234.151     5.47    8.46
 -80922.736   238.615    12.13   18.30
 -80554.882   245.908    19.83   26.38
 -80187.097   252.650    18.33   30.12
 -79819.381   258.975    17.20   30.34
 -79451.734   266.206    19.67   29.24
 -79084.156   274.646    22.96   27.58
 -78716.647   283.531    24.18   25.72
 -78349.207   293.822    28.01   19.99
 -77981.835   302.643    24.01   10.90
 -77614.532   306.569    10.69    7.59
 -77247.298   309.008     6.64    5.56
 -76880.132   311.328     6.32    3.73
 -76513.035   312.798     4.01    2.72
 -76146.007   313.496     1.90    2.48
 -75779.047   314.115     1.68    2.73
 -75412.156   314.799     1.87    2.88
 -75045.333   316.188     3.79    3.76
 -74678.578   317.707     4.14    4.10
 -74311.892   319.715     5.48    4.78
 -73945.275   321.950     6.10    5.28
 -73578.725   324.834     7.87    6.49
 -73212.244   328.231     9.27    6.89
 -72845.831   331.287     8.34    6.48
 -72479.486   334.263     8.12    5.32
 -72103.917   335.015     2.00    4.28
 -71723.435   333.187    -4.81    5.39
 -71343.028   328.328   -12.77    8.58
 -70962.695   316.447   -31.24   15.67
 -70582.437   301.929   -38.18   19.88
 -70202.252   286.811   -39.77   20.23
 -69822.142   272.370   -37.99   18.50
 -69442.106   258.282   -37.07   18.23
 -69062.145   251.461   -17.95   17.24
 -68682.257   252.822     3.58   17.94
 -68302.443   260.415    19.99   19.95
 -67922.703   272.595    32.08   16.30
 -67543.038   286.118    35.62   13.54
 -67163.446   294.523    22.14   17.65
 -66783.928   304.533    26.38   18.25
 -66404.483   313.043    22.43   13.68
 -66025.113   320.593    19.90    8.16
 -65645.816   326.322    15.10    9.11
 -65266.593   334.066    20.42   10.94
 -64887.444   341.704    20.15    9.58
 -64508.368   347.385    14.99    9.65
 -64129.365   350.163     7.33   10.53
 -63750.437   350.955     2.09   10.95
 -63371.581   351.392     1.15   11.68
 -62992.799   351.776     1.01   13.22
 -62614.091   353.578     4.76   14.16
 -62235.456   357.159     9.46   14.23
 -61856.894   363.246    16.08   15.10
 -61478.405   372.190    23.63   15.83
 -61099.990   381.256    23.96   16.41
 -60721.648   388.869    20.12   15.75
 -60343.378   394.378    14.56   15.42
 -59965.182   398.799    11.69   15.17
 -59587.059   404.700    15.61   19.32
 -59209.009   412.775    21.36   28.25
 -58831.032   424.662    31.45   40.24
 -58453.128   430.638    15.82   37.94
 -58075.297   440.489    26.07   37.31
 -57697.539   463.322    60.45   46.54
 -57319.853   495.617    85.51   51.92
 -56942.240   539.201   115.43   59.21
 -56564.700   574.493    93.48   57.61
 -56187.233   564.438   -26.64   58.88
 -55809.838   535.554   -76.54   66.03
 -55432.515   501.960   -89.04   55.89
 -55055.266   492.340   -25.50   66.51
 -54678.088   517.140    65.75  102.82
 -54300.984   572.496   146.80  132.32
 -53923.951   612.776   106.84  120.91
 -53546.991   628.906    42.79  102.87
 -53170.104   628.890    -0.04   94.93
 -52793.288   611.496   -46.16   82.02
 -52416.545   622.629    29.55   78.33
 -52039.874   645.867    61.70   84.08
 -51663.276   667.252    56.79   67.85
 -51286.749   664.227    -8.04   75.68
 -50910.295   623.613  -107.89   83.71
 -50533.912   578.787  -119.10   80.23
 -50157.602   542.859   -95.48   75.86
 -49781.363   506.438   -96.81   74.49
 -49405.197   488.031   -48.93   81.33
 -49029.102   480.523   -19.96   84.18
 -48653.079   480.681     0.42   73.37
 -48277.128   514.575    90.16   73.18
 -47901.249   545.183    81.43   78.55
 -47525.441   547.020     4.89   82.36
 -47149.705   542.461   -12.13   93.04
 -46774.041   534.925   -20.06   85.26
 -46398.449   523.424   -30.62   83.13
 -46022.927   520.566    -7.61   73.74
 -45647.478   498.273   -59.38   87.06
 -45272.100   429.380  -183.54  125.37
 -44896.793   324.797  -278.67  121.20
 -44521.558   234.206  -241.43  108.81
 -44146.394   162.489  -191.17   49.78
 -43771.301   140.500   -58.62   17.62
 -43396.280   156.522    42.72   45.24
 -43021.330   193.109    97.58   61.29
 -42646.451   225.172    85.53   54.77
 -42271.643   243.380    48.58   50.06
 -41896.906   254.110    28.63   56.55
 -41522.241   272.229    48.36   67.06
 -41147.646   282.585    27.65   75.11
 -40773.123   287.822    13.98   76.78
 -40398.670   287.447    -1.00   70.29
 -40024.288   291.948    12.02   68.59
 -39649.977   299.060    19.00   65.41
 -39275.737   292.648   -17.13   62.14
 -38901.568   292.222    -1.14   49.80
 -38527.470   303.116    29.12   58.41
 -38153.442   339.260    96.64   85.61
 -37779.485   387.970   130.26   95.95
 -37405.598   432.860   120.07   71.07
 -37031.782   437.159    11.50   52.75
 -36658.037   415.529   -57.88   53.79
 -36284.362   377.187  -102.61   47.02
 -35910.758   353.066   -64.56   20.35
 -35537.224   358.958    15.78   26.69
 -35163.760   372.266    35.64   33.36
 -34790.367   387.913    41.90   32.10
 -34417.044   390.834     7.83   36.22
 -34043.792   377.669   -35.27   36.08
 -33670.609   364.935   -34.13   20.21
 -33297.497   370.682    15.41   23.98
 -32924.455   384.947    38.24   30.06
 -32551.483   407.305    59.95   32.54
 -32178.581   422.872    41.75   27.09
 -31805.749   421.682    -3.19   25.28
 -31432.987   420.410    -3.42   24.22
 -31060.296   414.963   -14.61   21.68
 -30687.674   411.435    -9.47   21.91
 -30315.121   407.776    -9.82   24.48
 -29942.639   402.273   -14.77   24.58
 -29570.227   396.322   -15.98   21.18
 -29197.884   392.662    -9.83   16.37
 -28825.611   394.787     5.71   20.59
 -28453.408   401.485    17.99   22.68
 -28081.274   419.385    48.10   33.16
 -27709.210   447.714    76.14   49.81
 -27337.216   492.263   119.76   60.45
 -26965.291   527.529    94.82   55.76
 -26593.435   539.252    31.53   56.31
 -26221.649   524.869   -38.69   60.64
 -25849.933   506.163   -50.32   56.43
 -25478.285   499.054   -19.13   41.53
 -25106.708   519.787    55.80   54.29
 -24735.199   544.212    65.75   60.18
 -24363.760   580.657    98.12   60.93
 -23992.389   613.834    89.34   53.82
 -23621.088   636.055    59.85   43.44
 -23249.857   649.171    35.33   30.12
 -22878.694   646.151    -8.14   28.07
 -22507.600   629.008   -46.20   33.12
 -22136.576   599.955   -78.31   43.14
 -21765.620   572.013   -75.33   47.94
 -21394.733   544.101   -75.26   53.51
 -21023.915   518.167   -69.94   67.51
 -20653.167   501.773   -44.22   73.78
 -20282.486   489.671   -32.65   78.42
 -19911.875   465.371   -65.57   69.90
 -19541.333   436.462   -78.02   56.63
 -19170.859   411.975   -66.10   37.15
 -18800.454   404.531   -20.10   25.83
 -18430.117   408.581    10.94   30.24
 -18059.849   420.520    32.24   31.73
 -17689.650   443.005    60.74   33.53
 -17319.519   469.787    72.36   42.23
 -16949.457   494.860    67.75   43.33
 -16579.463   497.951     8.36   50.51
 -16209.537   476.322   -58.47   72.53
 -15839.680   436.869  -106.67   81.22
 -15469.892   386.360  -136.59   70.11
 -15100.171   347.159  -106.03   45.02
 -14730.519   322.172   -67.60   42.34
 -14360.935   300.646   -58.25   47.79
 -13991.419   280.051   -55.73   51.07
 -13621.972   257.569   -60.85   48.02
 -13252.592   235.846   -58.81   43.44
 -12883.281   212.928   -62.06   32.95
 -12514.037   195.738   -46.56   23.29
 -12144.862   182.751   -35.18   14.08
 -11775.754   175.241   -20.35    9.21
 -11406.715   170.846   -11.91    6.22
 -11037.743   169.143    -4.61    4.52
 -10668.839   168.299    -2.29    4.06
 -10300.003   167.622    -1.83    4.24
  -9931.235   166.192    -3.88    4.71
  -9562.535   163.763    -6.59    4.53
  -9193.902   161.171    -7.03    4.12
  -8825.337   157.994    -8.62    4.71
  -8456.839   154.672    -9.02    5.21
  -8088.409   151.024    -9.90    5.52
  -7720.047   147.410    -9.81    4.71
  -7351.752   144.151    -8.85    4.20
  -6983.525   141.347    -7.62    4.06
  -6615.365   137.857    -9.48    6.52
  -6247.272   134.365    -9.49    7.64
  -5879.247   129.113   -14.27   10.15
  -5511.289   124.485   -12.58   10.71
  -5143.399   121.543    -8.00   10.87
  -4775.575   119.798    -4.75   10.73
  -4407.819   120.242     1.21    7.98
  -4040.131   118.738    -4.09    7.10
  -3672.509   113.810   -13.40    9.16
  -3304.954   106.999   -18.53   12.47
  -2937.467    96.822   -27.69   20.08
  -2570.046    85.063   -32.00   25.91
  -2202.692    70.798   -38.83   28.43
  -1835.406    52.536   -49.72   29.29
  -1468.186    35.859   -45.41   27.60
  -1101.033    21.101   -40.20   19.55
   -733.948    13.597   -20.44   15.46
   -366.928     8.415   -14.12   13.38
      0.024     7.151    -3.44   12.92
    366.910    10.493     9.11   15.83
    733.728    18.212    21.04   20.06
   1100.481    29.310    30.26   22.38
   1467.166    42.261    35.32   22.68
   1833.785    58.477    44.23   22.49
   2200.338    74.774    44.46   22.26
   2572.470    90.894    43.32   21.50
   2952.800   104.516    35.82   17.39
   3333.059   115.281    28.31   12.08
   3713.245   122.736    19.61    9.51
   4093.359   129.293    17.25    9.89
   4473.400   135.328    15.88    7.95
   4853.369   138.706     8.89    6.03
   5233.266   139.285     1.52    8.07
   5613.091   135.334   -10.40   17.11
   5992.844   130.252   -13.38   25.58
   6372.525   124.155   -16.06   29.10
   6752.133   123.785    -0.98   28.26
   7131.670   127.072     8.66   25.71
   7511.135   131.995    12.97   24.32
   7890.528   144.646    33.34   10.82
   8269.849   147.904     8.59    5.85
   8649.098   147.111    -2.09    4.67
   9028.275   145.943    -3.08    3.71
   9407.381   146.991     2.76    4.74
   9786.415   148.928     5.11    5.26
  10165.377   150.316     3.66    4.57
  10544.268   150.589     0.72    4.36
  10923.087   149.858    -1.93    4.73
  11301.835   148.857    -2.64    5.01
  11680.511   147.747    -2.93    5.78
  12059.116   146.089    -4.38    5.56
  12437.649   141.285   -12.69    8.60
  12816.111   134.751   -17.26   10.50
  13194.501   133.197    -4.11   11.63
  13572.820   132.232    -2.55   12.38
  13951.068   134.464     5.90   13.18
  14329.245   140.109    14.93   11.42
  14707.350   145.188    13.43    6.90
  15085.385   148.286     8.20    6.18
  15463.348   151.612     8.80    7.85
  15841.240   156.646    13.32    9.95
  16219.062   164.375    20.46   10.60
  16596.812   172.593    21.76   10.63
  16974.491   180.027    19.68   11.25
  17352.100   185.882    15.51   11.36
  17729.637   193.022    18.91   11.65
  18107.104   200.304    19.29   15.79
  18484.500   211.951    30.86   24.46
  18861.825   222.269    27.34   27.80
  19239.080   232.039    25.90   26.35
  19616.264   241.353    24.69   26.31
  19993.377   255.246    36.84   30.92
  20370.420   275.042    52.50   35.36
  20747.392   301.704    70.73   38.43
  21124.294   327.468    68.35   35.76
  21501.125   352.596    66.68   29.11
  21877.885   372.630    53.17   22.50
  22254.576   392.799    53.54   25.10
  22631.196   411.472    49.58   23.83
  23007.746   431.453    53.06   23.53
  23384.225   453.885    59.58   24.55
  23760.634   471.996    48.11   24.57
  24136.973   484.649    33.62   16.61
  24513.242   487.663     8.01   11.43
  24889.441   485.279    -6.34   13.20
  25265.570   488.020     7.29   21.20
  25641.629   502.227    37.78   33.03
  26017.617   523.328    56.12   38.45
  26393.536   541.723    48.93   32.90
  26769.385   545.393     9.76   25.03
  27145.164   525.057   -54.12   39.56
  27520.873   498.179   -71.54   45.37
  27896.512   464.798   -88.86   31.72
  28272.082   445.393   -51.67   20.37
  28647.582   432.163   -35.23   11.66
  29023.012   428.497    -9.77   14.47
  29398.373   431.395     7.72   26.88
  29773.664   435.351    10.54   32.59
  30148.885   432.557    -7.45   32.60
  30524.037   424.220   -22.22   28.78
  30899.119   412.846   -30.32   21.99
  31274.132   413.046     0.53   26.90
  31649.076   421.465    22.45   35.31
  32023.950   438.217    44.69   39.74
  32398.755   463.691    67.96   43.33
  32773.490   501.989   102.20   53.05
  33148.156   544.493   113.44   51.77
  33522.753   571.736    72.72   34.17
  33897.281   580.352    23.01   21.43
  34271.740   571.346   -24.05   25.63
  34646.130   552.206   -51.12   23.36
  35020.450   537.649   -38.89   16.51
  35394.702   529.273   -22.38   12.93
  35768.884   523.057   -16.61   16.61
  36142.998   517.392   -15.14   23.52
  36517.042   511.402   -16.01   28.92
  36891.018   503.554   -20.99   29.54
  37264.925   494.960   -22.98   26.33
  37638.763   488.210   -18.05   27.64
  38012.533   480.439   -20.79   32.35
  38386.233   463.473   -45.40   36.72
  38759.865   443.544   -53.34   43.61
  39133.429   415.787   -74.30   47.76
  39506.924   386.625   -78.08   47.31
  39880.350   355.727   -82.74   40.49
  40253.707   330.113   -68.60   32.73
  40626.996   305.560   -65.77   31.31
  41000.217   278.603   -72.23   33.77
  41373.369   257.657   -56.13   29.20
  41746.453   252.303   -14.35   29.16
  42119.469   262.593    27.59   37.71
  42492.416   283.442    55.90   38.91
  42865.295   297.822    38.56   25.95
  43238.106   307.645    26.35   22.07
  43610.848   305.183    -6.60   44.38
  43983.523   292.910   -32.93   59.58
  44356.129   273.810   -51.26   57.00
  44728.667   253.088   -55.62   35.37
  45101.137   250.123    -7.96   20.43
  45473.539   259.859    26.14   20.32
  45845.873   274.055    38.12   22.40
  46218.140   284.110    27.01   22.49
  46590.338   296.798    34.09   24.89
  46962.468   308.834    32.34   24.82
  47334.531   319.661    29.10   26.94
  47706.526   326.662    18.82   26.02
  48078.453   333.273    17.78   25.48
  48450.312   337.575    11.57   25.99
  48822.104   347.182    25.84   25.79
  49193.828   360.237    35.12   22.81
  49565.484   376.529    43.84   21.20
  49937.073   394.699    48.89   28.47
  50308.595   421.543    72.25   39.49
  50680.048   446.834    68.08   40.68
  51051.435   473.554    71.94   36.07
  51422.754   494.047    55.19   32.99
  51794.005   512.693    50.22   32.66
  52165.190   529.232    44.56   29.92
  52536.307   545.087    42.72   25.13
  52907.356   558.513    36.18   21.90
  53278.339   572.298    37.16   26.33
  53649.254   576.263    10.69   27.64
  54020.102   571.465   -12.94   31.51
  54390.883   553.822   -47.58   37.99
  54761.597   523.188   -82.63   36.59
  55132.244   494.620   -77.07   28.20
  55502.824   482.677   -32.22   21.46
  55873.337   486.738    10.96   29.95
  56243.782   492.212    14.78   33.58
  56614.161   496.905    12.67   32.61
  56984.474   495.822    -2.93   31.84
  57354.719   510.786    40.41   41.31
  57724.897   538.674    75.33   49.58
  58095.009   564.139    68.80   37.88
  58465.054   569.481    14.43   31.06
  58835.032   545.622   -64.48   50.07
  59204.944   504.550  -111.03   55.06
  59574.789   470.663   -91.62   41.16
  59944.568   452.908   -48.01   19.98
  60314.279   469.546    45.00   42.95
  60683.925   503.921    92.99   57.51
  61053.504   548.371   120.27   62.14
  61423.016   590.392   113.71   52.49
  61792.462   622.846    87.84   39.39
  62161.842   643.540    56.02   26.54
  62531.156   651.620    21.88   21.23
  62900.403   647.468   -11.24   23.54
  63269.583   630.646   -45.56   24.84
  63638.698   613.126   -47.46   28.28
  64007.747   594.529   -50.39   37.64
  64376.729   571.935   -61.23   49.04
  64745.645   541.636   -82.12   56.18
  65114.495   508.625   -89.49   47.48
  65483.279   474.151   -93.47   33.13
  65851.997   451.686   -60.92   23.90
  66220.649   433.509   -49.31   23.60
  66589.235   416.603   -45.87   24.23
  66957.756   393.237   -63.40   27.39
  67326.210   373.676   -53.09   27.07
  67694.599   353.436   -54.94   21.41
  68062.921   340.087   -36.24   17.13
  68431.178   329.810   -27.91    8.47
  68799.369   327.501    -6.27    6.05
  69167.495   330.110     7.09    7.98
  69535.555   336.858    18.33    9.11
  69903.549   341.979    13.91    7.18
  70271.478   340.120    -5.05   10.45
  70639.341   330.037   -27.41   19.76
  71007.139   315.524   -39.46   22.83
  71374.871   300.199   -41.67   16.13
  71742.538   289.871   -28.09    8.92
  72110.139   283.835   -16.42    4.53
  72477.675   278.834   -13.61    7.68
  72845.145   273.212   -15.30   10.88
  73212.551   260.063   -35.79   24.55
  73579.891   242.075   -48.96   33.45
  73947.165   214.798   -74.26   37.86
  74314.375   193.566   -57.82   31.84
  74681.519   178.453   -41.16   15.41
  75048.599   183.883    14.79   25.84
  75415.613   207.566    64.52   42.39
  75782.562   235.468    76.03   45.09
  76149.446   273.993   105.00   33.48
  76516.265   310.956   100.76   50.99
  76883.019   356.884   125.22   66.93
  77251.999   402.908   124.73   66.08
  77632.179   455.493   138.31   39.16
  78012.288   475.176    51.78   17.66
  78392.328   474.517    -1.73   20.87
  78772.297   461.676   -33.79   31.51
  79152.195   435.285   -69.46   33.85
  79532.023   412.699   -59.46   32.20
  79911.781   395.446   -45.43   36.29
  80291.469   377.439   -47.42   46.18
  80671.086   343.249   -90.06   53.47
  81050.634   310.705   -85.74   49.05
  81430.111   275.246   -93.44   42.00
  81809.518   256.847   -48.49   28.57
  82188.855   269.639    33.72   39.52
  82568.122   301.612    84.30   50.55
  82947.319   339.304    99.39   50.35
  83326.447   371.155    84.01   37.53
  83705.504   384.090    34.12   34.50
  84084.491   384.346     0.68   34.26
  84463.409   377.224   -18.79   37.32
  84842.257   375.139    -5.50   43.50
  85221.035   379.590    11.75   46.62
  85599.743   384.749    13.62   44.87
  85978.382   385.585     2.21   48.33
  86356.951   382.328    -8.60   55.33
  86735.451   377.719   -12.17   59.83
  87113.881   371.737   -15.81   51.78
  87492.242   350.078   -57.24   47.71
  87870.533   340.963   -24.09   40.72
  88248.754   343.130     5.73   47.02
  88626.906   359.316    42.80   51.60
  89004.989   382.699    61.84   51.66
  89383.003   395.504    33.87   50.88
  89760.947   403.785    21.91   47.83
  90138.822   413.029    24.46   42.49
  90516.628   409.415    -9.57   40.14
  90894.365   405.578   -10.16   32.69
  91272.033   413.651    21.37   34.39
  91649.631   434.822    56.06   44.73
  92027.161   469.955    93.05   40.89
  92404.621   494.020    63.75   39.79
  92782.013   515.918    58.02   36.16
  93159.335   528.476    33.28   33.13
  93536.589   531.662     8.44   30.99
  93913.774   514.897   -44.44   42.91
  94290.890   472.774  -111.69   60.92
  94667.937   423.143  -131.62   54.57
  95044.915   397.691   -67.51   34.70
  95421.825   390.143   -20.03   22.49
  95798.666   408.763    49.41   35.08
  96175.439   439.014    80.28   40.14
  96552.142   472.020    87.61   44.51
  96928.778   503.699    84.10   39.85
  97305.345   527.034    61.96   35.66
  97681.843   550.197    61.52   34.01
  98058.273   570.489    53.90   33.39
  98434.634   592.797    59.27   32.19
  98810.927   612.834    53.24   29.79
  99187.152   634.316    57.09   26.43
  99563.308   646.196    31.58   21.71
  99939.397   645.760    -1.16   27.17
 100315.417   630.993   -39.27   40.03
 100691.368   597.627   -88.74   53.86
 101067.252   561.554   -95.96   54.07
 101443.068   530.094   -83.70   32.41
 101818.815   524.600   -14.62   22.17
 102194.494   539.208    38.88   35.82
 102570.106   562.632    62.36   38.56
 102945.649   578.834    43.14   32.53
 103321.125   577.822    -2.70   37.38
 103696.533   556.163   -57.69   44.31
 104071.872   522.455   -89.80   35.96
 104447.144   486.608   -95.52   38.38
 104822.348   468.066   -49.41   34.80
 105197.485   466.944    -2.99   33.83
 105572.554   479.627    33.81   38.94
 105947.555   506.346    71.24   37.53
 106322.488   534.745    75.74   38.41
 106697.354   559.750    66.70   43.18
 107072.152   586.677    71.84   45.80
 107446.883   614.422    74.03   49.43
 107821.546   623.783    24.98   42.57
 108196.142   635.749    31.94   45.27
 108570.671   643.976    21.96   48.98
 108945.132   631.987   -32.01   50.94
 109319.526   649.476    46.71   49.42
 109693.852   666.266    44.85   61.99
 110068.111   687.066    55.57   66.58
 110442.303   717.870    82.32   58.70
 110816.428   739.303    57.28   44.32
 111190.485   714.485   -66.34   62.46
 111564.476   658.560  -149.52   90.19
 111938.399   579.020  -212.70   95.17
 112312.255   501.835  -206.44   71.59
 112686.045   458.340  -116.35   42.98
 113059.767   436.529   -58.36   11.18
 113433.422   444.935    22.49   28.26
 113807.011   480.427    95.00   60.86
 114180.533   524.346   117.57   72.07
 114553.987   588.242   171.08   78.98
 114927.375   643.044   146.76   79.38
 115300.697   700.526   153.96   74.36
 115673.951   737.383    98.74   72.47
 116047.139   756.304    50.69   71.83
 116420.260   751.587   -12.64   81.57
 116793.315   743.997   -20.34   91.51
 117166.302   740.131   -10.36   88.30
 117539.224   754.200    37.72   80.83
 117912.079   789.249    93.99   69.09
 118284.867   807.447    48.81   56.11
 118657.589   814.094    17.83   48.83
 119030.245   774.603  -105.96   69.19
 119402.834   729.797  -120.24   58.68
 119775.357   711.956   -47.89   45.82
 120147.813   729.797    47.90   66.56
 120520.204   791.192   164.85  106.28
 120892.528   818.663    73.78  104.00
 121264.786   812.224   -17.30  106.49
 121636.978   770.550  -111.96  119.46
 122009.103   697.425  -196.49  105.26
 122381.163   674.958   -60.38   85.63
 122753.156   707.334    87.03  125.36
 123125.084   792.932   230.12  160.94
 123496.945   880.163   234.56  125.31
 123868.741   898.476    49.25  106.42
 124240.470   855.249  -116.28  138.13
 124612.134   812.081  -116.14  133.35
 124983.732   802.651   -25.37  137.10
 125355.264   823.983    57.41  140.59
 125726.731   850.229    70.65  123.36
 126098.131   886.249    96.97  135.79
 126469.466   954.118   182.75  178.68
 126840.735  1033.316   213.29  160.79
 127211.939  1134.310   272.04  127.94
 127583.077  1178.711   119.62  118.18
 127954.150  1215.895   100.20  105.29
 128325.157  1227.285    30.70  105.98
 128696.098  1218.822   -22.81  107.03
 129066.974  1202.685   -43.51  103.02
 129437.785  1182.859   -53.46  107.84
 129808.530  1148.712   -92.09  115.79
 130179.210  1120.217   -76.86  114.10
 130549.824  1110.587   -25.98   88.00
 130920.374  1120.197    25.93   71.14
 131290.858  1128.212    21.63   66.46
 131661.277  1169.822   112.32   78.02
 132031.630  1206.651    99.43   82.13
 132401.919  1219.110    33.64   81.54
 132772.142  1186.970   -86.80  112.89
 133142.300  1101.810  -230.04  127.73
 133512.394  1046.810  -148.59   87.89
 133882.422  1031.118   -42.40   71.88
 134252.385  1069.147   102.78   89.75
 134622.284  1122.219   143.46   79.81
 134992.117  1126.763    12.28   88.05
 135361.886  1116.432   -27.93   97.93
 135731.590  1091.993   -66.10  100.84
 136101.229  1055.519   -98.66   93.15
 136470.803  1033.468   -59.66   83.75
 136840.312  1021.043   -33.62  110.38
 137209.757  1009.509   -31.22  135.56
 137579.137   978.138   -84.92  150.74
 137948.453   933.627  -120.51  148.90
 138317.704   885.757  -129.63  139.76
 138686.890   844.322  -112.22  124.10
 139056.012   804.965  -106.61  106.55
 139425.069   763.761  -111.63   75.04
 139794.062   736.612   -73.57   59.18
 140162.990   713.846   -61.70   51.77
 140531.855   695.758   -49.03   44.47
 140900.654   678.376   -47.13   31.22
 141269.390   668.910   -25.67   15.31
 141638.061   671.085     5.90   15.38
 142006.668   679.538    22.93   20.44
 142375.210   689.027    25.74   28.40
 142743.689   703.322    38.79   42.05
 143112.103   725.168    59.29   56.43
 143480.453   736.860    31.74   60.04
 143848.739   743.229    17.29   53.52
 144216.961   753.489    27.86   47.85
 144585.119   770.749    46.88   57.87
 144953.213   802.192    85.41   69.77
 145321.243   848.097   124.72   87.23
 145689.209   894.871   127.10  105.31
 146057.112   953.430   159.15  127.64
 146424.950  1013.340   162.85  138.71
 146792.725  1059.597   125.76  136.03
 147160.436  1088.097    77.50  118.19
 147528.083  1091.522     9.31  107.23
 147895.666  1068.135   -63.62  105.34
 148263.186  1011.489  -154.11   99.60
 148630.642   956.603  -149.35   93.37
 148998.034   919.256  -101.64   83.02
 149365.363   897.674   -58.75   78.12
 149732.628   878.861   -51.22   84.74
 150099.830   848.944   -81.46  108.03
 150466.968   777.181  -195.44  135.12
 150834.043   686.685  -246.50  139.15
 151201.054   640.075  -126.98  101.43
 151568.002   659.603    53.21   98.23
 151934.887   715.594   152.60   91.68
 152314.122   772.526   150.10   46.79
 152694.088   798.719    68.93   27.28
 153073.985   813.920    40.01   23.30
 153453.813   812.401    -4.00   39.39
 153833.573   785.653   -70.42   62.54
 154213.264   773.601   -31.74   67.83
 154592.887   801.110    72.45   86.41
 154972.442   852.910   136.46   76.23
 155351.928   871.882    49.99   64.93
 155731.346   869.538    -6.18   72.05
 156110.696   868.131    -3.71   75.54
 156489.977   889.735    56.95   85.83
 156869.190   931.097   109.06   81.70
 157248.335   953.168    58.20   79.91
 157627.412   956.569     8.97   81.78
 158006.421   916.176  -106.56   93.43
 158385.362   871.942  -116.71   88.26
 158764.235   861.651   -27.16   88.31
 159143.040   864.835     8.40   75.56
 159521.777   869.724    12.91   75.06
 159900.446   890.202    54.07   75.64
 160279.047   907.600    45.95   85.05
 160657.580   926.348    49.52   82.31
 161036.046   911.797   -38.44   91.10
 161414.444   843.217  -181.21  124.01
 161792.774   781.192  -163.92  117.57
 162171.036   728.945  -138.11   86.07
 162549.231   712.303   -44.00   74.36
 162927.358   713.760     3.85   65.15
 163305.418   737.746    63.44   63.03
 163683.410   763.930    69.26   54.88
 164061.335   796.835    87.05   69.42
 164439.192   837.748   108.26   73.05
 164816.981   840.598     7.54   78.52
 165194.704   842.550     5.17   73.00
 165572.359   881.432   102.94  129.32
 165949.946   952.285   187.62  154.22
 166327.467   997.303   119.23  119.28
 166704.920   997.810     1.34  113.36
 167082.306   951.695  -122.18   93.94
 167459.624   918.273   -88.57   93.15
 167836.876   915.460    -7.46   96.12
 168214.061   912.192    -8.66   91.54
 168591.178   932.476    53.78  107.33
 168968.228   988.430   148.38  122.59
 169345.212  1006.797    48.72  119.27
 169722.128   973.214   -89.09  138.35
 170098.978   944.859   -75.23  112.83
 170475.761   930.950   -36.91   91.13
 170852.476   932.322     3.64   78.20
 171229.125   971.707   104.55   73.31
 171605.708  1012.944   109.49   69.91
 171982.223  1066.809   143.04  101.44
 172358.672  1142.587   201.27  131.86
 172735.054  1196.664   143.65  118.99
 173111.369  1215.590    50.29   96.54
 173487.618  1192.043   -62.58  113.00
 173863.800  1173.127   -50.28  127.26
 174239.916  1137.480   -94.76  135.37
 174615.965  1109.935   -73.24  143.63
 174991.948  1089.911   -53.25  147.90
 175367.865  1045.297  -118.66  145.67
 175743.715   982.547  -166.93  140.53
 176119.498   924.700  -153.91   87.58
 176495.216   905.110   -52.13   59.35
 176870.867   913.130    21.35   55.26
 177246.452   956.189   114.63   56.27
 177621.970   993.662    99.77   86.83
 177997.423  1062.921   184.44  130.99
 178372.809  1124.227   163.29  128.49
 178748.129  1141.435    45.84  116.90
 179123.383  1123.657   -47.37  127.39
 179498.571  1083.674  -106.55  113.87
 179873.693  1081.202    -6.59  109.08
 180248.749  1090.554    24.93  103.78
 180623.739  1079.559   -29.32  107.66
 180998.664  1037.822  -111.30   99.20
 181373.522   983.209  -145.67   50.28
 181748.315   968.612   -38.94   36.67
 182123.041   975.653    18.79   54.68
 182497.702   994.526    50.36   77.60
 182872.298  1011.025    44.04   79.70
 183246.827  1036.279    67.42   76.80
 183621.291  1058.633    59.69   71.34
 183995.690  1095.365    98.10   76.54
 184370.022  1109.108    36.71   76.56
 184744.290  1113.907    12.82   69.49
 185118.491  1119.588    15.18   66.97
 185492.628  1140.247    55.21   72.27
 185866.698  1168.450    75.38   73.97
 186240.704  1206.550   101.86   87.77
 186614.644  1275.987   185.66  117.29
 186988.518  1361.647   229.08  129.55
 187362.328  1427.425   175.94  101.41
 187736.072  1457.797    81.25   92.95
 188109.751  1435.341   -60.09  129.93
 188483.364  1346.526  -237.68  154.88
 188856.913  1262.572  -224.71  159.78
 189230.396  1224.271  -102.54  120.89
 189603.814  1234.862    28.36  112.64
 189977.167  1305.101   188.10  140.89
 190350.455  1410.572   282.50  128.35
 190723.679  1435.168    65.89  110.95
 191096.837  1426.649   -22.82  107.85
 191469.930  1406.219   -54.75  116.22
 191842.958  1354.322  -139.10  117.64
 192215.922  1317.518   -98.66  122.92
 192588.820  1273.922  -116.89  118.56
 192961.654  1261.304   -33.84  100.28
 193334.423  1262.022     1.93   94.98
 193707.128  1234.578   -73.62  111.86
 194079.767  1187.510  -126.29  128.78
 194452.342  1154.447   -88.73  124.02
 194824.853  1154.210    -0.64  132.07
 195197.298  1214.442   161.70  130.18
 195569.680  1256.635   113.29   95.01
 195941.996  1230.925   -69.04  111.24
 196314.249  1209.547   -57.42  111.81
 196686.436  1184.348   -67.70  111.88
 197058.560  1221.735   100.45  134.70
 197430.619  1273.695   139.64  114.62
 197802.613  1238.672   -94.14  133.80
 198174.543  1165.745  -196.04  145.19
 198546.409  1136.735   -78.00  119.80
 198918.211  1154.822    48.64  142.95
 199289.949  1238.020   223.77  174.19
 199661.622  1304.493   178.82  146.34
 200033.231  1328.180    63.73  152.01
 200404.776  1314.354   -37.20  155.28
 200776.257  1276.935  -100.72  137.04
 201147.674  1256.745   -54.35  124.52
 201519.027  1276.538    53.29  127.28
 201890.316  1258.063   -49.75  131.39
 202261.541  1209.773  -130.06  146.82
 202632.702  1170.342  -106.22  123.56
 203003.799  1153.622   -45.05  103.38
 203374.832  1153.040    -1.57  108.93
 203745.802  1172.007    51.12  106.51
 204116.707  1164.506   -20.22  104.57
 204487.549  1142.291   -59.89   82.06
 204858.327  1134.679   -20.53   66.14
 205229.042  1135.085     1.09   52.46
 205599.693  1136.783     4.58   60.72
 205970.280  1140.597    10.29   84.74
 206340.804  1121.569   -51.35  111.89
 206711.264  1087.947   -90.74  101.75
 207081.660  1076.796   -30.10   86.87
 207451.993  1073.360    -9.28   84.06
 207822.263  1070.679    -7.24   95.20
 208192.469  1057.247   -36.28   95.83
 208562.612  1033.961   -62.90   98.67
 208932.691  1009.835   -65.18   83.58
 209302.707   996.202   -36.84   69.52
 209672.660   989.360   -18.49   65.84
 210042.550   966.733   -61.16   67.03
 210412.376   946.797   -53.90   75.39
 210782.139   938.632   -22.08   80.01
 211151.839   911.933   -72.21   78.69
 211521.476   894.745   -46.49   76.76
 211891.050   893.010    -4.70   76.00
 212260.560   877.604   -41.68   72.58
 212630.008   847.935   -80.29   72.01
 212999.393   836.304   -31.48   71.78
 213368.714   835.472    -2.25   85.05
 213737.973   816.645   -50.98   79.77
 214107.169   804.069   -34.06   75.36
 214476.302   782.989   -57.10   61.18
 214845.372   771.460   -31.23   53.04
 215214.379   752.995   -50.03   52.61
 215583.324   737.476   -42.05   49.18
 215952.206   726.063   -30.94   45.45
 216321.025   720.510   -15.05   50.51
 216689.781   718.047    -6.68   58.58
 217058.475   714.502    -9.61   62.33
 217427.106   706.847   -20.76   62.10
 217795.675   704.949    -5.15   58.70
 218164.181   722.810    48.46   65.89
 218532.624   743.335    55.70   62.60
 218901.005   773.685    82.37   62.12
 219269.324   812.401   105.10   75.94
 219637.580   856.958   120.97   91.68
 220005.774   898.393   112.52  104.14
 220373.905   918.722    55.21  109.22
 220741.974   916.565    -5.86  109.72
 221109.981   897.072   -52.96   91.54
 221477.925   890.930   -16.69   69.45
 221845.808   883.686   -19.69   64.47
 222213.628   897.019    36.24   75.44
 222581.386   892.886   -11.24  100.81
 222949.082   893.457     1.55  110.72
 223316.715   871.328   -60.18  105.96
 223684.287   831.809  -107.50   87.64
 224051.797   786.097  -124.36   92.75
 224419.244   757.393   -78.10   82.52
 224786.630   754.572    -7.68  102.33
 225153.954   777.078    61.26  131.09
 225521.215   835.404   158.78  152.53
 225888.415   895.232   162.90  153.49
 226255.553   957.972   170.86  154.66
 226622.629  1035.925   212.32  132.74
 226998.882  1079.885   116.81  128.07
 227378.706  1067.607   -32.32  143.56
 227758.463  1011.660  -147.30  142.24
 228138.153   989.065   -59.50  120.60
 228517.777  1000.481    30.06  101.51
 228897.335   997.998    -6.54  112.92
 229276.825   988.885   -24.01  115.75
 229656.249   989.050     0.44  111.20
 230035.607  1039.468   132.88  117.76
 230414.898  1102.450   166.02   95.79
 230794.123  1118.719    42.89   97.21
 231173.281  1091.329   -72.23  112.95
 231552.372  1044.732  -122.89  113.65
 231931.398   992.912  -136.69  103.62
 232310.357   952.721  -106.04   92.29
 232689.250   934.908   -47.00   94.57
 233068.076   937.903     7.90   93.69
 233446.837   924.550   -35.25   99.86
 233825.531   881.484  -113.70  130.56
 234204.159   779.872  -268.32  138.12
 234582.721   667.822  -295.93  109.48
 234961.217   581.563  -227.86   99.66
 235339.647   504.450  -203.73   77.53
 235718.010   440.278  -169.57   70.20
 236096.308   381.151  -156.27   59.59
 236474.540   344.666   -96.44   46.71
 236852.706   318.186   -70.01   20.63
 237230.806   309.963   -21.74    4.29
 237608.840   316.535    17.38   18.13
 237986.809   335.875    51.16   42.29
 238364.712   385.997   132.61   84.37
 238742.549   446.863   161.06   99.60
 239120.320   534.260   231.30  120.37
 239498.026   632.146   259.11  147.54
 239875.666   776.138   381.22  185.79
 240253.240   909.744   353.78  139.60
 240630.749  1006.746   256.90  105.73
 241008.192  1064.689   153.48   80.92
 241385.570  1073.147    22.41   75.81
 241762.883  1054.514   -49.37   91.81
 242140.130  1016.591  -100.51  104.80
 242517.311   995.847   -54.99   97.59
 242894.427   979.485   -43.38   90.32
 243271.478   949.251   -80.17  104.09
 243648.464   895.519  -142.50  129.24
 244025.384   829.585  -174.90  136.62
 244402.240   812.230   -46.04  134.27
 244779.030   778.176   -90.36  121.88
 245155.754   767.942   -27.16  107.95
 245532.414   774.692    17.92   97.70
 245909.009   767.741   -18.45   87.82
 246285.539   769.476     4.61   79.96
 246662.003   761.664   -20.75   70.07
 247038.403   762.760     2.91   65.28
 247414.738   762.769     0.03   57.67
 247791.007   779.721    45.04   59.86
 248167.212   807.417    73.60   62.97
 248543.352   834.523    72.05   66.09
 248919.428   873.617   103.93   57.38
 249295.438   908.598    93.01   49.48
 249671.384   931.655    61.32   55.60
 250047.265   960.707    77.27   68.94
 250423.081   993.310    86.73   67.58
 250798.833  1010.088    44.64   61.05
 251174.520   999.987   -26.88   73.73
 251550.143   975.164   -66.07   87.67
 251925.701   933.822  -110.06   92.93
 252301.194   898.435   -94.22   87.88
 252676.623   880.022   -49.04   89.81
 253051.988   875.971   -10.79  101.31
 253427.288   865.484   -27.94  100.04
 253802.524   843.809   -57.75   94.45
 254177.695   807.397   -97.03   94.41
 254552.803   741.727  -175.03  101.76
 254927.845   662.910  -210.11   98.67
 255302.824   615.783  -125.65   74.86
 255677.739   615.207    -1.54   66.97
 256052.589   639.797    65.59   85.08
 256427.375   691.617   138.24   83.51
 256802.097   739.604   128.03   61.00
 257176.755   754.417    39.53   50.64
 257551.349   771.533    45.68   43.32
 257925.879   782.925    30.41   40.52
 258300.345   789.053    16.36   39.41
 258674.747   797.835    23.45   37.18
 259049.085   808.360    28.11   34.24
 259423.359   816.912    22.85   32.14
 259797.570   828.450    30.83   26.57
 260171.716   840.783    32.96   18.57
 260545.799   836.197   -12.26   34.06
 260919.818   831.715   -11.98   44.59
 261293.774   835.322     9.64   47.67
 261667.665   846.468    29.80   47.07
 262041.493   871.911    68.05   50.22
 262415.258   905.369    89.50   54.57
 262788.959   932.172    71.71   44.79
 263162.596   934.397     5.95   52.66
 263536.170   937.010     6.99   59.02
 263909.680   942.173    13.82   62.83
 264283.127   984.316   112.82   84.08
 264656.511  1036.052   138.53   72.00
 265029.831  1047.604    30.94   64.20
 265403.087  1028.660   -50.74   84.73
 265776.281   954.310  -199.18  111.13
 266149.411   906.315  -128.60   83.73
 266522.478   916.535    27.39   85.28
 266895.482   974.363   155.00   98.68
 267268.422  1046.514   193.42   92.15
 267641.299  1096.379   133.70   60.32
 268014.114  1108.335    32.06   71.00
 268386.865  1114.033    15.28   90.41
 268759.553  1108.035   -16.09   93.18
 269132.178  1095.835   -32.73   83.87
 269504.740  1074.493   -57.27   79.83
 269877.239  1011.082  -170.19  105.91
 270249.675   945.373  -176.39   99.27
 270622.048   906.476  -104.43   70.02
 270994.359   898.082   -22.54   53.41
 271366.606   908.085    26.87   47.94
 271738.791   934.278    70.36   54.05
 272110.913   980.264   123.55   78.65
 272482.972  1024.043   117.64   82.97
 272854.969  1059.425    95.09   75.33
 273226.903  1065.447    16.19   82.64
 273598.774  1046.910   -49.84   87.13
 273970.583  1026.078   -56.01   67.13
 274342.329  1019.454   -17.82   55.43
 274714.012  1021.414     5.27   51.33
 275085.633  1017.056   -11.73   56.59
 275457.192   984.360   -87.97   72.04
 275828.688   942.066  -113.82   73.93
 276200.121   918.010   -64.75   63.10
 276571.493   913.372   -12.48   67.27
 276942.802   927.926    39.19   73.05
 277314.048   942.963    40.50   70.25
 277685.233   934.085   -23.91   63.69
 278056.355   934.027    -0.16   56.29
 278427.414   943.822    26.39   58.75
 278798.412   970.399    71.62   57.50
 279169.347  1007.685   100.49   54.51
 279540.221  1036.072    76.52   45.50
 279911.032  1038.219     5.79   40.84
 280281.781  1040.489     6.12   36.05
 280652.468  1024.440   -43.28   40.63
 281023.093  1006.898   -47.32   47.25
 281393.657   990.559   -44.08   50.14
 281764.158   973.965   -44.78   48.26
 282134.597   961.987   -32.33   46.89
 282504.975   961.645    -0.92   48.75
 282875.290   954.758   -18.59   51.03
 283245.544   947.445   -19.75   51.92
 283615.736   936.601   -29.29   53.71
 283985.866   912.683   -64.61   62.14
 284355.935   886.427   -70.93   63.67
 284725.941   868.523   -48.38   57.23
 285095.886   863.437   -13.74   53.41
 285465.770   880.961    47.37   61.28
 285835.592   907.373    71.40   53.14
 286205.352   922.303    40.37   46.08
 286575.051   927.414    13.82   42.46
 286944.688   928.348     2.52   33.42
 287314.264   929.572     3.31   26.80
 287683.779   914.056   -41.98   34.50
 288053.232   890.822   -62.87   41.51
 288422.623   859.379   -85.10   41.44
 288791.953   841.197   -49.22   34.54
 289161.222   831.758   -25.56   26.20
 289530.430   841.718    26.97   35.75
 289899.576   864.559    61.86   38.55
 290268.661   886.598    59.70   26.99
 290637.685   897.927    30.69   19.30
 291006.648   886.373   -31.31   35.03
 291375.550   859.594   -72.57   49.21
 291744.390   838.961   -55.93   44.56
 292113.170   830.860   -21.96   33.20
 292481.888   838.718    21.31   34.65
 292850.546   854.230    42.07   31.35
 293219.142   857.075     7.72   39.04
 293587.678   843.269   -37.45   47.25
 293956.152   828.399   -40.35   42.51
 294324.566   816.354   -32.68   27.50
 294692.919   820.432    11.07   27.74
 295061.211   833.117    34.43   36.91
 295429.442   845.476    33.55   45.29
 295797.612   863.809    49.78   48.46
 296165.722   874.392    28.74   44.16
 296533.771   882.329    21.56   32.82
 296901.759   880.697    -4.43   22.30
 297269.687   882.649     5.30   16.26
 297637.554   895.758    35.63   23.70
 298005.360   912.395    45.22   29.94
 298373.106   920.134    21.04   24.99
 298740.792   922.959     7.68   21.64
 299108.417   916.760   -16.86   24.96
 299475.981   914.055    -7.36   26.32
 299843.485   931.936    48.64   38.67
 300210.929   950.056    49.30   42.15
 300578.312   964.779    40.07   38.71
