# NaN NaN NaN ;Mean Elev.(m), Avg Gradient(m/km), RMS Gradient(m/km) - SRTM1     
#   90.127  -2.601   5.797 ;Mean Elev.(m), Avg Gradient(m/km), RMS Gradient(m/km) - ASTER GDEM
#  107.000  -2.877   5.526 ;Mean Elev.(m), Avg Gradient(m/km), RMS Gradient(m/km) - GMTED2010 
  8   105.499 52481.21217211 40.84 236.865032  62.631966 19.661
  8   106.171 52481.21217276 42.17 236.862482  62.635106 19.661
  8   106.244 52481.21217340 35.59 236.859932  62.638246 19.661
  8   104.637 52481.21217405 32.84 236.857372  62.641386 19.661
  8   105.406 52481.21217469 25.88 236.854822  62.644526 19.661
  8   104.478 52481.21217534 31.75 236.852272  62.647666 19.661
  8   105.318 52481.21217598 31.84 236.849712  62.650806 19.661
  8   103.599 52481.21217663 36.26 236.847162  62.653946 19.661
  8   106.376 52481.21217727 29.99 236.844602  62.657086 19.661
  9   121.934 52516.21212727 19.58 236.865727  62.650946 10.770
  9   121.516 52516.21212792 22.22 236.863177  62.654086 10.770
  9   121.072 52516.21212856 23.01 236.860617  62.657226 10.770
  9   121.127 52516.21212921 23.81 236.858067  62.660366 10.770
  9   121.359 52516.21212985 22.75 236.855509  62.663513 18.163
  9   100.992 52516.21213114 41.23 236.850399  62.669793 18.163
  9   100.889 52516.21213179 48.62 236.847839  62.672933 18.163
  9   100.772 52516.21213243 49.87 236.845279  62.676073 18.163
  9   100.824 52516.21213308 46.38 236.842729  62.679213 18.163
 10    99.927 52551.21216995 51.02 236.858174  62.622697 16.936
 10   100.306 52551.21217060 50.33 236.855624  62.625837 16.936
 10   100.679 52551.21217124 47.61 236.853064  62.628977 16.936
 10   100.932 52551.21217188 47.60 236.850514  62.632117 16.936
 10    99.898 52551.21217253 44.25 236.847964  62.635257 16.936
 11    99.928 52586.21214598 31.71 236.868442  62.642526 18.490
 11   100.219 52586.21214663 35.30 236.865882  62.645666 18.490
 11   100.428 52586.21214727 36.92 236.863332  62.648806 18.490
 11   100.117 52586.21214792 39.40 236.860772  62.651946 18.490
 11   100.363 52586.21214856 40.23 236.858222  62.655086 18.490
 11   100.157 52586.21214921 41.68 236.855662  62.658226 18.490
 11    99.822 52586.21214985 39.93 236.853112  62.661370 17.112
 11   100.082 52586.21215050 37.84 236.850552  62.664510 17.112
 12   101.194 52621.21212385 22.92 236.867729  62.641141  9.868
 12   101.216 52621.21212449 22.75 236.865179  62.644281  9.868
 12   104.375 52621.21212514 23.54 236.862619  62.647421  9.868
 12   101.384 52621.21212578 25.45 236.860069  62.650561  9.868
 12   101.608 52621.21212643 25.33 236.857519  62.653701  9.868
 12   101.456 52621.21212707 28.00 236.854959  62.656841  9.868
 12   101.639 52621.21212772 27.78 236.852409  62.659981  9.868
 12   101.157 52621.21212836 31.94 236.849849  62.663121  9.868
 12   100.835 52621.21212901 28.80 236.847299  62.666261  9.868
 12   101.133 52621.21212965 24.15 236.844739  62.669401  9.868
 15   118.960 52726.21215315  7.36 236.863435  62.636472  3.072
 15   118.479 52726.21215379  6.80 236.860885  62.639612  3.072
 15   116.966 52726.21215444  7.06 236.858335  62.642752  3.072
 15   117.191 52726.21215508  6.87 236.855775  62.645892  3.072
 15   114.926 52726.21215573  7.14 236.853225  62.649032  3.072
 15   114.354 52726.21215637  7.65 236.850665  62.652172  3.072
 15   112.515 52726.21215702  7.86 236.848115  62.655312  3.072
 15   111.370 52726.21215766  8.01 236.845555  62.658452  3.072
 16   102.274 52761.21216935 28.76 236.863740  62.635564 18.822
 16   102.536 52761.21217000 26.31 236.861190  62.638704 18.822
 16   102.518 52761.21217064 23.64 236.858630  62.641844 18.822
 16   104.190 52761.21217129 23.02 236.856080  62.644984 18.822
 16   103.836 52761.21217193 26.79 236.853530  62.648124 18.822
 16   103.062 52761.21217257 28.31 236.850970  62.651264 18.822
 16   102.928 52761.21217322 27.78 236.848420  62.654404 18.822
 16   102.790 52761.21217386 34.23 236.845870  62.657544 18.822
 17   102.922 52796.21212712 47.69 236.863850  62.629926 24.804
 17   102.788 52796.21212776 49.44 236.861290  62.633066 24.804
 17   103.152 52796.21212841 48.14 236.858740  62.636206 24.804
 17   103.410 52796.21212905 46.14 236.856190  62.639346 24.804
 17   103.403 52796.21212970 45.80 236.853630  62.642486 24.804
 17   103.254 52796.21213034 46.74 236.851080  62.645626 24.804
 17   102.951 52796.21213099 47.57 236.848520  62.648766 24.804
 18   103.763 52831.21219410 40.67 236.864329  62.630176 32.245
 18   103.800 52831.21219474 40.33 236.861779  62.633316 32.245
 18   103.970 52831.21219539 34.11 236.859219  62.636456 32.245
 18   104.259 52831.21219603 36.72 236.856669  62.639596 32.245
 18   104.051 52831.21219668 37.49 236.854109  62.642736 32.245
 18   104.104 52831.21219732 38.39 236.851559  62.645876 32.245
 18   103.998 52831.21219797 41.69 236.848999  62.649016 32.245
 19   100.829 52866.21223914 48.06 236.866863  62.638476 31.769
 19   102.499 52866.21224043 44.91 236.861753  62.644756 31.769
 19   102.560 52866.21224107 44.89 236.859203  62.647896 31.769
 19   102.364 52866.21224172 47.09 236.856643  62.651036 31.769
 19   102.387 52866.21224236 46.41 236.854093  62.654176 31.769
 19   101.616 52866.21224301 47.72 236.851533  62.657316 31.769
 19   101.947 52866.21224365 46.08 236.848973  62.660456 31.769
 19   102.067 52866.21224430 48.05 236.846423  62.663596 31.769
 20   121.640 52901.21226679 20.59 236.866171  62.637111 23.619
 20   120.975 52901.21226744 21.88 236.863621  62.640251 23.619
 20   120.899 52901.21226808 21.98 236.861071  62.643391 23.619
 20   120.810 52901.21226873 24.61 236.858511  62.646531 23.619
 20   121.413 52901.21226937 22.32 236.855961  62.649671 23.619
 20   100.182 52901.21227131 43.30 236.848291  62.659091 23.619
 20    99.449 52901.21227195 49.32 236.845742  62.662237 21.519
 21    99.954 52936.21220946 48.94 236.866355  62.646192 21.774
 21   100.767 52936.21221010 46.13 236.863805  62.649332 21.774
 21   100.264 52936.21221075 47.20 236.861245  62.652472 21.774
 21   100.404 52936.21221139 48.26 236.858695  62.655622 21.774
 21    99.821 52936.21221204 50.55 236.856135  62.658762 21.774
 21   100.333 52936.21221268 47.37 236.853585  62.661902 21.774
 22   113.867 52971.21223020 18.85 236.864092  62.627404 12.570
 22   114.390 52971.21223084 18.84 236.861542  62.630544 12.570
 22   100.217 52971.21223149 31.04 236.858992  62.633684 12.570
 22   100.071 52971.21223213 22.61 236.856432  62.636824 12.570
 22   100.055 52971.21223277 19.93 236.853882  62.639964 12.570
 22   106.061 52971.21223342 17.87 236.851332  62.643104 12.570
 22   112.536 52971.21223406 17.04 236.848772  62.646244 12.570
 23   117.584 53006.21224436 12.50 236.863931  62.629727  6.668
 23   117.899 53006.21224500 11.65 236.861381  62.632867  6.668
 23   118.830 53006.21224565 12.04 236.858831  62.636007  6.668
 23   118.167 53006.21224629 11.81 236.856281  62.639147  6.668
 23   117.098 53006.21224694 12.00 236.853721  62.642287  6.668
 23   116.563 53006.21224758 12.48 236.851171  62.645427  6.668
 23   112.517 53006.21224823 13.25 236.848621  62.648567  6.668
 24   119.603 53041.21219553 10.30 236.857455  62.623794  7.444
 24   129.589 53041.21219618  9.85 236.854895  62.626934  7.444
 24   119.563 53041.21219682 10.68 236.852345  62.630074  7.444
 24   125.518 53041.21219747  9.38 236.849795  62.633214  7.444
 24   119.410 53041.21219811  9.59 236.847235  62.636354  7.444
 25   122.476 53076.21222979  7.87 236.865418  62.633839  6.707
 25   125.057 53076.21223044  7.21 236.862867  62.636980  4.063
 25   122.349 53076.21223108  7.30 236.860317  62.640120  4.063
 25   117.388 53076.21223173  6.99 236.857757  62.643260  4.063
 25   116.679 53076.21223237  6.46 236.855207  62.646400  4.063
 25   115.767 53076.21223302  7.85 236.852657  62.649540  4.063
 25   111.272 53076.21223366  9.25 236.850097  62.652680  4.063
 25   110.606 53076.21223430  9.39 236.847547  62.655820  4.063
 25   110.788 53076.21223495  6.88 236.844987  62.658960  4.063
 26   132.234 53111.21219765  1.97 236.858551  62.619849  2.926
 26   119.161 53111.21219830  1.54 236.856001  62.622989  2.926
 26   127.382 53111.21219894  1.67 236.853451  62.626129  2.926
 26   119.317 53111.21219959  1.54 236.850891  62.629269  2.926
 26   119.707 53111.21220023  1.38 236.848341  62.632409  2.926
 27   102.551 53146.21224163 39.64 236.864579  62.626784 28.026
 27   103.105 53146.21224228 44.16 236.862029  62.629924 28.026
 27    98.508 53146.21224292 48.48 236.859470  62.633065 11.722
 27   102.859 53146.21224357 33.83 236.856920  62.636205 11.722
 27   103.158 53146.21224421 35.19 236.854370  62.639345 11.722
 27   102.670 53146.21224486 34.19 236.851810  62.642485 11.722
 27   106.076 53146.21224550 30.10 236.849260  62.645625 11.722
 28   101.242 53181.21225125 51.93 236.865392  62.638945 30.615
 28   103.101 53181.21225190 47.08 236.862834  62.642084 20.881
 28   103.436 53181.21225254 46.22 236.860284  62.645224 20.881
 28   103.418 53181.21225319 45.37 236.857724  62.648364 20.881
 28   103.360 53181.21225383 46.95 236.855174  62.651504 20.881
 28   103.243 53181.21225448 44.53 236.852614  62.654644 20.881
 28   103.323 53181.21225512 44.72 236.850064  62.657784 20.881
 28   103.132 53181.21225577 47.35 236.847504  62.660924 20.881
 28   103.175 53181.21225641 42.22 236.844944  62.664064 20.881
 29   113.525 53216.21227314 11.37 236.864216  62.633792 24.893
 29   100.406 53216.21227378 15.88 236.861666  62.636932 24.893
 29   105.248 53216.21227443 17.98 236.859115  62.640072 10.518
 29   107.127 53216.21227507 14.83 236.856565  62.643212 10.518
 29   105.589 53216.21227572 19.99 236.854005  62.646352 10.518
 29   105.770 53216.21227636 22.56 236.851455  62.649492 10.518
 29   106.156 53216.21227701 21.09 236.848895  62.652632 10.518
 29   105.916 53216.21227765 25.98 236.846345  62.655772 10.518
 29   106.061 53216.21227830 22.89 236.843785  62.658912 10.518
 30    99.732 53251.21225292 51.35 236.867191  62.640846 22.093
 30    99.998 53251.21225357 50.94 236.864641  62.643986 22.093
 30   100.047 53251.21225421 48.75 236.862091  62.647126 22.093
 30   100.177 53251.21225486 48.73 236.859531  62.650266 22.093
 30   100.428 53251.21225550 47.72 236.856981  62.653406 22.093
 30   100.225 53251.21225615 49.63 236.854431  62.656546 22.093
 30   100.075 53251.21225679 47.41 236.851871  62.659686 22.093
 30   100.491 53251.21225744 43.76 236.849321  62.662826 22.093
 30   100.052 53251.21225808 48.75 236.846761  62.665966 22.093
 31   100.254 53286.21224284 47.92 236.858342  62.621895 22.186
 31   100.424 53286.21224349 48.61 236.855792  62.625045 22.186
 31   100.541 53286.21224413 45.26 236.853242  62.628185 22.186
 31   100.389 53286.21224478 48.41 236.850690  62.631322 16.522
 31    99.154 53286.21224542 44.70 236.848140  62.634462 16.522
 32    99.622 53321.21222219 31.83 236.867180  62.640226 16.195
 32    99.305 53321.21222283 33.54 236.864630  62.643366 16.195
 32    99.659 53321.21222348 31.32 236.862070  62.646506 16.195
 32    99.702 53321.21222412 31.46 236.859514  62.649651 13.024
 32    99.478 53321.21222477 31.29 236.856964  62.652791 13.024
 32    99.457 53321.21222541 30.30 236.854404  62.655931 13.024
 34   136.240 53391.21220133  7.97 236.861423  62.623753  6.177
 34   131.115 53391.21220197  7.47 236.858873  62.626893  6.177
 34   132.685 53391.21220261  8.29 236.856323  62.630033  6.177
 34   119.299 53391.21220326  9.22 236.853763  62.633173  6.177
 34   119.166 53391.21220390  8.83 236.851215  62.636318  3.340
 34   118.970 53391.21220455  7.98 236.848655  62.639458  3.340
 35   143.977 53426.21220146  1.91 236.866446  62.644741  2.945
 35   142.502 53426.21220211  1.18 236.863896  62.647881  2.945
 36   118.818 53461.21220922  7.14 236.864728  62.628033  6.701
 36   129.442 53461.21220986  5.91 236.862179  62.631170  4.135
 36   126.594 53461.21221051  5.21 236.859619  62.634310  4.135
 36   123.009 53461.21221115  5.59 236.857069  62.637450  4.135
 36   121.071 53461.21221180  4.95 236.854519  62.640590  4.135
 36   118.052 53461.21221244  4.74 236.851959  62.643730  4.135
 36   117.039 53461.21221309  4.35 236.849399  62.646870  4.135
 37   105.432 53496.21228814 46.17 236.862422  62.624557 21.821
 37   103.827 53496.21228878 45.90 236.859872  62.627697 21.821
 37   105.600 53496.21228943 28.92 236.857312  62.630837 21.821
 37   105.719 53496.21229007 32.48 236.854762  62.633977 21.821
 37   105.295 53496.21229072 30.12 236.852212  62.637117 21.821
 37   105.684 53496.21229136 37.68 236.849652  62.640257 21.821
 38   116.423 53531.21226894 11.63 236.866953  62.641512  9.882
 38   110.040 53531.21226958 13.87 236.864403  62.644652  9.882
 38   109.159 53531.21227023 18.43 236.861843  62.647792  9.882
 38   109.482 53531.21227087 17.13 236.859293  62.650932  9.882
 38   107.287 53531.21227152 16.97 236.856733  62.654072  9.882
 38   107.129 53531.21227216 23.54 236.854183  62.657212  9.882
 38   106.687 53531.21227281 22.60 236.851623  62.660352  9.882
 38   103.649 53531.21227345 24.89 236.849073  62.663492  9.882
 38   103.466 53531.21227410 29.50 236.846513  62.666632  9.882
 39   113.574 53566.21229308 10.28 236.864176  62.633633 22.669
 39   107.977 53566.21229373 11.05 236.861616  62.636773 22.669
 39   113.163 53566.21229437  9.77 236.859066  62.639913 22.669
 39   108.069 53566.21229502 15.94 236.856518  62.643054 12.149
 39   107.096 53566.21229566 18.72 236.853958  62.646194 12.149
 39   107.343 53566.21229631 18.63 236.851408  62.649334 12.149
 39   107.316 53566.21229695 19.69 236.848858  62.652474 12.149
 39   106.275 53566.21229760 29.39 236.846298  62.655614 12.149
 39   105.306 53566.21229824 33.00 236.843738  62.658754 12.149
 40   106.893 53601.21223886 12.35 236.866364  62.646138  6.055
 40   107.289 53601.21223951 12.28 236.863814  62.649278  6.055
 40   107.456 53601.21224015 13.46 236.861254  62.652418  6.055
 40   107.763 53601.21224080 19.94 236.858704  62.655558  6.055
 40   107.618 53601.21224144 18.98 236.856144  62.658698  6.055
 40   106.936 53601.21224208 16.12 236.853594  62.661838  6.055
 40   104.217 53601.21224273 16.60 236.851034  62.664978  6.055
 40   106.232 53601.21224337 10.84 236.848484  62.668118  6.055
 40   108.474 53601.21224402 11.15 236.845924  62.671258  6.055
 40   103.682 53601.21224466 17.78 236.843364  62.674398  6.055
 41   100.723 53636.21223260 49.31 236.858707  62.625836 27.932
 41   101.191 53636.21223325 44.10 236.856157  62.628986 27.932
 41   100.886 53636.21223389 35.50 236.853607  62.632126 27.932
 41   101.855 53636.21223453 25.84 236.851047  62.635266 27.932
 41   101.779 53636.21223518 36.62 236.848496  62.638403 13.648
 42    99.430 53671.21225395 23.80 236.862502  62.628493 17.325
 42    99.386 53671.21225460 23.21 236.859942  62.631633 17.325
 42    98.984 53671.21225524 21.75 236.857392  62.634773 17.325
 42   108.567 53671.21225589 18.43 236.854842  62.637913 17.325
 42   106.548 53671.21225653 20.97 236.852282  62.641053 17.325
 42   107.084 53671.21225718 21.90 236.849732  62.644193 17.325
 43   102.045 53706.21219097 22.34 236.863245  62.654785  6.430
 43   102.280 53706.21219548 21.60 236.845349  62.676768  7.234
 43   101.570 53706.21219613 19.91 236.842789  62.679908  7.234
 44   146.697 53741.21211195  0.12 236.839521  62.694409  5.376
 44   144.766 53741.21211259  1.46 236.836961  62.697549  5.376
 45   112.666 53776.21212374  9.82 236.864622  62.637824  4.350
 45   112.297 53776.21212439  9.59 236.862062  62.640964  4.350
 45   116.323 53776.21212503  9.28 236.859512  62.644104  4.350
 45   115.417 53776.21212568  9.59 236.856962  62.647244  4.350
 45   110.252 53776.21212632 10.10 236.854402  62.650384  4.350
 45   109.268 53776.21212697 10.54 236.851852  62.653524  4.350
 45   106.766 53776.21212761 11.08 236.849292  62.656664  4.350
 45   104.985 53776.21212826 11.42 236.846732  62.659804  4.350
 48   103.163 53881.21217601 49.32 236.862113  62.638159 30.243
 48   102.998 53881.21217665 52.78 236.859563  62.641299 30.243
 48   103.171 53881.21217730 49.70 236.857003  62.644439 30.243
 48   104.826 53881.21217794 45.64 236.854453  62.647579 30.243
 48   105.053 53881.21217858 44.82 236.851893  62.650719 30.243
 48   104.755 53881.21217923 46.13 236.849343  62.653859 30.243
 48   104.837 53881.21217987 45.84 236.846783  62.656999 30.243
 48   104.319 53881.21218052 42.40 236.844223  62.660139 30.243
 49   103.919 53916.21223380 20.96 236.861815  62.629101 18.296
 49   103.610 53916.21223445 23.20 236.859265  62.632241 18.296
 49   103.825 53916.21223509 24.01 236.856715  62.635381 18.296
 49   103.673 53916.21223574 28.10 236.854155  62.638521 18.296
 49   103.573 53916.21223638 27.82 236.851605  62.641661 18.296
 49   103.982 53916.21223703 34.42 236.849055  62.644801 18.296
 50   102.171 53951.21224067 46.15 236.863183  62.628872 22.434
 50   102.271 53951.21224131 46.58 236.860633  62.632012 22.434
 50   102.722 53951.21224196 44.37 236.858073  62.635152 22.434
 50   102.404 53951.21224260 46.68 236.855523  62.638292 22.434
 50   102.515 53951.21224325 45.68 236.852973  62.641432 22.434
 50   101.689 53951.21224389 46.62 236.850423  62.644572 22.434
 50   105.346 53951.21224454 36.12 236.847863  62.647712 22.434
 52   100.040 54021.21221674 39.35 236.863814  62.626905 23.451
 52   100.180 54021.21221738 47.88 236.861264  62.630045 23.451
 52    99.882 54021.21221803 52.66 236.858704  62.633185 23.451
 52   101.333 54021.21221867 44.50 236.856154  62.636325 23.451
 52   101.697 54021.21221932 45.26 236.853604  62.639465 23.451
 52   100.993 54021.21221996 45.03 236.851044  62.642605 23.451
 52   100.860 54021.21222061 34.33 236.848494  62.645745 23.451
 53    98.851 54056.21221060 21.74 236.866605  62.640351  9.731
 53    98.959 54056.21221125 22.72 236.864045  62.643491  9.731
 53    98.938 54056.21221189 30.43 236.861495  62.646631  9.731
 53    98.091 54056.21221254 28.40 236.858935  62.649771  9.731
 53    98.999 54056.21221318 20.90 236.856385  62.652911  9.731
 53    98.923 54056.21221383 21.73 236.853825  62.656051  9.731
 53    98.682 54056.21221447 21.30 236.851275  62.659191  9.731
 53    98.708 54056.21221511 23.18 236.848715  62.662331  9.731
 53    98.576 54056.21221576 22.97 236.846155  62.665471  9.731
 54   110.470 54091.21219661 10.97 236.867442  62.644038  4.994
 54   108.976 54091.21219725 13.42 236.864882  62.647178  4.994
 54   108.757 54091.21219790 14.29 236.862332  62.650318  4.994
 54    99.974 54091.21219854 16.34 236.859782  62.653458  4.994
 54   100.032 54091.21219919 16.79 236.857222  62.656598  4.994
 54    99.934 54091.21219983 22.20 236.854672  62.659738  4.994
 54    99.707 54091.21220048 18.53 236.852112  62.662878  4.994
 54    99.727 54091.21220112 15.06 236.849562  62.666018  4.994
 54    99.611 54091.21220176 15.26 236.847002  62.669158  4.994
 54    99.714 54091.21220241 14.91 236.844442  62.672298  4.994
 55   119.221 54126.21212441 10.70 236.860996  62.626028  2.590
 55   118.412 54126.21212506 10.48 236.858436  62.629168  2.590
 55   119.542 54126.21212570 10.26 236.855886  62.632308  2.590
 55   119.416 54126.21212635 10.45 236.853336  62.635448  2.590
 55   118.610 54126.21212699  9.85 236.850776  62.638588  2.590
 56   118.187 54161.21216332  8.79 236.864027  62.636777  6.026
 56   117.186 54161.21216396  7.76 236.861477  62.639917  6.026
 56   117.284 54161.21216461  8.30 236.858917  62.643057  6.026
 56   116.694 54161.21216525  7.00 236.856367  62.646197  6.026
 56   115.473 54161.21216590  5.96 236.853807  62.649337  6.026
 56   113.560 54161.21216654  6.37 236.851257  62.652477  6.026
 56   112.039 54161.21216718  6.25 236.848701  62.655623  3.200
 56   111.958 54161.21216783  6.40 236.846141  62.658763  3.200
 57   119.548 54196.21212660  5.70 236.861873  62.627941  4.480
 57   124.830 54196.21212724  6.13 236.859323  62.631081  4.480
 57   119.515 54196.21212789  6.52 236.856773  62.634221  4.480
 57   119.161 54196.21212853  6.18 236.854213  62.637361  4.480
 57   118.634 54196.21212918  5.53 236.851663  62.640501  4.480
 57   116.550 54196.21212982  6.59 236.849103  62.643641  4.480
 58   102.879 54231.21217566 47.02 236.864438  62.633007 24.779
 58   103.046 54231.21217630 47.97 236.861888  62.636147 24.779
 58   103.290 54231.21217694 46.30 236.859328  62.639287 24.779
 58   103.123 54231.21217759 47.15 236.856778  62.642427 24.779
 58   103.278 54231.21217823 47.31 236.854218  62.645567 24.779
 58   103.215 54231.21217888 47.40 236.851668  62.648707 24.779
 58   103.035 54231.21217952 47.36 236.849108  62.651847 24.779
 58   103.077 54231.21218017 48.89 236.846553  62.654993 20.542
 58   102.721 54231.21218081 41.99 236.844003  62.658133 20.542
 59   103.354 54266.21219323 38.87 236.865597  62.634261 26.677
 59   103.539 54266.21219387 40.10 236.863047  62.637401 26.677
 59   103.081 54266.21219452 44.18 236.860487  62.640541 26.677
 59   103.643 54266.21219516 41.55 236.857937  62.643681 26.677
 59   103.712 54266.21219581 42.49 236.855377  62.646831 26.677
 59   103.879 54266.21219645 42.30 236.852827  62.649971 26.677
 59   103.938 54266.21219710 43.31 236.850267  62.653101 26.677
 59   103.871 54266.21219774 42.16 236.847712  62.656248  7.528
 59   102.550 54266.21219839 44.99 236.845162  62.659388  7.528
 60   160.669 54301.21219848  9.97 236.865165  62.637127 14.481
 60   139.690 54301.21219912  9.29 236.862605  62.640267 14.481
 60   135.943 54301.21219977 10.78 236.860055  62.643407 14.481
 60   116.711 54301.21220041 13.49 236.857505  62.646547 14.481
 60   112.882 54301.21220106 15.44 236.854945  62.649687 14.481
 60   112.556 54301.21220170 15.84 236.852395  62.652827 14.481
 60   106.994 54301.21220234 20.45 236.849835  62.655973 10.250
 60   106.601 54301.21220299 19.80 236.847285  62.659113 10.250
 60   105.219 54301.21220363 28.60 236.844725  62.662253 10.250
 61   101.711 54336.21218696 49.04 236.866530  62.640479 23.489
 61   101.874 54336.21218760 46.90 236.863970  62.643619 23.489
 61   101.355 54336.21218825 48.16 236.861420  62.646769 23.489
 61   101.894 54336.21218889 47.74 236.858870  62.649909 23.489
 61   101.647 54336.21218954 48.62 236.856310  62.653049 23.489
 61   101.820 54336.21219018 49.37 236.853762  62.656187 21.058
 61   101.254 54336.21219083 49.27 236.851202  62.659327 21.058
 62   139.617 54371.21212899 15.43 236.864602  62.627921 11.454
 62   138.939 54371.21212964 15.03 236.862052  62.631061 11.454
 62   101.071 54371.21213028 19.48 236.859492  62.634201 11.454
 62   100.888 54371.21213093 25.13 236.856942  62.637341 11.454
 62   100.649 54371.21213157 26.34 236.854392  62.640481 11.454
 62   105.519 54371.21213222 27.13 236.851832  62.643621 11.454
 62   106.240 54371.21213286 24.24 236.849282  62.646761 11.454
 63   101.055 54406.21213087 41.14 236.866171  62.636565 13.181
 63   101.338 54406.21213152 41.16 236.863621  62.639705 13.181
 63   101.323 54406.21213216 41.79 236.861061  62.642855 13.181
 63   101.480 54406.21213280 45.06 236.858511  62.645995 13.181
 63   101.210 54406.21213345 46.36 236.855959  62.649133 16.950
 64   100.732 54441.21208671 16.99 236.860734  62.623830  7.947
 64   100.749 54441.21208735 16.81 236.858184  62.626970  7.947
 64   100.869 54441.21208800 16.26 236.855624  62.630110  7.947
 64   115.469 54441.21208864 15.48 236.853074  62.633250  7.947
 64   115.335 54441.21208929 13.27 236.850514  62.636390  7.947
 64   115.189 54441.21208993 12.59 236.847964  62.639530  7.947
 65   113.184 54476.21211875  9.71 236.863785  62.636880  4.778
 65   113.134 54476.21211939  9.15 236.861235  62.640020  4.778
 65   112.317 54476.21212004  9.87 236.858685  62.643160  4.778
 65   111.889 54476.21212068 10.61 236.856125  62.646300  4.778
 65   110.785 54476.21212133 11.01 236.853575  62.649440  4.778
 65   108.557 54476.21212197 10.96 236.851015  62.652580  4.778
 65   107.516 54476.21212262 11.13 236.848465  62.655720  4.778
 65   106.503 54476.21212326 11.81 236.845905  62.658860  4.778
 66   118.148 54511.21210305  9.87 236.861570  62.626362  6.343
 66   118.825 54511.21210370  9.73 236.859020  62.629502  6.343
 66   119.408 54511.21210434  8.56 236.856460  62.632642  6.343
 66   119.220 54511.21210499  8.63 236.853910  62.635782  6.343
 66   118.764 54511.21210563  9.11 236.851360  62.638922  6.343
 66   118.373 54511.21210627  8.55 236.848800  62.642062  6.343
 67   155.526 54546.21213336  3.57 236.865363  62.638905  5.598
 67   117.474 54546.21213400  4.54 236.862813  62.642045  5.598
 67   119.049 54546.21213465  3.84 236.860253  62.645185  5.598
 67   115.936 54546.21213529  4.74 236.857703  62.648325  5.598
 67   115.050 54546.21213594  3.71 236.855143  62.651465  5.598
 67   123.991 54546.21213658  2.26 236.852593  62.654605  5.598
 67   130.382 54546.21213723  1.73 236.850035  62.657751  4.332
 67   152.789 54546.21213787  0.30 236.847485  62.660891  4.332
 69   103.325 54616.21212219 50.10 236.864835  62.637249 23.008
 69   103.778 54616.21212283 45.78 236.862285  62.640389 23.008
 69   103.954 54616.21212347 45.93 236.859725  62.643529 23.008
 69   103.942 54616.21212412 47.27 236.857175  62.646669 23.008
 69   103.898 54616.21212476 47.77 236.854615  62.649809 23.008
 69   103.831 54616.21212541 46.77 236.852065  62.652949 23.008
 69   103.769 54616.21212605 46.05 236.849505  62.656089 23.008
 69   103.610 54616.21212670 48.11 236.846953  62.659235  9.057
 70   113.958 54651.21213446  8.90 236.863422  62.633626 16.857
 70   113.292 54651.21213511  9.49 236.860872  62.636766 16.857
 70   107.912 54651.21213575 10.11 236.858322  62.639906 16.857
 70   107.236 54651.21213640 15.95 236.855762  62.643046 16.857
 70   104.654 54651.21213704 24.88 236.853212  62.646186 16.857
 70   105.313 54651.21213769 25.66 236.850652  62.649326 16.857
 70   105.441 54651.21213833 25.25 236.848102  62.652466 16.857
 70   104.761 54651.21213897 32.80 236.845542  62.655606 16.857
 71   111.569 54686.21212806 12.01 236.866552  62.640142 14.983
 71   105.993 54686.21212871 15.50 236.864002  62.643282 14.983
 71   106.974 54686.21212935 15.72 236.861442  62.646422 14.983
 71   107.201 54686.21213000 16.49 236.858892  62.649562 14.983
 71   107.968 54686.21213064 17.03 236.856342  62.652702 14.983
 71   107.745 54686.21213129 17.76 236.853782  62.655842 14.983
 71   107.651 54686.21213193 16.03 236.851232  62.658982 14.983
 71   104.680 54686.21213258 19.96 236.848672  62.662122 14.983
 71   104.285 54686.21213322 19.96 236.846116  62.665268  5.708
 72   100.027 54721.21207848 17.05 236.861461  62.626293 21.853
 72   100.758 54721.21207913 17.05 236.858911  62.629433 21.853
 72   101.358 54721.21207977 15.07 236.856351  62.632573 21.853
 72   102.001 54721.21208042 16.87 236.853801  62.635713 21.853
 72   106.859 54721.21208106 20.83 236.851251  62.638853 21.853
 72   108.698 54721.21208171 20.68 236.848691  62.641993 21.853
 73   131.637 54756.21210215 10.91 236.863721  62.637050 18.707
 73   117.487 54756.21210280 15.81 236.861171  62.640190 18.707
 73   105.844 54756.21210344 22.67 236.858611  62.643330 18.707
 73   105.672 54756.21210409 25.27 236.856061  62.646470 18.707
 73   105.583 54756.21210473 26.34 236.853501  62.649610 18.707
 73   105.527 54756.21210538 26.21 236.850951  62.652750 18.707
 73   105.527 54756.21210602 25.84 236.848391  62.655890 18.707
 73   104.867 54756.21210667 26.92 236.845843  62.659034  7.954
 74    99.639 54791.21207159 42.25 236.860080  62.625152 18.277
 74    99.763 54791.21207223 38.49 236.857530  62.628292 18.277
 74    99.861 54791.21207288 38.62 236.854980  62.631432 18.277
 74    99.633 54791.21207352 40.41 236.852420  62.634572 18.277
 74    99.543 54791.21207417 34.37 236.849870  62.637712 18.277
 75   113.671 54826.21209813 14.39 236.864579  62.631897  6.726
 75   113.468 54826.21209877 14.62 236.862029  62.635037  6.726
 75   113.436 54826.21209942 14.06 236.859469  62.638177  6.726
 75   113.022 54826.21210006 14.48 236.856919  62.641317  6.726
 75   112.273 54826.21210071 14.74 236.854369  62.644457  6.726
 75   112.082 54826.21210135 14.59 236.851809  62.647597  6.726
 75   111.295 54826.21210200 14.93 236.849259  62.650737  6.726
 75   106.566 54826.21210264 15.25 236.846699  62.653877  6.726
 75   106.404 54826.21210329 15.29 236.844146  62.657020  6.722
 76   135.450 54861.21206543  5.61 236.862814  62.626540  6.025
 76   119.945 54861.21206608  6.50 236.860264  62.629680  6.025
 76   120.937 54861.21206737  6.99 236.855154  62.635960  6.025
 76   119.535 54861.21206801  6.43 236.852604  62.639100  6.025
 76   118.245 54861.21206865  7.26 236.850044  62.642240  6.025
 78   119.433 54931.21206317  5.46 236.861245  62.628231  4.092
 78   155.183 54931.21206381  2.57 236.858695  62.631371  4.092
 78   120.866 54931.21206446  3.32 236.856135  62.634511  4.092
 78   152.271 54931.21206510  2.24 236.853585  62.637651  4.092
 78   128.046 54931.21206575  2.18 236.851035  62.640791  4.092
 79   108.432 54966.21210037 24.32 236.863648  62.635977 16.360
 79   108.633 54966.21210102 21.90 236.861098  62.639117 16.360
 79   108.340 54966.21210166 22.76 236.858538  62.642257 16.360
 79   108.135 54966.21210231 24.33 236.855988  62.645397 16.360
 79   107.889 54966.21210295 25.66 236.853428  62.648537 16.360
 79   107.657 54966.21210360 26.39 236.850878  62.651677 16.360
 79   107.544 54966.21210424 26.31 236.848318  62.654817 16.360
 79   107.238 54966.21210489 29.68 236.845769  62.657964 17.029
 80   105.230 55001.21211964 43.98 236.864009  62.632588 30.300
 80   104.902 55001.21212028 40.08 236.861459  62.635728 30.300
 80   105.141 55001.21212093 40.05 236.858909  62.638868 30.300
 80   105.274 55001.21212157 39.80 236.856349  62.642008 30.300
 80   105.021 55001.21212222 41.44 236.853799  62.645148 30.300
 80   105.130 55001.21212286 42.97 236.851239  62.648288 30.300
 80   105.275 55001.21212351 42.54 236.848689  62.651428 30.300
 80   104.571 55001.21212415 43.98 236.846129  62.654568 30.300
 80   105.467 55001.21212480 40.92 236.843572  62.657713 11.032
 81   103.350 55036.21210635 44.27 236.863714  62.637066 30.315
 81   103.279 55036.21210700 46.03 236.861154  62.640206 30.315
 81   103.228 55036.21210764 45.61 236.858604  62.643346 30.315
 81   103.129 55036.21210829 45.38 236.856054  62.646486 30.315
 81   102.991 55036.21210893 45.99 236.853494  62.649626 30.315
 81   103.300 55036.21210958 44.98 236.850944  62.652766 30.315
 81   102.942 55036.21211022 43.43 236.848384  62.655906 30.315
 81   102.896 55036.21211086 46.53 236.845824  62.659046 30.315
 82   101.799 55071.21209542 49.11 236.867744  62.640507 21.428
 82   101.687 55071.21209606 51.85 236.865194  62.643647 21.428
 82   101.844 55071.21209671 49.22 236.862634  62.646787 21.428
 82   102.232 55071.21209735 47.73 236.860084  62.649927 21.428
 82   102.176 55071.21209800 50.14 236.857534  62.653067 21.428
 82   101.904 55071.21209864 49.83 236.854974  62.656207 21.428
 82   102.064 55071.21209929 45.76 236.852424  62.659357 21.428
 82   101.011 55071.21209993 50.29 236.849861  62.662495 17.704
 82   101.863 55071.21210058 49.99 236.847311  62.665635 17.704
 83   109.721 55106.21203647 12.86 236.860864  62.626623 21.802
 83   119.912 55106.21203711  9.40 236.858314  62.629763 21.802
 83   115.004 55106.21203776 14.51 236.855764  62.632903 21.802
 83   101.478 55106.21203840 23.78 236.853204  62.636043 21.802
 83   106.717 55106.21203905 25.58 236.850654  62.639183 21.802
 84   100.557 55141.21204428 41.31 236.865473  62.636507 21.551
 84   100.672 55141.21204492 41.17 236.862923  62.639657 21.551
 84   100.532 55141.21204557 42.39 236.860363  62.642797 21.551
 84   100.782 55141.21204621 43.80 236.857813  62.645927 21.551
 84   100.719 55141.21204686 44.75 236.855261  62.649074 16.009
 84    99.550 55141.21204750 41.64 236.852701  62.652214 16.009
 84   100.417 55141.21204815 36.85 236.850151  62.655354 16.009
 85   101.343 55176.21200542 18.34 236.860305  62.626731  7.785
 85   115.007 55176.21200606 16.91 236.857745  62.629871  7.785
 85   101.257 55176.21200671 18.16 236.855195  62.633011  7.785
 85   114.069 55176.21200735 16.74 236.852645  62.636151  7.785
 85   101.445 55176.21200800 16.76 236.850085  62.639291  7.785
 86   117.534 55211.21203839  9.58 236.865377  62.633369  5.706
 86   118.046 55211.21203903  9.59 236.862827  62.636509  5.706
 86   117.833 55211.21203968  9.03 236.860267  62.639649  5.706
 86   117.160 55211.21204032  8.81 236.857717  62.642789  5.706
 86   111.698 55211.21204097 12.73 236.855167  62.645929  5.706
 86   110.957 55211.21204161 12.85 236.852607  62.649069  5.706
 86   108.274 55211.21204226 12.38 236.850057  62.652209  5.706
 86   107.575 55211.21204290 12.52 236.847497  62.655349  5.706
 86   105.945 55211.21204355 12.51 236.844946  62.658493  3.480
 87   114.702 55246.21201023 10.43 236.862043  62.629557  5.352
 87   114.795 55246.21201087 10.30 236.859493  62.632697  5.352
 87   114.433 55246.21201152 10.86 236.856933  62.635837  5.352
 87   113.886 55246.21201216 11.45 236.854383  62.638977  5.352
 87   113.504 55246.21201281 11.67 236.851833  62.642117  5.352
 87   112.913 55246.21201345 11.64 236.849273  62.645257  5.352
 88   116.117 55281.21203268  9.00 236.867164  62.636408  6.027
 88   117.421 55281.21203332  8.65 236.864614  62.639548  6.027
 88   115.788 55281.21203397  7.97 236.862054  62.642688  6.027
 88   114.872 55281.21203461  7.46 236.859504  62.645828  6.027
 88   111.350 55281.21203526  7.52 236.856954  62.648968  6.027
 88   109.568 55281.21203590 10.11 236.854394  62.652108  6.027
 88   108.341 55281.21203655 10.32 236.851844  62.655248  6.027
 88   106.806 55281.21203719 10.59 236.849286  62.658393  3.479
 88   105.487 55281.21203784 11.06 236.846726  62.661533  3.479
 89   103.721 55316.21199936 36.71 236.865206  62.632751 20.698
 89   103.332 55316.21200000 31.99 236.862656  62.635891 20.698
 89   103.838 55316.21200065 24.12 236.860096  62.639031 20.698
 89   104.217 55316.21200129 23.54 236.857546  62.642171 20.698
 89   104.287 55316.21200194 28.26 236.854996  62.645311 20.698
 89   103.608 55316.21200258 31.45 236.852436  62.648451 20.698
 89   104.105 55316.21200323 33.29 236.849886  62.651601 20.698
 89   104.376 55316.21200387 31.78 236.847326  62.654738 16.101
 89   103.936 55316.21200452 36.96 236.844776  62.657878 16.101
 90   101.285 55351.21200465 49.01 236.867321  62.637084 27.965
 90   101.133 55351.21200529 52.11 236.864771  62.640224 27.965
 90   101.407 55351.21200594 50.90 236.862211  62.643364 27.965
 90   101.681 55351.21200658 48.89 236.859661  62.646504 27.965
 90   101.968 55351.21200723 47.72 236.857111  62.649654 27.965
 90   101.658 55351.21200787 47.15 236.854551  62.652794 27.965
 90   101.790 55351.21200852 48.99 236.852001  62.655934 27.965
 90   101.890 55351.21200916 47.75 236.849440  62.659071 19.096
 90   101.636 55351.21200981 48.99 236.846890  62.662211 19.096
 91   109.406 55386.21199762 13.79 236.861359  62.626614 19.532
 91   109.632 55386.21199826 14.09 236.858809  62.629754 19.532
 91   118.143 55386.21199891 11.70 236.856249  62.632894 19.532
 91   115.674 55386.21199955 12.34 236.853699  62.636034 19.532
 91   109.296 55386.21200020 14.97 236.851149  62.639174 19.532
 91   108.639 55386.21200084 20.65 236.848589  62.642314 19.532
 92   100.884 55421.21202297 46.38 236.864563  62.636770 27.500
 92   100.493 55421.21202361 49.76 236.862013  62.639910 27.500
 92   101.247 55421.21202426 45.05 236.859453  62.643050 27.500
 92   101.103 55421.21202490 46.37 236.856903  62.646190 27.500
 92   102.340 55421.21202555 42.26 236.854343  62.649330 27.500
 92   102.402 55421.21202619 42.55 236.851793  62.652470 27.500
 92   101.848 55421.21202684 43.97 236.849233  62.655610 27.500
 92   102.606 55421.21202748 44.93 236.846683  62.658756 13.236
 93   123.305 55456.21199937 18.91 236.866665  62.643365 17.463
 93   122.432 55456.21200001 19.26 236.864115  62.646505 17.463
 93   121.320 55456.21200065 22.67 236.861555  62.649645 17.463
 93   121.318 55456.21200130 22.03 236.859005  62.652785 17.463
 93   121.451 55456.21200194 23.51 236.856445  62.655925 17.463
 93   100.462 55456.21200388 50.70 236.848785  62.665352 19.316
 93   100.778 55456.21200452 48.48 236.846225  62.668492 19.316
