# NaN NaN NaN ;Mean Elev.(m), Avg Gradient(m/km), RMS Gradient(m/km) - SRTM1     
#  104.167  -2.893  12.927 ;Mean Elev.(m), Avg Gradient(m/km), RMS Gradient(m/km) - ASTER GDEM
#  121.086  -2.985   5.782 ;Mean Elev.(m), Avg Gradient(m/km), RMS Gradient(m/km) - GMTED2010 
  8 237.931188  62.058659   148.927   152.819  5 52496.80127169 10.693
  9 237.943824  62.057325   111.005   110.992  4 52531.80125808 45.426
 10 237.943084  62.057795   143.770   139.797  5 52566.80128058 12.532
 11 237.923989  62.061508   109.510   110.104  5 52601.80128926 44.193
 12 237.937340  62.056345   111.915   111.989  5 52636.80125597 26.968
 13 237.927647  62.057608   111.565   111.582  4 52671.80126023 21.068
 14 237.939677  62.056884   140.373   144.460  5 52706.80125960  8.001
 15 237.928606  62.063045   150.252   150.222  4 52741.80129118  3.658
 16 237.921703  62.057044   112.803   112.805  3 52776.80123501 47.948
 17 237.939218  62.057267   112.723   112.644  5 52811.80131268 48.856
 18 237.940719  62.057437   128.107   122.508  5 52846.80136751 13.009
 21 237.949414  62.056809   110.725   110.722  4 52951.80132243 44.223
 22 237.939862  62.056037   111.013   110.961  4 52986.80133955 23.049
 23 237.928347  62.055043   110.403   110.403  2 53021.80132913 18.168
 24 237.943576  62.057347   152.432   152.670  4 53056.80131902  3.223
 25 237.918900  62.063347   152.334   151.863  6 53091.80135649  3.078
 26 237.941029  62.055009   111.458   111.554  4 53126.80132791 25.183
 28 237.937389  62.061618   111.245   111.334  4 53196.80138856 42.196
 29 237.936035  62.058220   110.621   110.720  4 53231.80136998 49.420
 30 237.918171  62.060666   110.232   110.212  4 53266.80133935 47.804
 31 237.932445  62.060140   110.398   110.479  5 53301.80139157 47.346
 32 237.930342  62.059304   109.746   109.655  5 53336.80136214 42.115
 33 237.923547  62.061006   110.429   110.424  6 53371.80129811 15.600
 34 237.939826  62.058423   141.598   145.877  5 53406.80133469  6.693
 35 237.922102  62.060600   109.664   109.654  5 53441.80132066 13.559
 37 237.931201  62.056050   113.641   113.667  4 53511.80140302 48.746
 38 237.922509  62.056441   112.452   112.413  3 53546.80142063 30.106
 39 237.927360  62.058437   122.007   123.338  5 53581.80139165 11.368
 40 237.919741  62.061887   126.640   120.439  5 53616.80134649 11.405
 41 237.936026  62.055611   110.357   110.328  4 53651.80136334 30.292
 42 237.928066  62.059569   110.643   110.699  5 53686.80136766 45.584
 43 237.925517  62.061014   111.830   111.778  5 53721.80129311 16.229
 44 237.948118  62.056874   116.937   118.220  4 53756.80122431 12.942
 45 237.934397  62.059413   117.752   115.721  5 53791.80124990 11.407
 46 237.948638  62.055988   157.996   156.701  4 53826.80121333  0.894
 47 237.934014  62.057208   120.239   119.336  5 53861.80130221 26.433
 48 237.935883  62.056622   113.882   113.921  5 53896.80132306 47.438
 49 237.924481  62.062248   114.036   114.125  4 53931.80137203 45.504
 50 237.926755  62.064876   112.510   112.510  2 53966.80134687 46.360
 51 237.950058  62.057076   141.096   146.156  4 54001.80131062 13.188
 52 237.939962  62.058950   110.253   110.223  5 54036.80135005 48.231
 53 237.929360  62.054024   110.062   110.062  2 54071.80134571 11.684
 54 237.920814  62.062465   114.869   116.210  6 54106.80129509 12.369
 55 237.937131  62.056884   146.145   146.402  5 54141.80127877  3.459
 56 237.925584  62.060332   147.227   146.897  5 54176.80127715  2.278
 60 237.932193  62.059055   113.218   113.068  5 54316.80132357 45.602
 61 237.926355  62.060482   112.830   112.588  5 54351.80129006 41.496
 62 237.937168  62.059415   111.243   111.655  5 54386.80126272 49.889
 63 237.927484  62.060836   110.768   110.751  5 54421.80123984 44.982
 64 237.942595  62.056940   149.326   149.032  4 54456.80123623  4.368
 65 237.930015  62.060348   110.780   110.759  5 54491.80124183 18.228
 66 237.938127  62.056826   160.528   162.812  5 54526.80124919  2.114
 67 237.928739  62.064052   161.277   160.903  4 54561.80124929  0.984
 68 237.930067  62.054989   113.662   113.560  3 54596.80124532 46.860
 70 237.931437  62.059440   131.615   135.551  5 54666.80126409 12.208
 71 237.927583  62.061250   112.092   111.893  5 54701.80123146 20.970
 72 237.939379  62.057070   110.588   110.701  4 54736.80122455 45.194
 73 237.931254  62.061049   110.522   110.459  5 54771.80121244 38.744
 74 237.938396  62.057145   110.568   110.649  5 54806.80121828 25.912
 75 237.931570  62.059025   121.479   115.829  5 54841.80120880 13.585
 76 237.935922  62.060099   146.805   147.041  4 54876.80121953  3.104
 79 237.931483  62.058980   140.195   142.552  5 54981.80123816 15.107
 80 237.931156  62.056781   112.826   113.111  3 55016.80123893 49.854
 81 237.931766  62.058099   126.510   121.078  5 55051.80123345 12.898
 82 237.922971  62.060329   112.440   112.538  4 55086.80119760 47.947
 83 237.939038  62.057350   148.954   147.314  5 55121.80116818 11.259
 85 237.937294  62.054797   113.314   111.571  4 55191.80115809 15.284
 86 237.928284  62.061037   113.308   110.829  5 55226.80115867 13.772
 87 237.933834  62.057581   138.302   145.163  4 55261.80115342  7.804
 88 237.927970  62.062771   139.400   147.699  3 55296.80114287  8.056
 90 237.929040  62.058268   111.764   111.760  4 55366.80112604 44.593
 91 237.939934  62.058639   144.568   148.120  5 55401.80113928 11.950
 92 237.933228  62.061167   131.927   131.916  5 55436.80114268 22.962
 93 237.924174  62.061397   145.566   145.435  6 55471.80109380 13.751
