-150322.953   113.673     0.00    2.95
-149950.890   112.615    -2.84    3.66
-149578.747   112.658     0.11    4.93
-149206.526   112.298    -0.97    5.44
-148834.224   111.678    -1.66    6.08
-148461.843   110.866    -2.18    6.18
-148089.382   109.352    -4.07    5.35
-147716.842   108.165    -3.19    4.43
-147344.222   107.228    -2.51    3.69
-146971.522   106.091    -3.05    3.16
-146598.742   104.891    -3.22    3.25
-146225.882   103.268    -4.35    2.96
-145852.942   101.860    -3.77    2.91
-145479.923   100.684    -3.15    3.02
-145106.823    99.670    -2.72    3.08
-144733.643    98.557    -2.98    2.99
-144360.383    97.806    -2.01    2.67
-143987.043    97.896     0.24    2.24
-143613.623    98.208     0.84    1.97
-143240.122    98.887     1.82    1.54
-142866.541    99.237     0.94    1.21
-142492.880    99.075    -0.43    1.42
-142119.138    98.643    -1.16    1.76
-141745.315    98.264    -1.01    1.97
-141371.412    97.867    -1.06    2.17
-140997.429    97.217    -1.74    2.56
-140623.365    96.697    -1.39    2.79
-140249.220    95.878    -2.19    3.18
-139874.994    94.680    -3.20    3.62
-139500.688    92.244    -6.51    5.36
-139126.300    88.475   -10.07    7.20
-138751.832    83.742   -12.64    8.19
-138377.283    79.611   -11.03    6.50
-138002.652    79.053    -1.49    5.53
-137627.941    80.938     5.03    5.85
-137253.148    84.042     8.28    4.61
-136878.275    86.021     5.28    1.86
-136503.320    86.010    -0.03    1.76
-136128.284    85.379    -1.68    1.63
-135753.166    84.792    -1.57    1.31
-135377.967    84.271    -1.39    0.80
-135002.687    83.969    -0.80    0.31
-134627.325    83.845    -0.33    0.36
-134251.881    83.758    -0.23    0.50
-133876.356    83.602    -0.41    0.81
-133500.750    83.316    -0.76    1.21
-133125.061    82.859    -1.22    1.53
-132749.291    82.384    -1.26    1.53
-132373.439    82.076    -0.82    1.64
-131997.506    82.082     0.01    1.83
-131621.490    82.022    -0.16    2.21
-131245.392    81.691    -0.88    2.46
-130869.213    82.341     1.73    2.43
-130492.951    83.378     2.76    2.44
-130116.607    84.574     3.18    2.34
-129740.181    86.245     4.44    1.39
-129363.673    87.161     2.43    1.24
-128987.082    88.237     2.86    1.22
-128610.409    89.116     2.33    1.15
-128233.654    89.897     2.07    1.14
-127856.816    90.402     1.34    1.11
-127479.896    90.724     0.86    1.15
-127102.893    90.937     0.56    1.16
-126725.808    91.299     0.96    1.22
-126348.640    91.558     0.69    1.19
-125971.389    91.856     0.79    1.15
-125594.055    91.929     0.19    1.25
-125216.639    91.928    -0.00    1.26
-124839.140    91.792    -0.36    1.16
-124461.558    92.030     0.63    0.90
-124083.893    92.186     0.41    0.78
-123706.144    92.505     0.85    0.81
-123328.313    92.979     1.25    0.76
-122950.399    93.427     1.18    0.68
-122572.401    93.876     1.19    0.70
-122194.320    94.302     1.13    0.68
-121816.156    94.776     1.25    0.62
-121437.909    95.211     1.15    0.54
-121059.578    95.102    -0.29    0.75
-120681.163    94.505    -1.58    1.41
-120302.666    93.632    -2.31    1.59
-119924.084    92.660    -2.57    1.04
-119545.419    92.576    -0.22    1.18
-119166.670    92.957     1.01    1.59
-118787.838    93.152     0.51    1.64
-118408.921    93.062    -0.23    1.87
-118029.921    92.073    -2.61    2.41
-117650.837    92.116     0.11    3.20
-117271.669    92.949     2.20    3.66
-116892.417    94.043     2.88    3.46
-116513.081    94.918     2.31    2.19
-116133.661    94.383    -1.41    1.83
-115754.156    93.847    -1.41    1.33
-115374.567    93.548    -0.79    0.80
-114994.894    93.622     0.20    0.79
-114615.137    93.617    -0.01    0.73
-114235.295    93.378    -0.63    0.93
-113855.369    93.085    -0.77    0.94
-113475.359    92.612    -1.24    1.27
-113095.263    91.478    -2.98    2.12
-112715.084    90.091    -3.65    2.89
-112334.819    88.021    -5.44    4.26
-111954.470    81.557   -16.99   12.82
-111574.036    77.716   -10.10   12.75
-111193.517    74.434    -8.62   11.91
-110812.913    72.516    -5.04   10.22
-110432.224    72.515    -0.00    9.08
-110051.450    69.372    -8.25   11.64
-109670.591    63.103   -16.46   13.82
-109289.647    52.600   -27.57   15.79
-108908.618    42.796   -25.73   14.70
-108527.504    34.526   -21.70    8.52
-108146.304    26.878   -20.06   12.14
-107775.238    18.255   -23.23   15.17
-107410.134    10.290   -21.82   16.72
-107044.954     2.151   -22.29   14.18
-106679.697    -3.600   -15.74    8.93
-106314.362    -6.928    -9.11    0.46
-105948.950    -7.000    -0.20    0.00
-105583.461    -7.000     0.00    0.00
-105217.895    -6.372     1.72    3.85
-104852.252    -2.620    10.26   12.19
-104486.531     1.161    10.34   16.08
-104120.733     3.929     7.57   18.03
-103754.857     4.562     1.73   17.87
-103388.904     2.381    -5.96   15.42
-103022.873     0.490    -5.17   13.32
-102656.765    -2.042    -6.91   10.47
-102290.579    -2.180    -0.38   10.85
-101924.316    -1.359     2.24   11.85
-101557.974     1.374     7.46   15.08
-101191.555     4.383     8.21   18.38
-100825.059    11.320    18.93   23.60
-100458.484    19.408    22.06   28.89
-100091.831    33.521    38.49   34.51
 -99725.100    44.653    30.35   35.98
 -99358.292    56.989    33.63   31.34
 -98991.405    63.290    17.17   26.97
 -98624.440    63.585     0.80   27.06
 -98257.397    62.313    -3.47   29.92
 -97890.275    62.707     1.07   31.22
 -97523.076    62.895     0.51   30.15
 -97155.798    63.092     0.54   25.62
 -96788.441    66.947    10.49   19.26
 -96421.007    70.310     9.15   18.17
 -96053.493    75.742    14.78   16.69
 -95685.902    81.222    14.91   14.07
 -95318.231    76.918   -11.71   19.43
 -94950.482    62.622   -38.87   28.98
 -94582.655    42.827   -53.81   34.41
 -94214.748    24.505   -49.80   31.27
 -93846.763    12.928   -31.46   27.31
 -93478.699     5.734   -19.54   24.82
 -93110.557    -1.398   -19.37   19.89
 -92742.335    -5.652   -11.55   11.43
 -92374.034    -3.556     5.69   17.68
 -92005.654     0.531    11.09   23.93
 -91637.195     3.091     6.95   26.84
 -91268.657     3.598     1.38   27.22
 -90900.040     3.500    -0.27   27.28
 -90531.344     3.670     0.46   28.53
 -90162.568     2.315    -3.67   28.31
 -89793.713     0.150    -5.87   25.01
 -89424.779    -2.500    -7.18   19.28
 -89055.765    -0.889     4.37   21.34
 -88686.672     6.302    19.48   28.90
 -88317.499    24.545    49.41   41.99
 -87948.247    45.515    56.79   46.43
 -87578.915    72.635    73.43   37.70
 -87209.503    88.357    42.56   20.42
 -86840.011    95.957    20.57    5.87
 -86470.440    96.120     0.44    5.47
 -86100.789    95.548    -1.55    5.86
 -85731.058    93.370    -5.89    4.55
 -85361.247    91.619    -4.74    3.73
 -84991.356    90.576    -2.82    2.97
 -84621.385    89.949    -1.69    1.06
 -84251.334    89.838    -0.30    1.12
 -83881.203    89.592    -0.67    1.04
 -83510.992    89.379    -0.58    0.85
 -83140.700    89.300    -0.21    0.95
 -82770.328    88.685    -1.66    1.29
 -82399.876    86.870    -4.90    3.20
 -82029.343    84.394    -6.68    4.63
 -81658.730    81.784    -7.04    4.90
 -81288.036    79.278    -6.76    4.18
 -80917.262    77.520    -4.74    3.33
 -80546.407    76.510    -2.72    1.84
 -80175.472    75.969    -1.46    0.42
 -79804.456    75.622    -0.94    0.78
 -79433.359    75.031    -1.59    1.32
 -79062.181    74.850    -0.49    1.94
 -78690.922    75.226     1.01    3.25
 -78319.583    77.020     4.83    4.32
 -77948.162    79.064     5.50    4.10
 -77576.660    80.580     4.08    3.48
 -77205.078    81.208     1.69    3.14
 -76833.414    81.202    -0.02    2.95
 -76461.669    80.889    -0.84    2.55
 -76089.843    80.550    -0.91    1.87
 -75717.935    80.394    -0.42    1.32
 -75345.946    80.939     1.46    1.45
 -74973.876    81.275     0.90    1.76
 -74601.724    81.140    -0.36    2.10
 -74229.491    81.010    -0.35    2.15
 -73857.176    80.696    -0.84    2.18
 -73484.780    80.210    -1.30    1.91
 -73112.302    79.742    -1.26    1.71
 -72739.742    79.531    -0.57    1.67
 -72367.100    79.388    -0.38    1.69
 -71994.377    79.340    -0.13    1.76
 -71621.572    79.216    -0.33    2.15
 -71248.684    78.755    -1.24    2.86
 -70875.715    77.670    -2.91    3.62
 -70502.664    75.745    -5.16    4.06
 -70129.531    73.806    -5.20    3.49
 -69756.315    72.532    -3.41    2.22
 -69383.018    72.310    -0.59    1.26
 -69009.638    73.011     1.88    1.55
 -68636.175    73.770     2.03    1.53
 -68262.631    74.505     1.97    1.49
 -67889.004    75.300     2.13    1.45
 -67515.295    75.740     1.18    1.52
 -67141.503    76.122     1.02    1.59
 -66767.628    76.630     1.36    1.42
 -66393.671    77.110     1.28    1.41
 -66019.631    77.434     0.87    1.34
 -65645.509    77.776     0.91    1.17
 -65271.303    78.010     0.63    0.99
 -64897.015    78.133     0.33    1.00
 -64522.644    78.051    -0.22    1.30
 -64148.190    77.596    -1.21    1.75
 -63773.653    76.267    -3.55    2.32
 -63399.033    74.521    -4.66    2.58
 -63024.329    72.620    -5.07    2.47
 -62649.543    70.731    -5.04    2.25
 -62274.673    69.280    -3.87    1.90
 -61899.720    68.144    -3.03    1.31
 -61524.684    67.704    -1.17    1.21
 -61149.565    67.520    -0.49    1.87
 -60774.362    67.100    -1.12    2.56
 -60399.075    66.083    -2.71    2.90
 -60023.705    64.737    -3.59    2.99
 -59648.251    63.384    -3.60    2.81
 -59272.714    62.232    -3.07    2.34
 -58897.093    61.440    -2.11    1.63
 -58521.388    61.371    -0.18    1.39
 -58145.599    61.676     0.81    1.74
 -57769.726    62.227     1.46    1.97
 -57393.770    62.317     0.24    2.14
 -57017.729    61.585    -1.95    2.70
 -56641.605    59.480    -5.60    3.78
 -56265.396    56.761    -7.23    4.58
 -55889.103    53.802    -7.86    5.03
 -55512.726    50.344    -9.19    4.97
 -55136.265    45.574   -12.67    6.11
 -54759.719    40.135   -14.44    7.07
 -54383.089    33.980   -16.34    7.75
 -54006.374    28.711   -13.98    8.54
 -53629.575    23.118   -14.84   12.09
 -53252.692    17.439   -15.07   13.61
 -52875.723    13.000   -11.77   12.46
 -52498.670     9.970    -8.04   10.74
 -52121.533    10.030     0.16    9.62
 -51744.311    12.710     7.10    8.09
 -51367.003    15.247     6.72    5.53
 -50989.611    16.030     2.07    3.33
 -50612.134    14.900    -2.99    2.65
 -50234.572    13.210    -4.48    3.09
 -49856.925    11.258    -5.17    3.57
 -49479.193     9.273    -5.25    3.51
 -49101.375     7.245    -5.37    3.40
 -48723.473     5.280    -5.20    3.21
 -48345.485     3.592    -4.47    3.05
 -47967.412     2.120    -3.89    2.35
 -47589.253     0.979    -3.02    1.64
 -47211.009     0.210    -2.03    0.91
 -46832.679    -0.208    -1.11    0.58
 -46454.264    -0.460    -0.67    0.85
 -46075.763    -0.848    -1.02    1.40
 -45697.177    -1.480    -1.67    1.82
 -45318.504    -2.833    -3.57    3.03
 -44939.746    -4.130    -3.42    3.57
 -44560.902    -5.413    -3.39    3.81
 -44181.972    -6.812    -3.69    3.44
 -43802.956    -7.750    -2.48    2.86
 -43423.855    -8.683    -2.46    1.57
 -43044.667    -9.000    -0.84    0.00
 -42665.392    -9.000     0.00    0.00
 -42286.032    -9.000     0.00    0.00
 -41906.586    -9.000     0.00    0.00
 -41527.053    -9.000     0.00    0.00
 -41147.433    -9.000     0.00    0.00
 -40767.728    -9.000     0.00    0.00
 -40387.935    -9.000     0.00    0.00
 -40008.057    -9.000     0.00    0.00
 -39628.091    -9.000     0.00    0.00
 -39248.039    -9.000     0.00    0.00
 -38867.900    -9.000     0.00    0.00
 -38487.675    -9.000     0.00    0.00
 -38107.362    -9.000     0.00    0.00
 -37726.963    -9.000     0.00    0.00
 -37346.477    -9.000     0.00    0.00
 -36965.903    -9.000     0.00    0.00
 -36585.243    -9.000     0.00    0.00
 -36204.495    -9.000     0.00    0.00
 -35823.661    -9.000     0.00    0.00
 -35442.739    -9.000     0.00    0.00
 -35061.729    -9.000     0.00    0.00
 -34680.633    -9.000     0.00    0.00
 -34299.449    -8.891     0.29    0.49
 -33918.177    -8.273     1.62    1.34
 -33536.818    -7.510     2.00    1.64
 -33159.735    -6.810     1.86    1.64
 -32794.870    -6.180     1.73    1.33
 -32429.926    -5.951     0.63    1.16
 -32064.903    -5.802     0.41    1.00
 -31699.802    -5.480     0.88    0.54
 -31334.621    -5.347     0.37    0.48
 -30969.362    -5.218     0.35    0.41
 -30604.023    -5.111     0.29    0.32
 -30238.606    -5.000     0.30    0.00
 -29873.109    -5.000     0.00    0.00
 -29507.533    -5.000     0.00    0.00
 -29141.878    -5.000     0.00    0.00
 -28776.143    -5.000     0.00    0.00
 -28410.330    -5.000     0.00    0.00
 -28044.437    -5.000     0.00    0.00
 -27678.464    -5.000     0.00    0.00
 -27312.412    -5.000     0.00    0.00
 -26946.280    -5.000     0.00    0.00
 -26580.069    -5.000     0.00    0.00
 -26213.778    -5.000     0.00    0.00
 -25847.408    -5.000     0.00    0.00
 -25480.958    -5.000     0.00    0.00
 -25114.428    -4.796     0.56    0.99
 -24747.818    -3.873     2.52    1.96
 -24381.128    -2.734     3.10    2.36
 -24014.358    -1.480     3.42    2.03
 -23647.508    -0.582     2.45    1.14
 -23280.579    -0.690    -0.30    1.42
 -22913.569    -0.881    -0.52    1.67
 -22546.479    -0.714     0.45    1.50
 -22179.308    -0.446     0.73    1.13
 -21812.058    -0.177     0.73    0.63
 -21444.727    -0.020     0.43    0.14
 -21077.316     0.000     0.05    0.00
 -20709.824    -0.079    -0.22    0.27
 -20342.252    -0.218    -0.38    0.41
 -19974.599    -0.303    -0.23    0.46
 -19606.866    -0.343    -0.11    0.48
 -19239.052    -0.436    -0.25    0.50
 -18871.158    -0.337     0.27    0.47
 -18503.182    -0.367    -0.08    0.74
 -18135.126    -0.330     0.10    0.53
 -17766.990    -0.327     0.01    0.53
 -17398.772    -0.434    -0.29    0.50
 -17030.473    -0.396     0.10    0.49
 -16662.093    -0.344     0.14    0.48
 -16293.633    -0.275     0.19    0.45
 -15925.091    -0.181     0.25    0.39
 -15556.468    -0.265    -0.23    0.44
 -15187.764    -0.337    -0.20    0.47
 -14818.978    -0.610    -0.74    0.76
 -14450.111    -1.297    -1.86    1.65
 -14081.163    -1.727    -1.17    1.98
 -13712.133    -1.755    -0.07    2.02
 -13343.022    -1.592     0.44    2.09
 -12973.830    -0.718     2.37    1.51
 -12604.556    -0.286     1.17    0.45
 -12235.200    -0.277     0.02    0.45
 -11865.762    -0.267     0.03    0.44
 -11496.243    -0.162     0.29    0.37
 -11126.642    -0.060     0.27    0.24
 -10756.959    -0.052     0.02    0.22
 -10387.194    -0.107    -0.15    0.31
 -10017.348    -0.104     0.01    0.31
  -9647.419    -0.099     0.01    0.30
  -9277.408    -0.071     0.07    0.26
  -8907.315    -0.080    -0.02    0.27
  -8537.140    -0.130    -0.14    0.34
  -8166.883    -0.190    -0.16    0.39
  -7796.543    -0.198    -0.02    0.40
  -7426.121    -0.167     0.08    0.37
  -7055.617    -0.107     0.16    0.31
  -6685.030    -0.022     0.23    0.15
  -6314.360     0.000     0.06    0.00
  -5943.609     0.000     0.00    0.00
  -5572.774     0.000     0.00    0.00
  -5201.857     0.000     0.00    0.00
  -4830.857     0.000     0.00    0.00
  -4459.775     0.000     0.00    0.00
  -4088.609     0.000     0.00    0.00
  -3717.361     0.000     0.00    0.00
  -3346.029     0.000     0.00    0.00
  -2974.615     0.000     0.00    0.00
  -2603.118     0.000     0.00    0.00
  -2231.537     0.000     0.00    0.00
  -1859.874     0.000     0.00    0.00
  -1488.127     0.000     0.00    0.00
  -1116.297     0.000     0.00    0.00
   -744.384     0.000     0.00    0.00
   -372.387     0.000     0.00    0.00
     -0.307     0.000     0.00    0.00
    371.857     0.000     0.00    0.00
    744.104     0.000     0.00    0.00
   1116.435     0.000     0.00    0.00
   1488.850     0.000     0.00    0.00
   1861.348     0.000     0.00    0.00
   2233.930     0.000     0.00    0.00
   2606.596     0.000     0.00    0.00
   2979.345     0.000     0.00    0.00
   3352.179     0.000     0.00    0.00
   3725.096     0.000     0.00    0.00
   4098.098     0.000     0.00    0.00
   4471.184     0.000     0.00    0.00
   4844.354     0.000     0.00    0.00
   5217.608     0.000     0.00    0.00
   5590.946     0.000     0.00    0.00
   5964.369     0.000     0.00    0.00
   6337.876     0.000     0.00    0.00
   6711.468     0.000     0.00    0.00
   7085.144     0.000     0.00    0.00
   7458.904     0.000     0.00    0.00
   7832.750     0.000     0.00    0.00
   8206.680     0.000     0.00    0.00
   8580.694     0.000     0.00    0.00
   8954.794     0.000     0.00    0.00
   9328.978     0.000     0.00    0.00
   9703.247     0.000     0.00    0.00
  10077.601     0.000     0.00    0.00
  10452.040     0.000     0.00    0.00
  10826.564     0.000     0.00    0.00
  11201.174     0.000     0.00    0.00
  11575.868     0.000     0.00    0.00
  11950.648     0.000     0.00    0.00
  12325.513     0.000     0.00    0.00
  12700.463     0.000     0.00    0.00
  13075.499     0.000     0.00    0.00
  13450.620     0.000     0.00    0.00
  13825.827     0.000     0.00    0.00
  14201.119     0.000     0.00    0.00
  14576.497     0.000     0.00    0.00
  14951.961     0.000     0.00    0.00
  15327.511     0.000     0.00    0.00
  15703.146     0.000     0.00    0.00
  16078.867     0.000     0.00    0.00
  16454.674     0.000     0.00    0.00
  16830.567     0.000     0.00    0.00
  17206.546     0.000     0.00    0.00
  17582.612     0.000     0.00    0.00
  17958.763     0.000     0.00    0.00
  18335.001     0.000     0.00    0.00
  18711.325     0.000     0.00    0.00
  19087.735     0.000     0.00    0.00
  19464.232     0.000     0.00    0.00
  19840.815     0.000     0.00    0.00
  20217.484     0.000     0.00    0.00
  20594.241     0.000     0.00    0.00
  20971.083     0.000     0.00    0.00
  21348.013     0.000     0.00    0.00
  21725.029     0.000     0.00    0.00
  22102.132     0.000     0.00    0.00
  22479.322     0.000     0.00    0.00
  22856.599     0.000     0.00    0.00
  23233.963     0.000     0.00    0.00
  23611.414     0.000     0.00    0.00
  23988.952     0.000     0.00    0.00
  24366.577     0.000     0.00    0.00
  24744.290     0.000     0.00    0.00
  25122.089     0.000     0.00    0.00
  25499.977     0.000     0.00    0.00
  25877.951     0.000     0.00    0.00
  26256.013     0.000     0.00    0.00
  26634.162     0.000     0.00    0.00
  27012.399     0.000     0.00    0.00
  27390.724     0.000     0.00    0.00
  27769.137     0.000     0.00    0.00
  28147.637     0.000     0.00    0.00
  28526.225     0.000     0.00    0.00
  28904.901     0.000     0.00    0.00
  29283.665     0.000     0.00    0.00
  29662.516     0.000     0.00    0.00
  30041.456     0.000     0.00    0.00
  30420.484     0.000     0.00    0.00
  30799.601     0.000     0.00    0.00
  31178.805     0.000     0.00    0.00
  31558.098     0.000     0.00    0.00
  31937.479     0.000     0.00    0.00
  32316.949     0.000     0.00    0.00
  32696.507     0.000     0.00    0.00
  33076.153     0.000     0.00    0.00
  33455.888     0.000     0.00    0.00
  33835.712     0.000     0.00    0.00
  34215.625     0.000     0.00    0.00
  34595.627     0.000     0.00    0.00
  34975.717     0.000     0.00    0.00
  35355.896     0.000     0.00    0.00
  35736.164     0.000     0.00    0.00
  36116.522     0.000     0.00    0.00
  36496.968     0.000     0.00    0.00
  36877.503     0.000     0.00    0.00
  37258.128     0.000     0.00    0.00
  37638.842     0.000     0.00    0.00
  38019.646     0.000     0.00    0.00
  38400.538     0.000     0.00    0.00
  38781.521     0.000     0.00    0.00
  39162.592     0.000     0.00    0.00
  39543.754     0.000     0.00    0.00
  39925.005     0.000     0.00    0.00
  40306.346     0.000     0.00    0.00
  40687.776     0.000     0.00    0.00
  41069.297     0.000     0.00    0.00
  41450.907     0.000     0.00    0.00
  41817.476     0.000     0.00    0.00
  42182.179     0.000     0.00    0.00
  42546.963     0.000     0.00    0.00
  42911.827     0.000     0.00    0.00
  43276.772     0.000     0.00    0.00
  43641.797     0.000     0.00    0.00
  44006.904     0.000     0.00    0.00
  44372.091     0.000     0.00    0.00
  44737.359     0.000     0.00    0.00
  45102.709     0.000     0.00    0.00
  45468.139     0.000     0.00    0.00
  45833.650     0.000     0.00    0.00
  46199.243     0.000     0.00    0.00
  46564.916     0.000     0.00    0.00
  46930.671     0.000     0.00    0.00
  47296.507     0.000     0.00    0.00
  47662.425     0.000     0.00    0.00
  48028.424     0.000     0.00    0.00
  48394.504     0.000     0.00    0.00
  48760.666     0.000     0.00    0.00
  49126.910     0.000     0.00    0.00
  49493.235     0.000     0.00    0.00
  49859.641     0.000     0.00    0.00
  50226.130     0.000     0.00    0.00
  50592.700     0.000     0.00    0.00
  50959.352     0.000     0.00    0.00
  51326.086     0.000     0.00    0.00
  51692.902     0.000     0.00    0.00
  52059.800     0.000     0.00    0.00
  52426.780     0.000     0.00    0.00
  52793.842     0.000     0.00    0.00
  53160.986     0.000     0.00    0.00
  53528.213     0.000     0.00    0.00
  53895.521     0.000     0.00    0.00
  54262.912     0.000     0.00    0.00
  54630.386     0.000     0.00    0.00
  54997.942     0.000     0.00    0.00
  55365.580     0.000     0.00    0.00
  55733.301     0.000     0.00    0.00
  56101.104     0.000     0.00    0.00
  56468.990     0.000     0.00    0.00
  56836.959     0.000     0.00    0.00
  57205.011     0.000     0.00    0.00
  57573.145     0.000     0.00    0.00
  57941.363     0.000     0.00    0.00
  58309.663     0.000     0.00    0.00
  58678.046     0.000     0.00    0.00
  59046.512     0.000     0.00    0.00
  59415.062     0.000     0.00    0.00
  59783.694     0.000     0.00    0.00
  60152.410     0.000     0.00    0.00
  60521.209     0.000     0.00    0.00
  60890.091     0.000     0.00    0.00
  61259.057     0.000     0.00    0.00
  61628.106     0.000     0.00    0.00
  61997.239     0.000     0.00    0.00
  62366.455     0.000     0.00    0.00
  62735.755     0.000     0.00    0.00
  63105.138     0.000     0.00    0.00
  63474.605     0.000     0.00    0.00
  63844.156     0.000     0.00    0.00
  64213.791     0.000     0.00    0.00
  64583.509     0.000     0.00    0.00
  64953.312     0.000     0.00    0.00
  65323.198     0.000     0.00    0.00
  65693.169     0.000     0.00    0.00
  66063.224     0.000     0.00    0.00
  66433.363     0.000     0.00    0.00
  66803.586     0.000     0.00    0.00
  67173.893     0.000     0.00    0.00
  67544.285     0.000     0.00    0.00
  67914.761     0.000     0.00    0.00
  68285.321     0.000     0.00    0.00
  68655.966     0.000     0.00    0.00
  69026.696     0.000     0.00    0.00
  69397.510     0.000     0.00    0.00
  69768.409     0.000     0.00    0.00
  70139.393     0.000     0.00    0.00
  70510.461     0.000     0.00    0.00
  70881.615     0.000     0.00    0.00
  71252.853     0.000     0.00    0.00
  71624.176     0.000     0.00    0.00
  71995.584     0.000     0.00    0.00
  72367.078     0.000     0.00    0.00
  72738.656     0.000     0.00    0.00
  73110.320     0.000     0.00    0.00
  73482.069     0.000     0.00    0.00
  73853.903     0.000     0.00    0.00
  74225.822     0.000     0.00    0.00
  74597.827     0.000     0.00    0.00
  74969.918     0.000     0.00    0.00
  75342.094     0.000     0.00    0.00
  75714.356     0.000     0.00    0.00
  76086.703     0.000     0.00    0.00
  76459.136     0.000     0.00    0.00
  76831.655     0.000     0.00    0.00
  77204.260     0.000     0.00    0.00
  77576.950     0.000     0.00    0.00
  77949.727     0.000     0.00    0.00
  78322.589     0.000     0.00    0.00
  78695.538     0.000     0.00    0.00
  79068.573     0.000     0.00    0.00
  79441.694     0.000     0.00    0.00
  79814.901     0.000     0.00    0.00
  80188.194     0.000     0.00    0.00
  80561.574     0.000     0.00    0.00
  80935.041     0.000     0.00    0.00
  81308.593     0.000     0.00    0.00
  81682.233     0.000     0.00    0.00
  82055.959     0.000     0.00    0.00
  82429.771     0.000     0.00    0.00
  82803.671     0.000     0.00    0.00
  83177.657     0.000     0.00    0.00
  83551.730     0.000     0.00    0.00
  83925.890     0.000     0.00    0.00
  84300.137     0.000     0.00    0.00
  84674.471     0.000     0.00    0.00
  85048.891     0.000     0.00    0.00
  85423.400     0.000     0.00    0.00
  85797.995     0.000     0.00    0.00
  86172.678     0.000     0.00    0.00
  86547.447     0.000     0.00    0.00
  86922.305     0.000     0.00    0.00
  87297.250     0.000     0.00    0.00
  87672.282     0.000     0.00    0.00
  88047.402     0.000     0.00    0.00
  88422.609     0.000     0.00    0.00
  88797.904     0.000     0.00    0.00
  89173.287     0.000     0.00    0.00
  89548.758     0.000     0.00    0.00
  89924.316     0.000     0.00    0.00
  90299.963     0.000     0.00    0.00
  90675.697     0.000     0.00    0.00
  91051.520     0.000     0.00    0.00
  91427.431     0.000     0.00    0.00
  91803.430     0.000     0.00    0.00
  92179.517     0.000     0.00    0.00
  92555.692     0.000     0.00    0.00
  92931.956     0.000     0.00    0.00
  93308.308     0.000     0.00    0.00
  93684.749     0.000     0.00    0.00
  94061.278     0.000     0.00    0.00
  94437.896     0.000     0.00    0.00
  94814.602     0.000     0.00    0.00
  95191.397     0.000     0.00    0.00
  95568.281     0.000     0.00    0.00
  95945.254     0.000     0.00    0.00
  96322.316     0.000     0.00    0.00
  96699.467     0.000     0.00    0.00
  97076.706     0.000     0.00    0.00
  97454.035     0.000     0.00    0.00
  97831.453     0.000     0.00    0.00
  98208.961    -0.709    -1.88    3.03
  98586.557    -3.279    -6.81    5.84
  98964.243    -7.183   -10.34    6.97
  99342.019   -10.538    -8.88    6.17
  99719.883   -13.728    -8.44    2.88
 100097.838   -14.644    -2.42    0.48
 100475.882   -14.699    -0.14    0.46
 100854.015   -14.557     0.38    0.50
 101232.239   -14.367     0.50    0.48
 101610.552   -14.105     0.69    0.31
 101988.955   -14.000     0.28    0.00
 102367.448   -14.000     0.00    0.00
 102746.031   -14.000     0.00    0.00
 103124.704   -14.000     0.00    0.00
 103503.467   -14.000     0.00    0.00
 103882.320   -14.000     0.00    0.00
 104261.263   -14.000     0.00    0.00
 104640.297   -14.000     0.00    0.00
 105019.421   -14.000     0.00    0.00
 105398.636   -14.000     0.00    0.00
 105777.941   -14.000     0.00    0.00
 106157.336   -14.000     0.00    0.00
 106536.822   -14.000     0.00    0.00
 106916.399   -14.000     0.00    0.00
 107296.067   -14.000     0.00    0.00
 107675.825   -14.000     0.00    0.00
 108055.675   -14.000     0.00    0.00
 108435.615   -14.000     0.00    0.00
 108815.646   -14.000     0.00    0.00
 109195.768   -14.000     0.00    0.00
 109575.982   -14.019    -0.05    0.14
 109956.286   -14.071    -0.14    0.26
 110336.682   -14.159    -0.23    0.37
 110717.169   -14.313    -0.41    0.47
 111097.748   -14.415    -0.27    0.50
 111478.418   -14.495    -0.21    0.50
 111859.180   -14.629    -0.35    0.49
 112240.033   -14.767    -0.36    0.42
 112620.978   -14.868    -0.26    0.34
 113002.014   -14.757     0.29    0.43
 113383.142   -14.519     0.63    0.50
 113764.363   -14.317     0.53    0.47
 114145.675   -14.308     0.03    0.46
 114527.079   -14.476    -0.44    0.50
 114908.575   -14.731    -0.67    0.45
 115290.163   -14.924    -0.51    0.27
 115671.843   -14.962    -0.10    0.19
 116053.616   -14.953     0.02    0.21
 116426.696   -15.000    -0.13    0.00
 116791.152   -15.000     0.00    0.00
 117155.691   -14.980     0.06    0.14
 117520.313   -14.981    -0.01    0.14
 117885.017   -15.000    -0.05    0.00
 118249.803   -15.000     0.00    0.00
 118614.672   -15.000     0.00    0.00
 118979.624   -15.000     0.00    0.00
 119344.658   -15.000     0.00    0.00
 119709.775   -15.000     0.00    0.00
 120074.975   -15.000     0.00    0.00
 120440.258   -15.000     0.00    0.00
 120805.624   -15.000     0.00    0.00
 121171.073   -14.953     0.13    0.21
 121536.604   -14.933     0.06    0.25
 121902.219   -14.876     0.15    0.33
 122267.917   -14.850     0.07    0.36
 122633.699   -14.752     0.27    0.43
 122999.563   -14.636     0.32    0.48
 123365.511   -14.606     0.08    0.49
 123731.542   -14.548     0.16    0.50
 124097.657   -14.519     0.08    0.50
 124463.855   -14.453     0.18    0.50
 124830.137   -14.435     0.05    0.50
 125196.502   -14.452    -0.05    0.50
 125562.951   -14.523    -0.19    0.50
 125929.484   -14.610    -0.24    0.49
 126296.100   -14.654    -0.12    0.48
 126662.800   -14.667    -0.03    0.47
 127029.584   -14.657     0.03    0.48
 127396.453   -14.638     0.05    0.48
 127763.405   -14.683    -0.12    0.47
 128130.441   -14.811    -0.35    0.39
 128497.561   -14.840    -0.08    0.37
 128864.766   -14.870    -0.08    0.34
 129232.054   -14.832     0.10    0.38
 129599.427   -14.806     0.07    0.40
 129966.885   -14.888    -0.22    0.32
 130334.427   -14.972    -0.23    0.17
 130702.053   -15.000    -0.08    0.00
 131069.764   -15.000     0.00    0.00
 131437.559   -15.000     0.00    0.00
 131805.439   -15.000     0.00    0.00
 132173.404   -15.000     0.00    0.00
 132541.453   -15.000     0.00    0.00
 132909.587   -15.000     0.00    0.00
 133277.806   -15.000     0.00    0.00
 133646.110   -15.000     0.00    0.00
 134014.499   -15.000     0.00    0.00
 134382.974   -15.000     0.00    0.00
 134751.533   -15.000     0.00    0.00
 135120.177   -15.000     0.00    0.00
 135488.907   -15.000     0.00    0.00
 135857.721   -15.000     0.00    0.00
 136226.622   -15.000     0.00    0.00
 136595.607   -15.000     0.00    0.00
 136964.678   -15.000     0.00    0.00
 137333.835   -15.000     0.00    0.00
 137703.077   -15.000     0.00    0.00
 138072.405   -15.000     0.00    0.00
 138441.818   -15.000     0.00    0.00
 138811.317   -15.000     0.00    0.00
 139180.902   -15.000     0.00    0.00
 139550.573   -15.000     0.00    0.00
 139920.330   -15.000     0.00    0.00
 140290.173   -15.000     0.00    0.00
 140660.102   -15.000     0.00    0.00
 141030.117   -15.000     0.00    0.00
 141400.218   -15.000     0.00    0.00
 141770.405   -15.000     0.00    0.00
 142140.679   -15.000     0.00    0.00
 142511.039   -15.000     0.00    0.00
 142881.485   -15.000     0.00    0.00
 143252.018   -15.000     0.00    0.00
 143622.637   -15.000     0.00    0.00
 143993.343   -15.000     0.00    0.00
 144364.136   -15.000     0.00    0.00
 144735.015   -15.000     0.00    0.00
 145105.981   -15.000     0.00    0.00
 145477.034   -15.000     0.00    0.00
 145848.174   -15.000     0.00    0.00
 146219.401   -15.000     0.00    0.00
 146590.714   -15.000     0.00    0.00
 146962.115   -15.000     0.00    0.00
 147333.603   -15.000     0.00    0.00
 147705.178   -15.000     0.00    0.00
 148076.841   -15.000     0.00    0.00
 148448.590   -15.000     0.00    0.00
 148820.427   -15.000     0.00    0.00
 149192.352   -15.000     0.00    0.00
 149564.364   -15.000     0.00    0.00
 149936.463   -15.000     0.00    0.00
 150308.651   -15.000     0.00    0.00
 150680.925   -15.000     0.00    0.00
 151053.288   -15.000     0.00    0.00
 151425.738   -15.000     0.00    0.00
 151798.277   -15.000     0.00    0.00
 152170.903   -15.000     0.00    0.00
 152543.617   -15.000     0.00    0.00
 152916.419   -15.000     0.00    0.00
 153289.309   -15.000     0.00    0.00
 153662.288   -15.000     0.00    0.00
 154035.355   -15.000     0.00    0.00
 154408.510   -15.000     0.00    0.00
 154781.753   -15.000     0.00    0.00
 155155.085   -15.000     0.00    0.00
 155528.505   -15.000     0.00    0.00
 155902.014   -15.000     0.00    0.00
 156275.611   -15.000     0.00    0.00
 156649.297   -15.000     0.00    0.00
 157023.072   -15.000     0.00    0.00
 157396.936   -15.000     0.00    0.00
 157770.888   -15.000     0.00    0.00
 158144.930   -15.000     0.00    0.00
 158519.060   -15.000     0.00    0.00
 158893.279   -15.000     0.00    0.00
 159267.588   -15.000     0.00    0.00
 159641.985   -15.000     0.00    0.00
 160016.472   -15.000     0.00    0.00
 160391.048   -15.000     0.00    0.00
 160765.714   -15.000     0.00    0.00
 161140.469   -15.000     0.00    0.00
 161515.313   -15.000     0.00    0.00
 161890.247   -15.000     0.00    0.00
 162265.271   -15.000     0.00    0.00
 162640.384   -15.000     0.00    0.00
 163015.587   -15.000     0.00    0.00
 163390.880   -15.000     0.00    0.00
 163766.263   -15.000     0.00    0.00
 164141.736   -15.000     0.00    0.00
 164517.298   -15.000     0.00    0.00
 164892.951   -15.000     0.00    0.00
 165268.694   -15.000     0.00    0.00
 165644.527   -15.000     0.00    0.00
 166020.450   -15.000     0.00    0.00
 166396.463   -15.000     0.00    0.00
 166772.567   -15.000     0.00    0.00
 167148.762   -15.000     0.00    0.00
 167525.047   -15.000     0.00    0.00
 167901.422   -15.000     0.00    0.00
 168277.888   -15.000     0.00    0.00
 168654.445   -15.000     0.00    0.00
 169031.092   -15.000     0.00    0.00
 169407.831   -15.000     0.00    0.00
 169784.660   -15.000     0.00    0.00
 170161.580   -15.000     0.00    0.00
 170538.592   -15.000     0.00    0.00
 170915.694   -15.000     0.00    0.00
 171292.887   -15.000     0.00    0.00
 171670.172   -15.000     0.00    0.00
 172047.548   -15.000     0.00    0.00
 172425.016   -15.000     0.00    0.00
 172802.574   -15.000     0.00    0.00
 173180.225   -15.000     0.00    0.00
 173557.966   -15.000     0.00    0.00
 173935.800   -15.000     0.00    0.00
 174313.725   -15.000     0.00    0.00
 174691.742   -15.000     0.00    0.00
 175069.850   -15.000     0.00    0.00
 175448.051   -15.000     0.00    0.00
 175826.343   -15.000     0.00    0.00
 176204.728   -15.000     0.00    0.00
 176583.205   -15.000     0.00    0.00
 176961.773   -15.000     0.00    0.00
 177340.434   -15.000     0.00    0.00
 177719.187   -15.000     0.00    0.00
 178098.033   -15.000     0.00    0.00
 178476.971   -15.000     0.00    0.00
 178856.001   -15.000     0.00    0.00
 179235.124   -15.000     0.00    0.00
 179614.340   -15.000     0.00    0.00
 179993.648   -15.000     0.00    0.00
 180373.049   -15.000     0.00    0.00
 180752.543   -15.000     0.00    0.00
 181132.130   -15.000     0.00    0.00
 181511.809   -15.000     0.00    0.00
 181891.582   -15.000     0.00    0.00
 182271.448   -15.000     0.00    0.00
 182651.406   -15.000     0.00    0.00
 183031.458   -15.000     0.00    0.00
 183411.604   -15.000     0.00    0.00
 183791.843   -15.000     0.00    0.00
 184172.175   -15.000     0.00    0.00
 184552.600   -15.000     0.00    0.00
 184933.119   -15.000     0.00    0.00
 185313.732   -15.000     0.00    0.00
 185694.439   -15.000     0.00    0.00
 186075.239   -15.000     0.00    0.00
 186456.133   -15.000     0.00    0.00
 186837.121   -15.000     0.00    0.00
 187218.203   -15.000     0.00    0.00
 187599.379   -15.000     0.00    0.00
 187980.649   -15.000     0.00    0.00
 188362.013   -15.000     0.00    0.00
 188743.471   -15.000     0.00    0.00
 189125.024   -15.000     0.00    0.00
 189506.671   -15.000     0.00    0.00
 189888.413   -15.000     0.00    0.00
 190270.249   -15.000     0.00    0.00
 190652.180   -15.000     0.00    0.00
 191032.295   -15.000     0.00    0.00
 191396.505   -15.000     0.00    0.00
 191760.798   -15.000     0.00    0.00
 192125.176   -15.000     0.00    0.00
 192489.638   -15.000     0.00    0.00
 192854.185   -15.000     0.00    0.00
 193218.816   -15.000     0.00    0.00
 193583.531   -15.000     0.00    0.00
 193948.331   -15.000     0.00    0.00
 194313.215   -15.000     0.00    0.00
 194678.184   -15.000     0.00    0.00
 195043.238   -15.000     0.00    0.00
 195408.376   -15.000     0.00    0.00
 195773.599   -15.000     0.00    0.00
 196138.907   -15.000     0.00    0.00
 196504.299   -15.000     0.00    0.00
 196869.777   -15.000     0.00    0.00
 197235.340   -15.000     0.00    0.00
 197600.988   -15.000     0.00    0.00
 197966.721   -15.000     0.00    0.00
 198332.539   -15.000     0.00    0.00
 198698.442   -15.000     0.00    0.00
 199064.431   -15.000     0.00    0.00
 199430.505   -15.000     0.00    0.00
 199796.664   -15.000     0.00    0.00
 200162.909   -15.000     0.00    0.00
 200529.239   -15.000     0.00    0.00
 200895.655   -15.000     0.00    0.00
 201262.157   -15.000     0.00    0.00
 201628.745   -15.000     0.00    0.00
 201995.418   -15.000     0.00    0.00
 202362.177   -15.000     0.00    0.00
 202729.022   -15.000     0.00    0.00
 203095.953   -15.000     0.00    0.00
 203462.970   -15.000     0.00    0.00
 203830.073   -15.000     0.00    0.00
 204197.262   -15.000     0.00    0.00
 204564.537   -15.000     0.00    0.00
 204931.899   -15.000     0.00    0.00
 205299.347   -15.000     0.00    0.00
 205666.881   -15.000     0.00    0.00
 206034.502   -15.000     0.00    0.00
 206402.209   -15.000     0.00    0.00
 206770.003   -15.000     0.00    0.00
 207137.884   -15.000     0.00    0.00
 207505.851   -15.000     0.00    0.00
 207873.905   -15.000     0.00    0.00
 208242.045   -15.000     0.00    0.00
 208610.273   -15.000     0.00    0.00
 208978.587   -15.000     0.00    0.00
 209346.989   -15.000     0.00    0.00
 209715.477   -15.000     0.00    0.00
 210084.053   -15.000     0.00    0.00
 210452.716   -15.000     0.00    0.00
 210821.466   -15.000     0.00    0.00
 211190.303   -15.000     0.00    0.00
 211559.228   -15.000     0.00    0.00
 211928.240   -15.000     0.00    0.00
 212297.340   -15.000     0.00    0.00
 212666.527   -15.000     0.00    0.00
 213035.802   -15.000     0.00    0.00
 213405.165   -15.000     0.00    0.00
 213774.615   -15.000     0.00    0.00
 214144.153   -15.000     0.00    0.00
 214513.779   -15.000     0.00    0.00
 214883.492   -15.000     0.00    0.00
 215253.294   -15.000     0.00    0.00
 215623.184   -15.000     0.00    0.00
 215993.162   -15.000     0.00    0.00
 216363.228   -15.000     0.00    0.00
 216733.382   -15.000     0.00    0.00
 217103.625   -15.000     0.00    0.00
 217473.956   -15.000     0.00    0.00
 217844.375   -15.000     0.00    0.00
 218214.883   -15.000     0.00    0.00
 218585.479   -15.000     0.00    0.00
 218956.164   -15.000     0.00    0.00
 219326.938   -15.000     0.00    0.00
 219697.800   -15.000     0.00    0.00
 220068.751   -15.000     0.00    0.00
 220439.791   -15.000     0.00    0.00
 220810.920   -15.000     0.00    0.00
 221182.138   -15.000     0.00    0.00
 221553.445   -15.000     0.00    0.00
 221924.841   -15.000     0.00    0.00
 222296.327   -15.000     0.00    0.00
 222667.901   -15.000     0.00    0.00
 223039.565   -15.000     0.00    0.00
 223411.318   -15.000     0.00    0.00
