# NaN NaN NaN ;Mean Elev.(m), Avg Gradient(m/km), RMS Gradient(m/km) - SRTM1     
#  124.018  -6.990  11.468 ;Mean Elev.(m), Avg Gradient(m/km), RMS Gradient(m/km) - ASTER GDEM
#  145.000  -6.413  10.311 ;Mean Elev.(m), Avg Gradient(m/km), RMS Gradient(m/km) - GMTED2010 
  7   139.935 52459.20589400 26.84 240.050097  61.316666  4.709
  7   140.227 52459.20589465 25.61 240.047737  61.319826  4.709
  7   140.295 52459.20589529 24.97 240.045367  61.322976  4.709
  7   140.241 52459.20589594 24.38 240.043007  61.326136  4.709
  7   149.535 52459.20589658 23.73 240.040647  61.329286  4.709
  7   151.706 52459.20589722 22.60 240.038287  61.332446  4.709
  7   153.019 52459.20589787 22.74 240.035927  61.335606  4.709
  7   154.800 52459.20589851 21.98 240.033557  61.338756  4.709
  9   139.486 52529.20586415 50.31 240.030730  61.322636 18.763
  9   140.549 52529.20586479 47.80 240.028370  61.325786 18.763
  9   140.559 52529.20586544 47.58 240.026000  61.328946 18.763
  9   140.643 52529.20586608 46.36 240.023640  61.332106 18.763
  9   140.603 52529.20586673 48.87 240.021270  61.335256 18.763
 10   139.226 52564.20588890 34.93 240.047629  61.318213  9.617
 10   138.879 52564.20588955 27.15 240.045269  61.321373  9.617
 10   138.646 52564.20589019 23.11 240.042909  61.324533  9.617
 10   138.640 52564.20589084 22.77 240.040539  61.327683  9.617
 10   138.867 52564.20589148 22.75 240.038179  61.330843  9.617
 10   139.291 52564.20589213 22.02 240.035809  61.333993  9.617
 10   139.501 52564.20589277 29.41 240.033449  61.337153  9.617
 11   137.721 52599.20591492 30.12 240.043154  61.319837  6.972
 11   137.913 52599.20591556 32.13 240.040794  61.322997  6.972
 11   138.060 52599.20591620 35.97 240.038424  61.326157  6.972
 11   138.010 52599.20591685 40.36 240.036070  61.329308 17.824
 11   138.190 52599.20591749 41.60 240.033710  61.332468 17.824
 11   137.870 52599.20591814 42.34 240.031340  61.335618 17.824
 11   137.660 52599.20591878 40.66 240.028980  61.338778 17.824
 12   139.857 52634.20586790 20.98 240.034580  61.321701 11.045
 12   139.745 52634.20586855 21.19 240.032220  61.324861 11.045
 12   139.820 52634.20586919 21.56 240.029850  61.328011 11.045
 14   139.491 52704.20586403 11.92 240.040988  61.321057  3.945
 14   139.572 52704.20586467 11.47 240.038627  61.324216  4.755
 14   139.123 52704.20586790 12.13 240.026807  61.339996  4.755
 15   139.546 52739.20590015 13.12 240.051066  61.317391  5.061
 15   139.514 52739.20590079 12.46 240.048706  61.320541  5.061
 15   139.507 52739.20590143 13.03 240.046346  61.323701  5.061
 15   139.269 52739.20590208 14.00 240.043986  61.326851  5.061
 15   139.190 52739.20590272 13.57 240.041626  61.330011  5.061
 15   139.372 52739.20590337 13.42 240.039256  61.333171  5.061
 15   138.954 52739.20590401 13.94 240.036896  61.336321  5.061
 16   143.174 52774.20585044 31.82 240.062032  61.319218 15.682
 16   143.141 52774.20585108 30.16 240.059672  61.322378 15.682
 16   143.191 52774.20585173 30.08 240.057312  61.325528 15.682
 16   142.984 52774.20585237 30.55 240.054952  61.328688 15.682
 16   151.950 52774.20585302 28.17 240.052592  61.331848 15.682
 17   149.035 52809.20592400 17.89 240.031356  61.322645  4.692
 17   149.625 52809.20592465 17.78 240.028996  61.325805  4.692
 17   150.713 52809.20592529 18.43 240.026636  61.328955  4.692
 17   152.351 52809.20592594 17.83 240.024266  61.332115  4.692
 17   153.438 52809.20592658 16.82 240.021906  61.335265  4.692
 17   154.407 52809.20592723 16.51 240.019536  61.338425  4.692
 17   155.629 52809.20592787 16.55 240.017176  61.341585  4.692
 18   140.776 52844.20598079 18.28 240.034250  61.322706 10.487
 18   140.763 52844.20598144 17.33 240.031890  61.325866 10.487
 18   142.625 52844.20598208 15.34 240.029530  61.329016 10.487
 18   151.142 52844.20598273 14.41 240.027160  61.332176 10.487
 19   138.485 52879.20601824 42.96 240.040125  61.320984 20.827
 19   139.708 52879.20601889 23.19 240.037765  61.324144 20.827
 19   139.393 52879.20601953 22.80 240.035405  61.327304 20.827
 19   139.938 52879.20602018 23.00 240.033035  61.330454 20.827
 19   141.482 52879.20602082 35.92 240.030675  61.333614 20.827
 19   141.107 52879.20602147 43.39 240.028315  61.336764 20.827
 19   141.055 52879.20602211 44.84 240.025945  61.339924 20.827
 20   139.580 52914.20597522 48.79 240.059840  61.319282 15.205
 20   139.820 52914.20597587 47.72 240.057477  61.322437 15.966
 20   139.624 52914.20597651 47.09 240.055117  61.325587 15.966
 20   139.629 52914.20597715 49.30 240.052757  61.328747 15.966
 20   139.452 52914.20597780 49.03 240.050397  61.331907 15.966
 20   139.425 52914.20597844 47.86 240.048037  61.335057 15.966
 21   138.680 52949.20593492 34.88 240.035851  61.321107 22.098
 21   138.777 52949.20593557 43.90 240.033481  61.324257 22.098
 21   138.687 52949.20593621 47.11 240.031121  61.327417 22.098
 21   138.449 52949.20593686 48.29 240.028761  61.330577 22.098
 21   138.569 52949.20593750 43.39 240.026391  61.333727 22.098
 21   138.575 52949.20593815 42.97 240.024031  61.336887 22.098
 21   138.445 52949.20593879 40.13 240.021661  61.340037 22.098
 22   138.046 52984.20596232 22.06 240.049988  61.316817 14.068
 22   138.143 52984.20596297 24.65 240.047628  61.319977 14.068
 22   138.658 52984.20596361 27.82 240.045268  61.323127 14.068
 22   138.597 52984.20596426 33.10 240.042898  61.326287 14.068
 22   138.875 52984.20596490 35.97 240.040538  61.329437 14.068
 24   138.488 53054.20593959 11.10 240.041392  61.320993  3.434
 24   138.481 53054.20594023 11.13 240.039022  61.324143  3.434
 24   138.998 53054.20594088 10.91 240.036663  61.327301  4.665
 24   138.692 53054.20594152 11.64 240.034303  61.330461  4.665
 24   138.414 53054.20594216 12.23 240.031933  61.333611  4.665
 24   138.314 53054.20594281 12.85 240.029573  61.336771  4.665
 24   138.003 53054.20594345 13.54 240.027203  61.339921  4.665
 25   138.514 53089.20597595 10.64 240.048150  61.317253  3.453
 25   138.569 53089.20597659 10.76 240.045790  61.320413  3.453
 25   138.483 53089.20597723 11.01 240.043430  61.323563  3.453
 25   138.912 53089.20597788 10.31 240.041075  61.326726  4.210
 25   138.700 53089.20597852 10.66 240.038715  61.329876  4.210
 25   138.497 53089.20597917 11.99 240.036355  61.333036  4.210
 25   138.140 53089.20597981 12.11 240.033985  61.336196  4.210
 25   137.902 53089.20598046 12.59 240.031625  61.339346  4.210
 26   139.392 53124.20594733 33.79 240.037818  61.321400  9.122
 26   139.454 53124.20594798 28.16 240.035458  61.324558 14.303
 26   139.342 53124.20594862 25.40 240.033088  61.327718 14.303
 26   139.342 53124.20594927 26.97 240.030728  61.330868 14.303
 26   139.507 53124.20594991 27.59 240.028368  61.334028 14.303
 26   139.453 53124.20595120 29.13 240.023638  61.340338 14.303
 27   140.273 53159.20600698 27.09 240.033151  61.323352  7.717
 27   147.038 53159.20600763 23.06 240.030791  61.326512  7.717
 27   150.037 53159.20600827 21.02 240.028431  61.329672  7.717
 28   139.048 53194.20600080 25.24 240.050334  61.319081 11.177
 28   138.977 53194.20600144 23.86 240.047974  61.322231 11.177
 28   138.852 53194.20600209 20.00 240.045614  61.325391 11.177
 28   138.678 53194.20600273 18.42 240.043244  61.328551 11.177
 28   138.357 53194.20600338 17.97 240.040884  61.331701 11.177
 28   152.770 53194.20600402 14.77 240.038524  61.334861 11.177
 29   138.707 53229.20599285 48.47 240.053669  61.319056 12.821
 29   138.936 53229.20599349 49.82 240.051299  61.322206 12.821
 29   138.593 53229.20599414 50.49 240.048939  61.325366 12.821
 29   138.839 53229.20599478 49.96 240.046579  61.328516 12.821
 29   138.834 53229.20599543 49.66 240.044215  61.331677 12.836
 29   139.082 53229.20599607 48.64 240.041855  61.334837 12.836
 29   138.694 53229.20599671 50.15 240.039495  61.337987 12.836
 30   138.005 53264.20596443 29.38 240.056962  61.318647 13.952
 30   137.977 53264.20596507 23.32 240.054602  61.321807 13.952
 30   137.686 53264.20596572 17.92 240.052242  61.324957 13.952
 30   137.528 53264.20596636 17.09 240.049882  61.328117 13.952
 30   137.846 53264.20596701 14.28 240.047522  61.331277 13.952
 30   138.185 53264.20596765 13.15 240.045156  61.334431  7.853
 30   138.526 53264.20596830 13.27 240.042796  61.337581  7.853
 31   138.953 53299.20601004 44.07 240.027714  61.323259 23.273
 31   138.670 53299.20601069 46.81 240.025344  61.326409 23.273
 31   138.743 53299.20601133 49.77 240.022984  61.329569 23.273
 31   138.561 53299.20601197 48.43 240.020624  61.332719 23.273
 31   138.522 53299.20601262 46.57 240.018254  61.335879 23.273
 31   138.787 53299.20601326 44.87 240.015894  61.339039 23.273
 31   138.472 53299.20601391 45.90 240.013524  61.342189 23.273
 33   138.768 53369.20592268 18.61 240.051221  61.331869  6.671
 33   138.527 53369.20592333 18.99 240.048861  61.335019  6.671
 35   138.914 53439.20593952 12.21 240.057169  61.318405  3.932
 35   138.613 53439.20594274 14.30 240.045373  61.334188  5.848
 35   138.397 53439.20594339 14.44 240.043003  61.337348  5.848
 36   146.941 53474.20600199  2.05 240.029907  61.328069 12.498
 36   145.766 53474.20600263  2.89 240.027547  61.331229 12.498
 36   138.374 53474.20600328  6.24 240.025177  61.334389 12.498
 36   138.513 53474.20600392 10.22 240.022817  61.337539 12.498
 36   138.717 53474.20600457 10.78 240.020457  61.340699 12.498
 37   147.912 53509.20602050 21.09 240.044486  61.319460  8.578
 37   148.927 53509.20602115 19.36 240.042126  61.322610  8.578
 37   150.418 53509.20602179 19.29 240.039766  61.325770  8.578
 37   151.341 53509.20602244 19.66 240.037406  61.328920  8.578
 37   152.821 53509.20602308 19.34 240.035042  61.332080  5.917
 37   153.795 53509.20602373 19.32 240.032672  61.335240  5.917
 37   154.572 53509.20602437 21.04 240.030312  61.338390  5.917
 38   140.686 53544.20603441 49.40 240.043160  61.320551 14.922
 38   140.990 53544.20603506 49.56 240.040800  61.323701 14.922
 38   141.107 53544.20603570 47.24 240.038440  61.326861 14.922
 38   140.932 53544.20603635 48.16 240.036070  61.330021 14.922
 38   141.034 53544.20603699 47.01 240.033710  61.333171 14.922
 38   140.840 53544.20603764 48.69 240.031350  61.336331 14.922
 38   140.525 53544.20603828 49.12 240.028980  61.339481 14.922
 39   139.781 53579.20601366 44.55 240.052050  61.318060 13.029
 39   140.011 53579.20601430 41.17 240.049690  61.321210 13.029
 39   139.600 53579.20601495 45.08 240.047330  61.324370 13.029
 39   139.644 53579.20601559 33.33 240.044970  61.327520 13.029
 39   139.894 53579.20601624 26.43 240.042608  61.330683 15.044
 39   139.850 53579.20601688 32.52 240.040238  61.333833 15.044
 39   140.011 53579.20601753 35.49 240.037878  61.336993 15.044
 40   139.440 53614.20596707 21.77 240.056156  61.316771  4.361
 40   146.630 53614.20596771 16.48 240.053796  61.319921  4.361
 40   148.380 53614.20596836 16.95 240.051436  61.323081  4.361
 40   139.539 53614.20596900 18.25 240.049076  61.326241  4.361
 40   139.624 53614.20596965 18.54 240.046719  61.329395  6.409
 40   150.803 53614.20597029 19.55 240.044359  61.332545  6.409
 40   151.729 53614.20597094 19.80 240.041999  61.335705  6.409
 41   139.898 53649.20597476 49.86 240.041311  61.320589 11.169
 41   140.127 53649.20597541 46.36 240.038946  61.323748 13.461
 41   139.725 53649.20597605 38.80 240.036586  61.326908 13.461
 41   139.891 53649.20597670 33.22 240.034226  61.330058 13.461
 41   140.324 53649.20597734 34.56 240.031856  61.333218 13.461
 41   140.422 53649.20597799 37.11 240.029496  61.336368 13.461
 41   140.169 53649.20597863 45.50 240.027136  61.339528 13.461
 42   139.100 53684.20598996 44.37 240.037175  61.327284 16.350
 42   139.327 53684.20599060 43.14 240.034805  61.330434 16.350
 42   139.291 53684.20599125 42.34 240.032445  61.333594 16.350
 42   139.206 53684.20599189 38.17 240.030085  61.336754 16.350
 42   139.012 53684.20599254 36.97 240.027725  61.339904 16.350
 44   140.827 53754.20583742 20.21 240.045014  61.318459  5.528
 44   140.756 53754.20583806 20.20 240.042654  61.321609  5.528
 45   140.880 53789.20586693 16.47 240.054868  61.317159  4.896
 45   140.847 53789.20586757 18.13 240.052508  61.320319  4.896
 45   140.798 53789.20586822 19.25 240.050148  61.323479  4.896
 46   140.176 53824.20582428 12.61 240.033412  61.323153  9.267
 46   140.602 53824.20582493 11.85 240.031042  61.326303  9.267
 46   140.796 53824.20582557 19.56 240.028682  61.329463  9.267
 46   140.662 53824.20582621 33.31 240.026312  61.332613  9.267
 46   138.592 53824.20582686 35.66 240.023952  61.335773  9.267
 46   138.915 53824.20582750 23.18 240.021582  61.338933  9.267
 48   148.969 53894.20593294 21.01 240.045160  61.319881  6.940
 48   149.619 53894.20593359 20.94 240.042800  61.323041  6.940
 48   150.806 53894.20593423 20.87 240.040440  61.326201  6.940
 48   151.909 53894.20593487 21.77 240.038070  61.329351  6.940
 48   153.026 53894.20593552 23.02 240.035710  61.332511  6.940
 48   154.000 53894.20593616 24.05 240.033340  61.335661  6.940
 48   154.904 53894.20593681 24.97 240.030980  61.338821  6.940
 49   142.008 53929.20598941 42.75 240.034245  61.321792 14.538
 49   142.151 53929.20599006 42.93 240.031885  61.324952 14.538
 49   142.071 53929.20599070 41.33 240.029515  61.328102 14.538
 49   141.815 53929.20599135 42.12 240.027155  61.331262 14.538
 49   141.991 53929.20599199 42.39 240.024795  61.334422 14.538
 49   141.924 53929.20599264 42.03 240.022425  61.337572 14.538
 49   141.786 53929.20599328 41.75 240.020069  61.340732 10.396
 50   139.000 53964.20596866 44.57 240.045102  61.319226 12.364
 50   138.547 53964.20596931 29.80 240.042742  61.322386 12.364
 50   138.100 53964.20596995 23.62 240.040382  61.325546 12.364
 50   138.250 53964.20597060 21.81 240.038022  61.328696 12.364
 50   138.021 53964.20597124 20.89 240.035652  61.331856 12.364
 50   138.243 53964.20597189 19.62 240.033292  61.335016 12.364
 50   138.643 53964.20597253 17.78 240.030932  61.338166 12.364
 51   139.709 53999.20592220 45.42 240.029936  61.321941 10.189
 51   137.718 53999.20592285 52.19 240.027566  61.325101 10.189
 51   139.742 53999.20592349 50.29 240.025206  61.328251 10.189
 51   139.951 53999.20592414 49.13 240.022836  61.331411 10.189
 51   139.839 53999.20592478 49.20 240.020474  61.334564 13.889
 51   139.853 53999.20592543 47.91 240.018104  61.337724 13.889
 51   139.633 53999.20592607 46.90 240.015744  61.340874 13.889
 54   138.607 54104.20591739 18.64 240.057013  61.319302  7.422
 54   139.040 54104.20591804 19.81 240.054653  61.322452  7.422
 54   139.015 54104.20591868 22.12 240.052293  61.325612  7.422
 55   137.787 54139.20589235 15.72 240.039506  61.319993  5.866
 55   138.322 54139.20589300 16.86 240.037136  61.323153  5.866
 55   138.672 54139.20589364 16.80 240.034776  61.326303  5.866
 55   138.881 54139.20589429 18.12 240.032416  61.329463  5.866
 55   138.754 54139.20589493 19.54 240.030046  61.332623  5.866
 55   138.472 54139.20589558 19.92 240.027686  61.335773  5.866
 55   138.091 54139.20589622 19.26 240.025320  61.338929  5.912
 56   137.634 54174.20589625 14.93 240.052898  61.318471  4.732
 56   137.903 54174.20589689 15.96 240.050538  61.321631  4.732
 56   138.277 54174.20589754 15.29 240.048168  61.324781  4.732
 56   138.695 54174.20589818 15.25 240.045808  61.327941  4.732
 56   138.430 54174.20589883 15.81 240.043448  61.331091  4.732
 56   138.321 54174.20589947 16.02 240.041088  61.334252  3.924
 56   138.256 54174.20590012 15.32 240.038728  61.337412  3.924
 57   138.709 54209.20589890 33.73 240.037163  61.321711 12.287
 57   138.552 54209.20589954 28.82 240.034793  61.324871 12.287
 57   138.295 54209.20590019 26.53 240.032433  61.328021 12.287
 57   138.112 54209.20590083 24.41 240.030070  61.331177 18.300
 57   138.162 54209.20590148 22.74 240.027710  61.334337 18.300
 57   138.216 54209.20590212 22.22 240.025340  61.337487 18.300
 58   139.474 54244.20592979 26.33 240.044588  61.320504 10.094
 58   148.889 54244.20593043 21.33 240.042228  61.323664 10.094
 58   150.151 54244.20593108 20.46 240.039868  61.326824 10.094
 58   151.757 54244.20593172 19.97 240.037498  61.329974 10.094
 58   153.041 54244.20593237 20.61 240.035141  61.333134  6.800
 58   153.772 54244.20593301 21.54 240.032781  61.336294  6.800
 58   155.076 54244.20593366 21.78 240.030411  61.339444  6.800
 59   139.757 54279.20594133 48.34 240.046955  61.317522 14.501
 59   140.687 54279.20594198 49.26 240.044595  61.320672 14.501
 59   140.588 54279.20594262 49.39 240.042235  61.323832 14.501
 59   140.686 54279.20594327 51.05 240.039875  61.326992 14.501
 59   140.577 54279.20594391 50.87 240.037505  61.330142 14.501
 59   140.651 54279.20594456 50.84 240.035147  61.333302 15.836
 59   140.548 54279.20594520 51.61 240.032787  61.336452 15.836
 60   139.540 54314.20594097 45.02 240.051164  61.317742  9.263
 60   139.904 54314.20594161 34.68 240.048804  61.320902  9.263
 60   140.460 54314.20594226 26.78 240.046444  61.324052  9.263
 60   140.348 54314.20594290 26.33 240.044084  61.327212  9.263
 60   140.447 54314.20594354 24.23 240.041724  61.330362  9.263
 60   152.648 54314.20594419 23.62 240.039364  61.333523  4.768
 60   154.338 54314.20594483 22.71 240.036994  61.336683  4.768
 61   147.911 54349.20591083 17.96 240.056230  61.318319  4.494
 61   148.755 54349.20591147 16.85 240.053870  61.321479  4.494
 61   150.468 54349.20591212 15.98 240.051510  61.324629  4.494
 61   151.802 54349.20591276 15.66 240.049150  61.327789  4.494
 61   152.762 54349.20591341 16.48 240.046790  61.330939  4.494
 61   153.615 54349.20591405 17.50 240.044425  61.334102  8.065
 62   139.466 54384.20587972 49.12 240.042068  61.320225 14.532
 62   139.636 54384.20588036 48.37 240.039708  61.323375 14.532
 62   139.892 54384.20588101 44.78 240.037339  61.326534 12.584
 62   139.745 54384.20588165 48.48 240.034979  61.329694 12.584
 62   139.552 54384.20588230 48.72 240.032619  61.332844 12.584
 62   139.793 54384.20588294 47.43 240.030259  61.336004 12.584
 62   139.627 54384.20588359 51.26 240.027889  61.339154 12.584
 63   139.157 54419.20586024 36.54 240.053658  61.317678  7.426
 63   139.101 54419.20586089 47.33 240.051298  61.320838  7.426
 63   139.420 54419.20586153 39.87 240.048938  61.323988  7.426
 63   138.954 54419.20586218 44.54 240.046576  61.327151 14.066
 63   138.831 54419.20586282 42.43 240.044216  61.330311 14.066
 63   138.823 54419.20586347 41.17 240.041856  61.333461 14.066
 63   139.002 54419.20586411 43.29 240.039496  61.336621 14.066
 64   139.046 54454.20585118 24.71 240.034735  61.321745  5.003
 64   138.654 54454.20585505 25.02 240.020557  61.340682 11.888
 65   139.297 54489.20586052 16.72 240.048296  61.322355  3.245
 65   139.071 54489.20586117 17.08 240.045930  61.325507  5.484
 65   139.358 54489.20586181 16.40 240.043570  61.328657  5.484
 65   138.961 54489.20586245 17.09 240.041210  61.331817  5.484
 65   139.066 54489.20586310 16.42 240.038850  61.334977  5.484
 65   138.697 54489.20586374 15.86 240.036490  61.338127  5.484
 66   138.630 54524.20586369 11.03 240.042742  61.320353  4.092
 66   138.603 54524.20586433 11.56 240.040372  61.323513  4.092
 66   139.032 54524.20586498 11.59 240.038012  61.326663  4.092
 66   139.133 54524.20586562 10.92 240.035652  61.329823  4.092
 66   138.926 54524.20586627 11.10 240.033292  61.332973  4.092
 66   139.016 54524.20586691 11.26 240.030922  61.336133  4.092
 66   138.744 54524.20586756 10.63 240.028562  61.339293  4.092
 67   138.808 54559.20586891 11.08 240.054037  61.317457  2.978
 67   138.959 54559.20586955 10.61 240.051673  61.320612  3.572
 67   139.071 54559.20587020 11.14 240.049313  61.323762  3.572
 67   139.187 54559.20587084 10.50 240.046953  61.326922  3.572
 67   139.254 54559.20587149 10.16 240.044593  61.330082  3.572
 67   139.046 54559.20587213  9.99 240.042233  61.333232  3.572
 67   139.056 54559.20587277  9.98 240.039873  61.336392  3.572
 68   141.731 54594.20585955 44.14 240.045694  61.318755 12.498
 68   138.467 54594.20586019 48.64 240.043334  61.321915 12.498
 69   141.616 54629.20587408 47.62 240.046393  61.319676 16.223
 69   140.962 54629.20587473 50.57 240.044033  61.322836 16.223
 69   141.042 54629.20587537 47.63 240.041673  61.325996 16.223
 69   141.173 54629.20587602 46.63 240.039313  61.329146 16.223
 69   141.053 54629.20587666 48.43 240.036953  61.332306 16.223
 69   141.257 54629.20587731 47.18 240.034583  61.335456 16.223
 69   141.295 54629.20587795 47.51 240.032223  61.338616 16.223
 70   141.675 54664.20588118 46.53 240.043175  61.319723 19.956
 70   140.338 54664.20588182 49.90 240.040815  61.322883 19.956
 70   140.371 54664.20588247 48.33 240.038455  61.326043 19.956
 70   140.244 54664.20588311 50.02 240.036095  61.329193 19.956
 70   140.019 54664.20588376 47.80 240.033735  61.332353 19.956
 70   140.314 54664.20588440 49.01 240.031365  61.335503 19.956
 70   140.151 54664.20588505 48.88 240.029005  61.338663 19.956
 71   138.998 54699.20585445 41.71 240.050597  61.327268 12.901
 71   138.996 54699.20585509 43.32 240.048237  61.330428 12.901
 71   138.941 54699.20585574 45.28 240.045877  61.333588 12.901
 71   138.953 54699.20585638 47.24 240.043517  61.336738 12.901
 72   138.881 54734.20583957 25.62 240.037725  61.320728  8.656
 72   138.728 54734.20584021 19.16 240.035365  61.323888  8.656
 72   138.883 54734.20584086 17.19 240.032995  61.327038  8.656
 72   140.753 54734.20584150 15.86 240.030635  61.330198  8.656
 72   140.904 54734.20584215 16.11 240.028275  61.333348  8.656
 72   141.235 54734.20584279 15.52 240.025905  61.336508  8.656
 72   145.523 54734.20584344 12.92 240.023545  61.339668  8.656
 73   138.359 54769.20583508 37.75 240.041246  61.330915 15.709
 73   138.353 54769.20583572 37.60 240.038886  61.334065 15.709
 73   138.332 54769.20583637 40.03 240.036526  61.337225 15.709
 76   138.656 54874.20583341 10.93 240.039384  61.321637  4.487
 76   138.877 54874.20583405 10.30 240.037024  61.324787  4.487
 76   138.974 54874.20583470 10.82 240.034664  61.327947  4.487
 76   139.076 54874.20583534 11.05 240.032294  61.331097  4.487
 76   139.056 54874.20583599 11.60 240.029934  61.334257  4.487
 76   138.771 54874.20583663 11.58 240.027574  61.337417  4.487
 77   138.036 54909.20583293 11.05 240.054435  61.318225  3.151
 77   138.615 54909.20583358 10.93 240.052076  61.321379  3.704
 77   138.363 54909.20583422 11.15 240.049716  61.324529  3.704
 77   138.655 54909.20583487 10.47 240.047356  61.327689  3.704
 77   138.916 54909.20583551 10.32 240.044996  61.330849  3.704
 77   138.592 54909.20583616 10.52 240.042636  61.333999  3.704
 77   138.348 54909.20583680 11.10 240.040276  61.337159  3.704
 78   138.335 54944.20582639 10.36 240.037394  61.321212  7.982
 78   138.323 54944.20582704 11.41 240.035034  61.324362  7.982
 78   138.242 54944.20582768 13.10 240.032674  61.327522  7.982
 78   138.299 54944.20582833 13.96 240.030304  61.330672  7.982
 78   138.193 54944.20582897 13.20 240.027944  61.333832  7.982
 78   138.197 54944.20582962 12.26 240.025584  61.336992  7.982
 78   138.129 54944.20583026 12.11 240.023214  61.340142  7.982
 79   148.899 54979.20585250 21.72 240.046614  61.318145  7.699
 79   148.260 54979.20585314 20.19 240.044254  61.321305  7.699
 79   149.525 54979.20585379 19.96 240.041894  61.324465  7.699
 79   151.055 54979.20585443 20.05 240.039534  61.327615  7.699
 79   151.987 54979.20585508 20.76 240.037174  61.330775  7.699
 79   153.265 54979.20585572 20.79 240.034804  61.333925  7.699
 79   154.340 54979.20585637 20.89 240.032444  61.337085  7.699
 80   140.748 55014.20585711 28.78 240.046876  61.319449  4.341
 80   141.054 55014.20585776 26.10 240.044516  61.322599  4.341
 81   139.622 55049.20585299 33.57 240.038450  61.330808  9.743
 81   139.937 55049.20585363 32.42 240.036090  61.333968  9.743
 81   139.738 55049.20585428 31.30 240.033720  61.337118  9.743
 82   139.860 55084.20581853 44.95 240.058299  61.318168  9.066
 82   139.299 55084.20581917 37.01 240.055939  61.321328  9.066
 82   139.697 55084.20581981 26.28 240.053575  61.324485  8.774
 82   151.400 55084.20582046 21.41 240.051215  61.327635  8.774
 82   152.741 55084.20582110 20.51 240.048855  61.330795  8.774
 83   139.495 55119.20578243 45.77 240.041429  61.319334 13.220
 83   139.381 55119.20578307 46.85 240.039069  61.322484 13.220
 83   139.717 55119.20578372 46.10 240.036709  61.325644 13.220
 83   139.654 55119.20578436 43.85 240.034339  61.328794 13.220
 83   139.657 55119.20578501 39.66 240.031979  61.331954 13.220
 83   139.719 55119.20578565 44.26 240.029619  61.335104 13.220
 83   139.156 55119.20578630 46.85 240.027249  61.338264 13.220
 84   138.105 55154.20577761 30.00 240.050826  61.317748  5.537
 84   138.147 55154.20577826 33.72 240.048467  61.320900 18.073
 84   138.419 55154.20577890 39.11 240.046097  61.324050 18.073
 84   138.001 55154.20577955 47.35 240.043737  61.327210 18.073
 84   138.779 55154.20578019 47.18 240.041377  61.330370 18.073
 84   138.194 55154.20578084 42.19 240.039017  61.333520 18.073
 84   137.651 55154.20578148 38.66 240.036657  61.336680 18.073
 87   138.749 55259.20576759 20.20 240.044662  61.320128  5.370
 87   139.237 55259.20576824 21.16 240.042302  61.323288  5.370
 87   139.280 55259.20576888 20.49 240.039942  61.326438  5.370
 87   139.293 55259.20576953 20.27 240.037582  61.329598  5.370
 87   139.087 55259.20577017 20.89 240.035212  61.332748  5.370
 87   139.325 55259.20577081 20.01 240.032852  61.335908  5.370
 87   139.191 55259.20577146 20.98 240.030492  61.339068  5.370
 88   139.088 55294.20576370 13.24 240.056126  61.316964  8.571
 88   138.568 55294.20576435 13.69 240.053766  61.320124  8.571
 88   140.276 55294.20576499  6.33 240.051409  61.323279 13.596
 88   139.786 55294.20576564  4.73 240.049039  61.326429 13.596
 88   138.807 55294.20576628  3.52 240.046679  61.329589 13.596
 88   138.161 55294.20576757  4.15 240.041959  61.335899 13.596
 89   147.858 55329.20575035 18.13 240.043109  61.320337  5.444
 89   148.962 55329.20575099 19.24 240.040749  61.323497  5.444
 89   149.873 55329.20575164 20.12 240.038379  61.326657  5.444
 89   151.336 55329.20575228 20.65 240.036019  61.329807  5.444
 89   152.276 55329.20575293 21.00 240.033659  61.332967  5.444
 89   153.613 55329.20575357 21.60 240.031289  61.336117  5.444
 89   154.544 55329.20575422 22.19 240.028929  61.339277  5.444
 90   139.597 55364.20574639 39.30 240.043867  61.329429 16.425
 90   139.348 55364.20574703 43.41 240.041507  61.332579 16.425
 90   139.385 55364.20574768 44.68 240.039147  61.335739 16.425
 91   138.301 55399.20575517 38.86 240.038098  61.320656 14.052
 91   139.969 55399.20575582 30.32 240.035738  61.323816 14.052
 91   138.753 55399.20575646 40.13 240.033368  61.326966 14.052
 91   139.129 55399.20575711 28.04 240.031008  61.330126 14.052
 91   139.643 55399.20575775 32.98 240.028648  61.333286 14.052
 91   139.777 55399.20575840 42.13 240.026278  61.336436 14.052
 91   139.304 55399.20575904 44.68 240.023918  61.339596 14.052
 92   138.535 55434.20576007 48.17 240.052130  61.316136  8.552
 92   138.162 55434.20576072 45.77 240.049766  61.319290 11.724
 92   138.785 55434.20576136 32.38 240.047406  61.322440 11.724
 92   138.786 55434.20576201 31.65 240.045046  61.325600 11.724
 92   139.198 55434.20576265 30.50 240.042676  61.328760 11.724
 92   139.213 55434.20576330 38.88 240.040316  61.331910 11.724
 92   139.081 55434.20576394 43.94 240.037956  61.335070 11.724
 92   138.816 55434.20576459 47.87 240.035586  61.338220 11.724
 93   139.032 55469.20571575 39.01 240.059948  61.319050 11.418
 93   138.418 55469.20571640 38.58 240.057588  61.322210 11.418
 93   138.680 55469.20571704 40.77 240.055225  61.325366 10.317
 93   139.155 55469.20571769 42.92 240.052865  61.328516 10.317
 93   139.183 55469.20571833 43.87 240.050505  61.331676 10.317
 93   139.158 55469.20571897 44.75 240.048145  61.334826 10.317
