# NaN NaN NaN ;Mean Elev.(m), Avg Gradient(m/km), RMS Gradient(m/km) - SRTM1     
#  130.015  -0.971   2.080 ;Mean Elev.(m), Avg Gradient(m/km), RMS Gradient(m/km) - ASTER GDEM
#  143.000   0.010   1.180 ;Mean Elev.(m), Avg Gradient(m/km), RMS Gradient(m/km) - GMTED2010 
  8   141.683 52487.78942253 47.65 241.792784  61.474138 14.824
  8   141.417 52487.78942318 29.25 241.790404  61.470988 14.824
  8   141.122 52487.78942382 24.94 241.788024  61.467828 14.824
  8   140.684 52487.78942447 17.82 241.785644  61.464678 14.824
  8   140.098 52487.78942511 17.06 241.783264  61.461528 14.824
  8   139.310 52487.78942576 19.31 241.780884  61.458368 14.824
  8   138.431 52487.78942640 21.90 241.778504  61.455218 14.824
  8   137.379 52487.78942705 23.35 241.776124  61.452058 14.824
  8   136.440 52487.78942769 21.56 241.773744  61.448908 14.824
  8   140.653 52487.78942834 16.90 241.771364  61.445748 14.824
  8   141.008 52487.78942898 13.84 241.768984  61.442598 14.824
  8   141.202 52487.78942963 13.07 241.766604  61.439438 14.824
  8   141.118 52487.78943027 13.17 241.764234  61.436288 14.824
  8   141.233 52487.78943091 13.03 241.761854  61.433128 14.824
  8   141.272 52487.78943156 12.99 241.759474  61.429978 14.824
  8   142.389 52487.78943220 14.53 241.757104  61.426818 14.824
  8   142.983 52487.78943285 16.43 241.754724  61.423668 14.824
  8   141.499 52487.78943349 25.15 241.752354  61.420508 14.824
  8   141.636 52487.78943414 33.93 241.749974  61.417358 14.824
  9   141.694 52522.78939542 43.60 241.783921  61.471861 37.750
  9   141.382 52522.78939607 33.36 241.781541  61.468701 37.750
  9   141.325 52522.78939671 34.47 241.779161  61.465551 37.750
  9   141.131 52522.78939736 34.90 241.776781  61.462391 37.750
  9   141.071 52522.78939800 35.49 241.774405  61.459238 23.597
  9   140.981 52522.78939865 36.20 241.772025  61.456088 23.597
  9   141.545 52522.78939929 36.34 241.769645  61.452928 23.597
  9   141.594 52522.78939993 39.56 241.767265  61.449778 23.597
  9   141.540 52522.78940058 43.85 241.764885  61.446618 23.597
  9   141.408 52522.78940122 46.90 241.762505  61.443468 23.597
  9   141.470 52522.78940187 47.79 241.760135  61.440308 23.597
  9   141.546 52522.78940251 47.68 241.757755  61.437158 23.597
  9   141.508 52522.78940316 49.08 241.755375  61.433998 23.597
  9   141.390 52522.78940380 50.59 241.753005  61.430848 23.597
  9   141.369 52522.78940445 51.09 241.750625  61.427688 23.597
  9   141.504 52522.78940509 51.38 241.748255  61.424538 23.597
  9   141.355 52522.78940574 52.93 241.745875  61.421378 23.597
  9   141.482 52522.78940638 51.14 241.743505  61.418228 23.597
 10   141.176 52557.78944579 36.27 241.793331  61.471763 28.375
 10   140.853 52557.78944644 26.15 241.790951  61.468603 28.375
 10   140.425 52557.78944708 22.28 241.788571  61.465453 28.375
 10   139.825 52557.78944772 20.35 241.786191  61.462303 28.375
 10   139.308 52557.78944837 18.64 241.783811  61.459143 28.375
 10   138.405 52557.78944901 19.47 241.781421  61.455993 28.375
 10   137.531 52557.78944966 19.68 241.779041  61.452833 28.375
 10   136.222 52557.78945030 21.18 241.776661  61.449683 28.375
 10   134.877 52557.78945095 22.90 241.774281  61.446523 28.375
 10   140.486 52557.78945159 17.41 241.771905  61.443372  9.743
 10   140.266 52557.78945224 17.13 241.769525  61.440222  9.743
 10   140.413 52557.78945288 17.70 241.767145  61.437062  9.743
 10   140.407 52557.78945353 17.52 241.764775  61.433912  9.743
 10   140.471 52557.78945417 17.76 241.762395  61.430752  9.743
 10   140.550 52557.78945482 17.74 241.760015  61.427602  9.743
 10   140.809 52557.78945546 20.06 241.757635  61.424442  9.743
 10   140.956 52557.78945611 24.13 241.755265  61.421292  9.743
 10   141.067 52557.78945675 24.88 241.752885  61.418132  9.743
 11   140.720 52592.78944317 31.54 241.786895  61.473576  7.119
 11   140.789 52592.78944381 42.47 241.784515  61.470426  7.119
 11   140.680 52592.78944446 41.83 241.782135  61.467276  7.119
 11   140.613 52592.78944510 43.22 241.779750  61.464119 19.632
 11   140.693 52592.78944575 48.91 241.777370  61.460959 19.632
 11   140.650 52592.78944639 45.30 241.774990  61.457809 19.632
 11   140.506 52592.78944704 36.80 241.772610  61.454649 19.632
 11   140.409 52592.78944768 34.20 241.770230  61.451499 19.632
 11   140.441 52592.78944832 34.49 241.767850  61.448349 19.632
 11   140.516 52592.78944897 32.97 241.765470  61.445189 19.632
 11   140.491 52592.78944961 33.73 241.763090  61.442039 19.632
 11   140.462 52592.78945026 33.43 241.760710  61.438879 19.632
 11   140.510 52592.78945090 32.98 241.758340  61.435729 19.632
 11   140.465 52592.78945155 32.97 241.755960  61.432569 19.632
 11   140.416 52592.78945219 33.59 241.753580  61.429419 19.632
 11   140.457 52592.78945284 33.06 241.751210  61.426259 19.632
 11   140.449 52592.78945348 31.96 241.748830  61.423109 19.632
 11   140.397 52592.78945413 31.10 241.746460  61.419949 19.632
 11   140.312 52592.78945477 28.82 241.744080  61.416799 19.632
 12   141.121 52627.78936314 30.30 241.811327  61.472141 13.217
 12   141.188 52627.78936378 33.05 241.808937  61.468991 13.217
 12   141.121 52627.78936443 36.76 241.806557  61.465841 13.217
 12   141.098 52627.78936507 39.06 241.804177  61.462681 13.217
 12   141.172 52627.78936572 33.21 241.801787  61.459531 13.217
 12   140.832 52627.78936636 27.63 241.799407  61.456381 13.217
 12   140.684 52627.78936701 25.99 241.797027  61.453221 13.217
 12   140.554 52627.78936765 23.43 241.794647  61.450071 13.217
 12   140.711 52627.78936830 22.57 241.792267  61.446911 13.217
 12   140.884 52627.78936894 20.94 241.789887  61.443761 13.217
 12   140.907 52627.78936959 19.99 241.787507  61.440601 13.217
 12   140.939 52627.78937023 20.18 241.785127  61.437451 13.217
 12   140.922 52627.78937088 21.45 241.782747  61.434291 13.217
 12   140.936 52627.78937152 20.90 241.780367  61.431141 13.217
 12   140.971 52627.78937216 23.60 241.777997  61.427981 13.217
 12   141.015 52627.78937281 23.46 241.775617  61.424831 13.217
 12   140.994 52627.78937345 23.89 241.773237  61.421681 13.217
 13   141.279 52662.78940593 25.44 241.790076  61.472182 11.795
 13   141.298 52662.78940657 24.98 241.787696  61.469032 11.795
 13   141.396 52662.78940722 24.09 241.785316  61.465882 11.795
 13   141.533 52662.78940786 25.51 241.782934  61.462724  4.070
 13   141.569 52662.78940851 25.83 241.780554  61.459564  4.070
 13   141.411 52662.78940915 23.94 241.778174  61.456414  4.070
 13   141.313 52662.78940980 22.97 241.775794  61.453254  4.070
 13   141.325 52662.78941044 22.79 241.773414  61.450104  4.070
 13   141.277 52662.78941108 22.28 241.771034  61.446954  4.070
 13   141.358 52662.78941173 22.07 241.768654  61.443794  4.070
 13   141.353 52662.78941237 22.42 241.766274  61.440644  4.070
 13   141.383 52662.78941302 22.40 241.763904  61.437484  4.070
 13   141.319 52662.78941366 22.54 241.761524  61.434334  4.070
 13   141.293 52662.78941431 23.42 241.759144  61.431174  4.070
 13   141.218 52662.78941495 22.92 241.756764  61.428024  4.070
 13   141.272 52662.78941560 22.65 241.754394  61.424864  4.070
 13   141.329 52662.78941624 21.87 241.752014  61.421714  4.070
 13   141.380 52662.78941689 20.93 241.749644  61.418554  4.070
 14   141.041 52697.78938182 23.40 241.808860  61.470961  6.080
 14   141.159 52697.78938246 25.32 241.806477  61.467809  4.757
 14   141.193 52697.78938311 26.85 241.804097  61.464649  4.757
 14   141.283 52697.78938375 26.47 241.801717  61.461499  4.757
 14   141.141 52697.78938440 24.15 241.799337  61.458339  4.757
 14   141.032 52697.78938504 22.15 241.796947  61.455189  4.757
 14   140.962 52697.78938568 21.69 241.794567  61.452029  4.757
 14   141.010 52697.78938633 21.73 241.792187  61.448879  4.757
 14   141.025 52697.78938697 21.28 241.789807  61.445729  4.757
 14   141.011 52697.78938762 21.42 241.787427  61.442569  4.757
 14   140.983 52697.78938826 21.70 241.785047  61.439419  4.757
 14   140.940 52697.78938891 21.33 241.782667  61.436259  4.757
 14   140.960 52697.78938955 22.03 241.780287  61.433109  4.757
 14   141.016 52697.78939020 21.49 241.777907  61.429949  4.757
 14   141.272 52697.78939084 21.43 241.775537  61.426799  4.757
 14   141.410 52697.78939149 20.21 241.773157  61.423639  4.757
 14   141.464 52697.78939213 19.21 241.770777  61.420489  4.757
 15   140.886 52732.78940314 17.12 241.798303  61.471491  2.461
 15   140.822 52732.78940378 17.14 241.795923  61.468331  2.461
 15   140.854 52732.78940443 16.90 241.793543  61.465181  2.461
 15   140.921 52732.78940507 17.27 241.791153  61.462021  2.461
 15   140.808 52732.78940572 17.25 241.788775  61.458872  2.070
 15   140.660 52732.78940636 17.00 241.786395  61.455712  2.070
 15   140.424 52732.78940701 17.13 241.784015  61.452562  2.070
 15   140.210 52732.78940765 17.33 241.781635  61.449402  2.070
 15   140.498 52732.78940830 17.74 241.779265  61.446252  2.070
 15   140.417 52732.78940894 18.04 241.776885  61.443102  2.070
 15   140.451 52732.78940959 17.63 241.774505  61.439942  2.070
 15   140.467 52732.78941023 17.60 241.772125  61.436792  2.070
 15   140.515 52732.78941088 17.38 241.769745  61.433632  2.070
 15   140.606 52732.78941152 16.56 241.767375  61.430482  2.070
 15   140.764 52732.78941217 16.33 241.764995  61.427322  2.070
 15   140.977 52732.78941281 15.41 241.762625  61.424172  2.070
 15   141.157 52732.78941345 14.92 241.760245  61.421012  2.070
 16   142.716 52767.78941190 28.45 241.778018  61.473500 28.871
 16   142.770 52767.78941254 22.86 241.775638  61.470340 28.871
 16   142.380 52767.78941318 18.79 241.773258  61.467190 28.871
 16   141.939 52767.78941383 17.37 241.770878  61.464030 28.871
 16   141.786 52767.78941447 16.41 241.768497  61.460876 16.960
 16   142.299 52767.78941512 15.72 241.766127  61.457726 16.960
 16   142.634 52767.78941576 15.35 241.763747  61.454566 16.960
 16   142.758 52767.78941641 16.21 241.761367  61.451416 16.960
 16   142.786 52767.78941705 16.09 241.758987  61.448256 16.960
 16   142.671 52767.78941770 16.52 241.756607  61.445106 16.960
 16   142.537 52767.78941834 16.75 241.754237  61.441946 16.960
 16   142.557 52767.78941899 18.43 241.751857  61.438796 16.960
 16   142.594 52767.78941963 19.40 241.749477  61.435636 16.960
 16   142.500 52767.78942028 20.93 241.747107  61.432486 16.960
 16   142.377 52767.78942092 22.61 241.744727  61.429326 16.960
 16   142.576 52767.78942157 24.98 241.742357  61.426176 16.960
 16   142.614 52767.78942221 26.87 241.739977  61.423016 16.960
 16   142.674 52767.78942285 29.69 241.737607  61.419866 16.960
 16   142.654 52767.78942350 41.88 241.735237  61.416706 16.960
 17   142.079 52802.78942583 21.68 241.805942  61.472007 14.697
 17   141.780 52802.78942647 16.35 241.803552  61.468847 14.697
 17   141.709 52802.78942712 14.24 241.801172  61.465697 14.697
 17   141.868 52802.78942776 14.02 241.798793  61.462543  9.083
 17   140.492 52802.78942841 17.22 241.796403  61.459383  9.083
 17   141.734 52802.78942905 15.78 241.794023  61.456233  9.083
 17   141.697 52802.78942970 15.88 241.791643  61.453073  9.083
 17   141.656 52802.78943034 16.85 241.789263  61.449923  9.083
 17   141.552 52802.78943099 17.02 241.786883  61.446773  9.083
 17   141.569 52802.78943163 16.65 241.784503  61.443613  9.083
 17   141.653 52802.78943228 15.86 241.782123  61.440463  9.083
 17   141.392 52802.78943292 16.85 241.779743  61.437303  9.083
 17   141.715 52802.78943357 15.23 241.777363  61.434153  9.083
 17   141.734 52802.78943421 14.90 241.774983  61.430993  9.083
 17   141.822 52802.78943485 17.03 241.772603  61.427843  9.083
 17   142.372 52802.78943550 16.77 241.770233  61.424683  9.083
 17   143.297 52802.78943614 19.94 241.767853  61.421533  9.083
 18   141.899 52837.78949007 27.21 241.803980  61.473483 38.131
 18   141.857 52837.78949071 19.52 241.801590  61.470323 38.131
 18   141.389 52837.78949136 25.42 241.799210  61.467173 38.131
 18   140.757 52837.78949200 26.15 241.796830  61.464023 38.131
 18   140.312 52837.78949265 21.63 241.794449  61.460867 10.508
 18   139.478 52837.78949329 19.27 241.792069  61.457707 10.508
 18   138.337 52837.78949394 20.93 241.789679  61.454557 10.508
 18   137.131 52837.78949458 21.51 241.787299  61.451397 10.508
 18   135.942 52837.78949523 19.47 241.784919  61.448247 10.508
 18   137.192 52837.78949587 19.47 241.782539  61.445097 10.508
 18   138.122 52837.78949652 19.23 241.780159  61.441937 10.508
 18   140.744 52837.78949716 17.75 241.777789  61.438787 10.508
 18   139.695 52837.78949781 19.46 241.775409  61.435627 10.508
 18   140.388 52837.78949845 18.88 241.773029  61.432477 10.508
 18   141.502 52837.78949909 16.59 241.770649  61.429317 10.508
 18   141.693 52837.78949974 15.99 241.768269  61.426167 10.508
 18   141.913 52837.78950038 16.69 241.765899  61.423007 10.508
 18   142.084 52837.78950103 27.79 241.763519  61.419857 10.508
 19   141.437 52872.78953055 52.65 241.798780  61.472572 48.930
 19   141.515 52872.78953120 52.08 241.796390  61.469422 48.930
 19   141.541 52872.78953184 53.04 241.794010  61.466272 48.930
 19   141.400 52872.78953249 53.24 241.791633  61.463116 45.223
 19   141.362 52872.78953313 53.82 241.789253  61.459956 45.223
 19   141.368 52872.78953377 52.85 241.786863  61.456806 45.223
 19   141.383 52872.78953442 53.63 241.784483  61.453646 45.223
 19   141.401 52872.78953506 53.62 241.782103  61.450496 45.223
 19   141.422 52872.78953571 52.06 241.779723  61.447346 45.223
 19   141.446 52872.78953635 52.47 241.777343  61.444186 45.223
 19   141.464 52872.78953700 50.86 241.774973  61.441036 45.223
 19   141.476 52872.78953764 51.21 241.772593  61.437876 45.223
 19   141.469 52872.78953829 52.28 241.770213  61.434726 45.223
 19   141.453 52872.78953893 52.49 241.767833  61.431566 45.223
 19   141.415 52872.78953958 52.62 241.765463  61.428416 45.223
 19   141.447 52872.78954022 52.70 241.763083  61.425256 45.223
 19   141.427 52872.78954087 51.15 241.760703  61.422106 45.223
 19   141.420 52872.78954151 50.21 241.758333  61.418946 45.223
 20   141.146 52907.78951681 39.64 241.793369  61.473861 34.797
 20   141.145 52907.78951746 28.22 241.790989  61.470701 34.797
 20   140.667 52907.78951810 24.28 241.788599  61.467551 34.797
 20   140.165 52907.78951875 26.02 241.786219  61.464391 34.797
 20   140.095 52907.78951939 27.41 241.783839  61.461241 34.797
 20   140.512 52907.78952004 28.89 241.781459  61.458081 34.797
 20   140.419 52907.78952068 30.98 241.779085  61.454929 11.672
 20   140.962 52907.78952133 30.63 241.776705  61.451779 11.672
 20   141.105 52907.78952197 33.70 241.774325  61.448619 11.672
 20   141.210 52907.78952261 40.72 241.771945  61.445469 11.672
 20   141.310 52907.78952326 42.57 241.769565  61.442309 11.672
 20   141.078 52907.78952390 34.80 241.767185  61.439159 11.672
 20   140.666 52907.78952455 32.72 241.764815  61.435999 11.672
 20   141.121 52907.78952519 41.89 241.762435  61.432849 11.672
 20   141.232 52907.78952584 42.50 241.760055  61.429689 11.672
 20   141.208 52907.78952648 38.44 241.757685  61.426539 11.672
 20   140.736 52907.78952713 30.05 241.755305  61.423379 11.672
 20   140.990 52907.78952777 29.38 241.752935  61.420229 11.672
 21   140.868 52942.78944307 46.19 241.812121  61.471031 12.548
 21   140.818 52942.78944372 44.74 241.809731  61.467881 12.548
 21   140.405 52942.78944436 35.08 241.807351  61.464721 12.548
 21   140.594 52942.78944501 33.13 241.804971  61.461571 12.548
 21   140.937 52942.78944565 40.83 241.802584  61.458416 25.712
 21   140.996 52942.78944630 46.38 241.800204  61.455256 25.712
 21   140.908 52942.78944694 43.40 241.797824  61.452106 25.712
 21   140.873 52942.78944759 41.21 241.795444  61.448946 25.712
 21   140.909 52942.78944823 41.76 241.793064  61.445796 25.712
 21   140.929 52942.78944888 40.84 241.790684  61.442646 25.712
 21   140.908 52942.78944952 41.00 241.788304  61.439486 25.712
 21   140.893 52942.78945017 43.69 241.785924  61.436336 25.712
 21   140.869 52942.78945081 43.53 241.783544  61.433176 25.712
 21   140.821 52942.78945145 41.91 241.781164  61.430026 25.712
 21   140.869 52942.78945210 42.25 241.778784  61.426866 25.712
 21   140.856 52942.78945274 40.12 241.776404  61.423716 25.712
 21   140.678 52942.78945339 32.81 241.774034  61.420556 25.712
 23   140.853 53012.78950175 21.58 241.786985  61.473835  3.955
 23   140.919 53012.78950240 24.46 241.784605  61.470675  3.955
 23   140.928 53012.78950304 26.17 241.782215  61.467525  3.955
 23   140.865 53012.78950368 27.72 241.779835  61.464365  3.955
 23   140.889 53012.78950433 26.34 241.777454  61.461215  4.559
 23   140.805 53012.78950497 26.18 241.775074  61.458055  4.559
 23   140.736 53012.78950562 25.68 241.772694  61.454905  4.559
 23   140.701 53012.78950626 24.39 241.770314  61.451755  4.559
 23   140.713 53012.78950691 23.79 241.767944  61.448595  4.559
 23   140.817 53012.78950755 22.76 241.765564  61.445445  4.559
 23   140.752 53012.78950820 22.78 241.763184  61.442285  4.559
 23   140.724 53012.78950884 22.92 241.760804  61.439135  4.559
 23   140.746 53012.78950949 22.57 241.758424  61.435975  4.559
 23   140.731 53012.78951013 22.15 241.756054  61.432825  4.559
 23   140.725 53012.78951078 22.24 241.753674  61.429665  4.559
 23   140.761 53012.78951142 21.21 241.751304  61.426515  4.559
 23   140.791 53012.78951207 21.07 241.748924  61.423355  4.559
 23   140.765 53012.78951271 20.01 241.746544  61.420205  4.559
 23   140.721 53012.78951336 18.72 241.744174  61.417045  4.559
 24   140.564 53047.78947008 18.11 241.800576  61.471923  2.849
 24   140.657 53047.78947073 18.95 241.798196  61.468773  2.849
 24   140.699 53047.78947137 19.22 241.795806  61.465613  2.849
 24   140.662 53047.78947202 19.83 241.793426  61.462463  2.849
 24   140.670 53047.78947266 20.48 241.791048  61.459308  3.789
 24   140.551 53047.78947331 21.31 241.788668  61.456148  3.789
 24   140.453 53047.78947395 20.02 241.786278  61.452998  3.789
 24   140.565 53047.78947460 20.48 241.783898  61.449838  3.789
 24   140.641 53047.78947524 19.73 241.781518  61.446688  3.789
 24   140.603 53047.78947589 20.32 241.779138  61.443538  3.789
 24   140.595 53047.78947653 20.12 241.776758  61.440378  3.789
 24   140.567 53047.78947718 19.50 241.774388  61.437228  3.789
 24   140.409 53047.78947782 19.51 241.772008  61.434068  3.789
 24   140.571 53047.78947846 19.64 241.769628  61.430918  3.789
 24   140.642 53047.78947911 19.75 241.767248  61.427758  3.789
 24   140.669 53047.78947975 18.82 241.764878  61.424608  3.789
 24   140.618 53047.78948040 17.53 241.762498  61.421448  3.789
 25   140.617 53082.78950540 19.73 241.783339  61.473627  3.657
 25   140.631 53082.78950605 20.41 241.780959  61.470477  3.657
 25   140.670 53082.78950669 20.81 241.778579  61.467317  3.657
 25   140.653 53082.78950734 22.41 241.776200  61.464169  4.972
 25   140.590 53082.78950798 22.36 241.773820  61.461009  4.972
 25   140.480 53082.78950863 22.90 241.771440  61.457859  4.972
 25   140.515 53082.78950927 22.53 241.769060  61.454699  4.972
 25   140.615 53082.78950992 22.36 241.766680  61.451549  4.972
 25   140.546 53082.78951056 21.43 241.764300  61.448399  4.972
 25   140.589 53082.78951120 21.73 241.761920  61.445239  4.972
 25   140.540 53082.78951185 21.24 241.759540  61.442089  4.972
 25   140.572 53082.78951249 21.11 241.757170  61.438929  4.972
 25   140.535 53082.78951314 21.07 241.754790  61.435779  4.972
 25   140.554 53082.78951378 21.07 241.752410  61.432619  4.972
 25   140.572 53082.78951443 20.97 241.750040  61.429469  4.972
 25   140.634 53082.78951507 20.81 241.747660  61.426309  4.972
 25   140.684 53082.78951572 21.32 241.745290  61.423159  4.972
 25   140.706 53082.78951636 21.41 241.742910  61.419999  4.972
 25   140.705 53082.78951701 18.30 241.740540  61.416849  4.972
 26   141.105 53117.78947569  1.07 241.795780  61.471311  6.262
 26   140.940 53117.78947634  1.34 241.793400  61.468151  6.262
 26   140.607 53117.78947698  2.00 241.791020  61.465001  6.262
 26   140.709 53117.78947763  2.42 241.788630  61.461841  6.262
 26   140.679 53117.78947827  2.98 241.786250  61.458691  6.262
 26   140.605 53117.78947891  3.02 241.783870  61.455541  6.262
 26   140.840 53117.78947956  3.64 241.781490  61.452381  6.262
 26   141.009 53117.78948020  3.82 241.779110  61.449231  6.262
 26   140.957 53117.78948085  5.11 241.776730  61.446071  6.262
 26   140.645 53117.78948149  7.41 241.774350  61.442921  6.262
 26   140.638 53117.78948214  6.33 241.771970  61.439761  6.262
 26   140.548 53117.78948278  7.85 241.769590  61.436611  6.262
 26   140.635 53117.78948343 10.38 241.767210  61.433451  6.262
 26   140.695 53117.78948407 13.73 241.764840  61.430301  6.262
 26   140.955 53117.78948472 15.16 241.762460  61.427151  6.262
 26   140.964 53117.78948536 15.87 241.760080  61.423991  6.262
 26   140.934 53117.78948601 15.20 241.757700  61.420841  6.262
 27   141.228 53152.78952554 32.64 241.789456  61.471386 37.043
 27   140.937 53152.78952619 23.96 241.787076  61.468236 37.043
 27   140.331 53152.78952683 18.77 241.784686  61.465086 37.043
 27   140.188 53152.78952748 13.57 241.782305  61.461928 11.396
 27   140.722 53152.78952812 14.49 241.779925  61.458768 11.396
 27   140.265 53152.78952877 16.41 241.777545  61.455618 11.396
 27   140.653 53152.78952941 15.65 241.775165  61.452458 11.396
 27   140.653 53152.78953006 15.99 241.772785  61.449308 11.396
 27   140.697 53152.78953070 15.61 241.770405  61.446158 11.396
 27   141.034 53152.78953135 13.23 241.768025  61.442998 11.396
 27   141.058 53152.78953199 12.85 241.765645  61.439848 11.396
 27   140.972 53152.78953264 13.64 241.763275  61.436688 11.396
 27   140.941 53152.78953328 15.14 241.760895  61.433538 11.396
 27   141.132 53152.78953392 15.76 241.758515  61.430378 11.396
 27   140.874 53152.78953457 18.46 241.756135  61.427228 11.396
 27   141.097 53152.78953521 22.64 241.753765  61.424068 11.396
 27   141.425 53152.78953586 24.64 241.751385  61.420918 11.396
 27   141.371 53152.78953650 33.04 241.749015  61.417758 11.396
 28   141.436 53187.78951288 53.34 241.801939  61.471472 41.128
 28   141.210 53187.78951352 54.05 241.799559  61.468312 41.128
 28   141.347 53187.78951416 52.29 241.797179  61.465162 41.128
 28   141.227 53187.78951481 52.92 241.794799  61.462012 41.128
 28   141.322 53187.78951545 52.25 241.792417  61.458854 27.420
 28   141.161 53187.78951610 53.14 241.790037  61.455694 27.420
 28   141.224 53187.78951674 52.49 241.787657  61.452544 27.420
 28   141.298 53187.78951739 52.05 241.785277  61.449384 27.420
 28   141.146 53187.78951803 52.92 241.782897  61.446234 27.420
 28   141.109 53187.78951868 53.38 241.780517  61.443084 27.420
 28   141.129 53187.78951932 52.98 241.778137  61.439924 27.420
 28   141.161 53187.78951997 50.08 241.775757  61.436774 27.420
 28   141.197 53187.78952061 40.42 241.773387  61.433614 27.420
 28   140.799 53187.78952126 22.80 241.771007  61.430464 27.420
 28   140.376 53187.78952190 19.36 241.768627  61.427304 27.420
 28   140.842 53187.78952255 18.56 241.766257  61.424154 27.420
 28   141.189 53187.78952319 27.29 241.763877  61.420994 27.420
 29   140.879 53222.78953317 42.22 241.791037  61.472649 30.269
 29   141.123 53222.78953382 28.40 241.788657  61.469489 30.269
 29   140.493 53222.78953446 22.61 241.786277  61.466339 30.269
 29   139.860 53222.78953511 21.06 241.783887  61.463179 30.269
 29   139.977 53222.78953575 21.17 241.781509  61.460028  7.020
 29   140.098 53222.78953640 20.39 241.779129  61.456868  7.020
 29   140.296 53222.78953704 23.95 241.776749  61.453718  7.020
 29   138.750 53222.78953769 23.52 241.774369  61.450568  7.020
 29   138.880 53222.78953833 25.87 241.771989  61.447408  7.020
 29   140.174 53222.78953897 24.17 241.769619  61.444258  7.020
 29   140.165 53222.78953962 23.57 241.767239  61.441098  7.020
 29   140.234 53222.78954026 24.41 241.764859  61.437948  7.020
 29   140.313 53222.78954091 24.17 241.762479  61.434788  7.020
 29   140.295 53222.78954155 24.78 241.760109  61.431638  7.020
 29   140.388 53222.78954220 25.53 241.757729  61.428478  7.020
 29   140.410 53222.78954284 26.01 241.755359  61.425328  7.020
 29   140.677 53222.78954349 25.46 241.752979  61.422168  7.020
 29   140.773 53222.78954413 32.12 241.750609  61.419018  7.020
 30   140.604 53257.78950897 38.38 241.780406  61.474304 15.392
 30   140.925 53257.78950961 37.32 241.778026  61.471144 15.392
 30   140.408 53257.78951026 30.20 241.775646  61.467994 15.392
 30   140.050 53257.78951090 32.31 241.773266  61.464834 15.392
 30   139.809 53257.78951155 35.76 241.770887  61.461681 33.254
 30   140.003 53257.78951219 36.33 241.768507  61.458531 33.254
 30   140.294 53257.78951284 34.86 241.766127  61.455371 33.254
 30   140.478 53257.78951348 48.43 241.763747  61.452221 33.254
 30   140.602 53257.78951413 52.29 241.761367  61.449061 33.254
 30   140.395 53257.78951477 53.67 241.758987  61.445911 33.254
 30   140.446 53257.78951541 53.50 241.756617  61.442751 33.254
 30   140.512 53257.78951606 51.57 241.754237  61.439601 33.254
 30   140.448 53257.78951670 52.54 241.751857  61.436441 33.254
 30   140.458 53257.78951735 52.34 241.749487  61.433291 33.254
 30   140.447 53257.78951799 51.64 241.747107  61.430131 33.254
 30   140.421 53257.78951864 51.79 241.744737  61.426981 33.254
 30   140.343 53257.78951928 51.81 241.742357  61.423821 33.254
 30   140.284 53257.78951993 51.48 241.739987  61.420671 33.254
 30   140.245 53257.78952057 49.37 241.737607  61.417511 33.254
 31   140.849 53292.78952850 24.36 241.794041  61.471981  5.324
 31   140.688 53292.78952914 20.56 241.791661  61.468831  5.324
 31   140.369 53292.78952979 18.97 241.789281  61.465681  5.324
 31   139.972 53292.78953043 18.74 241.786893  61.462527  9.403
 31   140.189 53292.78953108 17.94 241.784513  61.459367  9.403
 31   140.336 53292.78953172 18.86 241.782133  61.456217  9.403
 31   140.442 53292.78953237 19.44 241.779753  61.453057  9.403
 31   140.394 53292.78953301 19.90 241.777373  61.449907  9.403
 31   140.194 53292.78953366 21.36 241.774993  61.446757  9.403
 31   140.263 53292.78953430 22.54 241.772613  61.443597  9.403
 31   140.469 53292.78953495 23.03 241.770233  61.440447  9.403
 31   140.535 53292.78953559 23.98 241.767853  61.437287  9.403
 31   140.690 53292.78953624 35.97 241.765473  61.434137  9.403
 31   140.788 53292.78953688 39.23 241.763093  61.430977  9.403
 31   140.234 53292.78953753 22.31 241.760713  61.427827  9.403
 31   140.264 53292.78953817 21.01 241.758343  61.424667  9.403
 31   140.613 53292.78953881 27.65 241.755963  61.421517  9.403
 31   140.490 53292.78953946 31.61 241.753583  61.418357  9.403
 32   141.027 53327.78950262 33.49 241.793009  61.471267 10.050
 32   141.013 53327.78950326 33.35 241.790629  61.468117 10.050
 32   140.834 53327.78950390 32.16 241.788249  61.464967 10.050
 32   140.907 53327.78950455 32.68 241.785870  61.461809 12.034
 32   140.949 53327.78950519 33.93 241.783490  61.458649 12.034
 32   140.955 53327.78950584 36.17 241.781110  61.455499 12.034
 32   140.839 53327.78950648 35.23 241.778730  61.452339 12.034
 32   140.784 53327.78950713 36.31 241.776350  61.449189 12.034
 32   140.766 53327.78950777 36.52 241.773970  61.446039 12.034
 32   140.803 53327.78950842 35.98 241.771590  61.442879 12.034
 32   140.729 53327.78950906 35.27 241.769210  61.439729 12.034
 32   140.736 53327.78950971 33.67 241.766840  61.436569 12.034
 32   140.701 53327.78951035 31.29 241.764460  61.433419 12.034
 32   140.634 53327.78951100 32.14 241.762080  61.430259 12.034
 32   140.652 53327.78951164 29.59 241.759710  61.427109 12.034
 32   140.656 53327.78951229 27.69 241.757330  61.423949 12.034
 32   140.632 53327.78951293 26.96 241.754950  61.420799 12.034
 32   140.493 53327.78951357 25.29 241.752580  61.417639 12.034
 33   140.452 53362.78945677 17.94 241.790230  61.473311  3.092
 33   140.454 53362.78945741 18.60 241.787850  61.470151  3.092
 33   140.436 53362.78945806 19.53 241.785470  61.467001  3.092
 33   140.444 53362.78945870 20.37 241.783090  61.463841  3.092
 33   140.388 53362.78945935 20.93 241.780710  61.460690  4.118
 33   140.391 53362.78945999 21.03 241.778330  61.457540  4.118
 33   140.402 53362.78946064 22.50 241.775950  61.454380  4.118
 33   140.356 53362.78946128 23.12 241.773570  61.451230  4.118
 33   140.419 53362.78946193 22.85 241.771190  61.448070  4.118
 33   140.418 53362.78946257 22.46 241.768810  61.444920  4.118
 33   140.425 53362.78946322 22.52 241.766440  61.441760  4.118
 33   140.341 53362.78946386 22.97 241.764060  61.438610  4.118
 33   140.364 53362.78946450 22.52 241.761680  61.435450  4.118
 33   140.336 53362.78946515 22.01 241.759310  61.432300  4.118
 33   140.431 53362.78946579 21.73 241.756930  61.429140  4.118
 33   140.432 53362.78946644 21.38 241.754560  61.425990  4.118
 33   140.483 53362.78946708 20.97 241.752180  61.422830  4.118
 33   140.440 53362.78946773 19.48 241.749810  61.419680  4.118
 34   140.354 53397.78947821 15.09 241.799364  61.473740  2.151
 34   140.595 53397.78947885 15.08 241.796984  61.470580  2.151
 34   140.381 53397.78947949 15.26 241.794594  61.467430  2.151
 34   140.250 53397.78948014 15.41 241.792214  61.464280  2.151
 34   140.187 53397.78948078 15.68 241.789837  61.461124  2.562
 34   140.139 53397.78948143 15.85 241.787447  61.457964  2.562
 34   140.136 53397.78948207 16.27 241.785067  61.454814  2.562
 34   140.276 53397.78948272 16.24 241.782687  61.451654  2.562
 34   140.156 53397.78948336 16.85 241.780307  61.448504  2.562
 34   140.269 53397.78948401 16.50 241.777927  61.445354  2.562
 34   140.235 53397.78948465 16.65 241.775547  61.442194  2.562
 34   140.299 53397.78948530 16.07 241.773167  61.439044  2.562
 34   140.329 53397.78948594 16.39 241.770797  61.435884  2.562
 34   140.396 53397.78948659 16.21 241.768417  61.432734  2.562
 34   140.441 53397.78948723 15.74 241.766037  61.429574  2.562
 34   140.480 53397.78948788 15.29 241.763657  61.426424  2.562
 34   140.578 53397.78948852 14.56 241.761287  61.423264  2.562
 34   140.584 53397.78948916 14.20 241.758907  61.420114  2.562
 35   140.685 53432.78947016 16.74 241.787396  61.471602  2.999
 35   140.536 53432.78947081 16.99 241.785016  61.468452  2.999
 35   140.373 53432.78947145 17.00 241.782636  61.465292  2.999
 35   140.288 53432.78947210 17.57 241.780252  61.462141  2.833
 35   140.247 53432.78947274 17.48 241.777872  61.458991  2.833
 35   140.322 53432.78947339 17.37 241.775492  61.455831  2.833
 35   140.327 53432.78947403 17.68 241.773112  61.452681  2.833
 35   140.327 53432.78947468 17.19 241.770732  61.449521  2.833
 35   140.347 53432.78947532 17.03 241.768362  61.446371  2.833
 35   140.308 53432.78947597 17.37 241.765982  61.443211  2.833
 35   140.338 53432.78947661 17.11 241.763602  61.440061  2.833
 35   140.449 53432.78947725 16.85 241.761222  61.436901  2.833
 35   140.426 53432.78947790 16.89 241.758852  61.433751  2.833
 35   140.547 53432.78947854 16.21 241.756472  61.430591  2.833
 35   140.622 53432.78947919 16.44 241.754102  61.427441  2.833
 35   140.697 53432.78947983 15.98 241.751722  61.424281  2.833
 35   140.727 53432.78948048 16.51 241.749352  61.421131  2.833
 35   140.668 53432.78948112 14.15 241.746972  61.417971  2.833
 36   141.300 53467.78950687 18.45 241.800806  61.471381  2.722
 36   141.072 53467.78950751 18.21 241.798426  61.468221  2.722
 36   140.822 53467.78950816 18.13 241.796046  61.465071  2.722
 36   140.696 53467.78950880 18.97 241.793659  61.461916  4.163
 36   140.588 53467.78950945 18.90 241.791279  61.458756  4.163
 36   140.558 53467.78951009 20.22 241.788899  61.455606  4.163
 36   140.643 53467.78951074 19.86 241.786519  61.452446  4.163
 36   140.780 53467.78951138 19.52 241.784139  61.449296  4.163
 36   140.733 53467.78951203 19.75 241.781759  61.446146  4.163
 36   140.638 53467.78951267 19.98 241.779379  61.442986  4.163
 36   140.473 53467.78951332 19.93 241.776999  61.439836  4.163
 36   140.576 53467.78951396 20.02 241.774619  61.436676  4.163
 36   140.736 53467.78951460 19.46 241.772239  61.433526  4.163
 36   140.922 53467.78951525 19.95 241.769859  61.430366  4.163
 36   140.875 53467.78951589 20.28 241.767479  61.427216  4.163
 36   140.883 53467.78951654 20.28 241.765109  61.424056  4.163
 36   140.963 53467.78951718 18.89 241.762729  61.420906  4.163
 37   142.367 53502.78955717 27.74 241.787053  61.472533  6.955
 37   142.210 53502.78955781 21.70 241.784663  61.469373  6.955
 37   141.628 53502.78955846 21.84 241.782283  61.466223  6.955
 37   141.712 53502.78955910 22.64 241.779903  61.463063  6.955
 37   142.023 53502.78955975 26.70 241.777525  61.459913 19.768
 37   142.267 53502.78956039 36.02 241.775145  61.456763 19.768
 37   142.267 53502.78956104 43.77 241.772765  61.453603 19.768
 37   142.293 53502.78956168 32.09 241.770385  61.450453 19.768
 37   142.384 53502.78956232 42.14 241.768005  61.447293 19.768
 37   142.464 53502.78956297 40.75 241.765625  61.444143 19.768
 37   142.191 53502.78956361 27.50 241.763245  61.440983 19.768
 37   142.170 53502.78956426 22.79 241.760865  61.437833 19.768
 37   142.334 53502.78956490 29.06 241.758495  61.434673 19.768
 37   142.212 53502.78956555 23.10 241.756115  61.431523 19.768
 37   141.816 53502.78956619 22.43 241.753735  61.428363 19.768
 37   141.528 53502.78956684 24.31 241.751365  61.425213 19.768
 37   141.721 53502.78956748 25.54 241.748985  61.422053 19.768
 37   142.137 53502.78956813 26.72 241.746605  61.418903 19.768
 38   142.112 53537.78955098 36.02 241.791537  61.473333 16.384
 38   141.734 53537.78955163 25.66 241.789147  61.470173 16.384
 38   141.331 53537.78955227 22.18 241.786767  61.467023 16.384
 38   141.072 53537.78955291 20.95 241.784387  61.463863 16.384
 38   140.984 53537.78955356 15.14 241.782011  61.460713 11.312
 38   140.990 53537.78955420 15.82 241.779621  61.457553 11.312
 38   141.313 53537.78955485 15.68 241.777241  61.454403 11.312
 38   141.180 53537.78955549 15.89 241.774871  61.451253 11.312
 38   141.336 53537.78955614 15.62 241.772491  61.448093 11.312
 38   140.860 53537.78955678 17.30 241.770111  61.444943 11.312
 38   137.574 53537.78955743 20.01 241.767731  61.441783 11.312
 38   138.581 53537.78955807 21.20 241.765351  61.438633 11.312
 38   139.555 53537.78955872 18.68 241.762971  61.435473 11.312
 38   141.267 53537.78955936 15.62 241.760601  61.432323 11.312
 38   141.584 53537.78956001 14.23 241.758221  61.429163 11.312
 38   141.574 53537.78956065 15.99 241.755841  61.426013 11.312
 38   142.934 53537.78956130 17.35 241.753471  61.422853 11.312
 38   141.991 53537.78956194 23.53 241.751091  61.419703 11.312
 39   141.914 53572.78955368 38.37 241.785738  61.473680 44.141
 39   141.500 53572.78955432 27.58 241.783348  61.470520 44.141
 39   141.363 53572.78955497 23.67 241.780968  61.467370 44.141
 39   140.748 53572.78955561 25.48 241.778588  61.464210 44.141
 39   140.177 53572.78955626 25.22 241.776207  61.461061  9.894
 39   139.323 53572.78955690 28.45 241.773827  61.457901  9.894
 39   138.489 53572.78955754 27.19 241.771447  61.454751  9.894
 39   137.547 53572.78955819 24.65 241.769067  61.451591  9.894
 39   136.179 53572.78955883 23.60 241.766687  61.448441  9.894
 39   134.898 53572.78955948 25.48 241.764317  61.445291  9.894
 39   136.053 53572.78956012 22.79 241.761937  61.442131  9.894
 39   136.525 53572.78956077 23.14 241.759557  61.438981  9.894
 39   138.529 53572.78956141 21.11 241.757177  61.435821  9.894
 39   140.891 53572.78956206 19.35 241.754807  61.432671  9.894
 39   141.101 53572.78956270 18.73 241.752427  61.429511  9.894
 39   141.306 53572.78956335 17.98 241.750057  61.426361  9.894
 39   141.533 53572.78956399 18.06 241.747677  61.423201  9.894
 39   141.725 53572.78956464 20.21 241.745297  61.420051  9.894
 39   141.670 53572.78956528 34.03 241.742927  61.416891  9.894
 40   141.555 53607.78950289 41.73 241.781247  61.473734 39.773
 40   141.173 53607.78950354 32.72 241.778867  61.470574 39.773
 40   140.745 53607.78950418 33.05 241.776487  61.467424 39.773
 40   140.376 53607.78950483 33.71 241.774107  61.464264 39.773
 40   140.293 53607.78950547 35.90 241.771726  61.461110 10.026
 40   140.800 53607.78950612 35.92 241.769356  61.457960 10.026
 40   141.071 53607.78950676 36.08 241.766976  61.454800 10.026
 40   141.250 53607.78950741 35.81 241.764596  61.451650 10.026
 40   141.432 53607.78950805 36.29 241.762216  61.448490 10.026
 40   141.511 53607.78950869 36.74 241.759836  61.445340 10.026
 40   141.424 53607.78950934 40.94 241.757466  61.442180 10.026
 40   141.481 53607.78950998 36.65 241.755086  61.439030 10.026
 40   140.255 53607.78951063 35.38 241.752706  61.435870 10.026
 40   140.818 53607.78951127 34.20 241.750336  61.432720 10.026
 40   141.036 53607.78951192 33.20 241.747956  61.429560 10.026
 40   141.377 53607.78951256 34.13 241.745586  61.426410 10.026
 40   140.792 53607.78951321 31.65 241.743206  61.423250 10.026
 40   139.056 53607.78951385 31.96 241.740836  61.420100 10.026
 40   141.414 53607.78951450 32.27 241.738466  61.416940 10.026
 41   141.666 53642.78950372 41.64 241.801972  61.472489 37.898
 41   141.311 53642.78950436 29.35 241.799582  61.469339 37.898
 41   141.250 53642.78950500 27.00 241.797202  61.466179 37.898
 41   140.894 53642.78950565 29.40 241.794822  61.463029 37.898
 41   140.189 53642.78950629 30.98 241.792438  61.459874  6.588
 41   140.208 53642.78950694 29.25 241.790058  61.456714  6.588
 41   140.008 53642.78950758 27.61 241.787678  61.453564  6.588
 41   139.922 53642.78950823 26.87 241.785298  61.450404  6.588
 41   139.809 53642.78950887 27.49 241.782908  61.447254  6.588
 41   140.242 53642.78950952 26.81 241.780538  61.444094  6.588
 41   140.273 53642.78951016 25.91 241.778158  61.440944  6.588
 41   140.356 53642.78951081 25.59 241.775778  61.437794  6.588
 41   140.594 53642.78951145 24.96 241.773398  61.434634  6.588
 41   140.868 53642.78951210 24.88 241.771018  61.431484  6.588
 41   141.570 53642.78951274 30.55 241.768638  61.428324  6.588
 41   141.476 53642.78951339 26.71 241.766258  61.425174  6.588
 41   141.319 53642.78951403 27.77 241.763888  61.422014  6.588
 41   141.436 53642.78951467 40.54 241.761508  61.418864  6.588
 42   141.373 53677.78952263 42.52 241.787986  61.473819 26.196
 42   141.282 53677.78952327 52.14 241.785606  61.470659 26.196
 42   141.362 53677.78952391 52.80 241.783226  61.467509 26.196
 42   141.419 53677.78952456 48.54 241.780846  61.464359 26.196
 42   141.354 53677.78952520 48.02 241.778468  61.461201 14.931
 42   141.240 53677.78952585 46.60 241.776088  61.458041 14.931
 42   141.229 53677.78952649 39.27 241.773708  61.454891 14.931
 42   141.164 53677.78952714 25.94 241.771328  61.451731 14.931
 42   141.250 53677.78952778 26.27 241.768948  61.448581 14.931
 42   140.041 53677.78952843 26.67 241.766568  61.445431 14.931
 42   139.404 53677.78952907 26.88 241.764188  61.442271 14.931
 42   139.040 53677.78952972 27.18 241.761808  61.439121 14.931
 42   139.783 53677.78953036 27.06 241.759438  61.435961 14.931
 42   140.114 53677.78953101 27.72 241.757058  61.432811 14.931
 42   140.670 53677.78953165 27.99 241.754678  61.429651 14.931
 42   140.923 53677.78953230 29.19 241.752298  61.426501 14.931
 42   141.154 53677.78953294 34.26 241.749928  61.423341 14.931
 42   141.304 53677.78953358 43.34 241.747548  61.420191 14.931
 42   141.245 53677.78953423 42.67 241.745178  61.417031 14.931
 43   141.019 53712.78945137 30.08 241.788559  61.474001  7.327
 43   141.099 53712.78945201 33.74 241.786179  61.470841  7.327
 43   141.144 53712.78945266 33.34 241.783799  61.467691  7.327
 43   141.127 53712.78945330 35.34 241.781419  61.464531  7.327
 43   140.990 53712.78945395 32.88 241.779041  61.461379  6.209
 43   141.126 53712.78945459 32.74 241.776661  61.458229  6.209
 43   140.873 53712.78945524 27.46 241.774281  61.455069  6.209
 43   140.560 53712.78945588 25.55 241.771901  61.451919  6.209
 43   140.337 53712.78945653 24.62 241.769521  61.448759  6.209
 43   140.246 53712.78945717 23.88 241.767141  61.445609  6.209
 43   140.586 53712.78945781 22.20 241.764771  61.442449  6.209
 43   140.668 53712.78945846 21.39 241.762391  61.439299  6.209
 43   140.780 53712.78945910 20.43 241.760011  61.436139  6.209
 43   140.775 53712.78945975 20.14 241.757641  61.432989  6.209
 43   140.775 53712.78946039 19.43 241.755261  61.429829  6.209
 43   140.838 53712.78946104 18.61 241.752891  61.426679  6.209
 43   140.860 53712.78946168 18.16 241.750511  61.423519  6.209
 43   140.819 53712.78946233 17.79 241.748141  61.420369  6.209
 43   140.564 53712.78946297 17.59 241.745761  61.417209  6.209
 45   141.987 53782.78939531 21.89 241.795163  61.472119  4.678
 45   142.009 53782.78939596 21.44 241.792773  61.468959  4.678
 45   141.886 53782.78939660 21.12 241.790393  61.465809  4.678
 45   141.952 53782.78939725 20.14 241.788013  61.462649  4.678
 45   141.742 53782.78939789 19.96 241.785631  61.459500  2.807
 45   141.469 53782.78939854 20.01 241.783251  61.456340  2.807
 45   141.292 53782.78939918 19.44 241.780871  61.453190  2.807
 45   141.307 53782.78939982 19.31 241.778491  61.450030  2.807
 45   141.643 53782.78940047 18.87 241.776121  61.446880  2.807
 45   141.613 53782.78940111 18.64 241.773741  61.443730  2.807
 45   141.625 53782.78940176 18.47 241.771361  61.440570  2.807
 45   141.690 53782.78940240 18.72 241.768981  61.437420  2.807
 45   141.689 53782.78940305 18.28 241.766601  61.434260  2.807
 45   141.652 53782.78940369 19.00 241.764231  61.431110  2.807
 45   141.691 53782.78940434 19.56 241.761851  61.427950  2.807
 45   141.857 53782.78940498 18.36 241.759481  61.424800  2.807
 45   141.965 53782.78940563 18.48 241.757101  61.421640  2.807
 45   142.024 53782.78940627 18.27 241.754721  61.418490  2.807
 46   141.539 53817.78936011 19.10 241.780709  61.471807  3.161
 46   141.531 53817.78936075 18.38 241.778329  61.468657  3.161
 46   141.452 53817.78936140 18.35 241.775949  61.465497  3.161
 46   141.399 53817.78936204 18.17 241.773569  61.462347  3.161
 46   141.325 53817.78936269 17.72 241.771189  61.459187  3.161
 46   141.269 53817.78936333 17.81 241.768809  61.456037  3.161
 46   141.207 53817.78936398 17.64 241.766429  61.452887  3.161
 46   140.957 53817.78936462 17.43 241.764059  61.449727  3.161
 46   141.136 53817.78936527 17.47 241.761676  61.446568  2.266
 46   141.289 53817.78936591 17.07 241.759296  61.443418  2.266
 46   141.286 53817.78936656 17.08 241.756926  61.440258  2.266
 46   141.364 53817.78936720 17.03 241.754546  61.437108  2.266
 46   141.190 53817.78936785 17.24 241.752176  61.433948  2.266
 46   141.338 53817.78936849 16.82 241.749796  61.430798  2.266
 46   141.406 53817.78936913 16.34 241.747426  61.427638  2.266
 46   141.456 53817.78936978 16.05 241.745046  61.424488  2.266
 46   141.541 53817.78937042 15.39 241.742676  61.421328  2.266
 46   141.630 53817.78937107 14.88 241.740306  61.418178  2.266
 47   142.963 53852.78943418 28.99 241.796446  61.472392 29.207
 47   142.596 53852.78943482 22.35 241.794056  61.469242 29.207
 47   142.126 53852.78943547 17.88 241.791676  61.466082 29.207
 47   141.454 53852.78943611 15.34 241.789296  61.462932 29.207
 47   141.046 53852.78943676 12.55 241.786906  61.459782 29.207
 47   142.379 53852.78943740 11.47 241.784528  61.456625 13.139
 47   139.559 53852.78943805 11.06 241.782148  61.453465 13.139
 47   137.816 53852.78943869 12.33 241.779768  61.450315 13.139
 47   137.858 53852.78943934 12.01 241.777388  61.447155 13.139
 47   139.160 53852.78943998 12.36 241.775008  61.444005 13.139
 47   139.801 53852.78944063 12.97 241.772628  61.440855 13.139
 47   140.473 53852.78944127 13.53 241.770248  61.437695 13.139
 47   141.030 53852.78944192 15.69 241.767868  61.434545 13.139
 47   141.787 53852.78944256 16.41 241.765498  61.431385 13.139
 47   142.252 53852.78944321 18.44 241.763118  61.428235 13.139
 47   142.700 53852.78944385 22.03 241.760738  61.425075 13.139
 47   143.111 53852.78944449 25.77 241.758368  61.421925 13.139
 47   143.075 53852.78944514 39.17 241.755988  61.418765 13.139
 48   142.260 53887.78944031 47.73 241.804316  61.473922 41.701
 48   141.822 53887.78944095 28.94 241.801936  61.470762 41.701
 48   141.782 53887.78944160 28.92 241.799556  61.467612 41.701
 48   141.766 53887.78944224 28.96 241.797176  61.464452 41.701
 48   141.722 53887.78944289 28.56 241.794790  61.461303  4.543
 48   141.567 53887.78944353 29.70 241.792410  61.458143  4.543
 48   141.482 53887.78944418 30.65 241.790030  61.454993  4.543
 48   141.658 53887.78944482 29.49 241.787650  61.451843  4.543
 48   141.675 53887.78944547 28.55 241.785270  61.448683  4.543
 48   141.674 53887.78944611 28.12 241.782890  61.445533  4.543
 48   141.665 53887.78944676 27.74 241.780510  61.442373  4.543
 48   141.660 53887.78944740 27.59 241.778130  61.439223  4.543
 48   141.669 53887.78944805 27.00 241.775760  61.436063  4.543
 48   141.656 53887.78944869 26.44 241.773380  61.432913  4.543
 48   141.683 53887.78944933 25.84 241.771000  61.429753  4.543
 48   141.516 53887.78944998 25.31 241.768620  61.426603  4.543
 48   141.548 53887.78945062 24.73 241.766250  61.423443  4.543
 48   143.483 53887.78945127 24.07 241.763870  61.420293  4.543
 49   141.999 53922.78951136 44.52 241.784868  61.471887 42.670
 49   141.850 53922.78951200 30.21 241.782488  61.468737 42.670
 49   141.694 53922.78951265 29.43 241.780098  61.465577 42.670
 49   141.400 53922.78951329 27.37 241.777718  61.462427 42.670
 49   140.976 53922.78951394 25.17 241.775338  61.459267 42.670
 49   140.201 53922.78951458 24.55 241.772955  61.456116 10.051
 49   139.518 53922.78951522 23.95 241.770575  61.452956 10.051
 49   138.527 53922.78951587 23.45 241.768195  61.449806 10.051
 49   137.253 53922.78951651 22.75 241.765825  61.446656 10.051
 49   136.392 53922.78951716 22.26 241.763445  61.443496 10.051
 49   136.830 53922.78951780 21.17 241.761065  61.440346 10.051
 49   139.211 53922.78951845 20.20 241.758685  61.437186 10.051
 49   140.276 53922.78951909 19.45 241.756305  61.434036 10.051
 49   141.335 53922.78951974 18.69 241.753935  61.430876 10.051
 49   141.711 53922.78952038 18.27 241.751555  61.427726 10.051
 49   142.725 53922.78952103 17.48 241.749175  61.424566 10.051
 49   143.510 53922.78952167 17.32 241.746805  61.421416 10.051
 49   141.893 53922.78952232 28.09 241.744425  61.418256 10.051
 50   141.308 53957.78950525 26.00 241.781301  61.471962 36.472
 50   140.664 53957.78950590 27.15 241.778921  61.468812 36.472
 50   140.181 53957.78950654 27.35 241.776541  61.465652 36.472
 50   140.160 53957.78950719 28.52 241.774161  61.462502 36.472
 50   140.425 53957.78950783 31.10 241.771781  61.459342 36.472
 50   140.626 53957.78950848 33.95 241.769402  61.456191 11.001
 50   140.828 53957.78950912 36.96 241.767022  61.453031 11.001
 50   140.973 53957.78950977 39.12 241.764642  61.449881 11.001
 50   141.168 53957.78951041 37.28 241.762262  61.446731 11.001
 50   141.270 53957.78951105 40.16 241.759882  61.443571 11.001
 50   141.412 53957.78951170 40.65 241.757502  61.440421 11.001
 50   140.856 53957.78951234 35.41 241.755132  61.437261 11.001
 50   140.673 53957.78951299 33.99 241.752752  61.434111 11.001
 50   140.504 53957.78951363 33.36 241.750372  61.430951 11.001
 50   139.936 53957.78951428 32.29 241.748002  61.427801 11.001
 50   138.222 53957.78951492 32.62 241.745622  61.424641 11.001
 50   137.348 53957.78951557 33.30 241.743252  61.421491 11.001
 50   136.905 53957.78951621 33.35 241.740872  61.418331 11.001
 51   141.062 53992.78942963 42.19 241.813973  61.473437 40.483
 51   141.366 53992.78943027 43.83 241.811593  61.470287 40.483
 51   141.236 53992.78943092 38.93 241.809213  61.467127 40.483
 51   141.044 53992.78943156 33.50 241.806823  61.463977 40.483
 51   140.902 53992.78943221 31.83 241.804443  61.460817 40.483
 51   140.951 53992.78943285 31.46 241.802063  61.457667 40.483
 51   140.977 53992.78943350 43.72 241.799673  61.454507 40.483
 51   140.860 53992.78943414 53.25 241.797293  61.451357 40.483
 51   140.866 53992.78943479 54.12 241.794913  61.448207 40.483
 51   140.953 53992.78943543 52.76 241.792533  61.445047 40.483
 51   141.016 53992.78943608 52.22 241.790153  61.441897 40.483
 51   140.878 53992.78943672 53.48 241.787773  61.438737 40.483
 51   140.828 53992.78943737 53.45 241.785393  61.435587 40.483
 51   140.827 53992.78943801 53.59 241.783013  61.432427 40.483
 51   140.829 53992.78943865 53.33 241.780633  61.429277 40.483
 51   140.821 53992.78943930 52.45 241.778253  61.426127 40.483
 51   140.815 53992.78943994 52.44 241.775873  61.422967 40.483
 52   140.516 54027.78949218 25.19 241.804528  61.473196 10.968
 52   135.232 54027.78949283 28.00 241.802148  61.470036 10.968
 52   136.110 54027.78949347 31.47 241.799758  61.466886 10.968
 52   137.408 54027.78949412 31.78 241.797378  61.463726 10.968
 52   138.053 54027.78949476 32.25 241.794998  61.460576 10.968
 52   139.061 54027.78949541 28.63 241.792618  61.457426 10.968
 52   139.761 54027.78949605 28.62 241.790232  61.454270 20.185
 52   140.170 54027.78949670 28.73 241.787852  61.451110 20.185
 52   140.413 54027.78949734 31.28 241.785472  61.447960 20.185
 52   140.556 54027.78949799 39.52 241.783092  61.444800 20.185
 52   140.669 54027.78949863 50.92 241.780712  61.441650 20.185
 52   140.980 54027.78949928 52.19 241.778332  61.438500 20.185
 52   140.682 54027.78949992 49.29 241.775952  61.435340 20.185
 52   140.428 54027.78950057 26.74 241.773572  61.432190 20.185
 52   140.093 54027.78950121 27.74 241.771202  61.429030 20.185
 52   138.025 54027.78950185 31.10 241.768822  61.425880 20.185
 52   140.441 54027.78950250 35.91 241.766442  61.422720 20.185
 52   140.549 54027.78950314 42.71 241.764062  61.419570 20.185
 53   141.172 54062.78948621 22.74 241.796493  61.473189  5.919
 53   141.225 54062.78948685 32.84 241.794113  61.470039  5.919
 53   141.322 54062.78948750 34.73 241.791733  61.466879  5.919
 53   141.048 54062.78948814 26.72 241.789353  61.463729  5.919
 53   140.998 54062.78948879 22.91 241.786973  61.460569  5.919
 53   140.880 54062.78948943 22.21 241.784588  61.457420  3.201
 53   140.638 54062.78949008 21.13 241.782208  61.454260  3.201
 53   140.469 54062.78949072 20.11 241.779828  61.451110  3.201
 53   140.592 54062.78949137 19.25 241.777448  61.447950  3.201
 53   140.615 54062.78949201 19.18 241.775068  61.444800  3.201
 53   140.762 54062.78949266 18.10 241.772698  61.441650  3.201
 53   140.842 54062.78949330 17.71 241.770318  61.438490  3.201
 53   140.875 54062.78949394 18.09 241.767938  61.435340  3.201
 53   140.744 54062.78949459 18.58 241.765558  61.432180  3.201
 53   140.738 54062.78949523 18.54 241.763188  61.429030  3.201
 53   140.734 54062.78949588 16.40 241.760808  61.425870  3.201
 53   140.725 54062.78949652 15.90 241.758438  61.422720  3.201
 53   140.701 54062.78949717 14.95 241.756058  61.419560  3.201
 54   140.851 54097.78945603 17.51 241.783733  61.473126  3.776
 54   140.867 54097.78945668 17.68 241.781353  61.469976  3.776
 54   140.934 54097.78945732 17.68 241.778963  61.466816  3.776
 54   140.914 54097.78945797 17.97 241.776583  61.463666  3.776
 54   140.769 54097.78945861 17.52 241.774203  61.460506  3.776
 54   140.762 54097.78945926 17.84 241.771827  61.457353  2.281
 54   140.616 54097.78945990 16.81 241.769447  61.454203  2.281
 54   140.415 54097.78946055 17.08 241.767067  61.451043  2.281
 54   140.539 54097.78946119 16.22 241.764697  61.447893  2.281
 54   140.614 54097.78946184 15.99 241.762317  61.444733  2.281
 54   140.773 54097.78946248 15.62 241.759937  61.441583  2.281
 54   140.754 54097.78946313 15.05 241.757557  61.438423  2.281
 54   140.802 54097.78946377 14.66 241.755187  61.435273  2.281
 54   140.740 54097.78946442 14.39 241.752807  61.432113  2.281
 54   140.724 54097.78946506 14.16 241.750437  61.428963  2.281
 54   140.576 54097.78946570 13.97 241.748057  61.425803  2.281
 54   140.513 54097.78946635 13.54 241.745687  61.422653  2.281
 54   140.479 54097.78946699 13.02 241.743307  61.419493  2.281
 54   140.458 54097.78946764 12.63 241.740937  61.416343  2.281
 55   140.636 54132.78940830 15.57 241.805521  61.474090  2.697
 55   140.675 54132.78940894 15.36 241.803141  61.470940  2.697
 55   140.704 54132.78940959 16.08 241.800751  61.467790  2.697
 55   140.658 54132.78941023 16.20 241.798371  61.464630  2.697
 55   140.596 54132.78941088 15.37 241.795991  61.461480  2.697
 55   140.517 54132.78941152 15.85 241.793601  61.458320  2.697
 55   140.192 54132.78941217 15.40 241.791221  61.455170  2.697
 55   139.883 54132.78941281 15.77 241.788841  61.452010  2.697
 55   139.660 54132.78941346 15.60 241.786467  61.448862  1.932
 55   139.947 54132.78941410 14.80 241.784077  61.445702  1.932
 55   139.894 54132.78941475 14.79 241.781707  61.442552  1.932
 55   140.122 54132.78941539 13.86 241.779327  61.439392  1.932
 55   140.295 54132.78941604 13.05 241.776947  61.436242  1.932
 55   140.446 54132.78941668 12.59 241.774567  61.433092  1.932
 55   140.523 54132.78941733 12.17 241.772187  61.429932  1.932
 55   140.608 54132.78941797 11.83 241.769807  61.426782  1.932
 55   140.580 54132.78941861 11.35 241.767437  61.423622  1.932
 55   140.624 54132.78941926 11.01 241.765057  61.420472  1.932
 56   140.471 54167.78942986 16.40 241.784713  61.471473  2.831
 56   140.554 54167.78943050 16.00 241.782323  61.468323  2.831
 56   140.511 54167.78943115 15.71 241.779943  61.465163  2.831
 56   140.463 54167.78943179 15.71 241.777563  61.462013  2.831
 56   140.416 54167.78943244 16.12 241.775183  61.458853  2.831
 56   140.310 54167.78943308 16.17 241.772803  61.455702  1.990
 56   140.289 54167.78943372 15.45 241.770433  61.452542  1.990
 56   140.347 54167.78943437 15.29 241.768053  61.449392  1.990
 56   140.434 54167.78943501 15.04 241.765673  61.446242  1.990
 56   140.583 54167.78943566 14.51 241.763293  61.443082  1.990
 56   140.668 54167.78943630 14.18 241.760913  61.439932  1.990
 56   140.715 54167.78943695 13.98 241.758543  61.436772  1.990
 56   140.780 54167.78943759 13.08 241.756163  61.433622  1.990
 56   140.772 54167.78943824 12.80 241.753783  61.430462  1.990
 56   140.778 54167.78943888 12.12 241.751413  61.427312  1.990
 56   140.719 54167.78943953 12.00 241.749033  61.424152  1.990
 56   140.778 54167.78944017 11.66 241.746663  61.421002  1.990
 56   140.654 54167.78944082 11.44 241.744283  61.417842  1.990
 57   140.768 54202.78942077  1.15 241.770677  61.431627  5.677
 57   140.765 54202.78942142  3.25 241.768307  61.428467  5.677
 57   140.864 54202.78942206  6.01 241.765927  61.425317  5.677
 57   140.999 54202.78942271  7.79 241.763547  61.422157  5.677
 57   141.018 54202.78942335  7.60 241.761177  61.419007  5.677
 58   141.706 54237.78944751 44.23 241.797266  61.473509 32.048
 58   141.330 54237.78944816 26.96 241.794886  61.470359 32.048
 58   141.053 54237.78944880 23.91 241.792506  61.467209 32.048
 58   140.384 54237.78944945 18.28 241.790126  61.464049 32.048
 58   139.992 54237.78945009 19.01 241.787736  61.460899 32.048
 58   139.208 54237.78945074 19.12 241.785356  61.457739 32.048
 58   140.442 54237.78945138 19.09 241.782976  61.454588 10.105
 58   140.683 54237.78945202 18.55 241.780596  61.451428 10.105
 58   140.068 54237.78945267 18.18 241.778216  61.448278 10.105
 58   140.749 54237.78945331 18.14 241.775836  61.445128 10.105
 58   140.513 54237.78945396 17.67 241.773466  61.441968 10.105
 58   141.021 54237.78945460 17.65 241.771086  61.438818 10.105
 58   140.896 54237.78945525 17.33 241.768706  61.435658 10.105
 58   141.129 54237.78945589 17.09 241.766326  61.432508 10.105
 58   141.530 54237.78945654 16.58 241.763956  61.429348 10.105
 58   142.712 54237.78945718 16.35 241.761576  61.426198 10.105
 58   143.257 54237.78945783 21.30 241.759196  61.423038 10.105
 58   141.458 54237.78945847 28.65 241.756826  61.419888 10.105
 59   142.030 54272.78946698 33.03 241.792194  61.471196 36.334
 59   142.038 54272.78946762 42.07 241.789814  61.468046 36.334
 59   141.460 54272.78946826 25.04 241.787434  61.464886 36.334
 59   141.561 54272.78946891 21.37 241.785054  61.461736 36.334
 59   141.329 54272.78946955 21.11 241.782674  61.458576 36.334
 59   141.196 54272.78947020 20.49 241.780290  61.455425  7.087
 59   140.637 54272.78947084 20.75 241.777910  61.452265  7.087
 59   140.145 54272.78947149 21.70 241.775530  61.449115  7.087
 59   139.691 54272.78947213 22.27 241.773150  61.445965  7.087
 59   139.173 54272.78947278 21.78 241.770770  61.442805  7.087
 59   138.633 54272.78947342 21.31 241.768400  61.439655  7.087
 59   138.994 54272.78947407 20.28 241.766020  61.436495  7.087
 59   140.842 54272.78947471 19.76 241.763640  61.433345  7.087
 59   141.312 54272.78947536 18.80 241.761260  61.430185  7.087
 59   141.594 54272.78947600 17.82 241.758890  61.427035  7.087
 59   141.666 54272.78947665 17.69 241.756510  61.423875  7.087
 59   142.078 54272.78947729 21.20 241.754140  61.420725  7.087
 59   141.998 54272.78947794 37.95 241.751760  61.417565  7.087
 60   141.807 54307.78946859 47.41 241.796406  61.473707 50.836
 60   141.784 54307.78946924 52.69 241.794026  61.470547 50.836
 60   141.746 54307.78946988 52.90 241.791646  61.467397 50.836
 60   141.684 54307.78947053 53.05 241.789266  61.464237 50.836
 60   141.628 54307.78947117 53.67 241.786886  61.461087 50.836
 60   141.626 54307.78947182 53.41 241.784496  61.457927 50.836
 60   141.623 54307.78947246 53.24 241.782118  61.454777 37.968
 60   141.625 54307.78947311 53.71 241.779738  61.451627 37.968
 60   141.628 54307.78947375 54.09 241.777358  61.448467 37.968
 60   141.642 54307.78947440 53.38 241.774978  61.445317 37.968
 60   141.647 54307.78947504 53.25 241.772598  61.442157 37.968
 60   141.662 54307.78947569 53.29 241.770228  61.439007 37.968
 60   141.674 54307.78947633 52.45 241.767848  61.435847 37.968
 60   141.691 54307.78947698 52.21 241.765468  61.432697 37.968
 60   141.701 54307.78947762 52.43 241.763098  61.429537 37.968
 60   141.712 54307.78947827 51.75 241.760718  61.426387 37.968
 60   141.714 54307.78947891 51.96 241.758338  61.423227 37.968
 60   141.713 54307.78947955 52.55 241.755968  61.420077 37.968
 61   141.203 54342.78944850 24.79 241.786007  61.471622 37.510
 61   140.881 54342.78944915 21.64 241.783617  61.468472 37.510
 61   140.450 54342.78944979 18.49 241.781237  61.465312 37.510
 61   140.162 54342.78945044 18.06 241.778857  61.462162 37.510
 61   139.371 54342.78945108 19.57 241.776477  61.459002 37.510
 61   138.301 54342.78945173 21.60 241.774100  61.455848  9.550
 61   137.477 54342.78945237 22.93 241.771720  61.452698  9.550
 61   140.599 54342.78945302 18.99 241.769340  61.449538  9.550
 61   134.976 54342.78945366 20.82 241.766970  61.446388  9.550
 61   135.241 54342.78945431 21.58 241.764590  61.443228  9.550
 61   140.401 54342.78945495 17.36 241.762210  61.440078  9.550
 61   140.563 54342.78945560 16.39 241.759830  61.436918  9.550
 61   140.379 54342.78945624 18.08 241.757460  61.433768  9.550
 61   139.579 54342.78945688 20.41 241.755080  61.430608  9.550
 61   136.573 54342.78945753 22.45 241.752710  61.427458  9.550
 61   140.485 54342.78945817 26.11 241.750330  61.424298  9.550
 61   140.685 54342.78945882 29.60 241.747960  61.421148  9.550
 61   140.620 54342.78945946 31.26 241.745580  61.417988  9.550
 62   141.239 54377.78940373 41.31 241.799981  61.473986 35.246
 62   141.233 54377.78940438 26.15 241.797591  61.470836 35.246
 62   140.866 54377.78940502 20.39 241.795211  61.467686 35.246
 62   140.630 54377.78940566 20.07 241.792831  61.464526 35.246
 62   140.801 54377.78940631 20.17 241.790451  61.461376 35.246
 62   140.935 54377.78940695 19.87 241.788063  61.458219 29.719
 62   141.286 54377.78940760 31.71 241.785683  61.455059 29.719
 62   141.527 54377.78940824 41.73 241.783303  61.451909 29.719
 62   141.415 54377.78940889 42.65 241.780923  61.448749 29.719
 62   141.134 54377.78940953 48.45 241.778543  61.445599 29.719
 62   141.166 54377.78941018 51.26 241.776163  61.442449 29.719
 62   141.194 54377.78941082 39.05 241.773783  61.439289 29.719
 62   141.227 54377.78941147 43.59 241.771403  61.436139 29.719
 62   141.193 54377.78941211 46.74 241.769033  61.432979 29.719
 62   141.203 54377.78941276 41.40 241.766653  61.429829 29.719
 62   141.167 54377.78941340 45.39 241.764273  61.426669 29.719
 62   141.183 54377.78941405 48.62 241.761903  61.423519 29.719
 62   141.199 54377.78941469 51.48 241.759523  61.420359 29.719
 63   141.065 54412.78939570 42.49 241.791010  61.472672 21.249
 63   140.954 54412.78939634 51.50 241.788630  61.469512 21.249
 63   141.011 54412.78939699 48.93 241.786250  61.466362 21.249
 63   141.077 54412.78939763 47.60 241.783870  61.463202 21.249
 63   141.001 54412.78939828 48.44 241.781490  61.460052 21.249
 63   140.881 54412.78939892 49.59 241.779110  61.456892 21.249
 63   140.902 54412.78939957 44.85 241.776730  61.453742 21.249
 63   140.914 54412.78940021 41.23 241.774350  61.450592 21.249
 63   140.793 54412.78940086 36.65 241.771970  61.447432 21.249
 63   140.755 54412.78940150 36.38 241.769590  61.444282 21.249
 63   140.737 54412.78940214 34.20 241.767210  61.441122 21.249
 63   140.716 54412.78940279 32.78 241.764828  61.437968  6.863
 63   140.676 54412.78940343 31.63 241.762458  61.434818  6.863
 63   140.760 54412.78940408 30.13 241.760078  61.431658  6.863
 63   140.722 54412.78940472 28.71 241.757698  61.428508  6.863
 63   140.718 54412.78940537 28.44 241.755328  61.425348  6.863
 63   140.807 54412.78940601 32.55 241.752948  61.422198  6.863
 63   140.750 54412.78940666 35.02 241.750578  61.419038  6.863
 64   141.609 54447.78936944 30.03 241.803548  61.473506 12.238
 64   141.707 54447.78937008 31.44 241.801168  61.470356 12.238
 64   141.757 54447.78937073 33.00 241.798788  61.467196 12.238
 64   141.619 54447.78937137 32.40 241.796398  61.464046 12.238
 64   141.602 54447.78937202 29.84 241.794018  61.460896 12.238
 64   141.534 54447.78937266 27.50 241.791642  61.457740  3.315
 64   141.354 54447.78937331 25.60 241.789252  61.454580  3.315
 64   141.055 54447.78937395 24.04 241.786872  61.451430  3.315
 64   140.975 54447.78937460 22.40 241.784492  61.448270  3.315
 64   141.096 54447.78937524 22.11 241.782112  61.445120  3.315
 64   141.021 54447.78937589 21.96 241.779732  61.441970  3.315
 64   141.224 54447.78937653 20.22 241.777352  61.438810  3.315
 64   141.285 54447.78937717 19.87 241.774972  61.435660  3.315
 64   141.277 54447.78937782 18.88 241.772602  61.432500  3.315
 64   141.317 54447.78937846 18.41 241.770222  61.429350  3.315
 64   141.303 54447.78937911 18.25 241.767842  61.426190  3.315
 64   141.418 54447.78937975 17.18 241.765472  61.423040  3.315
 64   141.379 54447.78938040 16.53 241.763092  61.419880  3.315
 66   141.080 54517.78938373 16.92 241.801904  61.471589  2.201
 66   141.141 54517.78938437 17.08 241.799522  61.468436  2.634
 66   141.066 54517.78938502 17.12 241.797142  61.465276  2.634
 66   140.987 54517.78938566 17.37 241.794752  61.462126  2.634
 66   140.913 54517.78938631 17.68 241.792372  61.458966  2.634
 66   140.771 54517.78938695 17.77 241.789992  61.455816  2.634
 66   140.617 54517.78938760 17.61 241.787612  61.452666  2.634
 66   140.586 54517.78938824 17.71 241.785232  61.449506  2.634
 66   140.560 54517.78938889 17.84 241.782852  61.446356  2.634
 66   140.657 54517.78938953 17.34 241.780472  61.443196  2.634
 66   140.693 54517.78939018 16.77 241.778092  61.440046  2.634
 66   140.606 54517.78939082 16.15 241.775712  61.436886  2.634
 66   140.785 54517.78939147 15.57 241.773332  61.433736  2.634
 66   140.898 54517.78939211 15.37 241.770962  61.430576  2.634
 66   141.000 54517.78939276 14.62 241.768582  61.427426  2.634
 66   141.070 54517.78939340 13.82 241.766202  61.424266  2.634
 66   141.008 54517.78939404 13.62 241.763822  61.421116  2.634
 67   141.055 54552.78940125 15.29 241.785462  61.471597  2.485
 67   141.017 54552.78940189 15.53 241.783078  61.468447  2.420
 67   140.990 54552.78940254 15.32 241.780698  61.465287  2.420
 67   140.916 54552.78940318 15.43 241.778318  61.462137  2.420
 67   140.883 54552.78940383 15.94 241.775938  61.458987  2.420
 67   140.787 54552.78940447 15.63 241.773558  61.455827  2.420
 67   140.586 54552.78940511 16.16 241.771178  61.452677  2.420
 67   140.576 54552.78940576 15.95 241.768798  61.449517  2.420
 67   140.513 54552.78940640 16.09 241.766418  61.446367  2.420
 67   140.617 54552.78940705 15.83 241.764048  61.443207  2.420
 67   140.692 54552.78940769 15.15 241.761668  61.440057  2.420
 67   140.628 54552.78940834 15.47 241.759288  61.436897  2.420
 67   140.823 54552.78940898 14.29 241.756918  61.433747  2.420
 67   140.824 54552.78940963 14.13 241.754538  61.430587  2.420
 67   140.729 54552.78941027 13.71 241.752158  61.427437  2.420
 67   140.856 54552.78941092 13.23 241.749788  61.424277  2.420
 67   140.825 54552.78941156 12.98 241.747408  61.421127  2.420
 67   140.493 54552.78941221 13.02 241.745038  61.417967  2.420
 68   142.038 54587.78937923 46.76 241.796937  61.472282 42.150
 68   141.646 54587.78937987 32.15 241.794557  61.469132 42.150
 68   141.383 54587.78938052 25.96 241.792172  61.465974 13.873
 68   140.723 54587.78938116 24.75 241.789792  61.462814 13.873
 68   141.895 54587.78938181 19.56 241.787412  61.459664 13.873
 68   142.047 54587.78938245 18.74 241.785032  61.456514 13.873
 68   141.981 54587.78938310 17.54 241.782652  61.453354 13.873
 68   141.951 54587.78938374 17.27 241.780272  61.450204 13.873
 68   142.006 54587.78938439 16.22 241.777892  61.447044 13.873
 68   141.902 54587.78938503 14.97 241.775512  61.443894 13.873
 68   141.988 54587.78938568 15.86 241.773132  61.440734 13.873
 68   142.066 54587.78938632 17.13 241.770752  61.437584 13.873
 68   142.126 54587.78938697 18.23 241.768372  61.434424 13.873
 68   141.848 54587.78938761 20.63 241.765992  61.431274 13.873
 68   141.662 54587.78938825 23.54 241.763622  61.428114 13.873
 68   141.744 54587.78938890 25.45 241.761242  61.424964 13.873
 68   141.797 54587.78938954 31.39 241.758862  61.421804 13.873
 68   141.508 54587.78939019 42.45 241.756492  61.418654 13.873
 69   141.765 54622.78939723 51.91 241.793505  61.474202 50.795
 69   141.733 54622.78939788 53.26 241.791125  61.471052 50.795
 69   141.875 54622.78939852 51.98 241.788748  61.467895 31.283
 69   141.879 54622.78939917 52.05 241.786358  61.464735 31.283
 69   141.853 54622.78939981 52.21 241.783978  61.461585 31.283
 69   141.865 54622.78940045 51.13 241.781598  61.458425 31.283
 69   141.855 54622.78940110 52.11 241.779218  61.455275 31.283
 69   141.848 54622.78940174 51.89 241.776838  61.452125 31.283
 69   141.855 54622.78940239 51.06 241.774458  61.448965 31.283
 69   141.804 54622.78940303 52.52 241.772078  61.445815 31.283
 69   141.748 54622.78940368 50.00 241.769708  61.442655 31.283
 69   141.730 54622.78940432 47.12 241.767328  61.439505 31.283
 69   141.708 54622.78940497 31.45 241.764948  61.436345 31.283
 69   139.295 54622.78940561 31.58 241.762568  61.433195 31.283
 69   138.949 54622.78940626 32.74 241.760198  61.430035 31.283
 69   138.593 54622.78940690 29.26 241.757818  61.426885 31.283
 69   141.154 54622.78940755 21.76 241.755448  61.423725 31.283
 69   141.665 54622.78940819 24.65 241.753068  61.420575 31.283
 69   141.804 54622.78940884 38.17 241.750698  61.417415 31.283
 70   141.889 54657.78940687 25.36 241.791815  61.472626 42.179
 70   141.589 54657.78940751 22.28 241.789435  61.469476 42.179
 70   141.167 54657.78940816 23.00 241.787049  61.466318  8.083
 70   140.732 54657.78940880 23.35 241.784669  61.463158  8.083
 70   140.103 54657.78940945 21.44 241.782289  61.460008  8.083
 70   139.147 54657.78941009 20.49 241.779909  61.456848  8.083
 70   138.198 54657.78941074 20.13 241.777529  61.453698  8.083
 70   136.828 54657.78941138 20.69 241.775149  61.450548  8.083
 70   135.309 54657.78941203 22.16 241.772769  61.447388  8.083
 70   136.325 54657.78941267 19.66 241.770389  61.444238  8.083
 70   137.309 54657.78941331 20.53 241.768019  61.441078  8.083
 70   139.201 54657.78941396 18.09 241.765639  61.437928  8.083
 70   141.144 54657.78941460 17.12 241.763259  61.434768  8.083
 70   141.293 54657.78941525 17.19 241.760879  61.431618  8.083
 70   141.289 54657.78941589 16.32 241.758509  61.428458  8.083
 70   141.487 54657.78941654 15.30 241.756129  61.425308  8.083
 70   141.806 54657.78941718 15.32 241.753759  61.422148  8.083
 70   141.937 54657.78941783 30.65 241.751379  61.418998  8.083
 71   141.218 54692.78938932 27.94 241.789455  61.472299 36.456
 71   140.281 54692.78938997 28.53 241.787075  61.469139 36.456
 71   138.716 54692.78939061 30.94 241.784689  61.465989 14.327
 71   139.593 54692.78939125 31.26 241.782309  61.462829 14.327
 71   139.722 54692.78939190 32.10 241.779929  61.459679 14.327
 71   140.457 54692.78939254 33.10 241.777549  61.456529 14.327
 71   140.612 54692.78939319 36.54 241.775169  61.453369 14.327
 71   140.966 54692.78939383 36.48 241.772789  61.450219 14.327
 71   141.183 54692.78939448 36.77 241.770409  61.447059 14.327
 71   141.265 54692.78939512 45.35 241.768029  61.443909 14.327
 71   141.265 54692.78939577 47.45 241.765659  61.440749 14.327
 71   141.141 54692.78939641 36.82 241.763279  61.437599 14.327
 71   141.199 54692.78939706 40.96 241.760899  61.434439 14.327
 71   141.215 54692.78939770 41.43 241.758519  61.431289 14.327
 71   141.233 54692.78939835 37.07 241.756149  61.428129 14.327
 71   141.231 54692.78939899 38.84 241.753769  61.424979 14.327
 71   140.800 54692.78939964 31.35 241.751399  61.421819 14.327
 71   138.145 54692.78940028 31.61 241.749019  61.418669 14.327
 72   141.191 54727.78935964 33.48 241.801501  61.472720 29.320
 72   141.078 54727.78936029 24.68 241.799111  61.469570 29.320
 72   137.267 54727.78936093 24.03 241.796727  61.466416 13.641
 72   139.220 54727.78936158 23.78 241.794347  61.463256 13.641
 72   138.951 54727.78936222 26.45 241.791967  61.460106 13.641
 72   139.848 54727.78936287 24.37 241.789587  61.456946 13.641
 72   140.354 54727.78936351 24.61 241.787207  61.453796 13.641
 72   140.658 54727.78936416 26.43 241.784827  61.450646 13.641
 72   140.790 54727.78936480 30.07 241.782447  61.447486 13.641
 72   140.952 54727.78936545 37.69 241.780067  61.444336 13.641
 72   140.894 54727.78936609 34.71 241.777687  61.441176 13.641
 72   140.882 54727.78936674 31.25 241.775307  61.438026 13.641
 72   140.941 54727.78936738 33.84 241.772927  61.434866 13.641
 72   141.061 54727.78936803 32.24 241.770547  61.431716 13.641
 72   140.340 54727.78936867 28.60 241.768177  61.428556 13.641
 72   140.342 54727.78936931 30.56 241.765797  61.425406 13.641
 72   140.840 54727.78936996 26.58 241.763417  61.422246 13.641
 72   140.855 54727.78937060 23.86 241.761037  61.419096 13.641
 73   140.882 54762.78936698 32.61 241.791876  61.472139 15.279
 73   140.849 54762.78936763 26.94 241.789495  61.468984 12.586
 73   140.513 54762.78936827 22.54 241.787115  61.465824 12.586
 73   140.012 54762.78936891 20.13 241.784725  61.462674 12.586
 73   139.839 54762.78936956 17.52 241.782345  61.459514 12.586
 73   140.076 54762.78937020 16.40 241.779965  61.456364 12.586
 73   140.451 54762.78937085 16.14 241.777585  61.453204 12.586
 73   140.362 54762.78937149 16.11 241.775205  61.450054 12.586
 73   140.483 54762.78937214 15.97 241.772835  61.446904 12.586
 73   140.308 54762.78937278 16.98 241.770455  61.443744 12.586
 73   140.424 54762.78937343 16.14 241.768075  61.440594 12.586
 73   139.960 54762.78937407 18.93 241.765695  61.437434 12.586
 73   139.554 54762.78937472 19.89 241.763315  61.434284 12.586
 73   139.907 54762.78937536 21.25 241.760945  61.431124 12.586
 73   140.134 54762.78937601 24.41 241.758565  61.427974 12.586
 73   140.552 54762.78937665 23.49 241.756185  61.424814 12.586
 73   140.670 54762.78937730 28.55 241.753815  61.421664 12.586
 73   140.723 54762.78937794 41.28 241.751445  61.418504 12.586
 74   140.519 54797.78935320 47.86 241.802646  61.471723  6.864
 74   140.500 54797.78935384 49.29 241.800258  61.468561 16.738
 74   140.415 54797.78935449 44.58 241.797878  61.465411 16.738
 74   140.477 54797.78935513 47.61 241.795488  61.462261 16.738
 74   140.552 54797.78935578 50.51 241.793108  61.459101 16.738
 74   140.516 54797.78935642 40.25 241.790728  61.455951 16.738
 74   140.218 54797.78935707 29.27 241.788348  61.452791 16.738
 74   140.028 54797.78935771 26.23 241.785968  61.449641 16.738
 74   140.016 54797.78935836 24.44 241.783588  61.446491 16.738
 74   140.193 54797.78935900 23.37 241.781208  61.443331 16.738
 74   140.329 54797.78935965 22.68 241.778828  61.440181 16.738
 74   140.443 54797.78936029 23.86 241.776448  61.437021 16.738
 74   140.386 54797.78936094 23.25 241.774068  61.433871 16.738
 74   140.459 54797.78936158 22.59 241.771688  61.430711 16.738
 74   140.440 54797.78936223 22.76 241.769318  61.427561 16.738
 74   140.425 54797.78936287 22.34 241.766938  61.424401 16.738
 74   140.338 54797.78936351 19.98 241.764558  61.421251 16.738
 75   141.329 54832.78935641 20.32 241.792418  61.473507  3.968
 75   141.445 54832.78935705 23.62 241.790038  61.470357  3.968
 75   141.380 54832.78935770 25.20 241.787653  61.467199  3.781
 75   141.203 54832.78935834 23.80 241.785273  61.464039  3.781
 75   141.254 54832.78935899 23.16 241.782893  61.460889  3.781
 75   141.214 54832.78935963 23.14 241.780513  61.457739  3.781
 75   141.035 54832.78936027 22.61 241.778133  61.454579  3.781
 75   141.109 54832.78936092 20.51 241.775753  61.451429  3.781
 75   141.112 54832.78936156 20.55 241.773373  61.448269  3.781
 75   141.054 54832.78936221 20.46 241.770993  61.445119  3.781
 75   141.024 54832.78936285 19.96 241.768623  61.441959  3.781
 75   141.020 54832.78936350 20.20 241.766243  61.438809  3.781
 75   140.975 54832.78936414 19.50 241.763863  61.435649  3.781
 75   140.993 54832.78936479 19.28 241.761483  61.432499  3.781
 75   140.987 54832.78936543 18.79 241.759113  61.429339  3.781
 75   141.036 54832.78936608 18.83 241.756733  61.426189  3.781
 75   141.088 54832.78936672 17.85 241.754363  61.423029  3.781
 75   141.076 54832.78936737 16.99 241.751983  61.419879  3.781
 76   141.061 54867.78934921 14.90 241.802666  61.471339  1.920
 76   141.011 54867.78934985 15.57 241.800283  61.468187  2.496
 76   140.904 54867.78935050 15.66 241.797893  61.465027  2.496
 76   140.846 54867.78935114 16.53 241.795513  61.461877  2.496
 76   140.794 54867.78935179 16.44 241.793133  61.458717  2.496
 76   140.741 54867.78935243 16.71 241.790753  61.455567  2.496
 76   140.534 54867.78935308 16.81 241.788373  61.452417  2.496
 76   140.681 54867.78935372 16.60 241.785993  61.449257  2.496
 76   140.556 54867.78935437 16.72 241.783613  61.446107  2.496
 76   140.580 54867.78935501 16.23 241.781233  61.442947  2.496
 76   140.570 54867.78935566 16.03 241.778853  61.439797  2.496
 76   140.649 54867.78935630 15.75 241.776473  61.436637  2.496
 76   140.585 54867.78935694 15.19 241.774093  61.433487  2.496
 76   140.714 54867.78935759 14.54 241.771713  61.430327  2.496
 76   140.796 54867.78935823 14.01 241.769343  61.427177  2.496
 76   140.867 54867.78935888 13.49 241.766963  61.424017  2.496
 76   140.729 54867.78935952 13.42 241.764583  61.420867  2.496
 77   140.707 54902.78936666 12.48 241.785409  61.473959  1.763
 77   140.741 54902.78936731 12.68 241.783029  61.470801  2.400
 77   140.708 54902.78936795 12.96 241.780649  61.467641  2.400
 77   140.574 54902.78936860 13.25 241.778269  61.464491  2.400
 77   140.347 54902.78936924 13.65 241.775889  61.461331  2.400
 77   140.251 54902.78936989 13.48 241.773509  61.458181  2.400
 77   140.171 54902.78937053 14.07 241.771129  61.455031  2.400
 77   140.135 54902.78937118 14.31 241.768749  61.451871  2.400
 77   140.271 54902.78937182 14.22 241.766369  61.448721  2.400
 77   140.416 54902.78937246 14.66 241.763999  61.445561  2.400
 77   140.274 54902.78937311 13.89 241.761619  61.442411  2.400
 77   140.228 54902.78937375 13.78 241.759239  61.439251  2.400
 77   140.417 54902.78937440 13.20 241.756859  61.436101  2.400
 77   140.322 54902.78937504 12.99 241.754489  61.432941  2.400
 77   140.548 54902.78937569 12.34 241.752109  61.429791  2.400
 77   140.499 54902.78937633 12.30 241.749739  61.426631  2.400
 77   140.541 54902.78937698 11.60 241.747359  61.423481  2.400
 77   140.565 54902.78937762 11.77 241.744989  61.420321  2.400
 77   140.114 54902.78937827 11.37 241.742609  61.417171  2.400
 78   141.356 54937.78933906  8.83 241.799425  61.473040  2.599
 78   141.250 54937.78933971  8.68 241.797045  61.469890  2.599
 78   141.103 54937.78934035  9.22 241.794665  61.466730  2.599
 78   141.057 54937.78934100  9.10 241.792275  61.463580  2.599
 78   141.020 54937.78934164  9.20 241.789895  61.460430  2.599
 78   140.984 54937.78934229  9.48 241.787515  61.457270  2.599
 78   141.025 54937.78934293  9.47 241.785135  61.454120  2.599
 78   141.005 54937.78934358  9.70 241.782755  61.450960  2.599
 78   141.029 54937.78934422  9.78 241.780375  61.447810  2.599
 78   141.014 54937.78934487 10.01 241.777995  61.444650  2.599
 78   141.085 54937.78934551  9.89 241.775615  61.441500  2.599
 78   141.072 54937.78934616  9.63 241.773235  61.438340  2.599
 78   141.058 54937.78934680  9.11 241.770855  61.435190  2.599
 78   140.977 54937.78934744  9.25 241.768485  61.432030  2.599
 78   140.956 54937.78934809  8.12 241.766105  61.428880  2.599
 78   140.919 54937.78934873  7.73 241.763725  61.425720  2.599
 78   140.714 54937.78934938  7.52 241.761355  61.422570  2.599
 78   140.500 54937.78935002  6.84 241.758975  61.419420  2.599
 79   143.678 54972.78937138 52.12 241.796279  61.473080 32.897
 79   143.658 54972.78937202 52.20 241.793899  61.469920 32.897
 79   143.741 54972.78937267 51.07 241.791515  61.466772 25.334
 79   143.743 54972.78937331 51.85 241.789135  61.463612 25.334
 79   143.740 54972.78937396 51.15 241.786755  61.460462 25.334
 79   143.666 54972.78937460 52.57 241.784375  61.457302 25.334
 79   143.743 54972.78937525 51.27 241.781985  61.454152 25.334
 79   143.635 54972.78937589 52.01 241.779605  61.451002 25.334
 79   143.756 54972.78937654 50.96 241.777235  61.447842 25.334
 79   143.640 54972.78937718 50.38 241.774855  61.444692 25.334
 79   143.750 54972.78937783 46.72 241.772475  61.441532 25.334
 79   143.730 54972.78937847 38.35 241.770095  61.438382 25.334
 79   143.586 54972.78937912 28.71 241.767715  61.435222 25.334
 79   139.658 54972.78937976 27.90 241.765335  61.432072 25.334
 79   139.290 54972.78938041 26.52 241.762965  61.428912 25.334
 79   142.521 54972.78938105 24.56 241.760585  61.425762 25.334
 79   143.222 54972.78938170 23.74 241.758205  61.422602 25.334
 79   143.798 54972.78938234 22.66 241.755835  61.419452 25.334
 80   141.790 55007.78938839 26.92 241.789140  61.471701 23.935
 80   141.328 55007.78938903 21.56 241.786750  61.468541 23.935
 80   140.050 55007.78938968 21.59 241.784370  61.465391 23.935
 80   140.669 55007.78939032 18.51 241.781990  61.462231 23.935
 80   140.253 55007.78939097 19.83 241.779610  61.459081 23.935
 80   139.278 55007.78939161 20.23 241.777230  61.455931 23.935
 80   137.911 55007.78939225 21.50 241.774850  61.452771 23.935
 80   140.186 55007.78939290 20.40 241.772470  61.449621 23.935
 80   141.295 55007.78939354 18.88 241.770090  61.446461 23.935
 80   141.455 55007.78939419 18.04 241.767713  61.443308  5.936
 80   141.583 55007.78939483 17.61 241.765343  61.440158  5.936
 80   141.595 55007.78939548 17.23 241.762963  61.436998  5.936
 80   141.707 55007.78939612 16.64 241.760583  61.433848  5.936
 80   141.679 55007.78939677 16.66 241.758203  61.430688  5.936
 80   141.786 55007.78939741 15.75 241.755833  61.427538  5.936
 80   141.811 55007.78939806 16.48 241.753453  61.424378  5.936
 80   141.997 55007.78939870 16.28 241.751083  61.421228  5.936
 80   141.979 55007.78939935 32.85 241.748703  61.418068  5.936
 81   141.867 55042.78937689 50.21 241.795196  61.473142 46.654
 81   141.764 55042.78937754 50.11 241.792816  61.469992 46.654
 81   141.772 55042.78937818 49.34 241.790426  61.466832 46.654
 81   141.773 55042.78937883 48.37 241.788045  61.463683 21.531
 81   141.934 55042.78937947 46.80 241.785665  61.460523 21.531
 81   141.804 55042.78938012 47.67 241.783285  61.457373 21.531
 81   141.900 55042.78938076 47.13 241.780905  61.454213 21.531
 81   141.852 55042.78938141 49.55 241.778525  61.451063 21.531
 81   141.801 55042.78938205 50.77 241.776145  61.447913 21.531
 81   141.855 55042.78938270 49.85 241.773765  61.444753 21.531
 81   141.869 55042.78938334 49.27 241.771385  61.441603 21.531
 81   141.846 55042.78938399 49.72 241.769015  61.438443 21.531
 81   141.802 55042.78938463 48.09 241.766635  61.435293 21.531
 81   141.634 55042.78938527 40.01 241.764255  61.432133 21.531
 81   139.446 55042.78938592 30.20 241.761875  61.428983 21.531
 81   138.856 55042.78938656 29.47 241.759505  61.425823 21.531
 81   138.089 55042.78938721 29.03 241.757125  61.422673 21.531
 81   137.338 55042.78938785 28.29 241.754755  61.419513 21.531
 82   141.283 55077.78935606 40.87 241.787166  61.472461 36.262
 82   140.998 55077.78935671 28.59 241.784786  61.469301 36.262
 82   140.870 55077.78935735 27.41 241.782406  61.466151 35.838
 82   140.803 55077.78935800 27.10 241.780026  61.462991 35.838
 82   140.833 55077.78935864 26.45 241.777646  61.459841 35.838
 82   140.926 55077.78935929 25.62 241.775266  61.456691 35.838
 82   141.340 55077.78935993 45.11 241.772886  61.453531 35.838
 82   141.124 55077.78936057 53.15 241.770506  61.450381 35.838
 82   141.211 55077.78936122 54.62 241.768126  61.447221 35.838
 82   141.099 55077.78936186 52.93 241.765746  61.444071 35.838
 82   141.088 55077.78936251 53.10 241.763366  61.440911 35.838
 82   141.045 55077.78936315 53.62 241.760996  61.437761 35.838
 82   141.015 55077.78936380 53.68 241.758616  61.434601 35.838
 82   141.005 55077.78936444 54.38 241.756236  61.431451 35.838
 82   141.005 55077.78936509 53.17 241.753866  61.428291 35.838
 82   140.995 55077.78936573 53.26 241.751486  61.425141 35.838
 82   140.997 55077.78936638 50.73 241.749116  61.421981 35.838
 82   140.998 55077.78936702 51.05 241.746736  61.418831 35.838
 83   141.101 55112.78930927 25.16 241.799927  61.473930 17.004
 83   141.173 55112.78930991 24.43 241.797537  61.470780 17.004
 83   140.184 55112.78931056 23.42 241.795155  61.467626 10.203
 83   139.348 55112.78931120 24.45 241.792775  61.464466 10.203
 83   139.823 55112.78931185 24.35 241.790395  61.461316 10.203
 83   140.069 55112.78931249 25.53 241.788015  61.458156 10.203
 83   140.331 55112.78931314 27.37 241.785635  61.455006 10.203
 83   140.706 55112.78931378 26.74 241.783255  61.451856 10.203
 83   140.846 55112.78931442 27.85 241.780875  61.448696 10.203
 83   140.931 55112.78931507 32.66 241.778495  61.445546 10.203
 83   140.878 55112.78931571 40.26 241.776115  61.442386 10.203
 83   140.893 55112.78931636 30.24 241.773735  61.439236 10.203
 83   140.485 55112.78931700 27.41 241.771355  61.436076 10.203
 83   140.264 55112.78931765 26.03 241.768975  61.432926 10.203
 83   140.224 55112.78931829 25.45 241.766605  61.429766 10.203
 83   140.275 55112.78931894 24.63 241.764225  61.426616 10.203
 83   140.542 55112.78931958 25.19 241.761845  61.423456 10.203
 83   141.011 55112.78932023 33.35 241.759475  61.420306 10.203
 84   140.633 55147.78931087 44.09 241.791335  61.472808  7.047
 84   140.616 55147.78931152 49.48 241.788953  61.469652 16.879
 84   140.629 55147.78931216 49.31 241.786573  61.466492 16.879
 84   140.619 55147.78931281 44.64 241.784193  61.463342 16.879
 84   140.617 55147.78931345 43.29 241.781813  61.460182 16.879
 84   140.623 55147.78931410 43.96 241.779423  61.457032 16.879
 84   140.602 55147.78931474 35.32 241.777043  61.453882 16.879
 84   140.358 55147.78931539 31.08 241.774673  61.450722 16.879
 84   140.122 55147.78931603 28.84 241.772293  61.447572 16.879
 84   140.174 55147.78931668 26.12 241.769913  61.444412 16.879
 84   140.268 55147.78931732 25.15 241.767533  61.441262 16.879
 84   140.218 55147.78931797 24.50 241.765153  61.438102 16.879
 84   140.349 55147.78931861 24.46 241.762773  61.434952 16.879
 84   140.273 55147.78931925 25.00 241.760403  61.431792 16.879
 84   140.343 55147.78931990 24.89 241.758023  61.428642 16.879
 84   140.465 55147.78932054 26.58 241.755643  61.425482 16.879
 84   140.511 55147.78932119 25.10 241.753273  61.422332 16.879
 84   140.488 55147.78932183 22.72 241.750893  61.419172 16.879
 85   141.550 55182.78928985 26.46 241.803954  61.473564  7.979
 85   141.541 55182.78929050 30.14 241.801574  61.470414  7.979
 85   141.408 55182.78929114 30.37 241.799191  61.467261  5.592
 85   141.500 55182.78929179 29.52 241.796801  61.464101  5.592
 85   141.554 55182.78929243 29.50 241.794421  61.460951  5.592
 85   141.417 55182.78929308 27.43 241.792041  61.457791  5.592
 85   141.219 55182.78929372 24.56 241.789661  61.454641  5.592
 85   140.901 55182.78929437 22.86 241.787281  61.451491  5.592
 85   140.788 55182.78929501 22.81 241.784901  61.448331  5.592
 85   140.848 55182.78929566 22.56 241.782521  61.445181  5.592
 85   140.867 55182.78929630 21.71 241.780141  61.442021  5.592
 85   140.979 55182.78929695 20.51 241.777761  61.438871  5.592
 85   141.002 55182.78929759 20.18 241.775381  61.435711  5.592
 85   140.992 55182.78929824 20.10 241.773001  61.432561  5.592
 85   141.020 55182.78929888 20.93 241.770621  61.429401  5.592
 85   141.165 55182.78929952 20.12 241.768251  61.426251  5.592
 85   141.303 55182.78930017 19.91 241.765871  61.423091  5.592
 85   141.394 55182.78930081 18.33 241.763491  61.419941  5.592
 86   140.967 55217.78930815 23.35 241.788368  61.471606  3.925
 86   141.140 55217.78930880 22.22 241.785988  61.468456  3.925
 86   141.252 55217.78930944 21.94 241.783608  61.465306  3.925
 86   141.320 55217.78931009 21.29 241.781228  61.462146  3.925
 86   141.170 55217.78931073 20.42 241.778848  61.458996  3.925
 86   140.841 55217.78931138 21.39 241.776468  61.455836  3.925
 86   140.775 55217.78931202 20.17 241.774088  61.452686  3.925
 86   140.447 55217.78931267 20.25 241.771708  61.449526  3.925
 86   140.359 55217.78931331 20.02 241.769328  61.446376  3.925
 86   140.583 55217.78931396 19.49 241.766948  61.443216  3.925
 86   140.613 55217.78931460 19.14 241.764578  61.440066  3.925
 86   140.794 55217.78931525 18.13 241.762198  61.436906  3.925
 86   140.859 55217.78931589 17.42 241.759818  61.433756  3.925
 86   140.898 55217.78931654 17.28 241.757438  61.430606  3.925
 86   140.856 55217.78931718 17.21 241.755068  61.427446  3.925
 86   141.109 55217.78931782 16.37 241.752688  61.424296  3.925
 86   141.135 55217.78931847 15.52 241.750318  61.421136  3.925
 86   141.134 55217.78931911 15.60 241.747944  61.417978  2.014
 87   140.966 55252.78928641 22.77 241.802276  61.472704  5.461
 87   141.141 55252.78928705 21.86 241.799895  61.469552  3.320
 87   141.153 55252.78928769 21.81 241.797505  61.466392  3.320
 87   141.143 55252.78928834 21.90 241.795125  61.463242  3.320
 87   141.047 55252.78928898 22.20 241.792745  61.460082  3.320
 87   140.982 55252.78928963 21.19 241.790365  61.456932  3.320
 87   140.874 55252.78929027 20.89 241.787985  61.453782  3.320
 87   140.788 55252.78929092 21.26 241.785605  61.450622  3.320
 87   140.741 55252.78929156 20.47 241.783225  61.447472  3.320
 87   140.865 55252.78929221 19.91 241.780845  61.444312  3.320
 87   140.991 55252.78929285 19.20 241.778465  61.441162  3.320
 87   140.943 55252.78929350 19.21 241.776085  61.438002  3.320
 87   140.959 55252.78929414 18.44 241.773705  61.434852  3.320
 87   140.978 55252.78929479 18.21 241.771325  61.431692  3.320
 87   141.141 55252.78929543 17.51 241.768955  61.428542  3.320
 87   141.244 55252.78929608 17.33 241.766575  61.425392  3.320
 87   141.255 55252.78929672 16.29 241.764195  61.422232  3.320
 87   141.280 55252.78929736 16.00 241.761825  61.419082  3.320
 88   141.186 55287.78929904 18.76 241.783657  61.471618  6.181
 88   141.119 55287.78929969 18.76 241.781275  61.468466  2.405
 88   141.107 55287.78930033 18.28 241.778895  61.465316  2.405
 88   141.123 55287.78930098 17.91 241.776515  61.462156  2.405
 88   141.063 55287.78930162 17.04 241.774135  61.459006  2.405
 88   140.959 55287.78930227 16.90 241.771755  61.455846  2.405
 88   140.893 55287.78930291 16.53 241.769375  61.452696  2.405
 88   141.021 55287.78930356 15.80 241.766995  61.449536  2.405
 88   141.056 55287.78930420 16.18 241.764615  61.446386  2.405
 88   141.005 55287.78930485 15.02 241.762245  61.443226  2.405
 88   141.033 55287.78930549 14.92 241.759865  61.440076  2.405
 88   141.041 55287.78930614 14.49 241.757485  61.436916  2.405
 88   141.140 55287.78930678 13.46 241.755115  61.433766  2.405
 88   141.055 55287.78930743 13.39 241.752735  61.430606  2.405
 88   141.058 55287.78930807 12.83 241.750355  61.427456  2.405
 88   141.185 55287.78930871 12.51 241.747985  61.424296  2.405
 88   141.105 55287.78930936 11.88 241.745605  61.421146  2.405
 88   141.033 55287.78931000 11.44 241.743235  61.417986  2.405
 89   143.590 55322.78927482 16.00 241.791089  61.472312  3.125
 89   143.400 55322.78927546 16.29 241.788709  61.469152  3.125
 89   142.497 55322.78927611 17.63 241.786324  61.466003 27.005
 89   143.346 55322.78927675 17.53 241.783944  61.462843 27.005
 89   143.631 55322.78927740 17.62 241.781564  61.459693 27.005
 89   143.539 55322.78927804 17.82 241.779184  61.456533 27.005
 89   143.462 55322.78927869 18.44 241.776804  61.453383 27.005
 89   143.796 55322.78927933 19.99 241.774424  61.450233 27.005
 89   144.074 55322.78927997 24.81 241.772044  61.447073 27.005
 89   144.254 55322.78928062 34.94 241.769664  61.443923 27.005
 89   144.340 55322.78928126 37.60 241.767294  61.440763 27.005
 89   144.355 55322.78928191 38.03 241.764914  61.437613 27.005
 89   144.252 55322.78928255 39.30 241.762534  61.434453 27.005
 89   144.181 55322.78928320 45.39 241.760154  61.431303 27.005
 89   144.193 55322.78928384 47.45 241.757784  61.428143 27.005
 89   144.195 55322.78928449 39.29 241.755404  61.424993 27.005
 89   144.195 55322.78928513 34.39 241.753034  61.421833 27.005
 89   144.178 55322.78928578 41.88 241.750654  61.418683 27.005
 90   141.533 55357.78927373 44.17 241.792168  61.474211 45.345
 90   141.192 55357.78927438 28.91 241.789788  61.471061 45.345
 90   140.880 55357.78927502 24.05 241.787403  61.467904  7.232
 90   140.685 55357.78927567 21.81 241.785023  61.464744  7.232
 90   141.071 55357.78927631 17.76 241.782643  61.461594  7.232
 90   141.005 55357.78927696 17.77 241.780263  61.458434  7.232
 90   141.017 55357.78927760 17.06 241.777883  61.455284  7.232
 90   140.939 55357.78927825 17.46 241.775503  61.452134  7.232
 90   140.600 55357.78927889 19.31 241.773123  61.448974  7.232
 90   139.610 55357.78927954 20.01 241.770743  61.445824  7.232
 90   140.544 55357.78928018 18.00 241.768373  61.442664  7.232
 90   140.854 55357.78928083 16.43 241.765993  61.439514  7.232
 90   140.909 55357.78928147 15.59 241.763613  61.436354  7.232
 90   140.887 55357.78928211 15.83 241.761233  61.433204  7.232
 90   141.151 55357.78928276 15.13 241.758863  61.430044  7.232
 90   141.140 55357.78928340 16.19 241.756483  61.426894  7.232
 90   141.183 55357.78928405 19.78 241.754113  61.423734  7.232
 90   141.253 55357.78928469 23.68 241.751733  61.420584  7.232
 90   141.436 55357.78928534 31.23 241.749363  61.417424  7.232
 91   141.211 55392.78927634 37.33 241.798632  61.473115 12.420
 91   141.437 55392.78927698 23.35 241.796242  61.469955 12.420
 91   140.793 55392.78927763 20.14 241.793862  61.466805 12.420
 91   140.317 55392.78927827 20.51 241.791482  61.463645 12.420
 91   139.680 55392.78927891 21.16 241.789102  61.460495 12.420
 91   138.700 55392.78927956 22.43 241.786722  61.457335 12.420
 91   137.942 55392.78928020 22.80 241.784342  61.454185 12.420
 91   137.944 55392.78928085 22.90 241.781952  61.451025 12.420
 91   139.201 55392.78928149 20.83 241.779582  61.447875 12.420
 91   140.350 55392.78928214 19.60 241.777202  61.444725 12.420
 91   140.290 55392.78928278 20.13 241.774822  61.441565 12.420
 91   140.403 55392.78928343 19.58 241.772442  61.438415 12.420
 91   140.608 55392.78928407 19.84 241.770062  61.435255 12.420
 91   140.705 55392.78928472 20.58 241.767687  61.432101 10.777
 91   140.742 55392.78928536 21.20 241.765307  61.428951 10.777
 91   140.780 55392.78928601 22.49 241.762927  61.425791 10.777
 91   140.893 55392.78928665 24.10 241.760557  61.422641 10.777
 91   140.956 55392.78928730 34.36 241.758177  61.419481 10.777
 92   140.800 55427.78929014 27.95 241.794525  61.471828 33.383
 92   140.625 55427.78929078 27.36 241.792145  61.468668 33.383
 92   140.287 55427.78929143 22.00 241.789768  61.465520  7.935
 92   139.787 55427.78929207 20.80 241.787378  61.462360  7.935
 92   139.184 55427.78929272 21.64 241.784998  61.459210  7.935
 92   138.316 55427.78929336 22.99 241.782618  61.456050  7.935
 92   138.224 55427.78929401 24.09 241.780238  61.452900  7.935
 92   139.847 55427.78929465 24.38 241.777858  61.449750  7.935
 92   140.107 55427.78929530 24.24 241.775478  61.446590  7.935
 92   140.636 55427.78929594 25.63 241.773098  61.443440  7.935
 92   140.678 55427.78929659 26.74 241.770728  61.440280  7.935
 92   139.520 55427.78929723 26.79 241.768348  61.437130  7.935
 92   139.422 55427.78929787 25.72 241.765968  61.433970  7.935
 92   139.685 55427.78929852 26.97 241.763588  61.430820  7.935
 92   140.084 55427.78929916 26.98 241.761218  61.427660  7.935
 92   140.307 55427.78929981 26.78 241.758838  61.424510  7.935
 92   140.485 55427.78930045 25.10 241.756468  61.421350  7.935
 92   140.675 55427.78930110 23.91 241.754088  61.418200  7.935
 93   140.445 55462.78925484 45.05 241.786961  61.472700 32.508
 93   140.664 55462.78925549 26.16 241.784581  61.469550 32.508
 93   139.844 55462.78925613 20.91 241.782201  61.466390 32.508
 93   139.703 55462.78925678 22.64 241.779816  61.463239 33.463
 93   140.043 55462.78925742 24.69 241.777436  61.460089 33.463
 93   140.285 55462.78925807 26.79 241.775056  61.456929 33.463
 93   140.433 55462.78925871 42.27 241.772676  61.453779 33.463
 93   140.701 55462.78925936 48.94 241.770296  61.450619 33.463
 93   140.552 55462.78926000 50.69 241.767926  61.447469 33.463
 93   140.509 55462.78926065 52.06 241.765546  61.444309 33.463
 93   140.366 55462.78926129 53.07 241.763166  61.441159 33.463
 93   140.405 55462.78926194 52.13 241.760786  61.437999 33.463
 93   140.493 55462.78926258 50.78 241.758416  61.434849 33.463
 93   140.349 55462.78926322 53.50 241.756036  61.431689 33.463
 93   140.301 55462.78926387 52.20 241.753666  61.428539 33.463
 93   140.324 55462.78926451 52.04 241.751286  61.425379 33.463
 93   140.354 55462.78926516 47.81 241.748916  61.422229 33.463
 93   140.391 55462.78926580 44.99 241.746536  61.419069 33.463
