# NaN NaN NaN ;Mean Elev.(m), Avg Gradient(m/km), RMS Gradient(m/km) - SRTM1     
#   12.000  -4.998  37.713 ;Mean Elev.(m), Avg Gradient(m/km), RMS Gradient(m/km) - ASTER GDEM
#   23.010  -5.818  37.216 ;Mean Elev.(m), Avg Gradient(m/km), RMS Gradient(m/km) - GMTED2010 
  8   188.842 52504.83423446  0.97 230.078491  66.773494  5.119
  8   187.692 52504.83423511  0.10 230.075111  66.770414  5.119
 10   191.931 52574.83426205 10.11 230.083041  66.773340  8.270
 10   189.780 52574.83426334  8.78 230.076271  66.767190  8.270
 11   191.190 52609.83422237  8.99 230.079515  66.773440  6.489
 11   190.085 52609.83422301  8.18 230.076125  66.770370  6.489
 11   188.461 52609.83422366  7.20 230.072745  66.767290  6.489
 12   191.953 52644.83421373  5.98 230.087150  66.769458  6.052
 12   190.538 52644.83421437  6.52 230.083770  66.766388  6.052
 12   188.573 52644.83421502  7.11 230.080390  66.763308  6.052
 22   191.891 52994.83431687  3.82 230.085266  66.769141  5.283
 22   190.265 52994.83431751  3.50 230.081876  66.766061  5.283
 23   189.771 53029.83428015  2.97 230.071836  66.772417  5.532
 23   187.769 53029.83428080  4.13 230.068456  66.769337  5.532
 24   191.971 53064.83428761  3.24 230.089819  66.769308  5.791
 24   190.629 53064.83428826  2.39 230.086439  66.766228  5.791
 24   188.221 53064.83428890  3.69 230.083059  66.763158  5.791
 31   190.843 53309.83434057  8.70 230.081466  66.769765  8.893
 31   189.938 53309.83434122  6.68 230.078086  66.766695  8.893
 32   189.887 53344.83430669  8.57 230.077414  66.770878  6.958
 32   188.532 53344.83430733  8.89 230.074034  66.767808  6.958
 34   192.075 53414.83428369  3.83 230.085763  66.769652  5.212
 34   191.106 53414.83428434  2.96 230.082373  66.766582  5.212
 34   189.390 53414.83428498  2.63 230.078993  66.763502  5.212
 47   233.559 53869.83426125  5.04 230.088453  66.771813  3.474
 47   232.090 53869.83426189  4.13 230.085073  66.768733  3.474
 47   208.803 53869.83426254  3.27 230.081693  66.765663  3.474
 53   191.135 54079.83429510 10.75 230.078767  66.774149  8.935
 53   189.766 54079.83429575 10.56 230.075387  66.771069  8.935
 53   188.203 54079.83429639  9.50 230.072007  66.767999  8.935
 56   188.686 54184.83422153  6.99 230.070323  66.773510  6.716
 56   187.076 54184.83422218  6.79 230.066943  66.770440  6.716
 62   193.107 54394.83421624  5.94 230.087649  66.771623  6.294
 62   191.296 54394.83421688  5.91 230.084269  66.768553  6.294
 62   190.123 54394.83421752  3.92 230.080889  66.765483  6.294
 64   193.169 54464.83419578  3.20 230.092022  66.771258  4.704
 64   191.535 54464.83419642  5.07 230.088632  66.768188  4.704
 64   189.897 54464.83419707  3.95 230.085252  66.765118  4.704
 64   188.291 54464.83419771  5.42 230.081872  66.762038  4.704
 65   190.667 54499.83419189  6.15 230.079372  66.772288  6.663
 65   189.430 54499.83419253  6.21 230.075982  66.769218  6.663
 65   187.678 54499.83419318  4.00 230.072602  66.766138  6.663
 66   192.435 54534.83421021  5.21 230.086967  66.772422  5.826
 66   191.067 54534.83421086  5.31 230.083587  66.769352  5.826
 66   189.599 54534.83421150  5.70 230.080207  66.766282  5.826
 67   190.192 54569.83419470  4.81 230.074634  66.774508  6.351
 67   189.287 54569.83419535  3.97 230.071254  66.771428  6.351
 67   186.798 54569.83419599  4.46 230.067874  66.768358  6.351
 70    21.375 54674.83421756 44.81 230.080246  66.770526 15.290
 70    21.055 54674.83421821 40.42 230.076856  66.767456 15.290
 72   102.062 54744.83418430  6.72 230.086297  66.771008 11.272
 72    73.205 54744.83418559  1.77 230.079537  66.764858 11.272
 73   191.658 54779.83415816  6.82 230.081667  66.772344  7.149
 73   190.533 54779.83415881  4.88 230.078287  66.769274  7.149
 73   189.009 54779.83415945  4.84 230.074897  66.766204  7.149
 74   192.396 54814.83417739  6.82 230.090173  66.771201  6.304
 74   191.526 54814.83417804  7.47 230.086793  66.768121  6.304
 74   189.805 54814.83417868  8.30 230.083413  66.765051  6.304
 75   190.333 54849.83415717  3.44 230.076438  66.771107  5.041
 75   188.701 54849.83415781  5.14 230.073058  66.768037  5.041
 76   191.398 54884.83418157  4.47 230.084391  66.769974  4.683
 76   190.033 54884.83418222  4.53 230.081011  66.766904  4.683
 76   188.694 54884.83418286  3.36 230.077621  66.763834  4.683
 82   240.072 55094.83413792  1.08 230.070692  66.774290  2.997
 82   238.322 55094.83413856  1.20 230.067312  66.771210  2.997
 83   192.668 55129.83412750 10.23 230.086259  66.771838  7.028
 83   191.092 55129.83412815 10.60 230.082879  66.768758  7.028
 83   189.972 55129.83412879  8.82 230.079499  66.765688  7.028
 85   192.289 55199.83411914  9.66 230.087336  66.771249  6.340
 85   191.606 55199.83411978  7.91 230.083956  66.768179  6.340
 85   190.209 55199.83412043  7.16 230.080576  66.765109  6.340
 87   190.299 55269.83411417  9.86 230.082386  66.769760  8.547
 87   188.799 55269.83411482  9.63 230.079006  66.766690  8.547
 91    65.983 55409.83409937  3.88 230.087872  66.770438  8.452
 91    20.143 55409.83410066 10.95 230.081112  66.764298  8.452
