-110197.640   119.168     0.00    4.41
-109825.713   118.615    -1.49    4.62
-109453.705   116.635    -5.32    5.14
-109081.615   114.241    -6.43    5.01
-108709.444   111.930    -6.21    4.24
-108337.191   111.220    -1.91    4.20
-107964.857   111.774     1.49    4.52
-107592.440   112.860     2.92    4.12
-107219.943   114.098     3.32    3.20
-106847.363   114.751     1.75    3.04
-106474.701   115.856     2.97    2.72
-106101.958   116.516     1.77    2.88
-105729.133   117.373     2.30    2.63
-105356.225   118.286     2.45    2.32
-104983.236   119.058     2.07    2.21
-104610.164   119.388     0.89    2.58
-104237.011   119.659     0.73    2.99
-103863.775   119.873     0.57    3.26
-103490.457   119.761    -0.30    3.23
-103117.056   119.424    -0.90    2.99
-102743.573   118.920    -1.35    2.82
-102370.008   118.713    -0.55    2.60
-101996.360   118.425    -0.77    2.66
-101622.630   118.371    -0.14    2.71
-101248.817   118.406     0.09    2.60
-100874.921   118.863     1.22    2.34
-100500.943   119.506     1.72    2.19
-100126.882   120.276     2.06    1.92
 -99752.738   120.746     1.26    1.96
 -99378.512   120.600    -0.39    2.29
 -99004.202   120.031    -1.52    2.05
 -98629.810   119.887    -0.39    1.63
 -98255.334   120.140     0.68    1.54
 -97880.775   120.506     0.98    1.45
 -97506.134   120.971     1.24    1.42
 -97131.409   121.416     1.19    1.43
 -96756.600   121.619     0.54    1.23
 -96381.709   121.476    -0.38    1.25
 -96006.734   120.598    -2.34    1.85
 -95631.676   119.304    -3.45    2.21
 -95256.534   118.320    -2.62    2.23
 -94881.309   117.996    -0.86    2.18
 -94506.000   118.080     0.22    2.42
 -94130.607   119.936     4.95    4.12
 -93755.131   122.672     7.28    5.87
 -93379.571   124.804     5.68    5.36
 -93003.928   125.580     2.07    4.46
 -92628.200   124.294    -3.42    3.93
 -92252.389   122.672    -4.32    3.24
 -91876.493   121.656    -2.70    2.16
 -91500.514   122.026     0.98    2.55
 -91124.450   122.577     1.46    2.89
 -90748.303   122.838     0.70    2.85
 -90372.071   122.866     0.07    2.89
 -89995.755   122.866     0.00    2.91
 -89619.354   122.846    -0.05    2.92
 -89242.870   122.976     0.35    2.98
 -88866.301   123.334     0.95    3.08
 -88489.647   123.596     0.70    2.84
 -88112.909   124.279     1.81    2.74
 -87736.086   125.086     2.14    2.80
 -87359.179   126.124     2.75    2.52
 -86982.187   127.007     2.34    2.42
 -86605.110   127.989     2.60    2.19
 -86227.949   129.031     2.76    2.34
 -85850.702   130.418     3.68    2.40
 -85473.371   131.961     4.09    2.92
 -85095.955   133.611     4.37    3.11
 -84718.454   135.675     5.47    3.90
 -84340.867   137.655     5.24    4.08
 -83963.196   139.031     3.65    4.33
 -83585.439   139.953     2.44    4.45
 -83207.597   141.346     3.69    5.49
 -82829.670   142.310     2.55    6.42
 -82451.657   143.507     3.17    7.40
 -82073.559   143.985     1.27    7.91
 -81695.376   144.695     1.88    7.97
 -81317.107   144.689    -0.01    7.82
 -80938.752   144.952     0.69    7.46
 -80560.312   144.718    -0.62    7.00
 -80181.786   144.476    -0.64    6.24
 -79803.174   143.476    -2.64    5.93
 -79424.476   142.031    -3.81    5.84
 -79045.693   140.556    -3.89    6.01
 -78666.823   138.981    -4.16    5.70
 -78287.868   137.597    -3.65    5.27
 -77908.827   136.196    -3.69    4.84
 -77529.699   134.880    -3.47    4.20
 -77150.485   133.924    -2.52    3.34
 -76771.185   133.366    -1.47    2.94
 -76391.799   133.216    -0.40    2.82
 -76012.326   133.378     0.43    2.62
 -75632.767   133.761     1.01    2.22
 -75253.122   134.022     0.69    1.84
 -74873.390   134.516     1.30    1.25
 -74493.571   134.978     1.22    1.38
 -74113.666   135.751     2.03    1.42
 -73733.674   136.806     2.78    1.63
 -73353.596   138.268     3.85    1.78
 -72973.430   139.703     3.77    2.02
 -72593.178   140.856     3.03    2.09
 -72212.839   140.962     0.28    2.50
 -71832.412   140.031    -2.45    3.21
 -71451.899   137.923    -5.54    3.66
 -71071.299   135.242    -7.04    3.57
 -70690.611   132.913    -6.12    3.41
 -70309.836   130.986    -5.06    3.15
 -69928.974   129.121    -4.90    3.04
 -69548.025   126.884    -5.87    3.74
 -69166.988   124.299    -6.78    4.19
 -68785.864   121.373    -7.68    4.75
 -68404.652   117.678    -9.69    5.40
 -68023.353   113.800   -10.17    5.36
 -67641.966   110.626    -8.32    5.66
 -67271.243   106.818   -10.27    7.02
 -66906.363   103.695    -8.56    7.93
 -66541.403   100.292    -9.32    9.06
 -66176.365    95.296   -13.68    8.89
 -65811.248    91.814    -9.54    8.71
 -65446.052    87.720   -11.21    8.92
 -65080.777    84.206    -9.62    8.05
 -64715.423    80.482   -10.19    8.56
 -64349.990    76.556   -10.74    7.82
 -63984.478    73.669    -7.90    7.23
 -63618.886    70.870    -7.66    6.86
 -63253.215    68.386    -6.79    7.05
 -62887.465    66.359    -5.54    6.93
 -62521.635    64.889    -4.02    6.71
 -62155.726    63.465    -3.89    6.79
 -61789.737    62.190    -3.48    6.80
 -61423.669    61.081    -3.03    7.68
 -61057.521    58.645    -6.65    8.51
 -60691.293    55.819    -7.72    8.50
 -60324.986    53.446    -6.48    8.20
 -59958.599    51.095    -6.41    7.04
 -59592.132    49.368    -4.71    6.66
 -59225.586    47.774    -4.35    6.57
 -58858.959    45.971    -4.92    5.87
 -58492.253    44.213    -4.79    5.28
 -58125.466    41.556    -7.24    5.78
 -57758.600    39.242    -6.31    7.06
 -57391.653    37.164    -5.66    7.55
 -57024.626    34.799    -6.44    7.34
 -56657.519    32.556    -6.11    6.60
 -56290.332    30.358    -5.99    5.86
 -55923.064    28.022    -6.36    5.16
 -55555.716    25.466    -6.96    4.35
 -55188.287    23.319    -5.84    3.99
 -54820.778    21.183    -5.81    3.39
 -54453.189    19.257    -5.24    3.04
 -54085.519    17.517    -4.73    2.72
 -53717.768    16.223    -3.52    2.22
 -53349.936    15.026    -3.25    1.62
 -52982.024    14.180    -2.30    0.89
 -52614.031    13.659    -1.42    0.52
 -52245.957    13.468    -0.52    0.35
 -51877.802    13.506     0.10    0.39
 -51509.567    13.556     0.14    0.28
 -51141.250    13.587     0.08    0.22
 -50772.852    13.536    -0.14    0.00
 -50404.373    13.436    -0.27    0.30
 -50035.813    13.284    -0.41    0.44
 -49667.172    13.183    -0.27    0.48
 -49298.449    13.196     0.03    0.48
 -48929.645    13.274     0.21    0.44
 -48560.760    13.286     0.03    0.48
 -48191.793    12.507    -2.11    1.60
 -47822.745    11.476    -2.79    1.87
 -47453.615    10.346    -3.06    1.59
 -47084.403     9.586    -2.06    0.89
 -46715.110     9.361    -0.61    0.65
 -46345.735     9.309    -0.14    0.72
 -45976.279     9.203    -0.29    0.80
 -45606.741     8.693    -1.38    1.70
 -45237.120     8.812     0.32    1.93
 -44867.418     9.358     1.48    2.01
 -44497.634    10.006     1.75    1.73
 -44127.768    10.876     2.35    0.83
 -43757.820    11.438     1.52    1.25
 -43387.789    13.047     4.35    3.65
 -43017.677    19.527    17.51   10.60
 -42647.482    31.638    32.72   17.61
 -42277.205    46.556    40.29   19.38
 -41906.846    59.577    35.16   15.70
 -41536.404    69.853    27.74    9.98
 -41165.879    74.026    11.26    6.37
 -40795.273    74.276     0.67    5.41
 -40424.583    72.350    -5.20    9.38
 -40053.811    60.835   -31.06   20.04
 -39682.956    45.899   -40.27   23.86
 -39312.019    32.315   -36.62   21.45
 -38940.999    22.693   -25.93   11.73
 -38569.896    18.886   -10.26    5.57
 -38198.710    19.978     2.94    8.13
 -37827.441    23.919    10.62   11.45
 -37456.089    38.626    39.60   25.89
 -37084.654    53.821    40.91   27.88
 -36713.136    67.183    35.97   19.99
 -36341.534    67.732     1.48   14.67
 -35969.850    65.313    -6.51   13.20
 -35598.082    62.565    -7.39   12.84
 -35226.231    59.263    -8.88   13.94
 -34854.296    53.801   -14.68   15.77
 -34482.278    45.789   -21.54   19.61
 -34110.177    34.031   -31.60   22.63
 -33737.992    22.762   -30.28   22.34
 -33365.723    11.686   -29.75   18.04
 -32993.371     4.566   -19.12   11.43
 -32620.935     0.982    -9.62    4.91
 -32248.415     0.017    -2.59    2.83
 -31875.811     0.210     0.52    2.66
 -31503.123     0.303     0.25    2.61
 -31130.352    -0.010    -0.84    2.57
 -30757.496    -1.032    -2.74    2.62
 -30384.557    -2.130    -2.94    2.43
 -30011.533    -2.602    -1.27    2.10
 -29638.425    -1.934     1.79    2.39
 -29265.233    -0.224     4.58    2.94
 -28891.956     1.399     4.35    2.53
 -28518.596     2.388     2.65    2.03
 -28145.150     2.294    -0.25    1.85
 -27771.621     1.164    -3.02    2.48
 -27398.006    -0.396    -4.18    2.70
 -27024.308    -1.548    -3.08    1.99
 -26650.524    -1.718    -0.46    1.78
 -26276.656    -1.424     0.79    1.71
 -25902.703    -0.687     1.97    1.50
 -25528.666     0.036     1.93    0.86
 -25154.543     0.398     0.97    0.35
 -24780.336     0.497     0.27    0.20
 -24406.043     0.507     0.03    0.17
 -24031.666     0.527     0.05    0.10
 -23657.204     0.536     0.03    0.00
 -23282.656     0.536     0.00    0.00
 -22908.023     0.516    -0.06    0.14
 -22533.305     0.527     0.03    0.10
 -22158.502     0.536     0.03    0.00
 -21783.613     0.536     0.00    0.00
 -21408.639     0.536     0.00    0.00
 -21033.579     0.419    -0.31    0.32
 -20658.434     0.336    -0.22    0.40
 -20283.203     0.203    -0.36    0.47
 -19907.886     0.152    -0.14    0.49
 -19532.484     0.206     0.15    0.47
 -19156.996     0.291     0.23    0.43
 -18781.422     0.396     0.28    0.35
 -18405.763     0.498     0.27    0.19
 -18030.017     0.536     0.10    0.00
 -17654.185     0.536     0.00    0.00
 -17278.267     0.536     0.00    0.00
 -16902.264     0.536     0.00    0.00
 -16526.173     0.536     0.00    0.00
 -16149.997     0.536     0.00    0.00
 -15773.735     0.536     0.00    0.00
 -15397.386     0.536     0.00    0.00
 -15020.950     0.536     0.00    0.00
 -14644.428     0.536     0.00    0.00
 -14267.820     0.536     0.00    0.00
 -13891.125     0.536     0.00    0.00
 -13514.343     0.536     0.00    0.00
 -13137.475     0.536     0.00    0.00
 -12760.520     0.536     0.00    0.00
 -12383.478     0.536     0.00    0.00
 -12006.349     0.536     0.00    0.00
 -11629.133     0.536     0.00    0.00
 -11251.830     0.536     0.00    0.00
 -10874.440     0.536     0.00    0.00
 -10496.963     0.507    -0.08    0.17
 -10119.399     0.455    -0.14    0.28
  -9741.748     0.459     0.01    0.27
  -9364.009     0.433    -0.07    0.31
  -8986.183     0.373    -0.16    0.37
  -8608.269     0.296    -0.20    0.43
  -8230.268     0.235    -0.16    0.46
  -7852.180     0.187    -0.13    0.48
  -7474.003     0.177    -0.03    0.48
  -7095.740     0.134    -0.11    0.49
  -6717.388     0.150     0.04    0.49
  -6338.949     0.200     0.13    0.47
  -5960.421     0.352     0.40    0.39
  -5581.806     0.431     0.21    0.31
  -5203.103     0.517     0.23    0.14
  -4824.312     0.497    -0.05    0.20
  -4445.433     0.416    -0.21    0.33
  -4066.466     0.325    -0.24    0.41
  -3687.410     0.186    -0.37    0.48
  -3308.266     0.203     0.04    0.47
  -2929.034     0.276     0.19    0.44
  -2549.714     0.365     0.23    0.38
  -2170.305     0.451     0.23    0.28
  -1790.807     0.392    -0.16    0.35
  -1411.221     0.307    -0.22    0.42
  -1031.546     0.197    -0.29    0.48
   -651.783     0.087    -0.29    0.50
   -271.931     0.002    -0.22    0.50
    108.010    -0.092    -0.25    0.49
    488.040    -0.192    -0.26    0.45
    868.159    -0.278    -0.23    0.39
   1248.367    -0.377    -0.26    0.28
   1628.664    -0.434    -0.15    0.17
   2009.050    -0.397     0.10    0.25
   2389.525    -0.324     0.19    0.35
   2770.089    -0.262     0.16    0.40
   3150.743    -0.204     0.15    0.44
   3531.486    -0.160     0.12    0.46
   3912.319    -0.114     0.12    0.48
   4293.241    -0.089     0.07    0.49
   4674.252    -0.087     0.00    0.49
   5055.353    -0.021     0.17    0.50
   5436.544     0.081     0.27    0.50
   5817.825     0.197     0.30    0.48
   6199.195     0.321     0.33    0.41
   6580.656     0.380     0.15    0.37
   6962.206     0.388     0.02    0.36
   7339.009     0.381    -0.02    0.36
   7703.648     0.274    -0.29    0.44
   8068.367     0.092    -0.50    0.50
   8433.167    -0.140    -0.64    0.53
   8798.048    -0.334    -0.53    0.49
   9163.009    -0.405    -0.20    0.42
   9528.051    -0.502    -0.27    0.42
   9893.175    -0.622    -0.33    0.54
  10258.379    -0.848    -0.62    0.58
  10623.664    -1.127    -0.76    0.48
  10989.030    -1.367    -0.66    0.43
  11354.477    -1.638    -0.74    0.43
  11720.006    -1.895    -0.70    0.50
  12085.615    -2.050    -0.42    0.49
  12451.306    -2.219    -0.46    0.43
  12817.078    -2.133     0.23    0.47
  13182.932    -1.969     0.45    0.61
  13548.867    -1.791     0.49    0.72
  13914.883    -1.570     0.60    0.77
  14280.981    -1.355     0.59    0.76
  14647.160    -1.146     0.57    0.69
  15013.422    -0.964     0.50    0.62
  15379.764    -0.771     0.52    0.56
  15746.189    -0.667     0.28    0.53
  16112.695    -0.580     0.24    0.43
  16479.283    -0.511     0.19    0.35
  16845.953    -0.484     0.07    0.25
  17212.706    -0.435     0.13    0.32
  17579.540    -0.341     0.26    0.44
  17946.456    -0.211     0.35    0.57
  18313.454     0.056     0.73    0.67
  18680.534     0.400     0.94    0.82
  19047.697     0.851     1.23    1.00
  19414.942     1.465     1.67    1.17
  19782.269     2.113     1.77    1.19
  20149.679     2.695     1.58    1.21
  20517.171     3.439     2.03    1.22
  20884.745     4.134     1.89    1.14
  21252.403     4.824     1.87    1.03
  21620.142     5.394     1.55    0.92
  21987.965     6.026     1.72    0.90
  22355.870     6.765     2.01    0.98
  22723.858     7.333     1.54    0.93
  23091.929     8.032     1.90    0.86
  23460.082     8.566     1.45    0.73
  23828.319     9.056     1.33    0.64
  24196.639     9.392     0.91    0.66
  24565.041     9.720     0.89    0.68
  24933.527     9.822     0.28    0.77
  25302.096     9.769    -0.14    0.84
  25670.748     9.403    -0.99    0.84
  26039.484     9.079    -0.88    0.76
  26408.302     8.703    -1.02    0.85
  26777.205     8.565    -0.37    1.30
  27146.190     8.062    -1.36    1.78
  27515.259     7.373    -1.87    2.13
  27884.412     6.303    -2.90    2.20
  28253.648     5.146    -3.13    2.05
  28622.968     4.251    -2.42    1.92
  28992.372     3.507    -2.01    1.78
  29361.860     3.102    -1.10    1.50
  29731.431     2.985    -0.32    1.22
  30101.086     3.251     0.72    1.08
  30470.825     3.556     0.83    0.91
  30840.648     3.886     0.89    0.72
  31210.556     3.964     0.21    0.52
  31580.547     3.931    -0.09    0.49
  31950.623     3.782    -0.40    0.43
  32320.783     3.637    -0.39    0.36
  32691.027     3.498    -0.38    0.27
  33061.355     3.557     0.16    0.45
  33431.768     3.719     0.44    0.57
  33802.265     4.017     0.80    0.69
  34172.847     4.420     1.09    0.73
  34543.514     4.661     0.65    0.77
  34914.265     4.889     0.61    0.95
  35285.100     4.965     0.20    1.13
  35656.021     4.965     0.00    1.30
  36027.026     4.984     0.05    1.53
  36398.117     4.853    -0.35    1.64
  36769.292     4.689    -0.44    1.62
  37140.552     4.450    -0.64    1.43
  37511.897     4.294    -0.42    1.07
  37883.327     4.294     0.00    0.85
  38254.843     4.394     0.27    0.57
  38626.443     4.536     0.38    0.44
  38998.129     4.628     0.25    0.32
  39369.900     4.641     0.03    0.31
  39741.757     4.808     0.45    0.45
  40113.699     5.051     0.65    0.50
  40485.727     5.355     0.82    0.53
  40857.840     5.701     0.93    0.47
  41230.039     5.984     0.76    0.50
  41602.323     6.220     0.63    0.47
  41974.693     6.423     0.55    0.42
  42347.149     6.597     0.47    0.42
  42719.691     6.758     0.43    0.57
  43092.319     6.818     0.16    0.63
  43465.033     6.898     0.22    0.75
  43837.832     6.767    -0.35    0.92
  44210.718     6.575    -0.51    1.04
  44583.690     6.375    -0.54    1.06
  44956.748     6.223    -0.41    0.91
  45329.893     6.241     0.05    0.71
  45703.124     6.394     0.41    0.56
  46076.441     6.536     0.38    0.37
  46449.844     6.587     0.14    0.22
  46823.335     6.546    -0.11    0.10
  47196.911     6.440    -0.28    0.30
  47570.575     6.206    -0.63    0.47
  47944.325     5.955    -0.67    0.50
  48318.161     5.692    -0.71    0.36
  48692.085     5.573    -0.32    0.19
  49066.095     5.536    -0.10    0.14
  49440.193     5.633     0.26    0.33
  49814.377     5.689     0.15    0.46
  50188.649     5.767     0.21    0.47
  50563.007     5.779     0.03    0.49
  50937.453     5.834     0.15    0.54
  51311.986     5.769    -0.17    0.51
  51686.606     5.663    -0.29    0.61
  52061.313     5.488    -0.47    0.76
  52436.108     5.138    -0.93    0.95
  52810.990     4.659    -1.28    1.08
  53185.960     4.243    -1.11    1.17
  53561.018     3.889    -0.95    1.20
  53936.163     3.577    -0.83    1.09
  54311.396     3.357    -0.59    0.87
  54686.716     3.183    -0.46    0.64
  55062.125     3.136    -0.13    0.58
  55437.621     2.964    -0.46    0.65
  55813.205     2.760    -0.54    0.74
  56188.878     2.459    -0.80    0.77
  56564.638     2.002    -1.22    0.91
  56940.486     1.232    -2.05    1.36
  57316.423     0.213    -2.71    1.66
  57692.448    -0.511    -1.92    1.37
  58068.561    -0.800    -0.77    1.11
  58444.763    -0.578     0.59    1.10
  58821.053    -0.096     1.28    0.92
  59197.432    -0.584    -1.30    1.26
  59573.899    -0.856    -0.72    1.16
  59950.454    -0.926    -0.19    1.19
  60327.099    -0.819     0.28    1.17
  60703.832    -0.397     1.12    1.15
  61080.654    -0.036     0.96    0.86
  61457.565     0.181     0.58    0.48
  61834.565     0.123    -0.15    0.49
  62211.653    -1.017    -3.02    2.56
  62588.831    -2.646    -4.32    3.31
  62966.098    -4.562    -5.08    2.97
  63343.454    -5.892    -3.53    1.88
  63720.900    -6.464    -1.51    0.00
  64098.435    -6.464     0.00    0.00
  64476.059    -6.464     0.00    0.00
  64853.772    -6.464     0.00    0.00
  65231.575    -6.464     0.00    0.00
  65609.468    -6.464     0.00    0.00
  65987.450    -6.464     0.00    0.00
  66365.522    -6.464     0.00    0.00
  66743.683    -6.464     0.00    0.00
  67121.935    -6.464     0.00    0.00
  67500.276    -6.464     0.00    0.00
  67878.707    -6.464     0.00    0.00
  68257.229    -6.464     0.00    0.00
  68635.840    -6.464     0.00    0.00
  69014.541    -6.464     0.00    0.00
  69393.333    -6.464     0.00    0.00
  69772.215    -6.464     0.00    0.00
  70151.187    -6.464     0.00    0.00
  70530.249    -6.464     0.00    0.00
  70909.402    -6.464     0.00    0.00
  71288.646    -6.464     0.00    0.00
  71667.980    -6.464     0.00    0.00
  72047.405    -6.464     0.00    0.00
  72426.920    -6.464     0.00    0.00
  72806.526    -6.464     0.00    0.00
  73186.223    -6.464     0.00    0.00
  73566.011    -6.464     0.00    0.00
  73945.890    -6.464     0.00    0.00
  74325.860    -6.464     0.00    0.00
  74705.921    -6.502    -0.10    0.19
  75086.073    -6.521    -0.05    0.23
  75466.316    -6.445     0.20    0.48
  75846.651    -5.993     1.19    2.15
  76227.077    -5.001     2.61    5.11
  76607.594    -3.784     3.20    6.76
  76988.203    -3.228     1.46    7.53
  77368.903    -1.032     5.77   10.26
  77749.695    -0.445     1.54   10.17
  78130.579    -1.635    -3.13    7.64
  78511.554    -3.314    -4.41    5.43
  78892.622    -4.239    -2.43    3.57
  79273.781    -4.654    -1.09    2.93
  79655.032    -4.953    -0.79    2.69
  80036.374    -5.387    -1.14    2.22
  80417.809    -5.647    -0.68    1.54
  80799.337    -5.149     1.31    2.13
  81180.956    -4.632     1.35    2.66
  81562.668    -4.538     0.25    2.72
  81944.471    -4.885    -0.91    2.26
  82310.411    -5.218    -0.91    1.72
  82674.888    -5.671    -1.24    1.18
  83039.447    -6.473    -2.20    2.14
  83404.088    -7.228    -2.07    2.89
  83768.812    -8.424    -3.28    3.69
  84133.619    -9.286    -2.36    4.02
  84498.508   -10.155    -2.38    4.46
  84863.480   -11.041    -2.43    4.71
  85228.535   -11.908    -2.38    4.60
  85593.672   -12.552    -1.76    4.14
  85958.893   -13.699    -3.14    1.38
  86324.196   -13.916    -0.59    0.50
  86689.582   -14.166    -0.68    0.46
  87055.052   -14.388    -0.61    0.27
  87420.604   -14.464    -0.21    0.00
  87786.240   -14.464     0.00    0.00
  88151.959   -14.464     0.00    0.00
  88517.761   -14.464     0.00    0.00
  88883.647   -14.464     0.00    0.00
  89249.616   -14.464     0.00    0.00
  89615.668   -14.445     0.05    0.14
  89981.804   -14.425     0.05    0.19
  90348.024   -14.322     0.28    0.35
  90714.327   -14.221     0.28    0.43
  91080.713   -14.070     0.41    0.49
  91447.184   -13.916     0.42    0.50
  91813.738   -13.758     0.43    0.46
  92180.376   -13.622     0.37    0.37
  92547.098   -13.632    -0.03    0.38
  92913.904   -13.858    -0.62    0.49
  93280.794   -14.099    -0.66    0.48
  93647.769   -14.321    -0.60    0.35
  94014.827   -14.445    -0.34    0.14
  94381.969   -14.464    -0.05    0.00
  94749.196   -14.464     0.00    0.00
  95116.507   -14.464     0.00    0.00
  95483.902   -14.433     0.08    0.17
  95851.382   -14.342     0.25    0.33
  96218.946   -14.271     0.19    0.40
  96586.595   -14.171     0.27    0.46
  96954.328   -14.152     0.05    0.47
  97322.146   -14.098     0.15    0.48
  97690.049   -14.075     0.06    0.49
  98058.037   -14.074     0.00    0.49
  98426.109   -14.039     0.09    0.50
  98794.266   -14.035     0.01    0.50
  99162.508   -14.025     0.03    0.50
  99530.835   -14.090    -0.17    0.49
  99899.248   -14.077     0.03    0.49
 100267.745   -14.001     0.21    0.50
 100636.328   -13.858     0.39    0.49
 101004.995   -13.819     0.11    0.48
 101373.748   -13.828    -0.03    0.48
 101742.587   -13.916    -0.24    0.50
 102111.511   -14.080    -0.45    0.49
 102480.520   -14.166    -0.23    0.46
 102849.615   -14.152     0.04    0.47
 103218.795   -13.944     0.56    0.50
 103588.061   -13.718     0.61    0.44
 103957.413   -13.547     0.46    0.28
 104326.850   -13.511     0.10    0.21
 104696.374   -13.510     0.00    0.25
 105065.983   -13.377     0.36    0.42
 105435.678   -13.284     0.25    0.49
 105805.459   -13.416    -0.36    0.64
 106175.327   -13.321     0.26    1.53
 106545.280   -11.766     4.20    5.16
 106915.319    -7.854    10.57    9.88
 107285.445    -3.677    11.29   11.32
 107655.657    -1.675     5.41   10.92
 108025.956    -4.737    -8.27   10.25
 108396.341    -8.576   -10.36    7.58
 108766.812   -12.416   -10.37    2.76
 109137.370   -13.454    -2.80    1.19
 109508.014   -13.825    -1.00    0.48
 109878.745   -13.778     0.13    0.47
 110249.563   -13.656     0.33    0.40
 110620.468   -13.510     0.39    0.21
 110991.459   -13.473     0.10    0.10
 111362.538   -13.568    -0.26    0.31
 111733.703   -13.704    -0.37    0.43
 112104.956   -13.916    -0.57    0.50
 112476.295   -14.127    -0.57    0.47
 112847.722   -14.358    -0.62    0.31
 113219.235   -14.464    -0.28    0.00
 113590.837   -14.464     0.00    0.00
 113962.525   -14.464     0.00    0.00
 114334.301   -14.464     0.00    0.00
 114706.164   -14.464     0.00    0.00
 115078.115   -14.464     0.00    0.00
 115450.153   -14.464     0.00    0.00
 115822.279   -14.464     0.00    0.00
 116194.493   -14.464     0.00    0.00
 116566.794   -14.464     0.00    0.00
 116939.183   -14.464     0.00    0.00
 117311.660   -14.464     0.00    0.00
 117684.225   -14.464     0.00    0.00
 118056.878   -14.464     0.00    0.00
 118429.620   -14.464     0.00    0.00
 118802.449   -14.464     0.00    0.00
 119175.366   -14.464     0.00    0.00
 119548.372   -14.464     0.00    0.00
 119921.466   -14.464     0.00    0.00
 120294.648   -14.464     0.00    0.00
 120667.919   -14.464     0.00    0.00
 121041.278   -14.464     0.00    0.00
 121414.726   -14.464     0.00    0.00
 121788.263   -14.464     0.00    0.00
 122161.888   -14.464     0.00    0.00
 122535.602   -14.464     0.00    0.00
 122909.404   -14.464     0.00    0.00
 123283.296   -14.464     0.00    0.00
 123657.276   -14.464     0.00    0.00
 124031.346   -14.464     0.00    0.00
 124405.504   -14.464     0.00    0.00
 124779.752   -14.464     0.00    0.00
 125154.089   -14.464     0.00    0.00
 125528.515   -14.464     0.00    0.00
 125903.031   -14.464     0.00    0.00
 126277.635   -14.464     0.00    0.00
 126652.330   -14.464     0.00    0.00
 127027.113   -14.464     0.00    0.00
 127401.987   -14.464     0.00    0.00
 127776.950   -14.464     0.00    0.00
 128152.002   -14.464     0.00    0.00
 128527.145   -14.464     0.00    0.00
 128902.377   -14.464     0.00    0.00
 129277.699   -14.464     0.00    0.00
 129653.111   -14.464     0.00    0.00
 130028.613   -14.464     0.00    0.00
 130404.205   -14.464     0.00    0.00
 130779.887   -14.464     0.00    0.00
 131155.660   -14.464     0.00    0.00
 131531.523   -14.464     0.00    0.00
 131907.476   -14.464     0.00    0.00
 132283.519   -14.464     0.00    0.00
 132659.653   -14.464     0.00    0.00
 133035.877   -14.464     0.00    0.00
 133412.192   -14.464     0.00    0.00
 133788.598   -14.464     0.00    0.00
 134165.094   -14.464     0.00    0.00
 134541.682   -14.464     0.00    0.00
 134918.360   -14.464     0.00    0.00
 135295.129   -14.464     0.00    0.00
 135671.989   -14.464     0.00    0.00
 136048.940   -14.464     0.00    0.00
 136425.982   -14.464     0.00    0.00
 136803.115   -14.464     0.00    0.00
 137180.339   -14.464     0.00    0.00
 137557.655   -14.464     0.00    0.00
 137935.062   -14.464     0.00    0.00
 138312.561   -14.464     0.00    0.00
 138690.151   -14.464     0.00    0.00
 139067.833   -14.464     0.00    0.00
 139445.606   -14.464     0.00    0.00
 139823.471   -14.464     0.00    0.00
 140201.428   -14.464     0.00    0.00
 140579.476   -14.464     0.00    0.00
 140957.617   -14.464     0.00    0.00
 141335.849   -14.464     0.00    0.00
 141714.174   -14.464     0.00    0.00
 142092.590   -14.464     0.00    0.00
 142471.099   -14.464     0.00    0.00
 142849.700   -14.464     0.00    0.00
 143228.393   -14.464     0.00    0.00
 143607.179   -14.464     0.00    0.00
 143986.057   -14.464     0.00    0.00
 144365.027   -14.464     0.00    0.00
 144744.090   -14.464     0.00    0.00
 145123.246   -14.464     0.00    0.00
 145502.495   -14.464     0.00    0.00
 145881.836   -14.464     0.00    0.00
 146261.270   -14.464     0.00    0.00
 146640.797   -14.464     0.00    0.00
 147020.417   -14.464     0.00    0.00
 147400.129   -14.464     0.00    0.00
 147779.935   -14.464     0.00    0.00
 148159.835   -14.464     0.00    0.00
 148539.827   -14.464     0.00    0.00
 148919.913   -14.464     0.00    0.00
 149300.092   -14.464     0.00    0.00
 149680.364   -14.464     0.00    0.00
 150060.730   -14.464     0.00    0.00
 150441.190   -14.464     0.00    0.00
 150821.743   -14.464     0.00    0.00
 151202.390   -14.464     0.00    0.00
 151583.131   -14.464     0.00    0.00
 151963.965   -14.464     0.00    0.00
 152344.894   -14.464     0.00    0.00
 152725.916   -14.464     0.00    0.00
 153107.033   -14.464     0.00    0.00
 153488.243   -14.464     0.00    0.00
 153869.548   -14.464     0.00    0.00
 154250.947   -14.464     0.00    0.00
 154632.440   -14.464     0.00    0.00
 155014.028   -14.464     0.00    0.00
 155395.710   -14.464     0.00    0.00
 155777.487   -14.464     0.00    0.00
 156159.358   -14.464     0.00    0.00
 156541.325   -14.464     0.00    0.00
 156913.848   -14.464     0.00    0.00
 157278.079   -14.464     0.00    0.00
 157642.394   -14.464     0.00    0.00
 158006.794   -14.464     0.00    0.00
 158371.278   -14.464     0.00    0.00
 158735.846   -14.464     0.00    0.00
 159100.499   -14.464     0.00    0.00
 159465.236   -14.464     0.00    0.00
 159830.058   -14.464     0.00    0.00
 160194.965   -14.464     0.00    0.00
 160559.956   -14.464     0.00    0.00
 160925.032   -14.464     0.00    0.00
 161290.192   -14.464     0.00    0.00
 161655.438   -14.464     0.00    0.00
 162020.768   -14.464     0.00    0.00
 162386.183   -14.464     0.00    0.00
 162751.684   -14.464     0.00    0.00
 163117.269   -14.464     0.00    0.00
 163482.940   -14.464     0.00    0.00
 163848.696   -14.464     0.00    0.00
 164214.537   -14.464     0.00    0.00
 164580.463   -14.464     0.00    0.00
 164946.475   -14.464     0.00    0.00
 165312.572   -14.464     0.00    0.00
 165678.755   -14.464     0.00    0.00
 166045.023   -14.464     0.00    0.00
 166411.377   -14.464     0.00    0.00
 166777.816   -14.464     0.00    0.00
 167144.341   -14.464     0.00    0.00
 167510.952   -14.464     0.00    0.00
 167877.649   -14.464     0.00    0.00
 168244.432   -14.464     0.00    0.00
 168611.301   -14.464     0.00    0.00
 168978.256   -14.464     0.00    0.00
 169345.296   -14.464     0.00    0.00
 169712.423   -14.464     0.00    0.00
 170079.637   -14.464     0.00    0.00
 170446.936   -14.464     0.00    0.00
 170814.322   -14.464     0.00    0.00
 171181.794   -14.464     0.00    0.00
 171549.353   -14.464     0.00    0.00
 171916.998   -14.464     0.00    0.00
 172284.730   -14.464     0.00    0.00
 172652.549   -14.464     0.00    0.00
 173020.454   -14.464     0.00    0.00
 173388.446   -14.464     0.00    0.00
 173756.524   -14.464     0.00    0.00
 174124.690   -14.464     0.00    0.00
 174492.943   -14.464     0.00    0.00
 174861.282   -14.464     0.00    0.00
 175229.709   -14.464     0.00    0.00
 175598.223   -14.464     0.00    0.00
 175966.824   -14.464     0.00    0.00
 176335.512   -14.464     0.00    0.00
 176704.287   -14.464     0.00    0.00
 177073.150   -14.464     0.00    0.00
 177442.100   -14.464     0.00    0.00
 177811.138   -14.464     0.00    0.00
 178180.264   -14.464     0.00    0.00
 178549.477   -14.464     0.00    0.00
 178918.777   -14.464     0.00    0.00
 179288.166   -14.464     0.00    0.00
 179657.642   -14.464     0.00    0.00
 180027.206   -14.464     0.00    0.00
 180396.858   -14.464     0.00    0.00
 180766.598   -14.464     0.00    0.00
 181136.426   -14.464     0.00    0.00
 181506.342   -14.464     0.00    0.00
 181876.347   -14.464     0.00    0.00
 182246.439   -14.464     0.00    0.00
 182616.620   -14.464     0.00    0.00
 182986.890   -14.464     0.00    0.00
 183357.247   -14.464     0.00    0.00
 183727.693   -14.464     0.00    0.00
 184098.228   -14.464     0.00    0.00
 184468.852   -14.464     0.00    0.00
 184839.564   -14.464     0.00    0.00
 185210.365   -14.464     0.00    0.00
 185581.254   -14.464     0.00    0.00
 185952.233   -14.464     0.00    0.00
 186323.300   -14.464     0.00    0.00
 186694.457   -14.464     0.00    0.00
 187065.702   -14.464     0.00    0.00
