-120455.229   120.002     0.00    4.41
-120083.305   119.449    -1.49    4.62
-119711.300   117.469    -5.32    5.14
-119339.212   115.075    -6.43    5.01
-118967.044   112.764    -6.21    4.24
-118594.793   112.054    -1.91    4.20
-118222.462   112.608     1.49    4.52
-117850.048   113.694     2.92    4.12
-117477.553   114.932     3.32    3.20
-117104.976   115.585     1.75    3.04
-116732.317   116.690     2.97    2.72
-116359.576   117.351     1.77    2.88
-115986.753   118.207     2.30    2.63
-115613.848   119.121     2.45    2.32
-115240.861   119.892     2.07    2.21
-114867.793   120.222     0.89    2.58
-114494.641   120.493     0.73    2.99
-114121.408   120.707     0.57    3.26
-113748.093   120.595    -0.30    3.23
-113374.695   120.258    -0.90    2.99
-113001.214   119.754    -1.35    2.82
-112627.652   119.548    -0.55    2.60
-112254.007   119.259    -0.77    2.66
-111880.279   119.206    -0.14    2.71
-111506.468   119.241     0.09    2.60
-111132.576   119.697     1.22    2.34
-110758.600   120.341     1.72    2.19
-110384.541   121.110     2.06    1.92
-110010.400   121.581     1.26    1.96
-109636.176   121.434    -0.39    2.29
-109261.869   120.866    -1.52    2.05
-108887.479   120.721    -0.39    1.63
-108513.006   120.974     0.68    1.54
-108138.450   121.340     0.98    1.45
-107763.811   121.805     1.24    1.42
-107389.089   122.251     1.19    1.43
-107014.283   122.453     0.54    1.23
-106639.394   122.311    -0.38    1.25
-106264.422   121.432    -2.34    1.85
-105889.366   120.138    -3.45    2.21
-105514.227   119.154    -2.62    2.23
-105139.004   118.831    -0.86    2.18
-104763.698   118.914     0.22    2.42
-104388.308   120.771     4.95    4.12
-104012.834   123.506     7.28    5.87
-103637.277   125.638     5.68    5.36
-103261.636   126.414     2.07    4.46
-102885.911   125.128    -3.42    3.93
-102510.102   123.506    -4.32    3.24
-102134.209   122.491    -2.70    2.16
-101758.233   122.860     0.98    2.55
-101382.172   123.411     1.46    2.89
-101006.027   123.673     0.70    2.85
-100629.797   123.701     0.07    2.89
-100253.484   123.701     0.00    2.91
 -99877.086   123.681    -0.05    2.92
 -99500.604   123.811     0.35    2.98
 -99124.038   124.169     0.95    3.08
 -98747.387   124.431     0.70    2.84
 -98370.651   125.113     1.81    2.74
 -97993.831   125.921     2.14    2.80
 -97616.927   126.958     2.75    2.52
 -97239.937   127.841     2.34    2.42
 -96862.863   128.823     2.60    2.19
 -96485.704   129.866     2.76    2.34
 -96108.460   131.252     3.68    2.40
 -95731.132   132.795     4.09    2.92
 -95353.718   134.445     4.37    3.11
 -94976.219   136.509     5.47    3.90
 -94598.636   138.489     5.24    4.08
 -94220.967   139.866     3.65    4.33
 -93843.213   140.787     2.44    4.45
 -93465.373   142.181     3.69    5.49
 -93087.449   143.144     2.55    6.42
 -92709.439   144.341     3.17    7.40
 -92331.343   144.820     1.27    7.91
 -91953.162   145.529     1.88    7.97
 -91574.896   145.524    -0.01    7.82
 -91196.544   145.786     0.69    7.46
 -90818.106   145.552    -0.62    7.00
 -90439.583   145.311    -0.64    6.24
 -90060.974   144.310    -2.64    5.93
 -89682.279   142.865    -3.81    5.84
 -89303.498   141.391    -3.89    6.01
 -88924.631   139.815    -4.16    5.70
 -88545.678   138.431    -3.65    5.27
 -88166.639   137.031    -3.69    4.84
 -87787.514   135.714    -3.47    4.20
 -87408.303   134.758    -2.52    3.34
 -87029.006   134.201    -1.47    2.94
 -86649.622   134.051    -0.40    2.82
 -86270.152   134.212     0.43    2.62
 -85890.596   134.595     1.01    2.22
 -85510.953   134.856     0.69    1.84
 -85131.223   135.350     1.30    1.25
 -84751.408   135.812     1.22    1.38
 -84371.505   136.585     2.03    1.42
 -83991.516   137.641     2.78    1.63
 -83611.440   139.102     3.85    1.78
 -83231.277   140.537     3.77    2.02
 -82851.027   141.690     3.03    2.09
 -82470.690   141.796     0.28    2.50
 -82090.267   140.865    -2.45    3.21
 -81709.756   138.757    -5.54    3.66
 -81329.158   136.076    -7.04    3.57
 -80948.474   133.747    -6.12    3.41
 -80567.701   131.821    -5.06    3.15
 -80186.842   129.955    -4.90    3.04
 -79805.895   127.718    -5.87    3.74
 -79424.861   125.133    -6.78    4.19
 -79043.739   122.207    -7.68    4.75
 -78662.530   118.512    -9.69    5.40
 -78281.234   114.634   -10.17    5.36
 -77899.849   111.460    -8.32    5.66
 -77529.129   107.652   -10.27    7.02
 -77164.251   104.529    -8.56    7.93
 -76799.294   101.126    -9.32    9.06
 -76434.259    96.131   -13.68    8.89
 -76069.144    92.648    -9.54    8.71
 -75703.951    88.554   -11.21    8.92
 -75338.678    85.041    -9.62    8.05
 -74973.327    81.316   -10.19    8.56
 -74607.896    77.390   -10.74    7.82
 -74242.386    74.503    -7.90    7.23
 -73876.797    71.704    -7.66    6.86
 -73511.128    69.221    -6.79    7.05
 -73145.380    67.193    -5.54    6.93
 -72779.553    65.723    -4.02    6.71
 -72413.646    64.299    -3.89    6.79
 -72047.660    63.024    -3.48    6.80
 -71681.594    61.915    -3.03    7.68
 -71315.449    59.479    -6.65    8.51
 -70949.224    56.653    -7.72    8.50
 -70582.919    54.280    -6.48    8.20
 -70216.535    51.929    -6.41    7.04
 -69850.071    50.202    -4.71    6.66
 -69483.526    48.608    -4.35    6.57
 -69116.902    46.805    -4.92    5.87
 -68750.198    45.047    -4.79    5.28
 -68383.414    42.390    -7.24    5.78
 -68016.550    40.076    -6.31    7.06
 -67649.606    37.998    -5.66    7.55
 -67282.582    35.633    -6.44    7.34
 -66915.477    33.390    -6.11    6.60
 -66548.292    31.192    -5.99    5.86
 -66181.027    28.856    -6.36    5.16
 -65813.681    26.300    -6.96    4.35
 -65446.255    24.153    -5.84    3.99
 -65078.749    22.018    -5.81    3.39
 -64711.162    20.091    -5.24    3.04
 -64343.494    18.351    -4.73    2.72
 -63975.746    17.057    -3.52    2.22
 -63607.917    15.861    -3.25    1.62
 -63240.007    15.014    -2.30    0.89
 -62872.016    14.493    -1.42    0.52
 -62503.945    14.302    -0.52    0.35
 -62135.793    14.340     0.10    0.39
 -61767.560    14.390     0.14    0.28
 -61399.245    14.421     0.08    0.22
 -61030.850    14.371    -0.14    0.00
 -60662.373    14.271    -0.27    0.30
 -60293.816    14.118    -0.41    0.44
 -59925.177    14.018    -0.27    0.48
 -59556.457    14.030     0.03    0.48
 -59187.655    14.108     0.21    0.44
 -58818.773    14.121     0.03    0.48
 -58449.808    13.341    -2.11    1.60
 -58080.762    12.311    -2.79    1.87
 -57711.635    11.181    -3.06    1.59
 -57342.426    10.420    -2.06    0.89
 -56973.136    10.195    -0.61    0.65
 -56603.763    10.143    -0.14    0.72
 -56234.309    10.037    -0.29    0.80
 -55864.774     9.527    -1.38    1.70
 -55495.156     9.646     0.32    1.93
 -55125.456    10.192     1.48    2.01
 -54755.675    10.841     1.75    1.73
 -54385.811    11.711     2.35    0.83
 -54015.865    12.272     1.52    1.25
 -53645.837    13.881     4.35    3.65
 -53275.727    20.361    17.51   10.60
 -52905.535    32.473    32.72   17.61
 -52535.261    47.390    40.29   19.38
 -52164.904    60.411    35.16   15.70
 -51794.464    70.687    27.74    9.98
 -51423.942    74.861    11.26    6.37
 -51053.338    75.111     0.67    5.41
 -50682.651    73.184    -5.20    9.38
 -50311.882    61.670   -31.06   20.04
 -49941.030    46.733   -40.27   23.86
 -49570.095    33.149   -36.62   21.45
 -49199.077    23.527   -25.93   11.73
 -48827.976    19.721   -10.26    5.57
 -48456.793    20.812     2.94    8.13
 -48085.526    24.753    10.62   11.45
 -47714.177    39.460    39.60   25.89
 -47342.745    54.655    40.91   27.88
 -46971.229    68.017    35.97   19.99
 -46599.630    68.567     1.48   14.67
 -46227.948    66.147    -6.51   13.20
 -45856.183    63.399    -7.39   12.84
 -45484.334    60.097    -8.88   13.94
 -45112.402    54.635   -14.68   15.77
 -44740.387    46.623   -21.54   19.61
 -44368.288    34.866   -31.60   22.63
 -43996.105    23.596   -30.28   22.34
 -43623.839    12.521   -29.75   18.04
 -43251.489     5.400   -19.12   11.43
 -42879.056     1.816    -9.62    4.91
 -42506.538     0.851    -2.59    2.83
 -42133.937     1.044     0.52    2.66
 -41761.252     1.138     0.25    2.61
 -41388.483     0.824    -0.84    2.57
 -41015.630    -0.198    -2.74    2.62
 -40642.693    -1.296    -2.94    2.43
 -40269.671    -1.768    -1.27    2.10
 -39896.566    -1.100     1.79    2.39
 -39523.376     0.611     4.58    2.94
 -39150.102     2.233     4.35    2.53
 -38776.744     3.222     2.65    2.03
 -38403.301     3.128    -0.25    1.85
 -38029.774     1.998    -3.02    2.48
 -37656.163     0.438    -4.18    2.70
 -37282.466    -0.714    -3.08    1.99
 -36908.685    -0.884    -0.46    1.78
 -36534.820    -0.590     0.79    1.71
 -36160.870     0.147     1.97    1.50
 -35786.834     0.871     1.93    0.86
 -35412.714     1.232     0.97    0.35
 -35038.510     1.331     0.27    0.20
 -34664.220     1.341     0.03    0.17
 -34289.845     1.361     0.05    0.10
 -33915.385     1.371     0.03    0.00
 -33540.840     1.371     0.00    0.00
 -33166.209     1.350    -0.06    0.14
 -32791.494     1.361     0.03    0.10
 -32416.693     1.371     0.03    0.00
 -32041.807     1.371     0.00    0.00
 -31666.835     1.371     0.00    0.00
 -31291.778     1.253    -0.31    0.32
 -30916.635     1.171    -0.22    0.40
 -30541.407     1.037    -0.36    0.47
 -30166.093     0.986    -0.14    0.49
 -29790.693     1.041     0.15    0.47
 -29415.208     1.125     0.23    0.43
 -29039.636     1.231     0.28    0.35
 -28663.979     1.332     0.27    0.19
 -28288.236     1.371     0.10    0.00
 -27912.407     1.371     0.00    0.00
 -27536.492     1.371     0.00    0.00
 -27160.490     1.371     0.00    0.00
 -26784.403     1.371     0.00    0.00
 -26408.229     1.371     0.00    0.00
 -26031.969     1.371     0.00    0.00
 -25655.622     1.371     0.00    0.00
 -25279.190     1.371     0.00    0.00
 -24902.670     1.371     0.00    0.00
 -24526.064     1.371     0.00    0.00
 -24149.372     1.371     0.00    0.00
 -23772.593     1.371     0.00    0.00
 -23395.727     1.371     0.00    0.00
 -23018.774     1.371     0.00    0.00
 -22641.735     1.371     0.00    0.00
 -22264.609     1.371     0.00    0.00
 -21887.395     1.371     0.00    0.00
 -21510.095     1.371     0.00    0.00
 -21132.708     1.371     0.00    0.00
 -20755.233     1.341    -0.08    0.17
 -20377.671     1.289    -0.14    0.28
 -20000.023     1.293     0.01    0.27
 -19622.286     1.267    -0.07    0.31
 -19244.463     1.207    -0.16    0.37
 -18866.552     1.131    -0.20    0.43
 -18488.553     1.070    -0.16    0.46
 -18110.467     1.021    -0.13    0.48
 -17732.294     1.011    -0.03    0.48
 -17354.032     0.969    -0.11    0.49
 -16975.683     0.984     0.04    0.49
 -16597.246     1.034     0.13    0.47
 -16218.722     1.186     0.40    0.39
 -15840.109     1.265     0.21    0.31
 -15461.409     1.351     0.23    0.14
 -15082.620     1.331    -0.05    0.20
 -14703.743     1.251    -0.21    0.33
 -14324.779     1.159    -0.24    0.41
 -13945.726     1.021    -0.37    0.48
 -13566.584     1.037     0.04    0.47
 -13187.355     1.111     0.19    0.44
 -12808.037     1.199     0.23    0.38
 -12428.630     1.285     0.23    0.28
 -12049.135     1.226    -0.16    0.35
 -11669.552     1.141    -0.22    0.42
 -11289.880     1.031    -0.29    0.48
 -10910.119     0.922    -0.29    0.50
 -10530.269     0.837    -0.22    0.50
 -10150.331     0.742    -0.25    0.49
  -9770.303     0.642    -0.26    0.45
  -9390.187     0.556    -0.23    0.39
  -9009.982     0.457    -0.26    0.28
  -8629.688     0.400    -0.15    0.17
  -8249.304     0.437     0.10    0.25
  -7868.832     0.511     0.19    0.35
  -7488.270     0.572     0.16    0.40
  -7107.618     0.631     0.15    0.44
  -6726.878     0.674     0.12    0.46
  -6346.048     0.721     0.12    0.48
  -5965.128     0.746     0.07    0.49
  -5584.119     0.747     0.00    0.49
  -5203.021     0.813     0.17    0.50
  -4821.832     0.915     0.27    0.50
  -4440.554     1.031     0.30    0.48
  -4059.186     1.155     0.33    0.41
  -3677.729     1.214     0.15    0.37
  -3296.181     1.222     0.02    0.36
  -2919.381     1.215    -0.02    0.36
  -2554.744     1.108    -0.29    0.44
  -2190.027     0.926    -0.50    0.50
  -1825.230     0.694    -0.64    0.53
  -1460.351     0.501    -0.53    0.49
  -1095.392     0.429    -0.20    0.42
   -730.352     0.332    -0.27    0.42
   -365.232     0.212    -0.33    0.54
     -0.030    -0.014    -0.62    0.58
    365.253    -0.293    -0.76    0.48
    730.616    -0.533    -0.66    0.43
   1096.061    -0.804    -0.74    0.43
   1461.587    -1.061    -0.70    0.50
   1827.194    -1.216    -0.42    0.49
   2192.883    -1.385    -0.46    0.43
   2558.653    -1.299     0.23    0.47
   2924.504    -1.134     0.45    0.61
   3290.436    -0.956     0.49    0.72
   3656.450    -0.736     0.60    0.77
   4022.546    -0.521     0.59    0.76
   4388.723    -0.312     0.57    0.69
   4754.981    -0.129     0.50    0.62
   5121.322     0.063     0.52    0.56
   5487.744     0.167     0.28    0.53
   5854.248     0.254     0.24    0.43
   6220.834     0.323     0.19    0.35
   6587.501     0.350     0.07    0.25
   6954.251     0.399     0.13    0.32
   7321.082     0.493     0.26    0.44
   7687.996     0.623     0.35    0.57
   8054.992     0.890     0.73    0.67
   8422.070     1.235     0.94    0.82
   8789.230     1.685     1.23    1.00
   9156.473     2.299     1.67    1.17
   9523.797     2.947     1.77    1.19
   9891.205     3.529     1.58    1.21
  10258.694     4.273     2.03    1.22
  10626.267     4.969     1.89    1.14
  10993.921     5.658     1.87    1.03
  11361.659     6.228     1.55    0.92
  11729.479     6.860     1.72    0.90
  12097.381     7.599     2.01    0.98
  12465.367     8.167     1.54    0.93
  12833.435     8.866     1.90    0.86
  13201.586     9.400     1.45    0.73
  13569.821     9.891     1.33    0.64
  13938.138    10.226     0.91    0.66
  14306.538    10.554     0.89    0.68
  14675.021    10.656     0.28    0.77
  15043.588    10.604    -0.14    0.84
  15412.238    10.237    -0.99    0.84
  15780.971     9.913    -0.88    0.76
  16149.787     9.537    -1.02    0.85
  16518.687     9.399    -0.37    1.30
  16887.670     8.896    -1.36    1.78
  17256.737     8.207    -1.87    2.13
  17625.887     7.138    -2.90    2.20
  17995.121     5.980    -3.13    2.05
  18364.438     5.085    -2.42    1.92
  18733.840     4.341    -2.01    1.78
  19103.325     3.937    -1.10    1.50
  19472.894     3.820    -0.32    1.22
  19842.546     4.085     0.72    1.08
  20212.283     4.391     0.83    0.91
  20582.104     4.720     0.89    0.72
  20952.009     4.798     0.21    0.52
  21321.998     4.765    -0.09    0.49
  21692.071     4.616    -0.40    0.43
  22062.228     4.472    -0.39    0.36
  22432.470     4.332    -0.38    0.27
  22802.796     4.391     0.16    0.45
  23173.206     4.553     0.44    0.57
  23543.701     4.851     0.80    0.69
  23914.281     5.254     1.09    0.73
  24284.945     5.496     0.65    0.77
  24655.693     5.723     0.61    0.95
  25026.527     5.799     0.20    1.13
  25397.445     5.799     0.00    1.30
  25768.448     5.818     0.05    1.53
  26139.535     5.687    -0.35    1.64
  26510.708     5.523    -0.44    1.62
  26881.966     5.284    -0.64    1.43
  27253.309     5.128    -0.42    1.07
  27624.736     5.128     0.00    0.85
  27996.249     5.228     0.27    0.57
  28367.848     5.371     0.38    0.44
  28739.531     5.462     0.25    0.32
  29111.300     5.475     0.03    0.31
  29483.154     5.642     0.45    0.45
  29855.094     5.885     0.65    0.50
  30227.119     6.190     0.82    0.53
  30599.229     6.536     0.93    0.47
  30971.426     6.818     0.76    0.50
  31343.708     7.054     0.63    0.47
  31716.075     7.257     0.55    0.42
  32088.529     7.431     0.47    0.42
  32461.068     7.592     0.43    0.57
  32833.694     7.652     0.16    0.63
  33206.405     7.732     0.22    0.75
  33579.202     7.601    -0.35    0.92
  33952.086     7.409    -0.51    1.04
  34325.055     7.209    -0.54    1.06
  34698.111     7.057    -0.41    0.91
  35071.253     7.075     0.05    0.71
  35444.481     7.228     0.41    0.56
  35817.796     7.371     0.38    0.37
  36191.197     7.422     0.14    0.22
  36564.685     7.380    -0.11    0.10
  36938.259     7.274    -0.28    0.30
  37311.920     7.040    -0.63    0.47
  37685.668     6.790    -0.67    0.50
  38059.502     6.526    -0.71    0.36
  38433.423     6.408    -0.32    0.19
  38807.431     6.371    -0.10    0.14
  39181.526     6.467     0.26    0.33
  39555.708     6.524     0.15    0.46
  39929.977     6.601     0.21    0.47
  40304.333     6.613     0.03    0.49
  40678.776     6.669     0.15    0.54
  41053.307     6.604    -0.17    0.51
  41427.924     6.497    -0.29    0.61
  41802.629     6.322    -0.47    0.76
  42177.422     5.972    -0.93    0.95
  42552.302     5.493    -1.28    1.08
  42927.269     5.078    -1.11    1.17
  43302.324     4.723    -0.95    1.20
  43677.467     4.411    -0.83    1.09
  44052.697     4.191    -0.59    0.87
  44428.015     4.018    -0.46    0.64
  44803.421     3.971    -0.13    0.58
  45178.915     3.798    -0.46    0.65
  45554.497     3.594    -0.54    0.74
  45930.167     3.294    -0.80    0.77
  46305.925     2.837    -1.22    0.91
  46681.771     2.066    -2.05    1.36
  47057.705     1.047    -2.71    1.66
  47433.727     0.323    -1.92    1.37
  47809.838     0.034    -0.77    1.11
  48186.037     0.256     0.59    1.10
  48562.325     0.738     1.28    0.92
  48938.701     0.250    -1.30    1.26
  49315.166    -0.022    -0.72    1.16
  49691.719    -0.092    -0.19    1.19
  50068.361     0.015     0.28    1.17
  50445.092     0.437     1.12    1.15
  50821.911     0.798     0.96    0.86
  51198.819     1.015     0.58    0.48
  51575.817     0.957    -0.15    0.49
  51952.903    -0.183    -3.02    2.56
  52330.079    -1.812    -4.32    3.31
  52707.343    -3.728    -5.08    2.97
  53084.697    -5.058    -3.53    1.88
  53462.140    -5.629    -1.51    0.00
  53839.672    -5.629     0.00    0.00
  54217.293    -5.629     0.00    0.00
  54595.005    -5.629     0.00    0.00
  54972.805    -5.629     0.00    0.00
  55350.695    -5.629     0.00    0.00
  55728.675    -5.629     0.00    0.00
  56106.744    -5.629     0.00    0.00
  56484.903    -5.629     0.00    0.00
  56863.152    -5.629     0.00    0.00
  57241.491    -5.629     0.00    0.00
  57619.920    -5.629     0.00    0.00
  57998.439    -5.629     0.00    0.00
  58377.048    -5.629     0.00    0.00
  58755.747    -5.629     0.00    0.00
  59134.536    -5.629     0.00    0.00
  59513.415    -5.629     0.00    0.00
  59892.385    -5.629     0.00    0.00
  60271.445    -5.629     0.00    0.00
  60650.595    -5.629     0.00    0.00
  61029.836    -5.629     0.00    0.00
  61409.168    -5.629     0.00    0.00
  61788.590    -5.629     0.00    0.00
  62168.103    -5.629     0.00    0.00
  62547.707    -5.629     0.00    0.00
  62927.401    -5.629     0.00    0.00
  63307.187    -5.629     0.00    0.00
  63687.063    -5.629     0.00    0.00
  64067.031    -5.629     0.00    0.00
  64447.089    -5.668    -0.10    0.19
  64827.239    -5.687    -0.05    0.23
  65207.480    -5.611     0.20    0.48
  65587.812    -5.159     1.19    2.15
  65968.235    -4.167     2.61    5.11
  66348.750    -2.950     3.20    6.76
  66729.356    -2.394     1.46    7.53
  67110.054    -0.198     5.77   10.26
  67490.844     0.389     1.54   10.17
  67871.725    -0.801    -3.13    7.64
  68252.698    -2.480    -4.41    5.43
  68633.762    -3.405    -2.43    3.57
  69014.919    -3.820    -1.09    2.93
  69396.167    -4.119    -0.79    2.69
  69777.508    -4.553    -1.14    2.22
  70158.940    -4.813    -0.68    1.54
  70540.465    -4.315     1.31    2.13
  70922.082    -3.798     1.35    2.66
  71303.791    -3.704     0.25    2.72
  71685.592    -4.051    -0.91    2.26
  72051.530    -4.384    -0.91    1.72
  72416.004    -4.837    -1.24    1.18
  72780.561    -5.639    -2.20    2.14
  73145.200    -6.394    -2.07    2.89
  73509.921    -7.590    -3.28    3.69
  73874.726    -8.452    -2.36    4.02
  74239.612    -9.321    -2.38    4.46
  74604.582   -10.206    -2.43    4.71
  74969.634   -11.074    -2.38    4.60
  75334.770   -11.718    -1.76    4.14
  75699.988   -12.865    -3.14    1.38
  76065.289   -13.081    -0.59    0.50
  76430.673   -13.331    -0.68    0.46
  76796.140   -13.554    -0.61    0.27
  77161.690   -13.629    -0.21    0.00
  77527.324   -13.629     0.00    0.00
  77893.040   -13.629     0.00    0.00
  78258.840   -13.629     0.00    0.00
  78624.723   -13.629     0.00    0.00
  78990.690   -13.629     0.00    0.00
  79356.740   -13.611     0.05    0.14
  79722.873   -13.591     0.05    0.19
  80089.091   -13.488     0.28    0.35
  80455.391   -13.386     0.28    0.43
  80821.776   -13.236     0.41    0.49
  81188.244   -13.082     0.42    0.50
  81554.796   -12.924     0.43    0.46
  81921.432   -12.788     0.37    0.37
  82288.151   -12.798    -0.03    0.38
  82654.955   -13.024    -0.62    0.49
  83021.843   -13.265    -0.66    0.48
  83388.814   -13.487    -0.60    0.35
  83755.870   -13.611    -0.34    0.14
  84123.010   -13.629    -0.05    0.00
  84490.235   -13.629     0.00    0.00
  84857.543   -13.629     0.00    0.00
  85224.936   -13.599     0.08    0.17
  85592.414   -13.508     0.25    0.33
  85959.976   -13.437     0.19    0.40
  86327.622   -13.337     0.27    0.46
  86695.353   -13.318     0.05    0.47
  87063.169   -13.264     0.15    0.48
  87431.069   -13.241     0.06    0.49
  87799.054   -13.239     0.00    0.49
  88167.124   -13.205     0.09    0.50
  88535.279   -13.201     0.01    0.50
  88903.519   -13.191     0.03    0.50
  89271.844   -13.256    -0.17    0.49
  89640.253   -13.243     0.03    0.49
  90008.748   -13.167     0.21    0.50
  90377.329   -13.024     0.39    0.49
  90745.994   -12.985     0.11    0.48
  91114.745   -12.994    -0.03    0.48
  91483.581   -13.081    -0.24    0.50
  91852.502   -13.246    -0.45    0.49
  92221.509   -13.331    -0.23    0.46
  92590.602   -13.318     0.04    0.47
  92959.780   -13.110     0.56    0.50
  93329.043   -12.884     0.61    0.44
  93698.393   -12.713     0.46    0.28
  94067.828   -12.677     0.10    0.21
  94437.349   -12.676     0.00    0.25
  94806.956   -12.543     0.36    0.42
  95176.648   -12.450     0.25    0.49
  95546.427   -12.582    -0.36    0.64
  95916.292   -12.487     0.26    1.53
  96286.243   -10.932     4.20    5.16
  96656.280    -7.020    10.57    9.88
  97026.404    -2.842    11.29   11.32
  97396.613    -0.841     5.41   10.92
  97766.910    -3.903    -8.27   10.25
  98137.292    -7.742   -10.36    7.58
  98507.761   -11.582   -10.37    2.76
  98878.317   -12.620    -2.80    1.19
  99248.959   -12.991    -1.00    0.48
  99619.687   -12.944     0.13    0.47
  99990.503   -12.822     0.33    0.40
 100361.405   -12.676     0.39    0.21
 100732.394   -12.639     0.10    0.10
 101103.470   -12.734    -0.26    0.31
 101474.633   -12.870    -0.37    0.43
 101845.883   -13.082    -0.57    0.50
 102217.220   -13.293    -0.57    0.47
 102588.645   -13.524    -0.62    0.31
 102960.156   -13.629    -0.28    0.00
 103331.755   -13.629     0.00    0.00
 103703.441   -13.629     0.00    0.00
 104075.214   -13.629     0.00    0.00
 104447.075   -13.629     0.00    0.00
 104819.024   -13.629     0.00    0.00
 105191.060   -13.629     0.00    0.00
 105563.183   -13.629     0.00    0.00
 105935.394   -13.629     0.00    0.00
 106307.693   -13.629     0.00    0.00
 106680.080   -13.629     0.00    0.00
 107052.555   -13.629     0.00    0.00
 107425.118   -13.629     0.00    0.00
 107797.768   -13.629     0.00    0.00
 108170.507   -13.629     0.00    0.00
 108543.334   -13.629     0.00    0.00
 108916.249   -13.629     0.00    0.00
 109289.252   -13.629     0.00    0.00
 109662.344   -13.629     0.00    0.00
 110035.524   -13.629     0.00    0.00
 110408.792   -13.629     0.00    0.00
 110782.149   -13.629     0.00    0.00
 111155.595   -13.629     0.00    0.00
 111529.129   -13.629     0.00    0.00
 111902.751   -13.629     0.00    0.00
 112276.463   -13.629     0.00    0.00
 112650.263   -13.629     0.00    0.00
 113024.152   -13.629     0.00    0.00
 113398.131   -13.629     0.00    0.00
 113772.198   -13.629     0.00    0.00
 114146.354   -13.629     0.00    0.00
 114520.599   -13.629     0.00    0.00
 114894.934   -13.629     0.00    0.00
 115269.357   -13.629     0.00    0.00
 115643.870   -13.629     0.00    0.00
 116018.473   -13.629     0.00    0.00
 116393.165   -13.629     0.00    0.00
 116767.946   -13.629     0.00    0.00
 117142.817   -13.629     0.00    0.00
 117517.777   -13.629     0.00    0.00
 117892.828   -13.629     0.00    0.00
 118267.968   -13.629     0.00    0.00
 118643.198   -13.629     0.00    0.00
 119018.517   -13.629     0.00    0.00
 119393.927   -13.629     0.00    0.00
 119769.427   -13.629     0.00    0.00
 120145.016   -13.629     0.00    0.00
 120520.696   -13.629     0.00    0.00
 120896.466   -13.629     0.00    0.00
 121272.327   -13.629     0.00    0.00
 121648.277   -13.629     0.00    0.00
 122024.318   -13.629     0.00    0.00
 122400.450   -13.629     0.00    0.00
 122776.672   -13.629     0.00    0.00
 123152.985   -13.629     0.00    0.00
 123529.388   -13.629     0.00    0.00
 123905.882   -13.629     0.00    0.00
 124282.467   -13.629     0.00    0.00
 124659.142   -13.629     0.00    0.00
 125035.909   -13.629     0.00    0.00
 125412.766   -13.629     0.00    0.00
 125789.715   -13.629     0.00    0.00
 126166.755   -13.629     0.00    0.00
 126543.885   -13.629     0.00    0.00
 126921.108   -13.629     0.00    0.00
 127298.421   -13.629     0.00    0.00
 127675.826   -13.629     0.00    0.00
 128053.322   -13.629     0.00    0.00
 128430.910   -13.629     0.00    0.00
 128808.589   -13.629     0.00    0.00
 129186.360   -13.629     0.00    0.00
 129564.222   -13.629     0.00    0.00
 129942.177   -13.629     0.00    0.00
 130320.223   -13.629     0.00    0.00
 130698.361   -13.629     0.00    0.00
 131076.591   -13.629     0.00    0.00
 131454.913   -13.629     0.00    0.00
 131833.327   -13.629     0.00    0.00
 132211.834   -13.629     0.00    0.00
 132590.432   -13.629     0.00    0.00
 132969.123   -13.629     0.00    0.00
 133347.906   -13.629     0.00    0.00
 133726.782   -13.629     0.00    0.00
 134105.750   -13.629     0.00    0.00
 134484.811   -13.629     0.00    0.00
 134863.964   -13.629     0.00    0.00
 135243.210   -13.629     0.00    0.00
 135622.549   -13.629     0.00    0.00
 136001.980   -13.629     0.00    0.00
 136381.505   -13.629     0.00    0.00
 136761.122   -13.629     0.00    0.00
 137140.833   -13.629     0.00    0.00
 137520.636   -13.629     0.00    0.00
 137900.533   -13.629     0.00    0.00
 138280.523   -13.629     0.00    0.00
 138660.606   -13.629     0.00    0.00
 139040.783   -13.629     0.00    0.00
 139421.053   -13.629     0.00    0.00
 139801.417   -13.629     0.00    0.00
 140181.874   -13.629     0.00    0.00
 140562.425   -13.629     0.00    0.00
 140943.069   -13.629     0.00    0.00
 141323.808   -13.629     0.00    0.00
 141704.640   -13.629     0.00    0.00
 142085.566   -13.629     0.00    0.00
 142466.586   -13.629     0.00    0.00
 142847.700   -13.629     0.00    0.00
 143228.908   -13.629     0.00    0.00
 143610.210   -13.629     0.00    0.00
 143991.607   -13.629     0.00    0.00
 144373.098   -13.629     0.00    0.00
 144754.683   -13.629     0.00    0.00
 145136.363   -13.629     0.00    0.00
 145518.138   -13.629     0.00    0.00
 145900.007   -13.629     0.00    0.00
 146281.970   -13.629     0.00    0.00
 146654.491   -13.629     0.00    0.00
 147018.720   -13.629     0.00    0.00
 147383.033   -13.629     0.00    0.00
 147747.430   -13.629     0.00    0.00
 148111.912   -13.629     0.00    0.00
 148476.478   -13.629     0.00    0.00
 148841.129   -13.629     0.00    0.00
 149205.864   -13.629     0.00    0.00
 149570.683   -13.629     0.00    0.00
 149935.588   -13.629     0.00    0.00
 150300.576   -13.629     0.00    0.00
 150665.650   -13.629     0.00    0.00
 151030.808   -13.629     0.00    0.00
 151396.051   -13.629     0.00    0.00
 151761.380   -13.629     0.00    0.00
 152126.793   -13.629     0.00    0.00
 152492.291   -13.629     0.00    0.00
 152857.874   -13.629     0.00    0.00
 153223.542   -13.629     0.00    0.00
 153589.296   -13.629     0.00    0.00
 153955.134   -13.629     0.00    0.00
 154321.059   -13.629     0.00    0.00
 154687.068   -13.629     0.00    0.00
 155053.163   -13.629     0.00    0.00
 155419.343   -13.629     0.00    0.00
 155785.609   -13.629     0.00    0.00
 156151.961   -13.629     0.00    0.00
 156518.398   -13.629     0.00    0.00
 156884.921   -13.629     0.00    0.00
 157251.530   -13.629     0.00    0.00
 157618.224   -13.629     0.00    0.00
 157985.005   -13.629     0.00    0.00
 158351.871   -13.629     0.00    0.00
 158718.824   -13.629     0.00    0.00
 159085.862   -13.629     0.00    0.00
 159452.987   -13.629     0.00    0.00
 159820.198   -13.629     0.00    0.00
 160187.495   -13.629     0.00    0.00
 160554.879   -13.629     0.00    0.00
 160922.349   -13.629     0.00    0.00
 161289.905   -13.629     0.00    0.00
 161657.548   -13.629     0.00    0.00
 162025.278   -13.629     0.00    0.00
 162393.094   -13.629     0.00    0.00
 162760.997   -13.629     0.00    0.00
 163128.987   -13.629     0.00    0.00
 163497.063   -13.629     0.00    0.00
 163865.226   -13.629     0.00    0.00
 164233.477   -13.629     0.00    0.00
 164601.814   -13.629     0.00    0.00
 164970.238   -13.629     0.00    0.00
 165338.750   -13.629     0.00    0.00
 165707.348   -13.629     0.00    0.00
 166076.034   -13.629     0.00    0.00
 166444.807   -13.629     0.00    0.00
 166813.668   -13.629     0.00    0.00
 167182.616   -13.629     0.00    0.00
 167551.652   -13.629     0.00    0.00
 167920.775   -13.629     0.00    0.00
 168289.985   -13.629     0.00    0.00
 168659.284   -13.629     0.00    0.00
 169028.670   -13.629     0.00    0.00
 169398.144   -13.629     0.00    0.00
 169767.706   -13.629     0.00    0.00
 170137.355   -13.629     0.00    0.00
 170507.093   -13.629     0.00    0.00
 170876.919   -13.629     0.00    0.00
 171246.833   -13.629     0.00    0.00
 171616.835   -13.629     0.00    0.00
 171986.925   -13.629     0.00    0.00
 172357.104   -13.629     0.00    0.00
 172727.371   -13.629     0.00    0.00
 173097.726   -13.629     0.00    0.00
 173468.170   -13.629     0.00    0.00
 173838.703   -13.629     0.00    0.00
 174209.324   -13.629     0.00    0.00
 174580.033   -13.629     0.00    0.00
 174950.832   -13.629     0.00    0.00
 175321.719   -13.629     0.00    0.00
 175692.695   -13.629     0.00    0.00
 176063.761   -13.629     0.00    0.00
 176434.915   -13.629     0.00    0.00
 176806.158   -13.629     0.00    0.00
