# NaN NaN NaN ;Mean Elev.(m), Avg Gradient(m/km), RMS Gradient(m/km) - SRTM1     
#  134.032  -0.266   3.952 ;Mean Elev.(m), Avg Gradient(m/km), RMS Gradient(m/km) - ASTER GDEM
#  143.626   0.100   1.880 ;Mean Elev.(m), Avg Gradient(m/km), RMS Gradient(m/km) - GMTED2010 
  7   148.593 52468.78747199 33.13 242.389961  61.316099 14.769
  7   149.084 52468.78747263 34.25 242.387601  61.312939 14.769
  7   149.236 52468.78747328 37.34 242.385241  61.309789 14.769
  8   143.451 52503.78745938 34.31 242.388027  61.317340 14.228
  8   143.925 52503.78746002 36.30 242.385667  61.314180 14.228
  8   144.133 52503.78746067 37.26 242.383307  61.311030 14.228
  9   149.441 52538.78744545 39.85 242.399449  61.304422 16.198
  9   149.726 52538.78744609 39.92 242.397079  61.301262 16.198
  9   149.807 52538.78744673 40.03 242.394719  61.298102 27.299
  9   149.906 52538.78744738 40.07 242.392359  61.294952 27.299
  9   150.065 52538.78744802 35.37 242.389999  61.291792 27.299
  9   149.914 52538.78744867 32.48 242.387639  61.288632 27.299
  9   149.934 52538.78744931 29.29 242.385289  61.285482 27.299
 10   148.478 52573.78748568 37.78 242.390237  61.314954 15.068
 10   148.789 52573.78748632 38.78 242.387877  61.311794 15.068
 10   148.916 52573.78748697 40.09 242.385517  61.308634 15.068
 10   149.125 52573.78748761 39.99 242.383157  61.305484 15.068
 11   147.644 52608.78744431 36.28 242.390017  61.316551 14.280
 11   147.955 52608.78744496 37.89 242.387657  61.313391 14.280
 11   148.107 52608.78744560 38.11 242.385297  61.310241 14.280
 11   148.314 52608.78744625 39.34 242.382937  61.307081 14.280
 12   153.071 52643.78743923 19.88 242.393974  61.310656  5.926
 12   150.804 52643.78743988 25.01 242.391614  61.307506  5.926
 12   150.832 52643.78744052 27.96 242.389254  61.304346  5.926
 12   151.019 52643.78744117 32.57 242.386894  61.301186  5.926
 12   151.075 52643.78744181 32.10 242.384534  61.298036  5.926
 12   150.850 52643.78744246 28.29 242.382172  61.294883  9.814
 12   150.858 52643.78744310 25.93 242.379812  61.291723  9.814
 13   154.437 52678.78741924 16.56 242.390737  61.315456  3.937
 13   154.320 52678.78741988 17.17 242.388377  61.312306  3.937
 13   153.131 52678.78742052 19.19 242.386017  61.309146  3.937
 13   149.731 52678.78742117 20.60 242.383657  61.305996  3.937
 15   148.435 52748.78748468 30.02 242.381383  61.324010 12.781
 15   148.670 52748.78748533 28.71 242.379023  61.320860 12.781
 16   150.165 52783.78742831 36.93 242.398016  61.307012 21.526
 16   150.415 52783.78742896 39.43 242.395656  61.303852 21.526
 16   150.578 52783.78742960 40.54 242.393296  61.300702 21.526
 16   150.698 52783.78743025 41.07 242.390936  61.297542 21.526
 16   150.729 52783.78743089 42.59 242.388575  61.294390 25.488
 16   150.961 52783.78743154 41.66 242.386215  61.291230 25.488
 16   150.949 52783.78743218 42.79 242.383855  61.288070 25.488
 17   149.898 52818.78750508 40.55 242.397151  61.308545 15.107
 17   150.058 52818.78750572 43.22 242.394791  61.305385 15.107
 17   150.201 52818.78750637 47.04 242.392431  61.302235 15.107
 17   150.409 52818.78750701 46.34 242.390071  61.299075 15.107
 17   150.602 52818.78750766 47.87 242.387711  61.295914 23.075
 17   150.593 52818.78750830 48.91 242.385351  61.292764 23.075
 17   150.856 52818.78750895 48.88 242.382991  61.289604 23.075
 18   158.613 52853.78755458 18.09 242.394498  61.307714  8.347
 18   157.265 52853.78755522 18.28 242.392138  61.304554  8.347
 18   156.828 52853.78755587 18.16 242.389778  61.301394  8.347
 18   155.124 52853.78755651 19.93 242.387418  61.298244  8.347
 18   153.983 52853.78755715 20.56 242.385055  61.295090 22.114
 18   153.165 52853.78755780 20.79 242.382695  61.291930 22.114
 20   147.641 52923.78754033 29.39 242.385914  61.320132 10.898
 20   148.169 52923.78754097 30.91 242.383554  61.316982 10.898
 20   148.568 52923.78754161 31.39 242.381194  61.313822 10.898
 21   148.661 52958.78750919 40.73 242.400049  61.304928 11.020
 21   148.890 52958.78750983 42.39 242.397689  61.301768 11.020
 21   149.133 52958.78751047 42.93 242.395329  61.298618 11.020
 21   149.380 52958.78751112 44.60 242.392968  61.295457 19.503
 21   149.670 52958.78751176 45.99 242.390618  61.292307 19.503
 21   149.671 52958.78751241 47.50 242.388258  61.289147 19.503
 21   149.831 52958.78751305 43.59 242.385898  61.285997 19.503
 22   148.939 52993.78753684 38.79 242.394653  61.310779 14.214
 22   149.149 52993.78753749 39.05 242.392293  61.307619 14.214
 22   149.464 52993.78753813 38.06 242.389933  61.304459 14.214
 22   149.674 52993.78753878 36.27 242.387573  61.301309 14.214
 22   149.835 52993.78753942 37.25 242.385210  61.298156 11.964
 22   149.875 52993.78754007 36.45 242.382850  61.294996 11.964
 22   149.801 52993.78754071 34.22 242.380490  61.291836 11.964
 23   149.856 53028.78750019 45.69 242.387170  61.316910 19.677
 23   149.767 53028.78750084 49.63 242.384810  61.313750 19.677
 24   149.976 53063.78750958 28.67 242.395503  61.307698  7.986
 24   150.313 53063.78751022 32.63 242.393143  61.304538  7.986
 24   150.489 53063.78751087 37.69 242.390783  61.301388  7.986
 24   150.415 53063.78751151 41.48 242.388420  61.298226  9.702
 24   150.389 53063.78751216 36.30 242.386060  61.295076  9.702
 24   150.209 53063.78751280 26.59 242.383700  61.291916  9.702
 24   150.359 53063.78751345 20.02 242.381350  61.288766  9.702
 25   158.234 53098.78752113 13.75 242.383846  61.323175  6.946
 25   158.331 53098.78752178 13.49 242.381486  61.320015  6.946
 25   158.064 53098.78752242 14.76 242.379126  61.316865  6.946
 26   156.262 53133.78750852 19.25 242.396881  61.305175  8.621
 26   150.783 53133.78750917 20.95 242.394521  61.302015  8.621
 26   155.081 53133.78750981 22.06 242.392161  61.298865  8.621
 26   151.109 53133.78751046 23.90 242.389800  61.295711 12.508
 26   151.211 53133.78751110 25.61 242.387440  61.292551 12.508
 26   151.294 53133.78751175 25.92 242.385080  61.289391 12.508
 26   151.386 53133.78751239 27.60 242.382730  61.286241 12.508
 28   148.873 53203.78758039 33.84 242.390335  61.312972 11.561
 28   149.078 53203.78758104 37.19 242.387975  61.309812 11.561
 28   149.311 53203.78758168 37.17 242.385615  61.306662 11.561
 28   149.437 53203.78758233 37.58 242.383255  61.303502 11.561
 28   149.615 53203.78758362 35.84 242.378540  61.297197 16.758
 29   148.648 53238.78754894 29.13 242.389793  61.312778  8.742
 29   148.722 53238.78754959 30.09 242.387443  61.309618  8.742
 29   149.051 53238.78755023 29.08 242.385083  61.306468  8.742
 29   149.558 53238.78755217 26.94 242.378007  61.297000 20.749
 30   156.442 53273.78751174 14.67 242.402367  61.304075 10.865
 30   155.579 53273.78751239 13.64 242.400007  61.300915 10.865
 30   155.148 53273.78751303 14.94 242.397652  61.297757 25.641
 30   155.066 53273.78751368 15.69 242.395292  61.294607 25.641
 30   149.222 53273.78751432 17.82 242.392932  61.291447 25.641
 30   149.618 53273.78751497 20.49 242.390572  61.288297 25.641
 30   149.640 53273.78751561 27.97 242.388212  61.285137 25.641
 30   149.873 53273.78751626 39.47 242.385852  61.281977 25.641
 31   148.207 53308.78756604 22.47 242.391717  61.315249  9.324
 31   148.449 53308.78756669 22.31 242.389357  61.312099  9.324
 31   148.558 53308.78756733 22.38 242.386997  61.308939  9.324
 31   148.627 53308.78756798 24.51 242.384637  61.305789  9.324
 31   149.520 53308.78756991 35.34 242.377557  61.296319  9.324
 33   150.410 53378.78747859 22.50 242.401075  61.300715  7.806
 33   150.609 53378.78747924 22.87 242.398715  61.297555  7.806
 33   150.547 53378.78747988 23.62 242.396355  61.294395  7.806
 33   150.598 53378.78748053 21.95 242.393995  61.291245  7.806
 33   150.568 53378.78748117 22.62 242.391635  61.288085  7.806
 33   150.630 53378.78748182 21.00 242.389275  61.284935  7.806
 33   150.706 53378.78748246 20.63 242.386915  61.281775  7.806
 34   153.298 53413.78750967 14.07 242.393695  61.310891  3.464
 34   153.315 53413.78751031 15.88 242.391335  61.307741  3.464
 34   152.755 53413.78751096 16.97 242.388975  61.304581  3.464
 34   152.355 53413.78751160 17.14 242.386615  61.301421  3.464
 34   151.915 53413.78751225 17.59 242.384265  61.298271  3.464
 34   151.794 53413.78751289 18.30 242.381899  61.295116  4.426
 34   151.936 53413.78751354 19.47 242.379549  61.291956  4.426
 35   149.946 53448.78750058 20.16 242.399796  61.302648  6.462
 35   150.005 53448.78750122 21.58 242.397436  61.299488  6.462
 35   150.034 53448.78750187 22.72 242.395066  61.296338  6.462
 35   150.061 53448.78750251 21.82 242.392706  61.293178  6.462
 35   150.271 53448.78750316 20.77 242.390356  61.290028  6.462
 35   150.398 53448.78750380 20.04 242.387996  61.286868  6.462
 35   150.389 53448.78750445 20.18 242.385636  61.283708  6.462
 37   158.232 53518.78758254 18.96 242.390430  61.313020 12.892
 37   156.918 53518.78758319 18.70 242.388070  61.309860 12.892
 37   155.966 53518.78758383 20.69 242.385710  61.306700 12.892
 37   151.215 53518.78758448 30.05 242.383350  61.303550 12.892
 37   149.827 53518.78758577 26.37 242.378640  61.297240 12.892
 38   148.534 53553.78760371 27.81 242.387683  61.319199 10.326
 38   149.005 53553.78760436 27.83 242.385323  61.316049 10.326
 38   149.360 53553.78760500 27.62 242.382963  61.312889 10.326
 39   148.903 53588.78755257 37.55 242.390902  61.314436 14.514
 39   149.266 53588.78755321 38.96 242.388542  61.311286 14.514
 39   149.433 53588.78755386 38.19 242.386182  61.308126 14.514
 39   149.578 53588.78755450 40.21 242.383822  61.304966 14.514
 39   150.100 53588.78755644 40.24 242.376752  61.295506 14.514
 40   149.561 53623.78752755 36.17 242.395175  61.309251 15.816
 40   149.726 53623.78752819 38.82 242.392815  61.306091 15.816
 40   149.728 53623.78752884 39.39 242.390455  61.302941 15.816
 40   149.860 53623.78752948 37.86 242.388095  61.299781 15.816
 40   149.938 53623.78753012 36.52 242.385729  61.296621 21.601
 40   149.885 53623.78753077 33.72 242.383369  61.293471 21.601
 40   149.799 53623.78753141 30.53 242.381009  61.290311 21.601
 41   149.387 53658.78755462 38.79 242.393202  61.309996 14.670
 41   149.555 53658.78755527 42.69 242.390832  61.306836 14.670
 41   149.633 53658.78755591 42.41 242.388472  61.303676 14.670
 41   149.879 53658.78755656 44.76 242.386112  61.300526 14.670
 41   150.012 53658.78755720 46.09 242.383753  61.297364 22.851
 41   150.071 53658.78755785 44.67 242.381393  61.294214 22.851
 41   150.367 53658.78755849 45.33 242.379043  61.291054 22.851
 42   147.610 53693.78753237 28.02 242.388756  61.318539  9.210
 42   147.911 53693.78753301 30.89 242.386386  61.315389  9.210
 42   148.096 53693.78753366 31.13 242.384026  61.312229  9.210
 43   151.401 53728.78745562 24.74 242.385414  61.318158  7.545
 43   151.463 53728.78745627 27.86 242.383054  61.315008  7.545
 44   151.567 53763.78741877 47.91 242.399066  61.302945 16.506
 44   151.531 53763.78741942 50.64 242.396706  61.299785 16.506
 44   151.563 53763.78742006 50.11 242.394346  61.296635 16.506
 44   151.558 53763.78742071 48.57 242.391982  61.293483 11.422
 44   151.536 53763.78742135 36.42 242.389622  61.290323 11.422
 44   151.315 53763.78742200 31.92 242.387262  61.287163 11.422
 44   151.224 53763.78742264 27.75 242.384912  61.284013 11.422
 45   151.520 53798.78742487 39.91 242.388786  61.316243 18.339
 45   151.634 53798.78742551 41.48 242.386426  61.313083 18.339
 45   151.653 53798.78742615 39.18 242.384066  61.309933 18.339
 46   150.550 53833.78742209 32.23 242.399676  61.305086 20.811
 46   150.479 53833.78742274 24.58 242.397316  61.301926 20.811
 46   150.716 53833.78742338 20.15 242.394956  61.298776 20.811
 46   150.777 53833.78742403 21.56 242.392596  61.295616 20.811
 46   150.937 53833.78742467 22.14 242.390236  61.292456 20.811
 46   150.853 53833.78742532 24.50 242.387876  61.289306 20.811
 46   150.743 53833.78742596 24.40 242.385516  61.286146 20.811
 47   158.942 53868.78748624 18.80 242.392222  61.309960 21.482
 47   156.558 53868.78748689 23.22 242.389862  61.306800 21.482
 47   151.286 53868.78748753 25.66 242.387502  61.303650 21.482
 47   150.446 53868.78748818 29.41 242.385142  61.300490 21.482
 47   150.518 53868.78748882 32.07 242.382782  61.297330 21.482
 47   150.541 53868.78748947 32.05 242.380422  61.294180 21.482
 48   149.548 53903.78751852 37.59 242.390529  61.312895 16.883
 48   149.885 53903.78751917 37.76 242.388169  61.309745 16.883
 48   150.120 53903.78751981 40.32 242.385809  61.306585 16.883
 48   150.358 53903.78752045 39.46 242.383449  61.303425 16.883
 48   150.529 53903.78752110 42.88 242.381089  61.300275 16.883
 48   150.567 53903.78752174 44.21 242.378732  61.297119 22.405
 49   148.241 53938.78755228 25.34 242.387308  61.319991 11.610
 49   148.581 53938.78755293 27.87 242.384948  61.316831 11.610
 49   148.823 53938.78755357 29.46 242.382578  61.313671 11.610
 50   147.990 53973.78751380 28.32 242.384951  61.319282 13.456
 50   148.332 53973.78751444 29.57 242.382591  61.316122 13.456
 51   149.134 54008.78750703 37.34 242.400066  61.305794 16.913
 51   149.133 54008.78750768 39.31 242.397706  61.302644 16.913
 51   149.365 54008.78750832 39.78 242.395346  61.299484 16.913
 51   149.712 54008.78750897 42.81 242.392986  61.296324 16.913
 51   149.717 54008.78750961 45.44 242.390626  61.293174 16.913
 51   149.885 54008.78751026 44.74 242.388260  61.290011 24.387
 51   150.029 54008.78751090 41.36 242.385900  61.286861 24.387
 52   148.803 54043.78752861 44.24 242.396131  61.305270 15.908
 52   148.922 54043.78752925 44.58 242.393771  61.302120 15.908
 52   149.045 54043.78752990 44.38 242.391411  61.298960 15.908
 52   149.422 54043.78753054 43.96 242.389051  61.295800 15.908
 52   149.755 54043.78753118 46.47 242.386701  61.292650 15.908
 52   150.063 54043.78753183 40.34 242.384335  61.289487 14.206
 53   148.949 54078.78752025 46.56 242.388854  61.317641 18.883
 53   148.855 54078.78752089 46.23 242.386494  61.314481 18.883
 53   148.898 54078.78752154 43.07 242.384134  61.311331 18.883
 54   149.724 54113.78745640 47.69 242.384571  61.322861 21.443
 54   149.728 54113.78745704 51.32 242.382211  61.319711 21.443
 54   149.800 54113.78745768 47.12 242.379851  61.316551 21.443
 56   149.623 54183.78744655 35.12 242.384436  61.320262 11.273
 56   149.534 54183.78744719 28.19 242.382076  61.317102 11.273
 57   150.057 54218.78747561 31.14 242.393799  61.310262 24.101
 57   150.209 54218.78747626 33.68 242.391439  61.307102 24.101
 57   150.355 54218.78747690 36.90 242.389079  61.303942 24.101
 57   150.507 54218.78747755 38.49 242.386719  61.300792 24.101
 57   150.499 54218.78747819 37.98 242.384359  61.297632 24.101
 57   150.711 54218.78747884 35.37 242.381999  61.294482 24.101
 57   150.860 54218.78747948 36.11 242.379639  61.291322 24.101
 58   149.480 54253.78749969 38.85 242.392116  61.313792 17.298
 58   149.688 54253.78750033 41.33 242.389756  61.310642 17.298
 58   149.911 54253.78750098 41.81 242.387396  61.307482 17.298
 58   150.168 54253.78750162 42.59 242.385036  61.304322 17.298
 58   150.262 54253.78750227 42.61 242.382676  61.301172 17.298
 58   150.392 54253.78750291 43.07 242.380316  61.298012 17.298
 58   150.522 54253.78750356 40.27 242.377956  61.294862 17.298
 59   149.581 54288.78750361 35.87 242.391474  61.312934 22.223
 59   149.880 54288.78750425 36.13 242.389114  61.309774 22.223
 59   149.909 54288.78750490 35.98 242.386754  61.306624 22.223
 59   149.931 54288.78750554 32.62 242.384394  61.303464 22.223
 59   149.928 54288.78750619 31.44 242.382034  61.300314 22.223
 59   150.213 54288.78750683 28.49 242.379674  61.297154 22.223
 59   153.137 54288.78750748 28.43 242.377314  61.293994 22.223
 60   159.896 54323.78750100 14.28 242.392014  61.313045 13.976
 60   157.789 54323.78750165 13.73 242.389654  61.309895 13.976
 60   158.041 54323.78750229 13.73 242.387294  61.306735 13.976
 60   150.946 54323.78750293 27.86 242.384934  61.303575 13.976
 60   151.041 54323.78750358 25.50 242.382574  61.300425 13.976
 60   152.784 54323.78750422 17.47 242.380214  61.297265 13.976
 60   153.085 54323.78750487 27.25 242.377854  61.294105 13.976
 61   148.007 54358.78745579 30.45 242.385571  61.320572 19.902
 61   148.285 54358.78745644 32.96 242.383211  61.317412 19.902
 61   148.813 54358.78745708 34.63 242.380851  61.314252 19.902
 62   148.796 54393.78744130 36.82 242.393630  61.312809 21.053
 62   149.121 54393.78744194 38.22 242.391270  61.309649 21.053
 62   149.338 54393.78744259 39.54 242.388910  61.306489 21.053
 62   149.413 54393.78744323 41.52 242.386550  61.303339 21.053
 62   149.588 54393.78744387 41.21 242.384190  61.300179 21.053
 62   149.761 54393.78744452 41.97 242.381830  61.297029 21.053
 62   150.024 54393.78744516 42.96 242.379470  61.293869 21.053
 63   147.520 54428.78740669 34.52 242.389497  61.316775 13.283
 63   147.872 54428.78740734 35.61 242.387137  61.313625 13.283
 63   147.851 54428.78740798 36.42 242.384777  61.310465 13.283
 64   149.061 54463.78742068 38.80 242.395071  61.309343 16.793
 64   149.167 54463.78742133 37.53 242.392711  61.306183 16.793
 64   149.665 54463.78742197 34.41 242.390351  61.303033 16.793
 64   150.327 54463.78742262 32.41 242.387991  61.299873 16.793
 64   150.405 54463.78742326 33.74 242.385631  61.296723 16.793
 64   150.366 54463.78742390 32.98 242.383271  61.293563 16.793
 64   150.121 54463.78742455 29.59 242.380911  61.290403 16.793
 65   149.953 54498.78741668 28.55 242.390276  61.316348 11.587
 65   150.028 54498.78741732 29.52 242.387916  61.313188 11.587
 65   150.652 54498.78741797 33.58 242.385556  61.310038 11.587
 65   150.619 54498.78741861 37.70 242.383196  61.306878 11.587
 66   149.801 54533.78743471 29.66 242.392045  61.309775  6.458
 66   150.023 54533.78743535 30.70 242.389685  61.306615  6.458
 66   150.326 54533.78743600 30.17 242.387331  61.303463  7.907
 66   150.372 54533.78743664 32.05 242.384971  61.300303  7.907
 66   150.401 54533.78743729 26.91 242.382611  61.297143  7.907
 66   150.246 54533.78743793 18.96 242.380251  61.293993  7.907
 67   158.876 54568.78742020 17.60 242.385566  61.318375  7.504
 67   158.653 54568.78742084 15.56 242.383206  61.315215  7.504
 68   149.593 54603.78742903 38.67 242.391775  61.311002 20.802
 68   149.770 54603.78742967 39.52 242.389415  61.307842 20.802
 68   149.993 54603.78743031 39.37 242.387055  61.304692 20.802
 68   150.221 54603.78743096 42.63 242.384694  61.301538 23.456
 68   150.246 54603.78743160 43.94 242.382344  61.298378 23.456
 68   150.448 54603.78743225 42.71 242.379984  61.295218 23.456
 69   149.249 54638.78743890 35.79 242.390994  61.316178 13.486
 69   149.520 54638.78743954 36.93 242.388624  61.313018 13.486
 69   149.842 54638.78744019 39.64 242.386274  61.309858 13.486
 69   149.952 54638.78744083 41.23 242.383914  61.306708 13.486
 70   158.648 54673.78744173 18.28 242.390582  61.315578  5.413
 70   156.966 54673.78744237 15.52 242.388222  61.312418  5.413
 70   154.885 54673.78744302 14.45 242.385862  61.309258  5.413
 70   153.896 54673.78744366 15.82 242.383502  61.306108  5.413
 71   158.600 54708.78739967 11.27 242.388199  61.316564 10.818
 71   157.857 54708.78740032 11.63 242.385839  61.313414 10.818
 71   155.548 54708.78740096 12.63 242.383479  61.310254 10.818
 72   149.072 54743.78740839 35.10 242.393865  61.312833  9.912
 72   149.134 54743.78740904 38.43 242.391505  61.309673  9.912
 72   149.326 54743.78740968 40.42 242.389145  61.306523  9.912
 72   149.424 54743.78741033 40.65 242.386789  61.303362 19.960
 72   149.623 54743.78741097 42.08 242.384429  61.300212 19.960
 72   149.777 54743.78741162 41.84 242.382069  61.297052 19.960
 72   150.005 54743.78741226 45.43 242.379709  61.293902 19.960
 73   148.328 54778.78738305 41.53 242.390297  61.314595 11.111
 73   148.686 54778.78738369 41.06 242.387937  61.311435 11.111
 73   148.862 54778.78738434 40.91 242.385577  61.308285 11.111
 73   149.090 54778.78738498 41.65 242.383213  61.305132 11.159
 73   149.641 54778.78738692 38.67 242.376143  61.295662 11.159
 74   149.956 54813.78740236 44.74 242.394856  61.309303 13.119
 74   149.934 54813.78740301 49.11 242.392496  61.306153 13.119
 74   150.056 54813.78740365 49.21 242.390131  61.303001 14.073
 74   150.092 54813.78740429 52.17 242.387771  61.299841 14.073
 74   149.968 54813.78740494 47.43 242.385411  61.296681 14.073
 74   149.963 54813.78740558 32.97 242.383051  61.293531 14.073
 74   149.805 54813.78740623 28.64 242.380701  61.290371 14.073
 75   150.117 54848.78738224 17.64 242.387348  61.315047  3.557
 75   150.179 54848.78738288 18.48 242.384988  61.311887  3.557
 76   149.460 54883.78740577 16.62 242.391689  61.310876  3.403
 76   149.556 54883.78740642 18.62 242.389329  61.307716  3.403
 76   149.581 54883.78740706 19.93 242.386970  61.304556  5.129
 76   149.675 54883.78740771 20.99 242.384610  61.301406  5.129
 76   149.576 54883.78740835 20.73 242.382250  61.298246  5.129
 76   149.529 54883.78740900 20.65 242.379890  61.295096  5.129
 77   154.345 54918.78738364 12.03 242.382799  61.320700  3.137
 77   155.155 54918.78738429 12.43 242.380439  61.317540  3.137
 78   150.534 54953.78739981 39.11 242.392690  61.311694 23.023
 78   150.537 54953.78740046 41.66 242.390330  61.308534 23.023
 78   150.743 54953.78740110 32.46 242.387970  61.305374 23.023
 78   150.867 54953.78740174 28.50 242.385610  61.302224 23.023
 78   150.969 54953.78740239 27.84 242.383252  61.299069 27.879
 78   151.180 54953.78740303 39.37 242.380892  61.295909 27.879
 78   151.084 54953.78740368 35.40 242.378532  61.292749 27.879
 79   149.080 54988.78742337 39.34 242.391912  61.315048 16.789
 79   149.351 54988.78742402 41.35 242.389552  61.311888 16.789
 79   149.510 54988.78742466 44.27 242.387192  61.308728 16.789
 79   149.687 54988.78742531 43.88 242.384832  61.305578 16.789
 79   150.092 54988.78742660 43.38 242.380120  61.299265 21.692
 79   150.263 54988.78742724 43.40 242.377760  61.296105 21.692
 80   149.515 55023.78741580 37.66 242.389291  61.312907 12.331
 80   149.652 55023.78741644 38.28 242.386931  61.309747 12.331
 80   149.787 55023.78741709 37.69 242.384571  61.306597 12.331
 81   148.957 55058.78741040 36.45 242.390777  61.314157 10.805
 81   149.194 55058.78741104 38.43 242.388417  61.311007 10.805
 81   149.392 55058.78741169 39.99 242.386057  61.307847 10.805
 81   149.596 55058.78741233 40.23 242.383697  61.304697 10.805
 81   149.965 55058.78741362 41.94 242.378976  61.298380 18.670
 81   150.120 55058.78741427 43.88 242.376616  61.295220 18.670
 82   159.157 55093.78736332 16.77 242.386188  61.321280 14.314
 82   159.200 55093.78736396 16.95 242.383828  61.318120 14.314
 82   158.625 55093.78736461 16.00 242.381478  61.314960 14.314
 83   148.985 55128.78735223 34.41 242.391515  61.311136  7.236
 83   149.060 55128.78735287 38.04 242.389155  61.307976  7.236
 83   149.243 55128.78735351 38.61 242.386798  61.304825 16.295
 83   149.321 55128.78735416 40.31 242.384438  61.301665 16.295
 83   149.535 55128.78735480 39.58 242.382078  61.298505 16.295
 83   149.855 55128.78735545 38.47 242.379718  61.295355 16.295
 84   147.150 55163.78732612 39.18 242.389130  61.314877 12.642
 84   147.739 55163.78732677 40.75 242.386770  61.311717 12.642
 84   147.809 55163.78732741 39.52 242.384410  61.308557 12.642
 85   149.980 55198.78734383 26.98 242.392270  61.309182  6.087
 85   150.008 55198.78734447 29.69 242.389910  61.306032  6.087
 85   150.250 55198.78734512 31.29 242.387551  61.302880 10.722
 85   150.162 55198.78734576 35.10 242.385191  61.299720 10.722
 85   150.278 55198.78734641 38.15 242.382831  61.296560 10.722
 85   150.123 55198.78734705 29.74 242.380471  61.293410 10.722
 86   148.607 55233.78733050 19.31 242.385995  61.317867  3.551
 86   148.575 55233.78733114 19.72 242.383635  61.314707  3.551
 87   149.017 55268.78733827 20.66 242.391026  61.311067  6.145
 87   149.140 55268.78733891 22.10 242.388666  61.307917  6.145
 87   149.340 55268.78733956 24.61 242.386310  61.304754  6.916
 87   149.355 55268.78734020 26.36 242.383950  61.301604  6.916
 87   149.530 55268.78734085 23.87 242.381590  61.298444  6.916
 87   149.593 55268.78734149 22.87 242.379230  61.295294  6.916
 88   149.117 55303.78731030 32.55 242.385123  61.317815 16.471
 88   149.278 55303.78731095 30.10 242.382763  61.314655 16.471
 89   148.404 55338.78731046 36.54 242.391149  61.313596 19.436
 89   148.573 55338.78731110 36.96 242.388789  61.310436 19.436
 89   148.757 55338.78731174 36.65 242.386429  61.307276 19.436
 89   148.956 55338.78731239 36.88 242.384069  61.304126 19.436
 89   149.368 55338.78731368 47.60 242.379347  61.297811 24.797
 89   149.395 55338.78731432 49.55 242.376987  61.294651 24.797
 90   149.012 55373.78730188 31.14 242.389589  61.313293  9.327
 90   149.170 55373.78730252 32.47 242.387229  61.310133  9.327
 90   149.452 55373.78730317 33.91 242.384869  61.306983  9.327
 91   148.585 55408.78732309 30.16 242.394445  61.310985  9.692
 91   148.768 55408.78732374 33.66 242.392085  61.307825  9.692
 91   148.995 55408.78732438 35.87 242.389725  61.304675  9.692
 91   149.067 55408.78732503 36.28 242.387362  61.301521 18.507
 91   149.289 55408.78732567 33.89 242.385012  61.298361 18.507
 91   149.428 55408.78732632 31.68 242.382652  61.295201 18.507
 91   149.719 55408.78732696 30.55 242.380292  61.292051 18.507
 92   148.227 55443.78731922 27.86 242.390340  61.313941  8.371
 92   148.251 55443.78731986 32.56 242.387980  61.310781  8.371
 92   148.374 55443.78732051 32.24 242.385620  61.307621  8.371
 92   148.614 55443.78732115 33.69 242.383260  61.304471  8.371
 92   149.479 55443.78732309 41.64 242.376182  61.294995 20.622
 93   147.557 55478.78725651 21.07 242.384019  61.319025 13.697
 93   155.367 55478.78725715 20.29 242.381669  61.315865 13.697
