# NaN NaN NaN ;Mean Elev.(m), Avg Gradient(m/km), RMS Gradient(m/km) - SRTM1     
#    4.882   0.337  18.599 ;Mean Elev.(m), Avg Gradient(m/km), RMS Gradient(m/km) - ASTER GDEM
#    7.234  -0.520  18.857 ;Mean Elev.(m), Avg Gradient(m/km), RMS Gradient(m/km) - GMTED2010 
  7   105.226 52458.22912040  6.16 226.466137  67.431802  5.979
  7   107.609 52458.22912234  6.11 226.455457  67.440982  5.979
  7   108.036 52458.22912298  6.78 226.451897  67.444042  5.979
  7   104.944 52458.22912363 12.94 226.448337  67.447092  5.979
  7   105.101 52458.22912427 12.14 226.444767  67.450152  5.979
  7   108.630 52458.22912491  8.19 226.441207  67.453212  5.979
  7   107.115 52458.22912556  7.33 226.437637  67.456272  5.979
  7   106.617 52458.22912620  8.30 226.434077  67.459332  5.979
  7    95.077 52458.22912685 14.32 226.430507  67.462382  5.979
  7    95.843 52458.22912749 13.54 226.426937  67.465442  5.979
  7   103.014 52458.22912814 10.34 226.423377  67.468502  5.979
  7   101.484 52458.22912878 10.21 226.419807  67.471562  5.979
  7    98.664 52458.22912943 11.13 226.416237  67.474622  5.979
  7    99.200 52458.22913007 12.18 226.412657  67.477672  5.979
  8    93.878 52493.22910146  5.23 226.460018  67.445126 23.670
  8   110.355 52493.22910339  6.06 226.449335  67.454294 16.483
  8   115.097 52493.22910403  5.44 226.445765  67.457354 16.483
  8   111.299 52493.22910468  6.32 226.442205  67.460414 16.483
  8   108.097 52493.22910532  8.02 226.438635  67.463474 16.483
  8   107.216 52493.22910597  7.35 226.435065  67.466534 16.483
  8   108.212 52493.22910661  6.80 226.431495  67.469594 16.483
  8   103.649 52493.22910726  8.59 226.427935  67.472644 16.483
  8    98.630 52493.22910790  9.76 226.424355  67.475704 16.483
 10   103.670 52563.22911788 16.22 226.461911  67.430816  5.107
 10   105.953 52563.22911853 15.85 226.458351  67.433876  5.107
 10   106.914 52563.22911917 15.23 226.454791  67.436936  5.107
 10   106.559 52563.22911982 15.90 226.451231  67.439986  5.107
 10   107.135 52563.22912046 16.13 226.447671  67.443046  5.107
 10   105.294 52563.22912433 20.86 226.426277  67.461394 10.652
 10   105.000 52563.22912497 18.68 226.422707  67.464454 10.652
 10   104.920 52563.22912562 18.51 226.419137  67.467514 10.652
 10   103.908 52563.22912626 18.26 226.415567  67.470564 10.652
 10    98.899 52563.22912691 20.10 226.411997  67.473624 10.652
 10    99.345 52563.22912755 20.29 226.408427  67.476684 10.652
 12   100.865 52633.22908556 15.55 226.459283  67.426657  3.396
 12   101.592 52633.22908621 14.66 226.455733  67.429717  3.396
 12   109.960 52633.22908685 14.07 226.452173  67.432777  3.396
 12   104.321 52633.22908750 14.07 226.448613  67.435837  3.396
 12   100.109 52633.22909394 18.91 226.412959  67.466419  4.416
 12   103.244 52633.22909459 16.63 226.409389  67.469469  4.416
 12    98.401 52633.22909523 16.76 226.405819  67.472529  4.416
 12    99.063 52633.22909588 16.79 226.402239  67.475589  4.416
 12   100.364 52633.22909652 16.70 226.398669  67.478649  4.416
 13   111.551 52668.22910173 11.84 226.465242  67.430205  3.417
 13   112.908 52668.22910238 11.85 226.461682  67.433255  3.417
 13   113.448 52668.22910302 11.54 226.458122  67.436315  3.417
 13   113.967 52668.22910367 11.95 226.454562  67.439375  3.417
 13   115.695 52668.22910431 12.26 226.451002  67.442435  3.417
 13   116.089 52668.22910496 12.81 226.447442  67.445495  3.417
 13   111.037 52668.22910560 13.24 226.443872  67.448555  3.417
 13   106.048 52668.22910689 14.79 226.436745  67.454668  3.944
 13   105.880 52668.22910754 15.26 226.433185  67.457728  3.944
 13   106.074 52668.22910818 13.22 226.429615  67.460788  3.944
 13   105.625 52668.22910883 12.98 226.426055  67.463848  3.944
 13   104.532 52668.22910947 14.69 226.422485  67.466898  3.944
 13   104.448 52668.22911012 13.76 226.418915  67.469958  3.944
 13   101.819 52668.22911076 13.94 226.415345  67.473018  3.944
 13   102.226 52668.22911140 13.78 226.411775  67.476078  3.944
 14   107.441 52703.22907913  8.65 226.463563  67.427690  3.233
 14   111.205 52703.22907977  8.60 226.460003  67.430750  3.233
 14   112.080 52703.22908042  8.09 226.456443  67.433810  3.233
 14   112.775 52703.22908106  8.33 226.452883  67.436870  3.233
 14   112.913 52703.22908171  8.93 226.449323  67.439920  3.233
 14   104.222 52703.22908687 10.90 226.420788  67.464387  3.245
 14   101.741 52703.22908751 11.73 226.417218  67.467447  3.245
 14   101.017 52703.22908815 11.34 226.413648  67.470507  3.245
 14    99.833 52703.22908880 11.67 226.410078  67.473557  3.245
 14    99.265 52703.22908944 11.65 226.406508  67.476617  3.245
 16   110.485 52773.22907929  7.83 226.469296  67.443808  5.930
 16   111.878 52773.22907993  7.51 226.465736  67.446868  5.930
 16   112.448 52773.22908058  5.74 226.462176  67.449928  5.930
 16   122.079 52773.22908122  5.75 226.458616  67.452978  5.930
 16   111.738 52773.22908187  6.91 226.455056  67.456038  5.930
 16   110.338 52773.22908251  7.10 226.451486  67.459098  5.930
 16   109.109 52773.22908316  7.03 226.447926  67.462158  5.930
 16   108.529 52773.22908380  6.93 226.444356  67.465218  5.930
 16   108.247 52773.22908445  6.04 226.440796  67.468278  5.930
 16   114.158 52773.22908509  5.06 226.437227  67.471331  7.008
 17   100.819 52808.22914113  7.77 226.456953  67.425262  4.700
 17   102.616 52808.22914177  7.05 226.453403  67.428322  4.700
 17   103.350 52808.22914242  7.92 226.449843  67.431382  4.700
 17   104.332 52808.22914306  8.97 226.446273  67.434442  4.700
 17    95.424 52808.22915015 15.25 226.407058  67.468075 22.005
 17    99.292 52808.22915080  9.94 226.403488  67.471135 22.005
 17    99.516 52808.22915144 11.55 226.399908  67.474195 22.005
 17   100.143 52808.22915209 13.08 226.396338  67.477255 22.005
 18     8.237 52843.22919871 43.97 226.461000  67.425249 27.950
 18     8.192 52843.22919936 46.15 226.457440  67.428299 27.950
 18     8.163 52843.22920000 44.96 226.453880  67.431359 27.950
 18     7.681 52843.22920064 44.14 226.450320  67.434419 27.950
 18     8.418 52843.22920129 43.22 226.446760  67.437479 27.950
 18     6.450 52843.22920774 51.19 226.411103  67.468061 28.841
 18     6.272 52843.22920838 54.40 226.407533  67.471111 28.841
 18     6.435 52843.22920903 53.79 226.403963  67.474171 28.841
 18     6.338 52843.22920967 49.74 226.400383  67.477231 28.841
 19    11.335 52878.22923737 26.04 226.463115  67.427929  9.908
 19    10.767 52878.22923802 13.34 226.459555  67.430989  9.908
 19    12.124 52878.22923866 13.55 226.455995  67.434049  9.908
 19    11.265 52878.22923931 13.39 226.452435  67.437109  9.908
 19   103.022 52878.22924575  9.13 226.416790  67.467685 10.871
 19    99.535 52878.22924640  8.69 226.413220  67.470745 10.871
 19   100.229 52878.22924704  9.22 226.409650  67.473805 10.871
 19   100.280 52878.22924769  9.32 226.406070  67.476865 10.871
 20    92.040 52913.22920058 15.09 226.455759  67.455309 21.923
 20    87.317 52913.22920122 15.47 226.452189  67.458369 21.923
 20   108.067 52913.22920380 15.88 226.437934  67.470602 22.105
 20   107.027 52913.22920445 13.46 226.434364  67.473662 22.105
 21   100.275 52948.22915287 16.18 226.459422  67.424611  3.529
 21   101.077 52948.22915351 15.70 226.455862  67.427671  3.529
 21   101.983 52948.22915416 15.68 226.452302  67.430731  3.529
 21   103.922 52948.22915480 15.59 226.448736  67.433784  5.925
 21   103.192 52948.22915544 17.19 226.445176  67.436844  5.925
 21   103.427 52948.22916189 20.31 226.409506  67.467424  5.925
 21    98.183 52948.22916254 20.32 226.405936  67.470474  5.925
 21    98.733 52948.22916318 18.85 226.402366  67.473534  5.925
 21   100.033 52948.22916383 18.83 226.398796  67.476594  5.925
 21   100.956 52948.22916447 19.43 226.395216  67.479644  5.925
 23   115.751 53018.22918078  9.86 226.469203  67.436011  3.793
 23   116.469 53018.22918142 10.30 226.465643  67.439071  3.793
 23   116.995 53018.22918207  9.86 226.462093  67.442131  3.793
 23   116.724 53018.22918271  9.24 226.458523  67.445181  3.793
 23   115.929 53018.22918336  9.70 226.454963  67.448241  3.793
 23   115.258 53018.22918400  9.90 226.451403  67.451301  3.793
 23   119.612 53018.22918465 10.65 226.447843  67.454361  3.793
 23   111.756 53018.22918529 10.30 226.444273  67.457421  3.793
 23   112.659 53018.22918594 10.34 226.440713  67.460481  3.793
 23   118.900 53018.22918658  9.87 226.437151  67.463534  2.960
 23   110.301 53018.22918723 10.41 226.433581  67.466594  2.960
 23   116.772 53018.22918787  9.28 226.430011  67.469654  2.960
 23   117.144 53018.22918851  8.33 226.426441  67.472714  2.960
 23   106.972 53018.22918916  9.59 226.422881  67.475764  2.960
 24   109.550 53053.22916169  9.82 226.460398  67.428903  3.538
 24   111.041 53053.22916233  8.37 226.456838  67.431963  3.538
 24   113.620 53053.22916297  8.73 226.453278  67.435023  3.538
 24   112.477 53053.22916362  9.68 226.449718  67.438073  3.538
 24   104.541 53053.22916942 10.76 226.417625  67.465601  3.093
 24   102.498 53053.22917007 10.94 226.414055  67.468651  3.093
 24    99.640 53053.22917071 11.36 226.410485  67.471711  3.093
 24   101.708 53053.22917136 10.69 226.406915  67.474771  3.093
 24    98.759 53053.22917200 10.73 226.403345  67.477831  3.093
 25   114.212 53088.22919960  6.90 226.464540  67.434653  2.694
 25   115.241 53088.22920025  6.70 226.460990  67.437713  2.694
 25   115.634 53088.22920089  7.16 226.457430  67.440763  2.694
 25   118.977 53088.22920154  7.16 226.453870  67.443823  2.694
 25   119.839 53088.22920218  7.21 226.450310  67.446883  2.694
 25   117.401 53088.22920283  7.73 226.446740  67.449943  2.694
 25   117.960 53088.22920347  7.88 226.443180  67.453003  2.694
 25   107.085 53088.22920412 10.05 226.439617  67.456060  3.244
 25   117.121 53088.22920476  8.30 226.436057  67.459120  3.244
 25   106.752 53088.22920541  8.47 226.432487  67.462180  3.244
 25   115.816 53088.22920605  8.10 226.428927  67.465230  3.244
 25   104.962 53088.22920670  8.53 226.425357  67.468290  3.244
 25   114.906 53088.22920734  7.09 226.421787  67.471350  3.244
 25   114.139 53088.22920799  6.94 226.418227  67.474410  3.244
 25   102.228 53088.22920863  7.75 226.414657  67.477470  3.244
 27   100.438 53158.22922576 11.43 226.461677  67.424494 11.505
 27   101.084 53158.22922640 12.06 226.458117  67.427554 11.505
 27   103.574 53158.22922769  9.53 226.450997  67.433674 11.505
 27   103.843 53158.22922834 12.11 226.447437  67.436724 11.505
 27    95.363 53158.22923479 17.97 226.411787  67.467314 11.505
 27    98.867 53158.22923543 13.72 226.408217  67.470364 11.505
 27    98.950 53158.22923607 15.09 226.404657  67.473424 11.505
 27    99.684 53158.22923672 17.13 226.401080  67.476486 26.470
 27    99.635 53158.22923736 24.22 226.397510  67.479536 26.470
 28    89.776 53193.22922368  8.68 226.453578  67.445935  8.687
 28    86.702 53193.22922433 10.73 226.450018  67.448995  8.687
 28   107.919 53193.22922626  5.20 226.439327  67.458172 19.736
 28    94.570 53193.22922691 12.13 226.435757  67.461222 19.736
 28    97.471 53193.22922755 11.23 226.432187  67.464282 19.736
 28   106.455 53193.22922820  6.20 226.428627  67.467342 19.736
 28    97.176 53193.22922884  8.72 226.425057  67.470402 19.736
 28   102.910 53193.22922948  6.05 226.421487  67.473462 19.736
 28    99.194 53193.22923013  7.43 226.417917  67.476512 19.736
 30    83.533 53263.22919101  4.04 226.469456  67.439285 19.391
 30    93.521 53263.22919295  5.96 226.458776  67.448455 19.391
 30    86.915 53263.22919359  8.59 226.455216  67.451515 19.391
 30   107.949 53263.22919553  6.79 226.444526  67.460695 19.391
 30   111.265 53263.22919617  8.04 226.440963  67.463752 24.235
 30   114.555 53263.22919681  5.29 226.437393  67.466812 24.235
 30   109.834 53263.22919746  5.06 226.433823  67.469872 24.235
 30   104.910 53263.22919810  6.92 226.430263  67.472922 24.235
 31    97.081 53298.22922834 16.75 226.459500  67.422013  8.484
 31    99.704 53298.22922898 14.60 226.455940  67.425073  8.484
 31   100.838 53298.22922963 12.62 226.452390  67.428133  8.484
 31   101.826 53298.22923027 12.51 226.448830  67.431193  8.484
 31   103.400 53298.22923092 13.26 226.445270  67.434253  8.484
 31    98.398 53298.22923801 17.58 226.406050  67.467893  8.484
 31    98.103 53298.22923865 16.12 226.402480  67.470943  8.484
 31    98.518 53298.22923930 18.87 226.398910  67.474003  8.484
 31    98.836 53298.22923994 21.67 226.395335  67.477063 19.881
 33   119.925 53368.22914631 12.24 226.469269  67.443690  4.518
 33   123.309 53368.22914696 12.07 226.465709  67.446750  4.518
 33   120.530 53368.22914760 13.36 226.462149  67.449810  4.518
 33   110.672 53368.22914825 13.99 226.458589  67.452870  4.518
 33   107.942 53368.22914889 15.02 226.455029  67.455930  4.518
 33   121.865 53368.22914954 13.79 226.451459  67.458990  4.518
 33   108.055 53368.22915018 13.46 226.447899  67.462050  4.518
 33   120.434 53368.22915083 13.22 226.444329  67.465100  4.518
 33   119.685 53368.22915147 12.37 226.440769  67.468160  4.518
 33   119.685 53368.22915212 12.31 226.437199  67.471220  4.518
 35   116.102 53438.22916383 10.91 226.469445  67.438984  4.233
 35   111.183 53438.22916448  9.52 226.465885  67.442044  4.233
 35   116.870 53438.22916512  8.93 226.462325  67.445104  4.233
 35   113.235 53438.22916576 10.00 226.458765  67.448164  4.233
 35   110.055 53438.22916641 11.13 226.455205  67.451224  4.233
 35   114.617 53438.22916705  9.70 226.451645  67.454284  4.233
 35   107.675 53438.22916770 10.83 226.448075  67.457344  4.233
 35   108.303 53438.22916834 10.04 226.444515  67.460404  4.233
 35   107.725 53438.22916899  9.51 226.440945  67.463454  4.233
 35   107.659 53438.22916963  9.01 226.437385  67.466514  4.233
 35   106.799 53438.22917028 10.75 226.433815  67.469574  4.233
 35   106.031 53438.22917092 10.56 226.430245  67.472634  4.233
 36   108.423 53473.22921810  5.76 226.461216  67.425187  3.387
 36   109.276 53473.22921874  5.96 226.457666  67.428247  3.387
 36   110.268 53473.22921939  6.74 226.454106  67.431307  3.387
 36   111.077 53473.22922003  5.71 226.450546  67.434367  3.387
 36   112.332 53473.22922068  5.63 226.446986  67.437427  3.387
 36   100.933 53473.22922713  7.20 226.411326  67.467997  3.387
 36    99.798 53473.22922777  7.89 226.407756  67.471057  3.387
 36    99.229 53473.22922842  8.08 226.404186  67.474117  3.387
 36    99.023 53473.22922906  7.80 226.400611  67.477176  2.615
 37   106.939 53508.22924616 13.28 226.452869  67.440477  7.759
 37   107.382 53508.22924681 12.78 226.449309  67.443537  7.759
 37   105.565 53508.22924745 15.90 226.445749  67.446597  7.759
 37   106.151 53508.22924938 16.13 226.435059  67.455767  7.759
 37   108.574 53508.22925003 13.17 226.431489  67.458827  7.759
 37   102.701 53508.22925067 18.07 226.427919  67.461887  7.759
 37    95.225 53508.22925132 18.70 226.424359  67.464947  7.759
 37   105.333 53508.22925196 15.40 226.420789  67.468007  7.759
 37   102.191 53508.22925261 13.75 226.417219  67.471057  7.759
 37    99.434 53508.22925325 14.29 226.413649  67.474117  7.759
 37    99.783 53508.22925390 15.32 226.410082  67.477182 18.948
 38   109.938 53543.22925484  5.83 226.462758  67.432200 11.813
 38   107.123 53543.22925549  7.21 226.459198  67.435250 11.813
 38   108.108 53543.22925613  6.80 226.455638  67.438310 11.813
 38   107.931 53543.22925677  6.23 226.452078  67.441370 11.813
 38   107.515 53543.22925742  8.57 226.448518  67.444430 11.813
 38   106.484 53543.22925806 10.07 226.444958  67.447490 11.813
 38   108.702 53543.22925935  8.59 226.437828  67.453610 11.813
 38   109.918 53543.22926000  7.81 226.434268  67.456660 11.813
 38   106.302 53543.22926064  9.12 226.430698  67.459720 11.813
 38   103.937 53543.22926129 10.50 226.427138  67.462780 11.813
 38   103.136 53543.22926193 11.44 226.423568  67.465840 11.813
 38   102.189 53543.22926258 11.55 226.419998  67.468900 11.813
 38   101.763 53543.22926322  9.31 226.416428  67.471950 11.813
 38   100.363 53543.22926387  9.65 226.412858  67.475010 11.813
 38    99.933 53543.22926451 10.44 226.409293  67.478075 19.688
 39    26.768 53578.22924005 16.49 226.460228  67.442084 12.046
 39    26.537 53578.22924069 15.14 226.456668  67.445144 12.046
 39    26.502 53578.22924134 14.86 226.453108  67.448204 12.046
 39    26.619 53578.22924198 15.71 226.449548  67.451264 12.046
 39    27.250 53578.22924263 14.73 226.445988  67.454324 12.046
 39     6.456 53578.22924392 39.48 226.438858  67.460434 12.046
 39     6.307 53578.22924456 39.81 226.435288  67.463494 12.046
 39     6.535 53578.22924521 37.22 226.431718  67.466554 12.046
 39     7.008 53578.22924585 32.47 226.428158  67.469614 12.046
 39     7.182 53578.22924650 36.40 226.424588  67.472674 12.046
 39     6.511 53578.22924714 38.05 226.421018  67.475734 12.046
 40    93.521 53613.22919207  5.96 226.470154  67.437766  6.211
 40    93.643 53613.22919271  6.88 226.466594  67.440826  6.211
 40   111.305 53613.22919594  8.96 226.448784  67.456126  6.211
 40   115.660 53613.22919658  8.32 226.445224  67.459186  6.211
 40   110.726 53613.22919722  8.37 226.441664  67.462236  6.211
 40   119.761 53613.22919787  7.76 226.438094  67.465296  6.211
 40   109.262 53613.22919851  7.38 226.434534  67.468356  6.211
 40   107.286 53613.22919916  7.38 226.430964  67.471416  6.211
 40   104.249 53613.22919980  8.18 226.427394  67.474476  6.211
 41   101.878 53648.22919616 13.26 226.461439  67.428307 10.540
 41   103.093 53648.22919680 12.04 226.457879  67.431367 10.540
 41   103.844 53648.22919745 12.30 226.454319  67.434427 10.540
 41   104.363 53648.22919809 15.09 226.450759  67.437487 10.540
 41   104.486 53648.22919874 16.53 226.447199  67.440547 10.540
 41   104.827 53648.22920454 15.51 226.415099  67.468067 10.540
 41    98.066 53648.22920518 17.53 226.411529  67.471117 10.540
 41    98.594 53648.22920583 19.24 226.407959  67.474177 10.540
 41    98.834 53648.22920647 23.33 226.404389  67.477237 10.540
 42   103.463 53683.22921148  7.25 226.463964  67.431218  4.091
 42   113.319 53683.22921213  5.65 226.460404  67.434278  4.091
 42   105.102 53683.22921277  5.14 226.456844  67.437328  4.091
 42   106.728 53683.22921341  5.43 226.453284  67.440388  4.091
 42   107.167 53683.22921406  5.60 226.449724  67.443448  4.091
 42   106.890 53683.22921470  6.13 226.446164  67.446508  4.091
 42   106.102 53683.22921535  6.24 226.442604  67.449568  4.091
 42   106.900 53683.22921599  5.86 226.439044  67.452628  4.091
 42   106.226 53683.22921664  6.42 226.435474  67.455678  4.091
 42   106.586 53683.22921728  6.78 226.431914  67.458738  4.091
 42   106.187 53683.22921793  6.42 226.428344  67.461798  4.091
 42   105.740 53683.22921857  7.45 226.424774  67.464858  4.091
 42   105.405 53683.22921922  7.85 226.421214  67.467918  4.091
 42   105.124 53683.22921986  6.73 226.417644  67.470978  4.091
 42   104.069 53683.22922051  6.72 226.414074  67.474028  4.091
 42    99.541 53683.22922115  7.41 226.410504  67.477088  4.091
 43   118.419 53718.22913994  7.00 226.471071  67.439884  4.256
 43   110.732 53718.22914058  7.23 226.467511  67.442944  4.256
 43   110.523 53718.22914123  7.34 226.463951  67.446004  4.256
 43   110.403 53718.22914187  8.00 226.460391  67.449064  4.256
 43   108.255 53718.22914251  8.24 226.456831  67.452124  4.256
 43   108.136 53718.22914316  8.30 226.453271  67.455184  4.256
 43   108.336 53718.22914380  7.81 226.449701  67.458244  4.256
 43   107.727 53718.22914445  7.71 226.446141  67.461294  4.256
 43   109.021 53718.22914509  6.53 226.442571  67.464354  4.256
 43   107.671 53718.22914574  6.57 226.439011  67.467414  4.256
 43   107.052 53718.22914638  6.98 226.435441  67.470474  4.256
 43   106.377 53718.22914703  7.06 226.431871  67.473534  4.256
 44   109.158 53753.22905902  6.18 226.463348  67.427865  3.511
 44   111.155 53753.22905967  5.95 226.459788  67.430925  3.511
 44   112.092 53753.22906031  5.73 226.456228  67.433985  3.511
 44   112.530 53753.22906095  5.18 226.452668  67.437045  3.511
 44   114.227 53753.22906160  6.03 226.449108  67.440105  3.511
 44   104.953 53753.22906676  7.44 226.420578  67.464565  3.511
 44   101.449 53753.22906740  9.45 226.417008  67.467625  3.511
 44   100.941 53753.22906805  8.06 226.413438  67.470675  3.511
 44    99.388 53753.22906869  8.33 226.409868  67.473735  3.511
 44    98.911 53753.22906934  8.66 226.406298  67.476795  3.511
 45   116.127 53788.22909031  7.36 226.468839  67.435615  3.904
 45   116.803 53788.22909096  6.94 226.465279  67.438665  3.904
 45   117.081 53788.22909160  7.50 226.461719  67.441725  3.904
 45   117.698 53788.22909224  7.84 226.458159  67.444785  3.904
 45   109.134 53788.22909289  7.72 226.454599  67.447845  3.904
 45   109.407 53788.22909353  8.45 226.451039  67.450905  3.904
 45   107.447 53788.22909418  8.90 226.447479  67.453965  3.904
 45   119.174 53788.22909482  8.57 226.443909  67.457015  3.904
 45   107.344 53788.22909547  8.31 226.440349  67.460075  3.904
 45   107.095 53788.22909611  7.99 226.436779  67.463135  3.904
 45   118.082 53788.22909676  7.52 226.433209  67.466195  3.904
 45   116.735 53788.22909740  6.99 226.429639  67.469255  3.904
 45   105.219 53788.22909805  7.40 226.426079  67.472305  3.904
 45   104.296 53788.22909869  8.31 226.422509  67.475365  3.904
 46    99.397 53823.22904344  8.82 226.457546  67.423484  3.024
 46   106.927 53823.22904409  7.52 226.453986  67.426534  3.024
 46   108.142 53823.22904473  7.30 226.450426  67.429594  3.024
 46   107.866 53823.22904538  8.41 226.446866  67.432654  3.024
 46    98.868 53823.22905311  9.85 226.404060  67.469343  3.200
 46    98.487 53823.22905376  9.78 226.400490  67.472403  3.200
 46   100.108 53823.22905440  9.82 226.396920  67.475463  3.200
 46    99.631 53823.22905505  9.91 226.393340  67.478523  3.200
 47   109.987 53858.22913641  4.84 226.460211  67.427273  2.696
 47   112.046 53858.22913705  3.87 226.456661  67.430333  2.696
 47   112.538 53858.22913770  3.91 226.453101  67.433393  2.696
 47   116.013 53858.22913834  3.87 226.449541  67.436443  2.696
 47   112.682 53858.22913899  4.15 226.445981  67.439503  2.696
 47   103.157 53858.22914479  7.45 226.413891  67.467033  2.696
 47   102.620 53858.22914543  7.08 226.410321  67.470083  2.696
 47   100.921 53858.22914608  7.70 226.406751  67.473143  2.696
 47   100.111 53858.22914672  7.79 226.403181  67.476203  2.696
 47   100.733 53858.22914737  8.35 226.399606  67.479263  1.831
 48    82.777 53893.22915202 10.77 226.464464  67.431754 16.336
 48   104.863 53893.22915266  8.35 226.460904  67.434804 16.336
 48   106.892 53893.22915395  9.95 226.453784  67.440924 16.336
 48   107.175 53893.22915460 10.49 226.450224  67.443984 16.336
 48   106.647 53893.22915524 10.12 226.446664  67.447044 16.336
 48    79.946 53893.22915589 15.52 226.443094  67.450104 16.336
 48   106.699 53893.22915653 10.69 226.439534  67.453154 16.336
 48   106.925 53893.22915717  9.82 226.435964  67.456214 16.336
 48   102.681 53893.22915782 13.29 226.432404  67.459274 16.336
 48   103.006 53893.22915846 13.75 226.428834  67.462334 16.336
 48    95.618 53893.22915911 15.34 226.425264  67.465394 16.336
 48   102.752 53893.22915975 11.48 226.421694  67.468444 16.336
 48   101.536 53893.22916040 11.50 226.418124  67.471504 16.336
 48    99.625 53893.22916104 12.48 226.414554  67.474564 16.336
 48    99.823 53893.22916169 14.04 226.410984  67.477625 27.204
 49    38.366 53928.22921044 12.20 226.453504  67.432143 14.886
 49    37.913 53928.22921173 13.52 226.446384  67.438253 14.886
 49    96.913 53928.22921817  7.54 226.410744  67.468843 14.886
 49    99.455 53928.22921882  7.10 226.407174  67.471893 14.886
 49    99.315 53928.22921946  7.68 226.403604  67.474953 14.886
 49    99.415 53928.22922011 12.19 226.400030  67.478008 30.174
 50    81.170 53963.22919217  6.26 226.465482  67.432543  4.962
 50    90.360 53963.22919411  4.61 226.454802  67.441713  4.962
 50    92.456 53963.22919475  3.85 226.451242  67.444773  4.962
 50   110.460 53963.22919733  4.41 226.436992  67.457013  4.962
 50   107.279 53963.22919798  6.63 226.433432  67.460063  4.962
 50    98.411 53963.22919862 10.80 226.429862  67.463123  4.962
 50   101.811 53963.22919927  9.38 226.426292  67.466183  4.962
 50   100.968 53963.22919991  8.04 226.422732  67.469243  4.962
 50   102.066 53963.22920056  5.19 226.419162  67.472303  4.962
 50    98.932 53963.22920120  6.66 226.415592  67.475353  4.962
 50    99.386 53963.22920184  9.65 226.412022  67.478413  4.962
 51    98.079 53998.22913912  7.23 226.455627  67.421914 24.032
 51    98.883 53998.22913977  6.70 226.452067  67.424974 24.032
 51    99.054 53998.22914041  7.23 226.448507  67.428034 24.032
 51   100.621 53998.22914106  7.01 226.444947  67.431094 24.032
 51     5.507 53998.22914879 37.23 226.402137  67.467784 24.032
 51     6.431 53998.22914944 44.74 226.398567  67.470844 24.032
 51     6.625 53998.22915008 45.58 226.394997  67.473904 24.032
 51     6.521 53998.22915073 44.57 226.391423  67.476957 27.404
 51     6.071 53998.22915137 34.54 226.387843  67.480017 27.404
 52    93.898 54033.22918888 17.62 226.463218  67.429474  6.896
 52   106.120 54033.22919533 18.24 226.427588  67.460054  6.896
 52   106.006 54033.22919598 19.92 226.424018  67.463114  6.896
 52   105.571 54033.22919662 19.78 226.420448  67.466174  6.896
 52   105.306 54033.22919726 18.17 226.416878  67.469234  6.896
 52    98.130 54033.22919791 20.53 226.413308  67.472284  6.896
 52    98.610 54033.22919855 26.23 226.409738  67.475344  6.896
 52    99.028 54033.22919920 28.41 226.406168  67.478404  6.896
 54   118.009 54103.22914310 15.25 226.468243  67.440977  4.493
 54   122.061 54103.22914375 15.16 226.464683  67.444037  4.493
 54   122.965 54103.22914439 14.66 226.461123  67.447097  4.493
 54   110.446 54103.22914504 15.32 226.457563  67.450157  4.493
 54   110.223 54103.22914568 16.91 226.454003  67.453217  4.493
 54   107.311 54103.22914633 17.22 226.450443  67.456277  4.493
 54   107.706 54103.22914697 15.19 226.446873  67.459337  4.493
 54   108.699 54103.22914762 15.81 226.443313  67.462387  4.493
 54   120.181 54103.22914826 13.81 226.439743  67.465447  4.493
 54   114.778 54103.22914891 13.44 226.436183  67.468507  4.493
 54   106.661 54103.22914955 13.03 226.432613  67.471567  4.493
 54   105.244 54103.22915019 13.96 226.429043  67.474627  4.493
 55   110.643 54138.22911188 12.29 226.461791  67.427235  3.487
 55   110.231 54138.22911253 12.08 226.458231  67.430295  3.487
 55   111.085 54138.22911317 11.87 226.454671  67.433355  3.487
 55   105.618 54138.22911382 13.72 226.451111  67.436415  3.487
 55   116.188 54138.22911446 11.84 226.447551  67.439475  3.487
 55   104.357 54138.22912026 12.51 226.415461  67.466995  3.487
 55   103.985 54138.22912091 12.45 226.411891  67.470045  3.487
 55   102.942 54138.22912155 13.39 226.408311  67.473105  3.487
 55    99.206 54138.22912220 13.22 226.404741  67.476165  3.487
 55   100.389 54138.22912284 12.84 226.401169  67.479225  2.576
 56   118.211 54173.22912042  9.62 226.467138  67.437318  3.243
 56   119.577 54173.22912107  9.41 226.463578  67.440368  3.243
 56   117.891 54173.22912171  9.47 226.460018  67.443428  3.243
 56   118.260 54173.22912236  9.70 226.456458  67.446488  3.243
 56   109.415 54173.22912300 10.14 226.452898  67.449548  3.243
 56   114.714 54173.22912365  9.85 226.449338  67.452608  3.243
 56   118.499 54173.22912429 10.29 226.445768  67.455668  3.243
 56   119.367 54173.22912494  9.77 226.442205  67.458724  3.106
 56   119.348 54173.22912558  9.10 226.438645  67.461784  3.106
 56   119.248 54173.22912623  9.04 226.435075  67.464844  3.106
 56   118.241 54173.22912687  9.45 226.431505  67.467894  3.106
 56   112.965 54173.22912752  9.45 226.427945  67.470954  3.106
 56   104.685 54173.22912816 10.38 226.424375  67.474014  3.106
 57   107.280 54208.22911730  8.20 226.462439  67.425137  2.762
 57   102.701 54208.22911794  8.50 226.458879  67.428197  2.762
 57   109.101 54208.22911859  7.87 226.455319  67.431257  2.762
 57   110.832 54208.22911923  6.94 226.451759  67.434317  2.762
 57   111.611 54208.22911988  7.43 226.448199  67.437367  2.762
 57   101.206 54208.22912632  9.16 226.412550  67.467946  2.685
 57    99.832 54208.22912697  9.64 226.408980  67.471006  2.685
 57    99.068 54208.22912761  9.29 226.405410  67.474066  2.685
 57    99.223 54208.22912826  9.55 226.401830  67.477126  2.685
 59   104.500 54278.22916313  6.65 226.465899  67.430484  9.959
 59   108.279 54278.22916506  6.79 226.455219  67.439654  9.959
 59   107.543 54278.22916571  8.04 226.451659  67.442714  9.959
 59   108.119 54278.22916635  9.31 226.448099  67.445774  9.959
 59    80.203 54278.22916700 13.38 226.444539  67.448834  9.959
 59   109.733 54278.22916764  9.92 226.440969  67.451894  9.959
 59   107.738 54278.22916829  9.24 226.437409  67.454954  9.959
 59   106.901 54278.22916893  8.89 226.433847  67.458007  8.147
 59   106.115 54278.22916958  9.85 226.430277  67.461067  8.147
 59   104.700 54278.22917022 10.37 226.426707  67.464127  8.147
 59   103.644 54278.22917087 10.65 226.423137  67.467187  8.147
 59   103.121 54278.22917151  8.83 226.419567  67.470237  8.147
 59   101.138 54278.22917216  9.65 226.416007  67.473297  8.147
 59    99.615 54278.22917280 11.36 226.412437  67.476357  8.147
 60    39.319 54313.22916391 12.48 226.466133  67.433790 13.400
 60    93.164 54313.22916585  8.52 226.455453  67.442960 13.400
 60   112.848 54313.22916843  5.09 226.441193  67.455200 13.400
 60   107.183 54313.22916907  6.87 226.437630  67.458253 22.123
 60   107.234 54313.22916971  7.64 226.434070  67.461313 22.123
 60    97.780 54313.22917036 11.22 226.430500  67.464373 22.123
 60   106.237 54313.22917100  6.71 226.426930  67.467433 22.123
 60   103.187 54313.22917165  7.62 226.423360  67.470483 22.123
 60   102.677 54313.22917229  7.64 226.419790  67.473543 22.123
 60    99.248 54313.22917294  8.79 226.416220  67.476603 22.123
 61    78.701 54348.22913834 10.50 226.456469  67.450460 18.527
 61   110.991 54348.22914092  7.74 226.442219  67.462698 21.766
 61   108.122 54348.22914157  8.07 226.438649  67.465748 21.766
 61   108.303 54348.22914221  6.27 226.435079  67.468808 21.766
 61   105.961 54348.22914286  6.08 226.431519  67.471868 21.766
 61    98.332 54348.22914350  7.79 226.427949  67.474928 21.766
 62   106.643 54383.22910339 14.08 226.447597  67.441565  6.828
 62   101.752 54383.22910855 18.43 226.419070  67.466027  9.912
 62   101.430 54383.22910919 17.43 226.415500  67.469087  9.912
 62   100.257 54383.22910983 17.08 226.411930  67.472147  9.912
 62    98.709 54383.22911048 19.09 226.408360  67.475197  9.912
 62    98.963 54383.22911112 20.56 226.404790  67.478257  9.912
 63   116.628 54418.22908500 10.18 226.467032  67.437115  4.174
 63   117.608 54418.22908565 10.38 226.463472  67.440175  4.174
 63   111.569 54418.22908629 10.89 226.459912  67.443235  4.174
 63   109.665 54418.22908693 11.08 226.456352  67.446295  4.174
 63   110.043 54418.22908758 11.05 226.452792  67.449355  4.174
 63   108.113 54418.22908822 12.44 226.449231  67.452413  9.225
 63   115.048 54418.22908887 12.83 226.445661  67.455473  9.225
 63   107.896 54418.22908951 13.98 226.442101  67.458533  9.225
 63   107.729 54418.22909016 12.54 226.438531  67.461583  9.225
 63   107.711 54418.22909080 11.71 226.434971  67.464643  9.225
 63   107.267 54418.22909145 11.60 226.431401  67.467703  9.225
 63   106.050 54418.22909209 11.05 226.427831  67.470763  9.225
 63   105.716 54418.22909274 12.14 226.424271  67.473823  9.225
 63    98.771 54418.22909338 14.49 226.420701  67.476873  9.225
 64   100.950 54453.22907029 12.67 226.459747  67.425129  2.979
 64   107.788 54453.22907094 11.48 226.456187  67.428189  2.979
 64   109.282 54453.22907158 12.15 226.452627  67.431239  2.979
 64   110.787 54453.22907223 11.61 226.449067  67.434299  2.979
 64   104.020 54453.22907287 11.68 226.445497  67.437359  2.979
 64   103.513 54453.22907932 14.03 226.409838  67.467938  4.634
 64    98.375 54453.22907996 14.12 226.406268  67.470998  4.634
 64    98.550 54453.22908061 14.32 226.402698  67.474048  4.634
 64    99.589 54453.22908125 13.78 226.399128  67.477108  4.634
 65   105.339 54488.22908246 13.65 226.468147  67.432840  3.594
 65   105.738 54488.22908311 13.54 226.464587  67.435900  3.594
 65   108.411 54488.22908375 12.94 226.461027  67.438960  3.594
 65   107.981 54488.22908440 12.88 226.457467  67.442020  3.594
 65   108.115 54488.22908504 13.33 226.453907  67.445080  3.594
 65   107.389 54488.22908568 13.77 226.450337  67.448130  3.594
 65   107.786 54488.22908633 13.47 226.446777  67.451190  3.594
 65   107.150 54488.22908697 14.01 226.443217  67.454250  3.594
 65   107.081 54488.22908762 14.11 226.439647  67.457310  3.594
 65   107.106 54488.22908826 13.56 226.436087  67.460370  3.594
 65   107.078 54488.22908891 13.82 226.432517  67.463420  3.594
 65   106.964 54488.22908955 13.51 226.428947  67.466480  3.594
 65   106.615 54488.22909020 13.37 226.425387  67.469540  3.594
 65   105.371 54488.22909084 14.06 226.421817  67.472600  3.594
 65   103.615 54488.22909149 14.65 226.418247  67.475660  3.594
 66   110.438 54523.22908403 13.41 226.463459  67.429313  3.197
 66   112.069 54523.22908468 12.62 226.459899  67.432373  3.197
 66   112.661 54523.22908532 12.41 226.456339  67.435433  3.197
 66   117.076 54523.22908597 11.92 226.452779  67.438493  3.197
 66   114.556 54523.22908661 12.62 226.449219  67.441553  3.197
 66   105.856 54523.22909048 14.17 226.427830  67.459898  3.600
 66   106.079 54523.22909113 14.00 226.424260  67.462958  3.600
 66   103.876 54523.22909177 14.79 226.420700  67.466018  3.600
 66   101.538 54523.22909242 14.82 226.417130  67.469068  3.600
 66   100.164 54523.22909306 15.55 226.413560  67.472128  3.600
 66   102.191 54523.22909370 14.45 226.409980  67.475188  3.600
 66    99.235 54523.22909435 14.60 226.406410  67.478248  3.600
 67   115.571 54558.22909285 12.83 226.469015  67.435976  3.465
 67   116.097 54558.22909349 12.81 226.465455  67.439036  3.465
 67   116.605 54558.22909414 12.44 226.461895  67.442096  3.465
 67   116.831 54558.22909478 12.44 226.458335  67.445156  3.465
 67   109.553 54558.22909543 12.66 226.454775  67.448216  3.465
 67   113.856 54558.22909607 12.28 226.451211  67.451276  3.867
 67   107.403 54558.22909672 13.14 226.447651  67.454336  3.867
 67   107.372 54558.22909736 13.15 226.444091  67.457396  3.867
 67   107.143 54558.22909801 13.27 226.440521  67.460446  3.867
 67   111.229 54558.22909865 11.79 226.436961  67.463506  3.867
 67   106.882 54558.22909930 12.18 226.433391  67.466566  3.867
 67   106.497 54558.22909994 11.42 226.429821  67.469626  3.867
 67   105.935 54558.22910059 11.34 226.426251  67.472686  3.867
 67   103.536 54558.22910123 12.76 226.422691  67.475736  3.867
 68   112.960 54593.22908043  2.47 226.464611  67.430483  2.924
 68   114.123 54593.22908108  2.36 226.461051  67.433543  2.924
 68   115.222 54593.22908172  2.47 226.457491  67.436603  2.924
 68   115.583 54593.22908237  3.25 226.453931  67.439663  2.924
 68   117.219 54593.22908301  2.44 226.450371  67.442723  2.924
 68   117.557 54593.22908366  3.56 226.446806  67.445782  3.569
 68   118.157 54593.22908430  3.97 226.443246  67.448842  3.569
 68   118.200 54593.22908559  3.05 226.436116  67.454952  3.569
 68   117.778 54593.22908624  4.41 226.432556  67.458012  3.569
 68   117.224 54593.22908688  3.99 226.428986  67.461072  3.569
 68   117.005 54593.22908753  3.51 226.425416  67.464132  3.569
 68   106.071 54593.22908817  3.70 226.421846  67.467192  3.569
 68   104.244 54593.22908882  4.83 226.418276  67.470242  3.569
 68   103.386 54593.22908946  4.86 226.414706  67.473302  3.569
 68    99.985 54593.22909010  5.02 226.411136  67.476362  3.569
 69   108.258 54628.22909808  8.39 226.452368  67.444167 11.992
 69   108.661 54628.22909872  8.26 226.448807  67.447226  6.005
 69   106.406 54628.22909937 11.81 226.445247  67.450286  6.005
 69   108.552 54628.22910001  8.21 226.441687  67.453336  6.005
 69   108.616 54628.22910066  8.74 226.438117  67.456396  6.005
 69   108.542 54628.22910130  8.51 226.434557  67.459456  6.005
 69   106.856 54628.22910195  9.71 226.430987  67.462516  6.005
 69   103.421 54628.22910259 12.61 226.427417  67.465576  6.005
 69   104.138 54628.22910324  9.26 226.423847  67.468636  6.005
 69   103.162 54628.22910388  9.56 226.420287  67.471686  6.005
 69   100.773 54628.22910452 10.99 226.416717  67.474746  6.005
 69    99.656 54628.22910517 11.18 226.413137  67.477806  6.005
 70     7.710 54663.22910235 48.47 226.465005  67.428954 22.436
 70     7.779 54663.22910299 52.60 226.461445  67.432004 22.436
 70     7.601 54663.22910364 48.73 226.457885  67.435064 22.436
 70     7.639 54663.22910428 48.05 226.454325  67.438124 22.436
 70     7.615 54663.22910493 50.96 226.450765  67.441184 22.436
 70     7.523 54663.22910557 52.51 226.447205  67.444244 22.436
 70     7.423 54663.22910815 46.90 226.432944  67.456470 32.479
 70     7.577 54663.22910879 48.07 226.429384  67.459530 32.479
 70     7.438 54663.22910944 51.33 226.425814  67.462590 32.479
 70     7.409 54663.22911008 53.16 226.422244  67.465650 32.479
 70     7.490 54663.22911073 52.11 226.418684  67.468710 32.479
 70     7.381 54663.22911137 53.50 226.415114  67.471760 32.479
 70     7.364 54663.22911202 54.74 226.411534  67.474820 32.479
 70     7.507 54663.22911266 49.32 226.407964  67.477880 32.479
 71    94.082 54698.22907850  6.59 226.465206  67.442473 13.968
 71   109.044 54698.22908043 10.00 226.454516  67.451653 13.968
 71   110.724 54698.22908108  8.20 226.450958  67.454713 17.183
 71   111.517 54698.22908172  8.08 226.447398  67.457773 17.183
 71   108.265 54698.22908236  9.19 226.443828  67.460823 17.183
 71   107.500 54698.22908301 10.12 226.440268  67.463883 17.183
 71   107.611 54698.22908365  8.45 226.436698  67.466943 17.183
 71   105.300 54698.22908430  9.70 226.433128  67.470003 17.183
 71   104.015 54698.22908494 10.28 226.429568  67.473063 17.183
 72   101.680 54733.22905928  6.48 226.461673  67.426539  9.589
 72   102.919 54733.22905993  6.27 226.458113  67.429599  9.589
 72   104.841 54733.22906057  7.66 226.454553  67.432659  9.589
 72   103.939 54733.22906122  8.38 226.450993  67.435719  9.589
 72   105.690 54733.22906186  9.06 226.447433  67.438779  9.589
 72   100.410 54733.22906766 12.41 226.415341  67.466303 14.342
 72   100.644 54733.22906831  9.78 226.411771  67.469353 14.342
 72    99.901 54733.22906895  9.37 226.408201  67.472413 14.342
 72    99.253 54733.22906960 10.76 226.404621  67.475473 14.342
 72   100.041 54733.22907024 12.97 226.401051  67.478533 14.342
 73   114.215 54768.22905607 16.74 226.467483  67.432648  4.121
 73   115.284 54768.22905671 16.52 226.463923  67.435708  4.121
 73   108.565 54768.22905736 15.79 226.460363  67.438768  4.121
 73   117.326 54768.22905800 15.59 226.456803  67.441828  4.121
 73   118.056 54768.22905864 15.70 226.453243  67.444888  4.121
 73   107.993 54768.22905929 16.29 226.449673  67.447948  4.121
 73   107.123 54768.22905993 16.96 226.446114  67.451002  4.400
 73   107.154 54768.22906058 17.36 226.442554  67.454062  4.400
 73   113.088 54768.22906122 17.72 226.438984  67.457122  4.400
 73   106.617 54768.22906187 17.12 226.435424  67.460182  4.400
 73   106.160 54768.22906251 17.03 226.431854  67.463232  4.400
 73   106.189 54768.22906316 16.99 226.428284  67.466292  4.400
 73   103.522 54768.22906380 16.87 226.424724  67.469352  4.400
 73   102.168 54768.22906445 17.79 226.421154  67.472412  4.400
 73   103.621 54768.22906509 17.39 226.417584  67.475462  4.400
 74   108.594 54803.22905344 10.81 226.458890  67.427883  3.226
 74   110.667 54803.22905409  9.32 226.455330  67.430943  3.226
 74   111.350 54803.22905473  9.92 226.451770  67.434003  3.226
 74   112.343 54803.22905538  9.63 226.448210  67.437063  3.226
 74   100.521 54803.22906182 13.41 226.412559  67.467636  4.515
 74    99.426 54803.22906247 12.81 226.408989  67.470696  4.515
 74    98.708 54803.22906311 12.68 226.405409  67.473756  4.515
 74    99.769 54803.22906376 13.15 226.401839  67.476816  4.515
 75   113.431 54838.22904927 10.47 226.466810  67.431251  2.845
 75   114.024 54838.22904992 10.92 226.463250  67.434301  2.845
 75   116.835 54838.22905056 10.59 226.459690  67.437361  2.845
 75   115.187 54838.22905121 11.50 226.456130  67.440421  2.845
 75   117.136 54838.22905185 11.06 226.452570  67.443481  2.845
 75   117.951 54838.22905249 11.08 226.449000  67.446541  2.845
 75   112.727 54838.22905314 12.65 226.445442  67.449597  3.575
 75   118.246 54838.22905378 11.58 226.441882  67.452657  3.575
 75   118.005 54838.22905443 11.85 226.438312  67.455717  3.575
 75   117.849 54838.22905507 11.33 226.434752  67.458767  3.575
 75   117.818 54838.22905572 11.51 226.431182  67.461827  3.575
 75   117.058 54838.22905636 10.83 226.427612  67.464887  3.575
 75   116.347 54838.22905701 10.85 226.424042  67.467947  3.575
 75   114.124 54838.22905765 11.58 226.420482  67.471007  3.575
 75   103.679 54838.22905830 11.79 226.416912  67.474057  3.575
 75   109.118 54838.22905894 12.20 226.413332  67.477117  3.575
 76   110.999 54873.22905265 10.11 226.462061  67.427763  2.763
 76   111.243 54873.22905329  9.07 226.458501  67.430823  2.763
 76   112.102 54873.22905393  9.33 226.454941  67.433883  2.763
 76   115.643 54873.22905458  8.86 226.451381  67.436943  2.763
 76   116.673 54873.22905522  9.29 226.447821  67.440003  2.763
 76   112.577 54873.22906103 11.24 226.415737  67.467518  3.246
 76   111.928 54873.22906167 10.96 226.412167  67.470578  3.246
 76   102.651 54873.22906232 11.07 226.408587  67.473638  3.246
 76   108.490 54873.22906296 11.62 226.405017  67.476698  3.246
 77   118.772 54908.22905758 10.59 226.467387  67.439007  3.007
 77   120.804 54908.22905822  9.25 226.463827  67.442067  3.007
 77   121.341 54908.22905887  9.42 226.460267  67.445127  3.007
 77   122.423 54908.22905951  8.51 226.456707  67.448187  3.007
 77   120.168 54908.22906015  9.42 226.453146  67.451247  3.288
 77   119.548 54908.22906080 10.12 226.449586  67.454307  3.288
 77   122.085 54908.22906144  8.72 226.446016  67.457357  3.288
 77   119.907 54908.22906209  9.29 226.442456  67.460417  3.288
 77   119.636 54908.22906273  9.80 226.438886  67.463477  3.288
 77   118.739 54908.22906338  9.17 226.435326  67.466537  3.288
 77   118.095 54908.22906402  8.45 226.431756  67.469597  3.288
 77   117.793 54908.22906467  8.38 226.428186  67.472657  3.288
 77   115.638 54908.22906531  8.73 226.424616  67.475707  3.288
 78   110.436 54943.22904566  6.88 226.460536  67.427532  2.714
 78   111.305 54943.22904631  6.98 226.456976  67.430592  2.714
 78   113.882 54943.22904695  6.51 226.453416  67.433652  2.714
 78   115.054 54943.22904760  7.06 226.449856  67.436712  2.714
 78   113.488 54943.22904824  7.06 226.446296  67.439772  2.714
 78   111.267 54943.22905404  8.32 226.414199  67.467288  3.068
 78   110.715 54943.22905469  8.17 226.410629  67.470348  3.068
 78    99.482 54943.22905533  8.74 226.407059  67.473408  3.068
 78    99.342 54943.22905598  9.16 226.403489  67.476468  3.068
 79   104.101 54978.22907331 11.94 226.466099  67.430318 11.243
 79   107.772 54978.22907589 12.19 226.451859  67.442558 11.243
 79   106.372 54978.22907653 14.16 226.448301  67.445618  9.417
 79   106.307 54978.22907718 15.71 226.444741  67.448678  9.417
 79   107.721 54978.22907782 13.59 226.441171  67.451728  9.417
 79   108.753 54978.22907847 12.70 226.437611  67.454788  9.417
 79   107.975 54978.22907911 13.19 226.434041  67.457848  9.417
 79   105.644 54978.22907976 15.39 226.430481  67.460908  9.417
 79    95.675 54978.22908040 18.14 226.426911  67.463968  9.417
 79   103.003 54978.22908105 16.11 226.423341  67.467028  9.417
 79   102.381 54978.22908169 14.42 226.419771  67.470078  9.417
 79   101.097 54978.22908234 14.99 226.416211  67.473138  9.417
 79    99.868 54978.22908298 16.84 226.412631  67.476198  9.417
 80    92.540 55013.22908089  8.61 226.459975  67.437636 12.795
 80    79.602 55013.22908347 13.71 226.445730  67.449873 13.862
 80   111.118 55013.22908411  6.85 226.442170  67.452933 13.862
 80   110.029 55013.22908476  6.64 226.438600  67.455993 13.862
 80   107.145 55013.22908540  7.07 226.435040  67.459043 13.862
 80    96.961 55013.22908605 10.61 226.431470  67.462103 13.862
 80    96.572 55013.22908669 11.73 226.427900  67.465163 13.862
 80   102.147 55013.22908734  9.88 226.424330  67.468223 13.862
 80   102.347 55013.22908798  8.27 226.420770  67.471283 13.862
 80   100.513 55013.22908862  8.42 226.417200  67.474333 13.862
 80    98.976 55013.22908927 10.02 226.413630  67.477393 13.862
 81     5.477 55048.22907285 47.96 226.463763  67.432944 23.893
 81     5.300 55048.22907350 41.43 226.460203  67.436004 23.893
 81     5.214 55048.22907414 50.30 226.456643  67.439064 23.893
 81     5.208 55048.22907479 53.33 226.453083  67.442124 23.893
 81     5.322 55048.22907543 53.01 226.449523  67.445184 23.893
 81     5.165 55048.22907607 53.51 226.445958  67.448241 33.512
 81     5.292 55048.22907672 53.03 226.442398  67.451301 33.512
 81     5.156 55048.22907736 51.27 226.438828  67.454361 33.512
 81     5.243 55048.22907801 41.18 226.435268  67.457411 33.512
 81     5.124 55048.22907865 39.56 226.431698  67.460471 33.512
 81     5.246 55048.22907930 36.43 226.428128  67.463531 33.512
 81     5.090 55048.22907994 41.10 226.424568  67.466591 33.512
 81     5.227 55048.22908059 48.77 226.420998  67.469651 33.512
 81     5.218 55048.22908123 51.23 226.417428  67.472701 33.512
 81     5.171 55048.22908188 52.47 226.413858  67.475761 33.512
 82   109.046 55083.22904650 11.98 226.456408  67.452082 18.855
 82   107.275 55083.22904714 11.98 226.452848  67.455143 19.297
 82     6.549 55083.22904779 13.56 226.449278  67.458203 19.297
 82   106.702 55083.22904843 13.58 226.445718  67.461253 19.297
 82   107.295 55083.22904908 13.06 226.442148  67.464313 19.297
 82    93.889 55083.22904972 13.53 226.438588  67.467373 19.297
 82    93.415 55083.22905037 13.92 226.435018  67.470433 19.297
 82    97.056 55083.22905101 12.95 226.431448  67.473493 19.297
 83   102.593 55118.22900379 15.58 226.461467  67.428838 10.845
 83   105.627 55118.22900572 16.19 226.450787  67.438018 10.845
 83   105.016 55118.22900636 17.93 226.447227  67.441078 10.845
 83    95.453 55118.22901152 29.28 226.418707  67.465540 14.321
 83    99.404 55118.22901217 20.79 226.415137  67.468600 14.321
 83    97.634 55118.22901281 21.17 226.411567  67.471650 14.321
 83    98.420 55118.22901346 22.46 226.407997  67.474710 14.321
 83    98.633 55118.22901410 26.26 226.404417  67.477770 14.321
 84   113.797 55153.22900115 17.20 226.468022  67.432628  4.623
 84   114.694 55153.22900180 17.50 226.464462  67.435688  4.623
 84   116.040 55153.22900244 16.60 226.460902  67.438748  4.623
 84   116.707 55153.22900309 16.66 226.457342  67.441808  4.623
 84   108.179 55153.22900373 17.38 226.453782  67.444868  4.623
 84   107.112 55153.22900438 19.17 226.450222  67.447928  4.623
 84   107.130 55153.22900502 18.97 226.446660  67.450984  5.404
 84   106.687 55153.22900567 18.99 226.443090  67.454044  5.404
 84   106.305 55153.22900631 19.58 226.439530  67.457104  5.404
 84   106.580 55153.22900696 18.30 226.435960  67.460154  5.404
 84   106.714 55153.22900760 17.33 226.432400  67.463214  5.404
 84   106.165 55153.22900825 17.71 226.428830  67.466274  5.404
 84   105.987 55153.22900889 17.99 226.425260  67.469334  5.404
 84   101.880 55153.22900954 18.57 226.421700  67.472394  5.404
 84    98.359 55153.22901018 19.66 226.418130  67.475444  5.404
 85   100.651 55188.22899144 16.02 226.462481  67.425318  3.366
 85   102.757 55188.22899208 15.50 226.458921  67.428378  3.366
 85   104.653 55188.22899273 14.46 226.455361  67.431438  3.366
 85   110.960 55188.22899337 14.21 226.451801  67.434498  3.366
 85   105.031 55188.22899402 15.00 226.448241  67.437558  3.366
 85   103.552 55188.22900046 16.35 226.412587  67.468132  3.920
 85   100.289 55188.22900111 16.10 226.409017  67.471192  3.920
 85    98.764 55188.22900175 17.57 226.405437  67.474252  3.920
 85    99.506 55188.22900240 16.55 226.401867  67.477312  3.920
 86   114.029 55223.22900066 12.86 226.464989  67.434745  3.095
 86   114.516 55223.22900131 13.34 226.461429  67.437805  3.095
 86   119.405 55223.22900195 11.59 226.457869  67.440865  3.095
 86   116.720 55223.22900260 12.60 226.454309  67.443925  3.095
 86   117.135 55223.22900324 13.28 226.450749  67.446985  3.095
 86   108.822 55223.22900389 13.91 226.447188  67.450042  3.487
 86   118.199 55223.22900453 12.64 226.443618  67.453102  3.487
 86   107.794 55223.22900518 13.42 226.440058  67.456162  3.487
 86   117.766 55223.22900582 12.94 226.436488  67.459212  3.487
 86   106.222 55223.22900647 14.77 226.432928  67.462272  3.487
 86   115.951 55223.22900711 13.25 226.429358  67.465332  3.487
 86   105.274 55223.22900775 13.48 226.425788  67.468392  3.487
 86   102.959 55223.22900840 14.19 226.422228  67.471452  3.487
 86   101.824 55223.22900904 14.34 226.418658  67.474502  3.487
 86   100.285 55223.22900969 14.76 226.415078  67.477562  3.487
 87   112.079 55258.22898844 11.80 226.462543  67.431849  2.919
 87   113.007 55258.22898909 11.95 226.458983  67.434909  2.919
 87   113.788 55258.22898973 11.76 226.455423  67.437969  2.919
 87   114.694 55258.22899038 11.90 226.451863  67.441029  2.919
 87   115.430 55258.22899102 11.85 226.448296  67.444084  3.515
 87   116.266 55258.22899167 11.82 226.444736  67.447144  3.515
 87   105.991 55258.22899360 13.42 226.434036  67.456314  3.515
 87   105.477 55258.22899425 13.52 226.430476  67.459374  3.515
 87   105.028 55258.22899489 13.71 226.426906  67.462434  3.515
 87   104.349 55258.22899554 13.10 226.423336  67.465494  3.515
 87   103.909 55258.22899618 13.08 226.419776  67.468544  3.515
 87   101.556 55258.22899683 12.77 226.416206  67.471604  3.515
 87   100.210 55258.22899747 12.78 226.412626  67.474664  3.515
 87    99.501 55258.22899811 13.81 226.409056  67.477724  3.515
 88   116.992 55293.22898872  9.40 226.469009  67.438137  3.420
 88   117.275 55293.22898937 11.13 226.465449  67.441197  3.420
 88   118.231 55293.22899001 10.08 226.461889  67.444257  3.420
 88   118.884 55293.22899066  9.76 226.458329  67.447317  3.420
 88   109.713 55293.22899130 10.31 226.454769  67.450377  3.420
 88   119.259 55293.22899195 10.39 226.451201  67.453437  3.812
 88   119.375 55293.22899259 10.60 226.447641  67.456497  3.812
 88   108.088 55293.22899323 10.75 226.444081  67.459547  3.812
 88   119.150 55293.22899388 10.05 226.440511  67.462607  3.812
 88   107.418 55293.22899452 11.16 226.436951  67.465667  3.812
 88   104.243 55293.22899517 12.93 226.433381  67.468727  3.812
 88   116.505 55293.22899581 10.71 226.429811  67.471787  3.812
 88   103.315 55293.22899646 11.20 226.426251  67.474847  3.812
 89   103.601 55328.22897165 10.55 226.463683  67.430563  8.093
 89   107.166 55328.22897358  8.72 226.453003  67.439743  8.093
 89   107.588 55328.22897422 10.42 226.449443  67.442803  8.093
 89   105.501 55328.22897487 13.76 226.445873  67.445863  8.093
 89   107.092 55328.22897680 11.22 226.435183  67.455041  6.708
 89   105.018 55328.22897745 13.43 226.431623  67.458091  6.708
 89   105.567 55328.22897809 11.71 226.428053  67.461151  6.708
 89   104.010 55328.22897874 10.71 226.424483  67.464211  6.708
 89   103.053 55328.22897938 11.54 226.420923  67.467271  6.708
 89   104.646 55328.22898003 10.26 226.417353  67.470331  6.708
 89   103.738 55328.22898067 10.23 226.413783  67.473381  6.708
 89   100.036 55328.22898132 12.02 226.410203  67.476441  6.708
 90    97.582 55363.22896885  6.03 226.460449  67.441409  8.088
 90   107.789 55363.22897078 10.60 226.449762  67.450588 13.034
 90   119.073 55363.22897143  7.38 226.446202  67.453648 13.034
 90   113.217 55363.22897207  7.63 226.442642  67.456698 13.034
 90    21.299 55363.22897272 17.23 226.439072  67.459758 13.034
 90    95.180 55363.22897401 14.45 226.431942  67.465878 13.034
 90    97.087 55363.22897465 12.71 226.428372  67.468938 13.034
 90    97.443 55363.22897530 11.93 226.424812  67.471998 13.034
 90    98.647 55363.22897594 13.30 226.421242  67.475048 13.034
 91   101.573 55398.22897500  7.81 226.462442  67.426209  8.858
 91   102.433 55398.22897564  8.13 226.458882  67.429269  8.858
 91   103.095 55398.22897629  8.36 226.455322  67.432329  8.858
 91   103.748 55398.22897693  9.58 226.451762  67.435389  8.858
 91   105.597 55398.22897758  7.59 226.448202  67.438449  8.858
 91    95.328 55398.22898338 17.46 226.416115  67.465973 16.487
 91   100.335 55398.22898403  9.96 226.412545  67.469023 16.487
 91    99.430 55398.22898467  9.37 226.408965  67.472083 16.487
 91    98.618 55398.22898531 11.08 226.405395  67.475143 16.487
 91    98.958 55398.22898596 11.50 226.401825  67.478203 16.487
 92   109.002 55433.22898594  8.54 226.450607  67.446880 12.601
 92   105.272 55433.22898658 14.17 226.447047  67.449937 12.805
 92   108.642 55433.22898722  8.66 226.443487  67.452997 12.805
 92   108.284 55433.22898787  7.80 226.439917  67.456057 12.805
 92   107.317 55433.22898851  7.53 226.436357  67.459107 12.805
 92   107.651 55433.22898916  7.54 226.432787  67.462167 12.805
 92   105.675 55433.22898980  8.79 226.429217  67.465227 12.805
 92   103.467 55433.22899045  9.87 226.425657  67.468287 12.805
 92   104.716 55433.22899109  8.70 226.422087  67.471347 12.805
 92   100.655 55433.22899174  9.56 226.418517  67.474397 12.805
 92    99.391 55433.22899238 11.43 226.414947  67.477457 12.805
 93    90.581 55468.22894344 16.93 226.461780  67.450229 18.991
 93   108.233 55468.22894601 22.15 226.447531  67.462460 18.875
 93   109.875 55468.22894666 19.44 226.443961  67.465520 18.875
 93   109.320 55468.22894730 18.94 226.440401  67.468580 18.875
 93   108.028 55468.22894795 15.60 226.436831  67.471640 18.875
