# NaN NaN NaN ;Mean Elev.(m), Avg Gradient(m/km), RMS Gradient(m/km) - SRTM1     
#  104.467 -15.938  18.363 ;Mean Elev.(m), Avg Gradient(m/km), RMS Gradient(m/km) - ASTER GDEM
#  117.000 -15.741  16.145 ;Mean Elev.(m), Avg Gradient(m/km), RMS Gradient(m/km) - GMTED2010 
  8   113.256 52481.21206896 27.86 237.267149  62.128957 19.980
  8   113.841 52481.21206961 24.48 237.264669  62.132107 19.980
  8   112.743 52481.21207025 23.95 237.262199  62.135257 19.980
  8   113.153 52481.21207090 24.56 237.259719  62.138397 19.980
  8   114.037 52481.21207154 32.79 237.257239  62.141547 19.980
  8   113.350 52481.21207219 38.40 237.254769  62.144697 19.980
  8   113.093 52481.21207283 41.98 237.252289  62.147837 19.980
 11   110.937 52586.21204090 39.90 237.278230  62.130122 14.026
 11   105.285 52586.21204155 41.66 237.275750  62.133272 14.026
 11   111.472 52586.21204219 38.43 237.273280  62.136412 14.026
 11   110.615 52586.21204284 30.68 237.270800  62.139562 14.026
 11   111.784 52586.21204348 40.10 237.268320  62.142712 14.026
 12   111.670 52621.21201941 20.36 237.274856  62.131851 15.690
 12   112.008 52621.21202006 20.74 237.272386  62.134991 15.690
 12   111.687 52621.21202070 23.28 237.269906  62.138141 15.690
 12   112.025 52621.21202135 23.50 237.267436  62.141291 15.690
 12   111.470 52621.21202199 25.28 237.264956  62.144431 15.690
 15   106.853 52726.21204936 14.93 237.268213  62.130347  4.465
 15   106.722 52726.21205000 16.26 237.265743  62.133497  4.465
 15   106.631 52726.21205065 17.93 237.263263  62.136637  4.465
 15   106.675 52726.21205129 19.47 237.260783  62.139787  4.465
 15   106.736 52726.21205194 18.39 237.258313  62.142937  4.465
 15   106.687 52726.21205258 19.87 237.255833  62.146077  4.465
 15   106.869 52726.21205322 20.58 237.253353  62.149227  4.465
 17   248.674 52796.21202397  2.68 237.266189  62.126962  2.701
 17   243.483 52796.21202462  2.37 237.263709  62.130102  2.701
 17   239.458 52796.21202526  1.58 237.261239  62.133252  2.701
 17   234.769 52796.21202591  1.18 237.258759  62.136402  2.701
 17   229.832 52796.21202655  0.80 237.256279  62.139542  2.701
 17   224.750 52796.21202720  0.15 237.253799  62.142692  2.701
 21   148.649 52936.21210373 11.24 237.278499  62.130601  6.848
 21   128.218 52936.21210438 15.08 237.276029  62.133751  6.848
 21   129.225 52936.21210502 10.22 237.273549  62.136901  6.848
 21   110.058 52936.21210567 29.49 237.271079  62.140041  6.848
 21   109.474 52936.21210631 38.06 237.268599  62.143191  6.848
 22   110.289 52971.21212769 22.75 237.263780  62.127575  9.617
 22   110.522 52971.21212834 23.25 237.261300  62.130725  9.617
 22   110.028 52971.21212898 23.43 237.258820  62.133875  9.617
 22   109.775 52971.21212963 24.03 237.256350  62.137015  9.617
 22   110.430 52971.21213027 24.41 237.253870  62.140165  9.617
 22   109.905 52971.21213092 27.49 237.251390  62.143315  9.617
 22   111.063 52971.21213156 28.93 237.248910  62.146455  9.617
 22   108.157 52971.21213221 32.28 237.246437  62.149603 12.824
 23   110.203 53006.21214121 17.70 237.266014  62.126740  8.152
 23   110.601 53006.21214185 18.39 237.263534  62.129890  8.152
 23   111.143 53006.21214250 18.25 237.261064  62.133030  8.152
 23   110.247 53006.21214314 19.72 237.258584  62.136180  8.152
 23   110.739 53006.21214379 19.38 237.256104  62.139330  8.152
 23   110.775 53006.21214443 20.80 237.253634  62.142470  8.152
 23   111.104 53006.21214508 19.87 237.251154  62.145620  8.152
 23   111.690 53006.21214572 22.51 237.248674  62.148770  8.152
 24   110.047 53041.21209432 16.72 237.252259  62.130269  5.641
 24   108.727 53041.21209496 17.89 237.249779  62.133419  5.641
 24   110.197 53041.21209561 17.69 237.247309  62.136559  5.641
 24   109.499 53041.21209625 17.96 237.244825  62.139707 11.003
 24   109.712 53041.21209690 18.20 237.242345  62.142857 11.003
 24   109.549 53041.21209754 18.24 237.239865  62.145997 11.003
 24   109.484 53041.21209819 19.57 237.237385  62.149147 11.003
 25   107.602 53076.21212858 17.53 237.260113  62.140283 10.453
 25   107.397 53076.21212922 19.02 237.257633  62.143433 10.453
 25   108.748 53076.21212987 18.53 237.255153  62.146573 10.453
 25   109.502 53076.21213051 18.35 237.252683  62.149723 10.453
 26   107.523 53111.21209773  8.33 237.248284  62.132613  7.687
 26   107.837 53111.21209837  9.68 237.245804  62.135753  7.687
 26   108.262 53111.21209902  9.58 237.243324  62.138903  7.687
 26   108.780 53111.21209966  9.13 237.240844  62.142053  7.687
 26   109.873 53111.21210031  8.68 237.238364  62.145193  7.687
 26   109.477 53111.21210095  9.23 237.235884  62.148343  7.687
 27   248.278 53146.21213913  1.89 237.264214  62.126933  3.350
 27   244.147 53146.21213978  1.61 237.261733  62.130079  1.666
 27   240.091 53146.21214042  1.14 237.259263  62.133219  1.666
 27   234.791 53146.21214106  0.37 237.256783  62.136369  1.666
 27   229.493 53146.21214171  0.43 237.254303  62.139519  1.666
 28   150.356 53181.21214682  7.73 237.272678  62.129662  2.455
 28   150.253 53181.21214746  7.78 237.270208  62.132812  2.455
 28   131.408 53181.21214811 16.06 237.267728  62.135962  2.455
 28   130.810 53181.21214875 18.20 237.265258  62.139106 12.554
 28   112.783 53181.21214940 35.62 237.262778  62.142246 12.554
 28   109.998 53181.21215004 42.67 237.260298  62.145396 12.554
 28   111.690 53181.21215133 33.98 237.255338  62.151686 12.554
 29   110.186 53216.21216999 10.45 237.266418  62.130800  4.178
 29   108.713 53216.21217064 14.05 237.263938  62.133950  4.178
 29   110.362 53216.21217128 14.70 237.261466  62.137094  4.178
 29   110.746 53216.21217193 15.76 237.258986  62.140234  4.178
 29   108.989 53216.21217257 17.80 237.256516  62.143384  4.178
 31   110.879 53286.21214227 20.53 237.250575  62.131516 16.270
 31   110.272 53286.21214292 30.95 237.248105  62.134656 16.270
 31   108.132 53286.21214356 39.95 237.245625  62.137806 16.270
 31   105.532 53286.21214421 43.34 237.243145  62.140946 16.270
 31   110.132 53286.21214485 41.50 237.240665  62.144096 16.270
 31   111.166 53286.21214550 44.09 237.238185  62.147246 16.270
 32   109.324 53321.21211775 42.17 237.274538  62.130977 11.863
 32   109.815 53321.21211840 39.98 237.272058  62.134117 11.863
 32   108.970 53321.21211904 40.92 237.269588  62.137267 11.863
 32   109.982 53321.21211969 30.22 237.267108  62.140417 11.863
 32   109.906 53321.21212033 41.66 237.264628  62.143557 11.863
 34   109.099 53391.21209947 17.07 237.258656  62.127083  4.160
 34   110.160 53391.21210011 14.97 237.256186  62.130223  4.160
 34   110.428 53391.21210076 14.83 237.253707  62.133373  8.501
 34   110.710 53391.21210140 14.84 237.251227  62.136523  8.501
 34   109.352 53391.21210205 15.98 237.248747  62.139663  8.501
 34   109.817 53391.21210269 15.48 237.246267  62.142813  8.501
 34   110.553 53391.21210333 15.29 237.243787  62.145963  8.501
 34   109.889 53391.21210398 15.44 237.241317  62.149103  8.501
 35   108.126 53426.21209767 14.49 237.271294  62.138619  7.370
 35   108.363 53426.21209831 15.30 237.268814  62.141759  7.370
 37   246.055 53496.21218628  4.29 237.259511  62.127846  2.347
 37   242.059 53496.21218692  4.07 237.257041  62.130996  2.347
 37   237.191 53496.21218757  3.78 237.254561  62.134146  2.347
 37   231.995 53496.21218821  2.85 237.252081  62.137286  2.347
 37   227.402 53496.21218886  2.14 237.249611  62.140436  2.347
 37   222.261 53496.21218950  1.77 237.247131  62.143586  2.347
 37   216.991 53496.21219015  0.99 237.244651  62.146726  2.347
 37   211.797 53496.21219079  2.72 237.242171  62.149876  2.347
 39   151.449 53566.21218994  4.43 237.266283  62.130620  3.379
 39   112.034 53566.21219122 20.40 237.261333  62.136920  3.379
 39   112.171 53566.21219187 27.58 237.258853  62.140065 10.176
 39   107.414 53566.21219251 32.84 237.256373  62.143215 10.176
 39   109.378 53566.21219316 22.28 237.253903  62.146355 10.176
 40   150.709 53601.21213313  9.34 237.278593  62.130556  2.664
 40   153.379 53601.21213378  4.90 237.276123  62.133706  2.664
 40   109.780 53601.21213507 17.18 237.271173  62.140003  3.976
 40   110.588 53601.21213571 19.34 237.268693  62.143143  3.976
 42   110.266 53671.21215145 10.72 237.262133  62.128650  9.380
 42   110.389 53671.21215209 11.11 237.259663  62.131800  9.380
 42   110.254 53671.21215274 14.50 237.257183  62.134950  9.380
 42   111.013 53671.21215338 14.63 237.254703  62.138090  9.380
 42   111.038 53671.21215403 18.54 237.252233  62.141240  9.380
 42   111.314 53671.21215467 17.22 237.249753  62.144390  9.380
 42   110.715 53671.21215532 15.84 237.247273  62.147530  9.380
 43   111.963 53706.21208331 18.18 237.283137  62.129794 16.212
 43   112.433 53706.21208395 19.18 237.280657  62.132944 16.212
 43   112.968 53706.21208460 20.81 237.278187  62.136094 16.212
 43   113.800 53706.21208524 23.96 237.275707  62.139234 16.212
 43   113.188 53706.21208589 31.20 237.273237  62.142384 16.212
 44   111.084 53741.21199655 15.11 237.289898  62.131701 12.051
 44   111.874 53741.21199720 15.34 237.287428  62.134851 12.051
 44   112.053 53741.21199784 16.95 237.284948  62.137991 12.051
 44   112.125 53741.21199849 17.13 237.282478  62.141141 12.051
 45   109.983 53776.21201931 15.17 237.271939  62.128565  8.027
 45   111.144 53776.21201995 14.38 237.269469  62.131715  8.027
 45   111.791 53776.21202059 14.33 237.266989  62.134865  8.027
 45   111.253 53776.21202124 15.29 237.264509  62.138005  8.027
 45   112.030 53776.21202188 14.56 237.262029  62.141155  8.027
 45   110.314 53776.21202253 16.63 237.259559  62.144305  8.027
 45   111.127 53776.21202317 16.08 237.257079  62.147445  8.027
 45   110.788 53776.21202382 14.91 237.254599  62.150595  8.027
 50   110.425 53951.21213881 38.11 237.260268  62.132140  8.535
 50   110.351 53951.21213945 44.35 237.257798  62.135290  8.535
 50   109.419 53951.21214010 49.52 237.255318  62.138440  8.535
 50   110.814 53951.21214074 39.46 237.252838  62.141580  8.535
 50   108.962 53951.21214139 45.94 237.250368  62.144730  8.535
 53   110.394 54056.21210616 26.13 237.273961  62.131096 17.769
 53   110.461 54056.21210681 27.15 237.271481  62.134246 17.769
 53   110.216 54056.21210745 28.74 237.269001  62.137386 17.769
 53   109.417 54056.21210810 24.87 237.266531  62.140536 17.769
 53   108.373 54056.21210874 23.78 237.264051  62.143686 17.769
 54   109.422 54091.21209152 13.84 237.277136  62.131615 11.038
 54   109.683 54091.21209217 14.83 237.274656  62.134755 11.038
 54   108.990 54091.21209281 15.37 237.272186  62.137905 11.038
 54   109.779 54091.21209346 14.83 237.269706  62.141055 11.038
 55   110.183 54126.21202191 12.10 237.260791  62.126204  9.432
 55   108.834 54126.21202255 12.91 237.258311  62.129354  9.432
 55   109.732 54126.21202320 12.87 237.255841  62.132494  9.432
 55   109.658 54126.21202384 13.74 237.253361  62.135644  9.432
 55   108.287 54126.21202449 14.64 237.250881  62.138794  9.432
 55   108.557 54126.21202513 15.39 237.248401  62.141934  9.432
 55   108.740 54126.21202578 15.19 237.245921  62.145084  9.432
 55   109.109 54126.21202642 15.17 237.243441  62.148234  9.432
 56   108.421 54161.21206017 12.59 237.266270  62.133792  4.977
 56   106.924 54161.21206081 14.68 237.263800  62.136942  4.977
 56   107.750 54161.21206146 13.42 237.261320  62.140082  4.977
 56   109.584 54161.21206210 12.92 237.258840  62.143232  4.977
 56   108.361 54161.21206275 13.35 237.256360  62.146382  4.977
 56   108.959 54161.21206339 13.36 237.253890  62.149522  4.977
 57   107.021 54196.21202410  8.41 237.261637  62.128128  5.608
 57   106.448 54196.21202474 12.99 237.259167  62.131278  5.608
 57   106.041 54196.21202539 14.19 237.256687  62.134428  5.608
 57   105.949 54196.21202603 14.39 237.254207  62.137568  5.608
 57   106.835 54196.21202667 13.57 237.251727  62.140718  5.608
 57   108.117 54196.21202732 12.56 237.249247  62.143868  5.608
 57   108.412 54196.21202796 12.14 237.246777  62.147008  5.608
 57   107.332 54196.21202861 12.93 237.244293  62.150154  6.811
 58   245.163 54231.21207251  0.06 237.266681  62.130018  2.468
 58   241.647 54231.21207315  0.02 237.264201  62.133168  2.468
 63   109.540 54406.21202901 32.65 237.263428  62.139877  9.768
 63   110.782 54406.21202966 38.79 237.260958  62.143017  9.768
 63   110.876 54406.21203030 40.42 237.258476  62.146170 10.190
 63   112.117 54406.21203095 40.25 237.255996  62.149320 10.190
 64   109.813 54441.21198485 20.10 237.258039  62.127171  5.898
 64   110.374 54441.21198549 20.71 237.255559  62.130311  5.898
 64   110.734 54441.21198614 20.81 237.253089  62.133461  5.898
 64   111.228 54441.21198678 21.53 237.250609  62.136611  5.898
 64   111.557 54441.21198743 22.09 237.248129  62.139751  5.898
 64   111.150 54441.21198807 25.09 237.245653  62.142897 12.582
 64   111.758 54441.21198872 27.83 237.243173  62.146047 12.582
 64   109.392 54441.21198936 29.12 237.240693  62.149187 12.582
 65   110.691 54476.21201495 18.94 237.268566  62.130753 12.426
 65   110.810 54476.21201560 19.14 237.266096  62.133903 12.426
 65   111.285 54476.21201624 19.80 237.263616  62.137053 12.426
 65   111.798 54476.21201689 19.89 237.261136  62.140193 12.426
 65   111.771 54476.21201753 20.10 237.258666  62.143343 12.426
 65   111.604 54476.21201818 21.40 237.256186  62.146493 12.426
 65   112.416 54476.21201882 21.73 237.253706  62.149633 12.426
 66   108.262 54511.21200248 17.36 237.253914  62.135989  6.472
 66   107.724 54511.21200313 18.77 237.251434  62.139139  6.472
 66   109.536 54511.21200377 16.51 237.248954  62.142289  6.472
 66   110.080 54511.21200442 16.12 237.246484  62.145429  6.472
 66   111.202 54511.21200506 15.70 237.243999  62.148575  9.447
 67   108.590 54546.21203150 16.31 237.262671  62.142217  5.346
 67   109.383 54546.21203214 15.11 237.260191  62.145367  5.346
 67   109.370 54546.21203343 13.79 237.255231  62.151657  5.346
 68   108.090 54581.21199969  7.29 237.257280  62.144075  4.434
 68   108.633 54581.21200034  6.23 237.254800  62.147215  4.434
 68   110.103 54581.21200098  4.68 237.252322  62.150366  5.109
 71   107.881 54686.21202363  9.37 237.273745  62.130849  8.249
 71   108.595 54686.21202427 16.02 237.271275  62.133999  8.249
 71   108.689 54686.21202492 21.56 237.268795  62.137149  8.249
 71   109.845 54686.21202556 22.61 237.266315  62.140289  8.249
 71   111.141 54686.21202621 24.17 237.263845  62.143439  8.249
 74   114.807 54791.21196908 20.87 237.259831  62.125347 17.508
 74   115.643 54791.21196973 24.51 237.257361  62.128497 17.508
 74   115.589 54791.21197037 32.32 237.254881  62.131647 17.508
 74   115.863 54791.21197102 32.42 237.252401  62.134787 17.508
 74   112.696 54791.21197166 32.90 237.249931  62.137937 17.508
 74   114.433 54791.21197231 28.76 237.247451  62.141077 17.508
 74   114.846 54791.21197295 35.26 237.244971  62.144227 17.508
 74   114.910 54791.21197360 33.12 237.242489  62.147372 14.031
 75   109.963 54826.21199498 15.35 237.266809  62.128922  8.051
 75   110.191 54826.21199563 17.07 237.264329  62.132062  8.051
 75   110.363 54826.21199627 17.82 237.261859  62.135212  8.051
 75   109.554 54826.21199692 20.13 237.259379  62.138362  8.051
 75   110.513 54826.21199756 19.19 237.256899  62.141502  8.051
 75   111.334 54826.21199820 19.92 237.254429  62.144652  8.051
 75   111.498 54826.21199885 20.06 237.251949  62.147802  8.051
 76   110.612 54861.21196293  9.44 237.262582  62.126721  4.905
 76   109.201 54861.21196357 16.34 237.260102  62.129861  4.905
 76   109.021 54861.21196422 18.32 237.257622  62.133011  4.905
 76   110.317 54861.21196486 17.03 237.255142  62.136161  4.905
 76   111.358 54861.21196551 15.64 237.252672  62.139301  4.905
 76   111.432 54861.21196615 15.00 237.250187  62.142450  7.086
 76   110.543 54861.21196680 14.76 237.247707  62.145600  7.086
 76   109.973 54861.21196744 15.15 237.245227  62.148740  7.086
 79   248.258 54966.21199658  0.90 237.268397  62.129836  2.438
 79   242.390 54966.21199722  0.48 237.265927  62.132976  2.438
 79   237.717 54966.21199787  0.12 237.263447  62.136126  2.438
 84   107.598 55141.21194049 41.79 237.270163  62.130391  9.548
 84   105.683 55141.21194113 42.29 237.267693  62.133541  9.548
 84   112.012 55141.21194178 39.93 237.265213  62.136681  9.548
 84   110.788 55141.21194242 32.67 237.262733  62.139831  9.548
 84   112.132 55141.21194307 38.82 237.260263  62.142981  9.548
 84   110.840 55141.21194371 38.71 237.257781  62.146122 12.851
 84   111.818 55141.21194435 41.63 237.255301  62.149272 12.851
 85   111.185 55176.21190291 23.44 237.260124  62.126923  7.906
 85   111.136 55176.21190356 21.51 237.257644  62.130073  7.906
 85   112.288 55176.21190420 21.09 237.255164  62.133213  7.906
 85   111.905 55176.21190485 22.85 237.252684  62.136363  7.906
 85   111.202 55176.21190549 24.26 237.250214  62.139513  7.906
 85   111.901 55176.21190614 24.88 237.247734  62.142653  7.906
 85   113.008 55176.21190678 25.79 237.245253  62.145799 10.951
 85   112.522 55176.21190743 25.98 237.242773  62.148949 10.951
 86   109.469 55211.21193653 14.60 237.262642  62.136678  7.644
 86   110.338 55211.21193717 19.53 237.260162  62.139828  7.644
 86   109.345 55211.21193782 20.99 237.257682  62.142968  7.644
 86   111.107 55211.21193846 20.11 237.255212  62.146118  7.644
 86   111.741 55211.21193911 19.82 237.252732  62.149268  7.644
 87   109.706 55246.21190708 15.76 237.264289  62.126604  7.560
 87   109.246 55246.21190773 16.94 237.261809  62.129744  7.560
 87   110.746 55246.21190837 16.79 237.259339  62.132894  7.560
 87   110.964 55246.21190902 18.94 237.256859  62.136044  7.560
 87   109.902 55246.21190966 19.29 237.254379  62.139184  7.560
 87   110.472 55246.21191030 19.42 237.251899  62.142334  7.560
 87   110.961 55246.21191095 20.06 237.249419  62.145484  7.560
 87   111.111 55246.21191159 19.25 237.246949  62.148624  7.560
 89   245.626 55316.21189621  2.40 237.267413  62.129747  2.834
 89   240.929 55316.21189685  2.39 237.264933  62.132897  2.834
 89   236.031 55316.21189750  1.68 237.262453  62.136047  2.834
 89   231.332 55316.21189814  1.21 237.259983  62.139187  2.834
 89   226.118 55316.21189879  0.40 237.257503  62.142337  2.834
 89   221.329 55316.21189943  0.09 237.255023  62.145487  2.834
