# NaN NaN NaN ;Mean Elev.(m), Avg Gradient(m/km), RMS Gradient(m/km) - SRTM1     
#    8.340   0.758   3.270 ;Mean Elev.(m), Avg Gradient(m/km), RMS Gradient(m/km) - ASTER GDEM
#   30.006  -1.259   3.789 ;Mean Elev.(m), Avg Gradient(m/km), RMS Gradient(m/km) - GMTED2010 
  7    26.016 52452.22085914 28.72 230.879952  66.021885 24.207
  7    25.824 52452.22085978 22.86 230.876752  66.024975 24.207
  7    25.637 52452.22086043 20.44 230.873552  66.028065 24.207
  7    25.654 52452.22086107 19.93 230.870352  66.031145 24.207
  7    25.494 52452.22086172 20.23 230.867152  66.034235 24.207
  7    24.814 52452.22086236 22.25 230.863952  66.037325 24.207
  7    25.217 52452.22086301 24.39 230.860752  66.040415 24.207
  7    25.919 52452.22086365 22.80 230.857542  66.043505 24.207
  7    26.052 52452.22086430 28.87 230.854339  66.046586 12.132
  8    26.720 52487.22084224 29.77 230.882598  66.031683 18.201
  8    26.654 52487.22084289 29.31 230.879398  66.034773 18.201
  8    26.347 52487.22084353 24.58 230.876189  66.037860 17.531
  8    26.445 52487.22084418 21.66 230.872989  66.040950 17.531
  8    26.298 52487.22084482 23.43 230.869789  66.044030 17.531
  8    26.480 52487.22084547 23.09 230.866579  66.047120 17.531
  8    26.554 52487.22084611 24.65 230.863379  66.050210 17.531
  8    26.643 52487.22084676 27.44 230.860169  66.053300 17.531
  9    25.425 52522.22081372 53.60 230.880990  66.036794 39.236
  9    25.285 52522.22081436 50.91 230.877787  66.039882 36.750
  9    25.328 52522.22081501 51.11 230.874587  66.042972 36.750
  9    25.389 52522.22081565 51.73 230.871387  66.046052 36.750
  9    25.352 52522.22081630 50.68 230.868177  66.049142 36.750
  9    25.309 52522.22081694 53.30 230.864977  66.052232 36.750
  9    25.295 52522.22081759 50.37 230.861767  66.055322 36.750
 11    26.086 52592.22085765 36.49 230.880974  66.025013 22.908
 11    26.124 52592.22085829 36.54 230.877774  66.028103 22.908
 11    26.160 52592.22085894 34.78 230.874570  66.031189 14.914
 11    26.136 52592.22085958 37.98 230.871370  66.034279 14.914
 11    25.818 52592.22086023 32.72 230.868170  66.037359 14.914
 11    25.799 52592.22086087 32.30 230.864970  66.040449 14.914
 11    25.743 52592.22086152 28.03 230.861760  66.043539 14.914
 11    25.631 52592.22086216 26.96 230.858560  66.046629 14.914
 11    25.405 52592.22086281 26.05 230.855350  66.049709 14.914
 12    26.229 52627.22077458 28.51 230.879244  66.023795  9.456
 12    26.181 52627.22077522 27.53 230.876044  66.026885  9.456
 12    26.088 52627.22077587 27.07 230.872834  66.029975  9.456
 12    26.069 52627.22077651 26.39 230.869634  66.033055  9.456
 12    26.067 52627.22077716 26.41 230.866434  66.036145  9.456
 12    26.181 52627.22077780 27.75 230.863224  66.039235  9.456
 12    25.940 52627.22077845 25.37 230.860024  66.042325  9.456
 12    25.652 52627.22077909 24.70 230.856814  66.045405  9.456
 13    68.053 52662.22082122 15.32 230.881860  66.026984  2.985
 13    66.917 52662.22082187 15.88 230.878660  66.030074  2.985
 13    64.629 52662.22082251 17.46 230.875465  66.033159  6.130
 13    62.707 52662.22082315 17.54 230.872265  66.036249  6.130
 13    61.271 52662.22082380 18.55 230.869055  66.039329  6.130
 13    61.156 52662.22082444 21.52 230.865855  66.042419  6.130
 13    60.994 52662.22082509 23.37 230.862655  66.045509  6.130
 13    61.464 52662.22082573 21.48 230.859445  66.048599  6.130
 13    61.996 52662.22082638 20.59 230.856235  66.051679  6.130
 14    62.564 52697.22079725 15.14 230.875870  66.019828  3.164
 14    63.171 52697.22079789 14.50 230.872670  66.022908  3.164
 14    60.599 52697.22079854 15.92 230.869470  66.025998  3.164
 14    60.892 52697.22079918 16.38 230.866270  66.029088  3.164
 14    61.085 52697.22079982 16.85 230.863060  66.032178  3.164
 14    61.191 52697.22080047 18.37 230.859860  66.035258  3.164
 14    61.525 52697.22080111 18.66 230.856649  66.038344  5.573
 14    61.765 52697.22080176 20.30 230.853449  66.041434  5.573
 15    68.494 52732.22082294 13.61 230.883311  66.035034  4.153
 15    67.266 52732.22082358 14.20 230.880111  66.038124  4.153
 15    64.660 52732.22082423 15.45 230.876911  66.041204  4.153
 15    60.660 52732.22082487 16.73 230.873701  66.044294  4.153
 15    62.958 52732.22082552 15.42 230.870501  66.047384  4.153
 15    62.353 52732.22082616 15.26 230.867291  66.050474  4.153
 15    62.088 52732.22082681 15.94 230.864091  66.053554  4.153
 15    62.113 52732.22082745 16.46 230.860881  66.056644  4.153
 16    27.363 52767.22083225 35.68 230.882521  66.036376 45.042
 16    27.215 52767.22083289 34.94 230.879321  66.039466 45.042
 16    27.222 52767.22083354 52.35 230.876121  66.042556 45.042
 16    27.271 52767.22083418 39.02 230.872916  66.045644 35.771
 16    26.880 52767.22083483 26.32 230.869706  66.048734 35.771
 16    26.869 52767.22083547 23.88 230.866506  66.051814 35.771
 16    26.930 52767.22083612 25.23 230.863306  66.054904 35.771
 17    26.723 52802.22083889 42.13 230.872956  66.020981 20.546
 17    26.715 52802.22083954 44.82 230.869756  66.024071 20.546
 17    26.671 52802.22084018 45.26 230.866556  66.027151 20.546
 17    26.627 52802.22084083 45.55 230.863356  66.030241 20.546
 17    26.608 52802.22084147 41.37 230.860146  66.033331 20.546
 17    26.577 52802.22084212 40.14 230.856946  66.036421 20.546
 17    26.559 52802.22084276 42.99 230.853736  66.039511 20.546
 18    26.213 52837.22090429 26.38 230.878876  66.022706 24.615
 18    26.056 52837.22090493 19.84 230.875673  66.025790  3.868
 18    25.699 52837.22090558 20.85 230.872473  66.028880  3.868
 18    25.792 52837.22090622 19.25 230.869263  66.031960  3.868
 18    25.870 52837.22090686 19.07 230.866063  66.035050  3.868
 18    24.508 52837.22090751 20.10 230.862863  66.038140  3.868
 18    25.698 52837.22090815 18.46 230.859653  66.041230  3.868
 18    25.658 52837.22090880 16.93 230.856453  66.044310  3.868
 19    25.310 52872.22094497 44.07 230.881649  66.025241 35.786
 19    25.101 52872.22094562 37.50 230.878440  66.028326 21.173
 19    25.059 52872.22094626 37.22 230.875240  66.031416 21.173
 19    25.116 52872.22094691 36.17 230.872040  66.034496 21.173
 19    25.058 52872.22094755 37.19 230.868840  66.037586 21.173
 19    25.011 52872.22094820 35.33 230.865630  66.040676 21.173
 19    24.991 52872.22094884 32.07 230.862430  66.043766 21.173
 19    24.965 52872.22094949 35.06 230.859220  66.046856 21.173
 19    24.982 52872.22095013 40.44 230.856020  66.049936 21.173
 20    24.851 52907.22093653 42.69 230.881963  66.034159 33.050
 20    24.801 52907.22093718 33.76 230.878753  66.037249 33.050
 20    24.734 52907.22093782 29.55 230.875553  66.040339 33.050
 20    24.694 52907.22093847 26.30 230.872353  66.043429 33.050
 20    24.623 52907.22093911 26.39 230.869144  66.046512 11.500
 20    24.502 52907.22093976 25.07 230.865944  66.049602 11.500
 20    24.652 52907.22094040 24.13 230.862734  66.052692 11.500
 21    24.426 52942.22086278 33.47 230.878117  66.020841 35.815
 21    24.404 52942.22086343 37.48 230.874917  66.023931 35.815
 21    24.534 52942.22086407 46.10 230.871717  66.027011 35.815
 21    24.530 52942.22086472 50.42 230.868507  66.030101 35.815
 21    24.559 52942.22086536 50.03 230.865307  66.033191 35.815
 21    24.592 52942.22086601 49.52 230.862107  66.036281 35.815
 21    24.504 52942.22086665 49.74 230.858897  66.039361 35.815
 21    24.408 52942.22086730 51.60 230.855689  66.042447 17.456
 23    71.002 53012.22091983 12.46 230.879757  66.029775  2.538
 23    70.901 53012.22092048 13.22 230.876557  66.032865  2.538
 23    66.088 53012.22092112 14.27 230.873357  66.035955  2.538
 23    65.371 53012.22092177 14.51 230.870157  66.039045  2.538
 23    62.721 53012.22092241 15.87 230.866949  66.042128  6.491
 23    61.905 53012.22092306 16.13 230.863749  66.045218  6.491
 23    62.238 53012.22092370 15.93 230.860539  66.048308  6.491
 23    62.446 53012.22092435 16.33 230.857339  66.051388  6.491
 24    67.342 53047.22088506 12.59 230.878031  66.019243  2.273
 24    66.910 53047.22088571 12.83 230.874831  66.022333  2.273
 24    67.121 53047.22088635 13.03 230.871631  66.025423  2.273
 24    63.393 53047.22088699 13.75 230.868431  66.028513  2.273
 24    61.785 53047.22088764 14.53 230.865221  66.031593  2.273
 24    61.830 53047.22088828 15.11 230.862024  66.034683  4.519
 24    62.185 53047.22088893 15.72 230.858814  66.037773  4.519
 24    62.094 53047.22088957 16.13 230.855614  66.040863  4.519
 25    69.579 53082.22092059 12.18 230.882244  66.024388  2.449
 25    69.596 53082.22092124 12.98 230.879044  66.027478  2.449
 25    69.858 53082.22092188 12.73 230.875844  66.030568  2.449
 25    69.830 53082.22092253 13.86 230.872645  66.033654  4.823
 25    63.491 53082.22092317 14.88 230.869435  66.036744  4.823
 25    62.061 53082.22092381 16.54 230.866235  66.039824  4.823
 25    62.356 53082.22092446 16.66 230.863035  66.042914  4.823
 25    62.032 53082.22092510 16.74 230.859825  66.046004  4.823
 25    62.269 53082.22092575 17.04 230.856625  66.049094  4.823
 26    64.667 53117.22089047  9.76 230.874520  66.019851  2.280
 26    63.305 53117.22089112  9.62 230.871310  66.022941  2.280
 26    63.326 53117.22089176  9.94 230.868110  66.026031  2.280
 26    62.672 53117.22089241 10.45 230.864910  66.029121  2.280
 26    61.487 53117.22089305 11.94 230.861707  66.032202  5.138
 26    62.145 53117.22089370 12.49 230.858507  66.035292  5.138
 26    62.369 53117.22089434 12.87 230.855297  66.038382  5.138
 27    28.337 53152.22094001 44.83 230.877873  66.022602 41.338
 27    28.312 53152.22094065 38.03 230.874673  66.025692 41.338
 27    28.195 53152.22094130 31.88 230.871473  66.028782 41.338
 27    27.789 53152.22094194 28.34 230.868269  66.031867  8.644
 27    27.854 53152.22094259 25.54 230.865069  66.034957  8.644
 27    28.025 53152.22094323 22.73 230.861869  66.038037  8.644
 27    28.389 53152.22094388 23.19 230.858659  66.041127  8.644
 27    28.380 53152.22094452 35.04 230.855459  66.044217  8.644
 28    25.445 53187.22092822 29.30 230.883002  66.030267  8.728
 28    25.020 53187.22092887 27.96 230.879802  66.033357  8.728
 28    25.157 53187.22092951 21.02 230.876592  66.036437  8.728
 28    25.399 53187.22093016 18.78 230.873392  66.039527  8.728
 28    25.544 53187.22093080 19.58 230.870192  66.042617  8.728
 28    25.450 53187.22093145 19.96 230.866982  66.045707  8.728
 28    25.230 53187.22093209 19.39 230.863772  66.048787  8.728
 28    25.357 53187.22093274 17.59 230.860572  66.051877  8.728
 29    24.869 53222.22095118 31.16 230.883063  66.032121 28.558
 29    24.798 53222.22095182 27.15 230.879863  66.035211 28.558
 29    24.502 53222.22095247 26.21 230.876663  66.038301 28.558
 29    24.562 53222.22095311 23.78 230.873459  66.041386 18.348
 29    24.811 53222.22095376 23.45 230.870259  66.044476 18.348
 29    24.579 53222.22095440 24.85 230.867049  66.047566 18.348
 29    24.754 53222.22095505 27.82 230.863849  66.050646 18.348
 29    24.696 53222.22095569 37.03 230.860639  66.053736 18.348
 30    24.458 53257.22092745 51.03 230.883174  66.033462 39.225
 30    24.438 53257.22092809 50.47 230.879974  66.036552 39.225
 30    24.317 53257.22092874 52.72 230.876774  66.039642 39.225
 30    24.329 53257.22092938 50.56 230.873565  66.042729 35.600
 30    24.365 53257.22093003 48.51 230.870365  66.045819 35.600
 30    24.400 53257.22093067 51.61 230.867165  66.048899 35.600
 30    24.390 53257.22093132 52.53 230.863955  66.051989 35.600
 30    24.248 53257.22093196 53.11 230.860755  66.055079 35.600
 31    24.630 53292.22094273 27.00 230.869542  66.020079 14.286
 31    24.340 53292.22094337 32.29 230.866342  66.023169 14.286
 31    24.594 53292.22094401 35.34 230.863142  66.026249 14.286
 31    24.530 53292.22094466 38.84 230.859942  66.029339 14.286
 31    24.573 53292.22094530 42.00 230.856732  66.032429 14.286
 31    24.507 53292.22094595 41.62 230.853532  66.035519 14.286
 32    25.642 53327.22091899 28.28 230.879966  66.033709  8.265
 32    25.557 53327.22091964 25.65 230.876766  66.036799  8.265
 32    25.548 53327.22092028 25.18 230.873556  66.039889  8.265
 32    25.593 53327.22092093 23.91 230.870356  66.042969  8.265
 32    25.301 53327.22092157 23.70 230.867156  66.046059  8.265
 32    25.359 53327.22092222 21.94 230.863946  66.049149  8.265
 32    25.319 53327.22092286 21.40 230.860746  66.052239  8.265
 35    74.288 53432.22088787  9.25 230.882914  66.037954  3.044
 35    74.066 53432.22088851  9.80 230.879714  66.041044  3.044
 35    74.036 53432.22088916 10.69 230.876504  66.044134  3.044
 35    66.474 53432.22088980 11.26 230.873304  66.047214  3.044
 35    65.977 53432.22089045 11.44 230.870104  66.050304  3.044
 35    65.636 53432.22089109 10.87 230.866894  66.053394  3.044
 35    64.981 53432.22089174 10.46 230.863694  66.056484  3.044
 36    68.154 53467.22092009  7.22 230.874999  66.021358  3.383
 36    66.585 53467.22092073  7.30 230.871799  66.024448  3.383
 36    67.192 53467.22092138  7.41 230.868599  66.027528  3.383
 36    67.322 53467.22092202  7.73 230.865399  66.030618  3.383
 36    62.741 53467.22092267  7.99 230.862189  66.033708  3.383
 36    62.686 53467.22092331  8.89 230.858989  66.036798  3.383
 36    62.922 53467.22092396  9.93 230.855779  66.039878  3.383
 37    33.701 53502.22097336 28.53 230.879492  66.023887 34.353
 37    33.866 53502.22097400 36.40 230.876292  66.026967 34.353
 37    33.801 53502.22097465 43.86 230.873092  66.030057 34.353
 37    33.802 53502.22097529 45.12 230.869892  66.033147 34.353
 37    33.850 53502.22097594 50.69 230.866692  66.036237 34.353
 37    33.915 53502.22097658 50.35 230.863482  66.039327 34.353
 37    33.985 53502.22097723 41.34 230.860282  66.042407 34.353
 37    33.767 53502.22097787 29.19 230.857072  66.045497 34.353
 37    33.749 53502.22097852 26.66 230.853872  66.048587 34.353
 38    26.857 53537.22096718 52.47 230.880479  66.030910 49.425
 38    26.746 53537.22096782 51.97 230.877279  66.034000 49.425
 38    26.765 53537.22096847 55.17 230.874079  66.037090 49.425
 38    26.790 53537.22096911 53.83 230.870869  66.040180 49.425
 38    26.830 53537.22096976 52.56 230.867669  66.043260 49.425
 38    26.823 53537.22097040 51.75 230.864469  66.046350 49.425
 38    26.729 53537.22097105 50.72 230.861259  66.049440 49.425
 38    26.647 53537.22097169 49.73 230.858049  66.052530 49.425
 39    25.588 53572.22097064 32.80 230.881623  66.026535 18.939
 39    25.640 53572.22097128 24.51 230.878423  66.029615 18.939
 39    25.468 53572.22097193 18.74 230.875223  66.032705 18.939
 39    25.494 53572.22097257 19.26 230.872023  66.035795 18.939
 39    25.417 53572.22097322 17.40 230.868813  66.038885 18.939
 39    25.392 53572.22097386 17.30 230.865613  66.041965 18.939
 39    25.503 53572.22097451 16.94 230.862413  66.045055 18.939
 39    25.586 53572.22097515 16.05 230.859203  66.048145 18.939
 39    25.670 53572.22097580 20.83 230.856003  66.051235 18.939
 40    25.041 53607.22092128 44.80 230.885885  66.037463 33.767
 40    25.071 53607.22092192 44.17 230.882685  66.040553 33.767
 40    25.118 53607.22092257 35.96 230.879485  66.043643 33.767
 40    25.081 53607.22092321 35.99 230.876275  66.046733 33.767
 40    24.895 53607.22092386 30.59 230.873075  66.049813 33.767
 40    24.836 53607.22092450 29.90 230.869875  66.052903 33.767
 40    25.114 53607.22092515 33.62 230.866665  66.055993 33.767
 40    25.136 53607.22092579 41.72 230.863465  66.059083 33.767
 41    25.281 53642.22091941 32.77 230.873216  66.021144 24.265
 41    25.205 53642.22092005 32.22 230.870016  66.024234 24.265
 41    25.120 53642.22092070 30.64 230.866816  66.027314 24.265
 41    25.297 53642.22092134 33.54 230.863616  66.030404 24.265
 41    25.366 53642.22092199 41.81 230.860406  66.033494 24.265
 41    25.314 53642.22092263 46.14 230.857206  66.036584 24.265
 41    25.283 53642.22092328 48.13 230.853996  66.039664 24.265
 42    24.679 53677.22093848 31.89 230.880983  66.023324 33.151
 42    24.736 53677.22093912 33.20 230.877783  66.026414 33.151
 42    24.829 53677.22093977 36.60 230.874583  66.029494 33.151
 42    24.847 53677.22094041 41.44 230.871383  66.032584 33.151
 42    24.903 53677.22094106 47.92 230.868183  66.035674 33.151
 42    24.960 53677.22094170 48.65 230.864973  66.038764 33.151
 42    24.921 53677.22094235 45.91 230.861773  66.041844 33.151
 42    24.877 53677.22094299 50.62 230.858573  66.044934 33.151
 42    24.848 53677.22094364 50.37 230.855363  66.048024 33.151
 43    74.731 53712.22087012 10.31 230.885781  66.038465  3.149
 43    74.684 53712.22087077 10.33 230.882581  66.041555  3.149
 43    74.129 53712.22087141 10.69 230.879371  66.044645  3.149
 43    73.640 53712.22087206 11.03 230.876171  66.047725  3.149
 43    73.058 53712.22087270 11.11 230.872971  66.050815  3.149
 43    67.007 53712.22087334 10.94 230.869761  66.053905  3.149
 43    70.169 53712.22087399 10.48 230.866561  66.056995  3.149
 44    64.880 53747.22077908 12.17 230.875680  66.019508  3.357
 44    66.832 53747.22077972 12.15 230.872470  66.022598  3.357
 44    64.567 53747.22078037 11.97 230.869270  66.025688  3.357
 44    63.259 53747.22078101 12.59 230.866070  66.028768  3.357
 44    61.982 53747.22078166 12.80 230.862870  66.031858  3.357
 44    62.054 53747.22078230 13.71 230.859660  66.034948  3.357
 44    62.712 53747.22078294 14.24 230.856460  66.038038  3.357
 44    62.675 53747.22078359 15.34 230.853250  66.041118  3.357
 45    67.767 53782.22081253 12.05 230.880719  66.033856  3.152
 45    67.435 53782.22081318 12.38 230.877519  66.036946  3.152
 45    71.651 53782.22081382 12.88 230.874319  66.040036  3.152
 45    65.724 53782.22081446 13.62 230.871109  66.043126  3.152
 45    64.531 53782.22081511 14.38 230.867909  66.046206  3.152
 45    64.446 53782.22081575 14.16 230.864699  66.049296  3.152
 45    63.430 53782.22081640 14.16 230.861499  66.052386  3.152
 46    75.088 53817.22077959 13.23 230.887955  66.042719  2.971
 46    69.715 53817.22078024 13.29 230.884755  66.045809  2.971
 46    69.156 53817.22078088 13.16 230.881545  66.048899  2.971
 46    68.295 53817.22078153 13.34 230.878345  66.051989  2.971
 46    67.833 53817.22078217 13.46 230.875145  66.055069  2.971
 46    67.652 53817.22078281 12.75 230.871935  66.058159  2.971
 47    56.353 53852.22084832  2.00 230.875240  66.019856  2.646
 47    56.598 53852.22084897  2.08 230.872040  66.022946  2.646
 47    60.545 53852.22084961  2.28 230.868840  66.026036  2.646
 47    61.983 53852.22085025  1.64 230.865640  66.029116  2.646
 47    63.457 53852.22085090  1.36 230.862440  66.032206  2.646
 47    63.869 53852.22085154  1.23 230.859230  66.035296  2.646
 47    63.689 53852.22085219  1.77 230.856030  66.038386  2.646
 48    26.687 53887.22085617 45.01 230.883294  66.032180 35.308
 48    26.636 53887.22085681 44.57 230.880094  66.035270 35.308
 48    26.632 53887.22085746 47.32 230.876884  66.038360 35.308
 48    26.626 53887.22085810 53.73 230.873684  66.041440 35.308
 48    26.610 53887.22085875 53.63 230.870474  66.044530 35.308
 48    26.597 53887.22085939 53.60 230.867274  66.047620 35.308
 48    26.593 53887.22086004 51.91 230.864064  66.050710 35.308
 48    26.578 53887.22086068 51.35 230.860864  66.053790 35.308
 49    26.425 53922.22092594 28.02 230.876652  66.020986 10.717
 49    26.351 53922.22092659 26.02 230.873452  66.024076 10.717
 49    26.266 53922.22092723 23.01 230.870252  66.027156 10.717
 49    26.044 53922.22092788 21.06 230.867052  66.030246 10.717
 49    25.673 53922.22092852 20.34 230.863852  66.033336 10.717
 49    28.511 53922.22092917 19.92 230.860642  66.036426 10.717
 49    25.114 53922.22092981 20.70 230.857442  66.039506 10.717
 49    25.546 53922.22093046 17.86 230.854242  66.042596 10.717
 50    25.315 53957.22092126 44.30 230.880523  66.024484 22.884
 50    25.358 53957.22092191 43.95 230.877323  66.027574 22.884
 50    25.157 53957.22092255 41.60 230.874123  66.030654 22.884
 50    25.126 53957.22092320 32.72 230.870923  66.033744 22.884
 50    24.981 53957.22092384 31.58 230.867723  66.036834 22.884
 50    24.704 53957.22092449 25.77 230.864513  66.039924 22.884
 50    24.859 53957.22092513 25.54 230.861313  66.043014 22.884
 50    25.024 53957.22092578 30.75 230.858113  66.046094 22.884
 50    25.109 53957.22092642 37.16 230.854903  66.049184 22.884
 51    25.239 53992.22084374 46.27 230.873252  66.018674 42.227
 51    25.293 53992.22084439 50.43 230.870052  66.021764 42.227
 51    25.266 53992.22084503 50.53 230.866842  66.024844 42.227
 51    25.156 53992.22084568 52.28 230.863642  66.027934 42.227
 51    25.086 53992.22084632 52.32 230.860442  66.031024 42.227
 51    24.998 53992.22084697 49.67 230.857232  66.034114 42.227
 51    24.974 53992.22084761 51.09 230.854032  66.037194 42.227
 52    24.546 54027.22090741 42.00 230.878228  66.020577 16.395
 52    24.532 54027.22090805 39.89 230.875028  66.023667 16.395
 52    24.576 54027.22090870 33.31 230.871828  66.026757 16.395
 52    24.573 54027.22090934 31.98 230.868628  66.029837 16.395
 52    24.462 54027.22090999 25.40 230.865418  66.032927 16.395
 52    24.228 54027.22091063 24.55 230.862218  66.036017 16.395
 52    24.344 54027.22091128 21.32 230.859018  66.039107 16.395
 52    24.314 54027.22091192 20.28 230.855808  66.042187 16.395
 53    72.824 54062.22090318 16.27 230.881325  66.034086  3.914
 53    72.562 54062.22090382 16.91 230.878125  66.037176  3.914
 53    72.062 54062.22090447 18.23 230.874925  66.040266  3.914
 53    63.153 54062.22090511 20.46 230.871715  66.043356  3.914
 53    62.698 54062.22090575 20.63 230.868515  66.046436  3.914
 53    61.673 54062.22090640 21.63 230.865305  66.049526  3.914
 53    62.126 54062.22090704 20.27 230.862105  66.052616  3.914
 55    66.505 54132.22082290 14.14 230.876936  66.019378  4.953
 55    66.839 54132.22082354 14.52 230.873736  66.022468  4.953
 55    67.572 54132.22082419 14.86 230.870536  66.025558  4.953
 55    60.785 54132.22082483 16.71 230.867336  66.028638  4.953
 55    61.559 54132.22082548 16.28 230.864136  66.031728  4.953
 55    61.818 54132.22082612 17.60 230.860926  66.034818  4.953
 55    61.673 54132.22082677 19.61 230.857726  66.037908  4.953
 55    62.690 54132.22082741 20.17 230.854516  66.040988  4.953
 56    71.901 54167.22084702 15.49 230.881443  66.033591  3.870
 56    71.638 54167.22084766 15.57 230.878233  66.036681  3.870
 56    63.990 54167.22084831 17.68 230.875033  66.039761  3.870
 56    63.225 54167.22084895 17.59 230.871833  66.042851  3.870
 56    62.194 54167.22084960 18.53 230.868633  66.045941  3.870
 56    62.182 54167.22085024 18.15 230.865423  66.049031  3.870
 56    61.975 54167.22085088 18.51 230.862223  66.052111  3.870
 57    66.702 54202.22082667 11.60 230.876732  66.021588  4.975
 57    67.573 54202.22082731 11.76 230.873532  66.024668  4.975
 57    67.987 54202.22082796 12.49 230.870332  66.027758  4.975
 57    61.926 54202.22082860 13.11 230.867132  66.030848  4.975
 57    68.019 54202.22082925 13.74 230.863922  66.033938  4.975
 57    62.352 54202.22082989 15.47 230.860722  66.037018  4.975
 57    62.779 54202.22083054 17.05 230.857522  66.040108  4.975
 57    62.790 54202.22083118 18.30 230.854312  66.043198  4.975
 58    35.283 54237.22086341 39.73 230.879804  66.027212 27.120
 58    35.273 54237.22086405 39.52 230.876604  66.030302 27.120
 58    35.259 54237.22086470 39.81 230.873394  66.033392 27.120
 58    35.244 54237.22086534 39.57 230.870194  66.036482 27.120
 58    35.219 54237.22086599 37.72 230.866994  66.039562 27.120
 58    35.211 54237.22086663 34.94 230.863784  66.042652 27.120
 58    35.204 54237.22086727 34.64 230.860584  66.045742 27.120
 58    35.191 54237.22086792 33.35 230.857374  66.048832 27.120
 59    26.337 54272.22088353 24.88 230.880424  66.030909  9.842
 59    26.147 54272.22088418 22.45 230.877224  66.033999  9.842
 59    25.996 54272.22088482 16.24 230.874024  66.037089  9.842
 59    26.057 54272.22088547 13.59 230.870824  66.040169  9.842
 59    26.296 54272.22088611 12.13 230.867614  66.043259  9.842
 59    26.223 54272.22088676 11.78 230.864414  66.046349  9.842
 59    26.804 54272.22088740 11.64 230.861204  66.049439  9.842
 59    29.045 54272.22088805 11.19 230.858004  66.052519  9.842
 60    27.050 54307.22088493 23.82 230.881317  66.026751  8.445
 60    26.804 54307.22088558 24.00 230.878117  66.029841  8.445
 60    26.747 54307.22088622 20.65 230.874917  66.032931  8.445
 60    26.388 54307.22088687 19.15 230.871717  66.036021  8.445
 60    26.543 54307.22088751 16.41 230.868517  66.039101  8.445
 60    26.510 54307.22088816 16.19 230.865307  66.042191  8.445
 60    26.558 54307.22088880 15.44 230.862107  66.045281  8.445
 60    26.612 54307.22088945 15.96 230.858897  66.048371  8.445
 60    26.798 54307.22089009 17.22 230.855697  66.051451  8.445
 61    25.263 54342.22086696 30.75 230.881856  66.037551 17.388
 61    25.174 54342.22086761 28.73 230.878656  66.040641 17.388
 61    25.359 54342.22086825 24.49 230.875456  66.043731 17.388
 61    25.208 54342.22086890 20.97 230.872256  66.046821 17.388
 61    25.131 54342.22086954 19.81 230.869046  66.049911 17.388
 61    24.522 54342.22087019 21.20 230.865846  66.052991 17.388
 61    24.035 54342.22087083 18.93 230.862636  66.056081 17.388
 62    25.331 54377.22081926 31.11 230.880318  66.022698 11.218
 62    25.463 54377.22081990 34.52 230.877118  66.025788 11.218
 62    25.567 54377.22082055 27.73 230.873908  66.028878 11.218
 62    25.176 54377.22082119 30.69 230.870708  66.031958 11.218
 62    25.172 54377.22082184 21.45 230.867508  66.035048 11.218
 62    25.035 54377.22082248 20.34 230.864308  66.038138 11.218
 62    24.994 54377.22082313 20.73 230.861098  66.041228 11.218
 62    25.148 54377.22082377 22.34 230.857898  66.044308 11.218
 62    25.225 54377.22082442 27.69 230.854688  66.047398 11.218
 63    25.120 54412.22081264 35.06 230.881431  66.029715 27.221
 63    25.142 54412.22081329 35.56 230.878231  66.032795 27.221
 63    25.180 54412.22081393 37.60 230.875031  66.035885 27.221
 63    25.256 54412.22081458 40.71 230.871831  66.038975 27.221
 63    25.304 54412.22081522 46.99 230.868621  66.042065 27.221
 63    25.359 54412.22081586 47.86 230.865421  66.045145 27.221
 63    25.392 54412.22081651 50.18 230.862211  66.048235 27.221
 63    25.233 54412.22081715 48.64 230.859011  66.051325 27.221
 64    64.485 54447.22078437 12.92 230.875576  66.021616  4.885
 64    65.330 54447.22078501 12.68 230.872376  66.024706  4.885
 64    63.911 54447.22078566 13.05 230.869176  66.027796  4.885
 64    61.995 54447.22078630 14.81 230.865976  66.030876  4.885
 64    61.801 54447.22078695 15.34 230.862766  66.033966  4.885
 64    62.442 54447.22078759 16.33 230.859566  66.037056  4.885
 64    62.700 54447.22078824 17.38 230.856356  66.040146  4.885
 66    67.529 54517.22079824 12.55 230.877959  66.021585  2.624
 66    64.696 54517.22079888 12.68 230.874759  66.024668  3.929
 66    64.371 54517.22079953 12.87 230.871549  66.027758  3.929
 66    62.685 54517.22080017 13.30 230.868349  66.030848  3.929
 66    61.867 54517.22080082 14.64 230.865149  66.033928  3.929
 66    62.559 54517.22080146 15.03 230.861939  66.037018  3.929
 66    62.766 54517.22080211 16.35 230.858739  66.040108  3.929
 66    62.563 54517.22080275 17.84 230.855529  66.043198  3.929
 67    72.577 54552.22081859 12.88 230.882594  66.034511  3.803
 67    72.448 54552.22081924 13.05 230.879394  66.037601  3.803
 67    72.361 54552.22081988 12.90 230.876194  66.040691  3.803
 67    65.827 54552.22082052 13.97 230.872994  66.043781  3.803
 67    65.234 54552.22082117 14.08 230.869794  66.046871  3.803
 67    62.447 54552.22082181 15.31 230.866584  66.049951  3.803
 67    62.706 54552.22082246 15.40 230.863384  66.053041  3.803
 67    62.697 54552.22082310 15.84 230.860174  66.056131  3.803
 68    22.280 54587.22079489  7.47 230.879447  66.026094  2.816
 68    59.617 54587.22079553  3.76 230.876247  66.029184  2.816
 68    61.196 54587.22079618  0.15 230.873047  66.032264  2.816
 68    62.844 54587.22079811  0.12 230.863437  66.041534  2.816
 69    26.866 54622.22081356 50.78 230.881514  66.028339 33.758
 69    26.864 54622.22081421 49.59 230.878314  66.031429 33.758
 69    26.851 54622.22081485 51.02 230.875104  66.034509 33.758
 69    26.765 54622.22081550 51.15 230.871904  66.037599 33.758
 69    26.735 54622.22081614 52.45 230.868704  66.040689 33.758
 69    26.736 54622.22081679 54.09 230.865504  66.043779 33.758
 69    26.728 54622.22081743 51.54 230.862294  66.046859 33.758
 69    26.741 54622.22081807 51.19 230.859094  66.049949 33.758
 70    26.573 54657.22082259 33.11 230.882391  66.025644 16.870
 70    26.576 54657.22082323 29.18 230.879194  66.028731 13.166
 70    26.539 54657.22082388 32.00 230.875994  66.031821 13.166
 70    26.490 54657.22082452 30.61 230.872794  66.034901 13.166
 70    26.460 54657.22082516 30.63 230.869584  66.037991 13.166
 70    26.186 54657.22082581 22.73 230.866384  66.041081 13.166
 70    26.020 54657.22082645 16.87 230.863184  66.044171 13.166
 70    26.293 54657.22082710 17.07 230.859974  66.047251 13.166
 70    26.376 54657.22082774 20.01 230.856774  66.050341 13.166
 71    25.215 54692.22080686 36.84 230.882820  66.031196 22.732
 71    25.108 54692.22080751 38.74 230.879619  66.034284 13.198
 71    25.103 54692.22080815 30.52 230.876409  66.037374 13.198
 71    25.065 54692.22080880 28.46 230.873209  66.040454 13.198
 71    24.838 54692.22080944 26.28 230.870009  66.043544 13.198
 71    24.617 54692.22081009 24.17 230.866799  66.046634 13.198
 71    24.814 54692.22081073 21.25 230.863599  66.049724 13.198
 71    25.050 54692.22081138 25.10 230.860389  66.052804 13.198
 72    25.369 54727.22077461 36.95 230.878915  66.022217 20.728
 72    25.083 54727.22077526 32.86 230.875715  66.025307 20.728
 72    24.993 54727.22077590 23.13 230.872515  66.028397 20.728
 72    25.217 54727.22077655 20.39 230.869315  66.031487 20.728
 72    25.044 54727.22077719 20.69 230.866112  66.034569  6.030
 72    24.925 54727.22077784 20.83 230.862902  66.037659  6.030
 72    24.875 54727.22077848 18.26 230.859702  66.040749  6.030
 72    24.605 54727.22077913 17.95 230.856492  66.043829  6.030
 73    24.668 54762.22078357 44.21 230.880278  66.028984 22.169
 73    24.752 54762.22078422 38.20 230.877078  66.032068 21.154
 73    24.553 54762.22078486 29.52 230.873868  66.035158 21.154
 73    24.522 54762.22078551 29.42 230.870668  66.038238 21.154
 73    24.555 54762.22078615 31.76 230.867468  66.041328 21.154
 73    24.562 54762.22078680 38.45 230.864258  66.044418 21.154
 73    24.458 54762.22078744 46.66 230.861058  66.047508 21.154
 73    24.524 54762.22078809 46.90 230.857848  66.050588 21.154
 74    26.504 54797.22076809 23.99 230.871674  66.023035  3.992
 74    26.602 54797.22076874 24.01 230.868464  66.026125  3.992
 74    26.763 54797.22076938 23.71 230.865264  66.029215  3.992
 74    58.506 54797.22077003 23.10 230.862064  66.032295  3.992
 74    59.767 54797.22077067 22.72 230.858854  66.035385  3.992
 74    60.828 54797.22077131 22.76 230.855654  66.038475  3.992
 75    67.629 54832.22077346 12.18 230.879772  66.030030  3.891
 75    70.848 54832.22077410 12.87 230.876572  66.033120  3.891
 75    70.867 54832.22077475 13.29 230.873372  66.036210  3.891
 75    63.410 54832.22077539 14.81 230.870162  66.039300  3.891
 75    64.243 54832.22077604 15.39 230.866962  66.042380  3.891
 75    61.708 54832.22077668 16.63 230.863752  66.045470  3.891
 75    61.729 54832.22077733 15.80 230.860552  66.048560  3.891
 75    62.590 54832.22077797 15.60 230.857342  66.051650  3.891
 76    67.530 54867.22076307 10.73 230.878366  66.019999  2.399
 76    65.987 54867.22076371 10.61 230.875161  66.023083  3.342
 76    65.134 54867.22076436 10.64 230.871961  66.026173  3.342
 76    64.215 54867.22076500 10.93 230.868761  66.029253  3.342
 76    63.495 54867.22076565 10.84 230.865561  66.032343  3.342
 76    62.799 54867.22076629 11.76 230.862351  66.035433  3.342
 76    62.811 54867.22076694 12.22 230.859151  66.038523  3.342
 76    62.497 54867.22076758 13.07 230.855941  66.041603  3.342
 77    71.737 54902.22078421 11.33 230.880350  66.034158  3.902
 77    71.601 54902.22078485 11.53 230.877150  66.037238  3.902
 77    71.435 54902.22078550 12.26 230.873950  66.040328  3.902
 77    63.398 54902.22078614 12.96 230.870750  66.043418  3.902
 77    64.937 54902.22078679 13.53 230.867540  66.046508  3.902
 77    64.772 54902.22078743 12.99 230.864340  66.049588  3.902
 77    62.267 54902.22078808 13.32 230.861140  66.052678  3.902
 78    68.930 54937.22075375  9.61 230.879993  66.023561  3.477
 78    68.188 54937.22075439  9.93 230.876793  66.026651  3.477
 78    65.261 54937.22075504 11.07 230.873583  66.029731  3.477
 78    68.914 54937.22075568 10.26 230.870383  66.032821  3.477
 78    63.940 54937.22075633 10.54 230.867183  66.035911  3.477
 78    63.007 54937.22075697 11.16 230.863983  66.039001  3.477
 78    62.623 54937.22075762 12.23 230.860773  66.042081  3.477
 78    62.155 54937.22075826 13.09 230.857573  66.045171  3.477
 78    62.311 54937.22075891 13.30 230.854363  66.048261  3.477
 79    32.632 54972.22078697 31.52 230.880658  66.025790 20.259
 79    32.621 54972.22078762 31.25 230.877458  66.028870 20.259
 79    32.641 54972.22078826 30.83 230.874258  66.031960 20.259
 79    32.512 54972.22078891 30.80 230.871048  66.035050 20.259
 79    32.506 54972.22078955 33.39 230.867848  66.038140 20.259
 79    32.483 54972.22079020 29.88 230.864648  66.041230 20.259
 79    32.386 54972.22079084 28.91 230.861438  66.044310 20.259
 79    32.289 54972.22079149 26.60 230.858238  66.047400 20.259
 79    32.197 54972.22079213 26.39 230.855028  66.050490 20.259
 80    26.877 55007.22080460 50.29 230.881928  66.027725 46.831
 80    26.886 55007.22080524 50.87 230.878726  66.030812 31.245
 80    26.820 55007.22080589 49.80 230.875526  66.033902 31.245
 80    26.856 55007.22080653 48.47 230.872326  66.036982 31.245
 80    26.785 55007.22080718 49.93 230.869116  66.040072 31.245
 80    26.751 55007.22080782 53.72 230.865916  66.043162 31.245
 80    26.704 55007.22080847 51.40 230.862716  66.046252 31.245
 80    26.714 55007.22080911 50.61 230.859506  66.049332 31.245
 80    26.688 55007.22080976 47.92 230.856306  66.052422 31.245
 81    25.805 55042.22079372 34.21 230.879953  66.029394 12.873
 81    25.709 55042.22079437 29.55 230.876753  66.032484 12.873
 81    25.640 55042.22079501 32.89 230.873553  66.035564 12.873
 81    25.584 55042.22079566 29.66 230.870343  66.038654 12.873
 81    25.375 55042.22079630 25.38 230.867143  66.041744 12.873
 81    25.289 55042.22079695 21.52 230.863943  66.044834 12.873
 81    25.202 55042.22079759 19.93 230.860733  66.047914 12.873
 81    25.610 55042.22079824 22.43 230.857533  66.051004 12.873
 82    25.593 55077.22077432 50.04 230.881758  66.034765 21.642
 82    25.609 55077.22077497 47.92 230.878558  66.037845 21.642
 82    25.569 55077.22077561 41.69 230.875358  66.040935 21.642
 82    25.342 55077.22077626 37.01 230.872158  66.044025 21.642
 82    25.158 55077.22077690 31.93 230.868948  66.047115 21.642
 82    25.006 55077.22077755 32.65 230.865748  66.050205 21.642
 82    25.128 55077.22077819 32.25 230.862538  66.053285 21.642
 83    25.480 55112.22072494 25.18 230.880350  66.022860 11.901
 83    25.661 55112.22072559 32.88 230.877150  66.025950 11.901
 83    25.399 55112.22072623 23.77 230.873952  66.029033  6.374
 83    25.198 55112.22073010 16.25 230.854732  66.047553  6.374
 84    26.093 55147.22072716 36.49 230.881614  66.027289 25.297
 84    26.143 55147.22072780 32.83 230.878414  66.030379 25.297
 84    26.060 55147.22072845 31.29 230.875214  66.033469 25.297
 84    26.065 55147.22072909 32.88 230.872014  66.036559 25.297
 84    26.119 55147.22072974 32.81 230.868804  66.039649 25.297
 84    26.097 55147.22073038 30.41 230.865605  66.042730 10.547
 84    25.897 55147.22073102 28.62 230.862395  66.045820 10.547
 84    25.919 55147.22073167 26.84 230.859195  66.048910 10.547
 84    26.070 55147.22073231 25.36 230.855985  66.051990 10.547
 85    67.373 55182.22070422 14.56 230.877290  66.019381  3.171
 85    64.629 55182.22070486 14.41 230.874090  66.022471  3.171
 85    64.799 55182.22070550 14.54 230.870890  66.025561  3.171
 85    63.072 55182.22070615 14.85 230.867690  66.028651  3.171
 85    61.826 55182.22070679 15.32 230.864480  66.031741  3.171
 85    61.705 55182.22070744 16.75 230.861280  66.034821  3.171
 85    62.367 55182.22070808 17.74 230.858080  66.037911  3.171
 85    61.962 55182.22070873 20.09 230.854870  66.041001  3.171
 86    68.275 55217.22072386 14.87 230.880329  66.031879  4.481
 86    71.026 55217.22072450 14.77 230.877129  66.034969  4.481
 86    64.212 55217.22072515 16.94 230.873929  66.038059  4.481
 86    61.782 55217.22072579 17.06 230.870719  66.041149  4.481
 86    61.986 55217.22072643 18.94 230.867519  66.044229  4.481
 86    62.056 55217.22072708 17.64 230.864309  66.047319  4.481
 86    62.134 55217.22072772 18.05 230.861109  66.050409  4.481
 86    62.377 55217.22072837 18.54 230.857899  66.053499  4.481
 87    69.971 55252.22070062 12.51 230.880932  66.020905  2.427
 87    66.369 55252.22070126 12.95 230.877731  66.023988  4.310
 87    65.172 55252.22070191 13.79 230.874531  66.027078  4.310
 87    64.721 55252.22070255 13.80 230.871331  66.030168  4.310
 87    62.723 55252.22070320 14.37 230.868131  66.033248  4.310
 87    62.114 55252.22070384 15.57 230.864921  66.036338  4.310
 87    62.534 55252.22070449 15.64 230.861721  66.039428  4.310
 87    62.114 55252.22070513 17.05 230.858511  66.042518  4.310
 87    62.198 55252.22070577 18.16 230.855311  66.045598  4.310
 88    71.930 55287.22071682 13.32 230.881194  66.035414  4.205
 88    66.080 55287.22071746 14.28 230.877994  66.038504  4.205
 88    64.808 55287.22071810 14.77 230.874794  66.041594  4.205
 88    63.653 55287.22071875 14.83 230.871594  66.044684  4.205
 88    62.319 55287.22071939 15.25 230.868384  66.047774  4.205
 88    62.455 55287.22072004 16.16 230.865184  66.050854  4.205
 88    62.602 55287.22072068 16.53 230.861984  66.053944  4.205
 89    28.441 55322.22069121 50.64 230.879381  66.028591 35.329
 89    28.247 55322.22069186 51.82 230.876181  66.031671 35.329
 89    28.250 55322.22069250 52.41 230.872981  66.034761 35.329
 89    28.304 55322.22069315 46.75 230.869771  66.037851 35.329
 89    28.180 55322.22069379 34.36 230.866571  66.040941 35.329
 89    28.263 55322.22069444 40.41 230.863371  66.044031 35.329
 89    28.251 55322.22069508 49.43 230.860161  66.047111 35.329
 89    28.314 55322.22069573 46.11 230.856961  66.050201 35.329
 90    25.669 55357.22069085 33.03 230.879811  66.030218 11.063
 90    25.551 55357.22069149 36.57 230.876611  66.033308 11.063
 90    25.495 55357.22069214 31.30 230.873411  66.036388 11.063
 90    25.392 55357.22069278 24.49 230.870211  66.039478 11.063
 90    25.453 55357.22069343 20.81 230.867001  66.042568 11.063
 90    25.411 55357.22069407 17.60 230.863801  66.045658 11.063
 90    25.144 55357.22069471 16.11 230.860591  66.048738 11.063
 90    25.159 55357.22069536 14.59 230.857391  66.051828 11.063
 91    26.225 55392.22069149 27.46 230.879519  66.022503 19.217
 91    25.997 55392.22069214 33.10 230.876316  66.025588  9.882
 91    25.584 55392.22069278 32.96 230.873116  66.028678  9.882
 91    25.564 55392.22069342 24.40 230.869916  66.031758  9.882
 91    25.450 55392.22069407 26.30 230.866716  66.034848  9.882
 91    25.395 55392.22069471 23.77 230.863506  66.037938  9.882
 91    25.255 55392.22069536 21.60 230.860306  66.041028  9.882
 91    25.298 55392.22069600 19.27 230.857096  66.044108  9.882
 91    25.320 55392.22069665 19.14 230.853896  66.047198  9.882
 92    25.274 55427.22070716 37.02 230.879575  66.029592 21.116
 92    25.125 55427.22070781 33.36 230.876375  66.032678 16.698
 92    25.156 55427.22070845 33.99 230.873175  66.035768 16.698
 92    25.175 55427.22070909 31.31 230.869975  66.038848 16.698
 92    25.118 55427.22070974 25.03 230.866765  66.041938 16.698
 92    24.937 55427.22071038 22.54 230.863565  66.045028 16.698
 92    24.748 55427.22071103 21.52 230.860355  66.048118 16.698
 92    25.137 55427.22071167 29.70 230.857155  66.051198 16.698
 93    25.066 55462.22067401 48.13 230.882687  66.037978 41.149
 93    24.892 55462.22067465 47.03 230.879477  66.041058 41.149
 93    24.950 55462.22067530 45.34 230.876277  66.044148 41.149
 93    24.932 55462.22067594 51.89 230.873077  66.047238 41.149
 93    24.984 55462.22067658 50.34 230.869867  66.050328 41.149
 93    24.935 55462.22067723 53.31 230.866667  66.053418 41.149
 93    24.932 55462.22067787 51.07 230.863457  66.056498 41.149
