# NaN NaN NaN ;Mean Elev.(m), Avg Gradient(m/km), RMS Gradient(m/km) - SRTM1     
#  124.362  -3.016   4.363 ;Mean Elev.(m), Avg Gradient(m/km), RMS Gradient(m/km) - ASTER GDEM
#  140.726  -3.178   3.347 ;Mean Elev.(m), Avg Gradient(m/km), RMS Gradient(m/km) - GMTED2010 
  7 240.888453  61.232086   142.916   142.741  3 52471.79148633 24.499
  8 240.889543  61.233353   141.428   141.404  4 52506.79146308 21.999
  9 240.914429  61.237266   142.804   142.769  4 52541.79144399 18.008
 10 240.891953  61.233337   139.560   139.571  4 52576.79149454 43.333
 11 240.886597  61.232741   139.335   139.356  3 52611.79145784 42.597
 12 240.900487  61.235135   140.581   140.578  4 52646.79144273 20.988
 13 240.897339  61.233389   140.341   140.352  4 52681.79141341 13.375
 14 240.897490  61.234697   140.043   140.103  4 52716.79147143  8.974
 15 240.875212  61.233850   141.079   141.079  2 52751.79149750 29.306
 16 240.909006  61.236113   142.144   142.125  5 52786.79144043 50.869
 17 240.904750  61.234367   142.816   142.818  4 52821.79151404 20.658
 18 240.905099  61.235602   142.862   142.700  5 52856.79156110 19.924
 19 240.892507  61.234616   141.179   140.494  3 52891.79159401 23.448
 20 240.879701  61.232104   142.311   142.371  3 52926.79154707 18.983
 21 240.915446  61.237828   139.300   139.313  4 52961.79151333 31.545
 22 240.893622  61.233670   139.821   139.833  4 52996.79155628 21.667
 23 240.881013  61.231786   139.466   139.467  3 53031.79151672 14.580
 24 240.901386  61.234307   139.203   139.216  4 53066.79152502 13.346
 25 240.877896  61.232148   139.296   139.195  3 53101.79152249  7.624
 26 240.906219  61.236398   142.605   142.464  4 53136.79152654 25.208
 27 240.896335  61.234279   140.375   140.374  4 53171.79157679 50.799
 28 240.891616  61.233329   140.003   140.028  4 53206.79159107 51.097
 29 240.892179  61.233624   139.681   139.705  4 53241.79155872 48.324
 30 240.911734  61.236728   142.106   142.130  5 53276.79152915 12.556
 31 240.893801  61.233261   139.027   138.989  3 53311.79156871 40.801
 32 240.891930  61.232947   138.245   138.279  3 53346.79153471 22.542
 33 240.911305  61.236722   139.261   139.271  4 53381.79149396 15.689
 34 240.902121  61.235733   139.127   139.112  4 53416.79151224 13.532
 35 240.915181  61.237882   139.182   139.150  4 53451.79151021 11.159
 36 240.889184  61.232953   141.398   141.043  3 53486.79159703 31.652
 37 240.896451  61.233770   142.923   142.947  4 53521.79158864 24.146
 38 240.884519  61.231740   142.961   143.061  3 53556.79161410 19.221
 39 240.894121  61.233397   142.257   142.322  3 53591.79155113 21.021
 40 240.904972  61.236668   142.533   142.430  3 53626.79153913 19.918
 41 240.897180  61.235096   140.611   140.641  4 53661.79156528 51.022
 42 240.888992  61.233719   139.604   139.649  3 53696.79153333 36.551
 43 240.886465  61.233037   140.912   140.885  3 53731.79145617 25.628
 44 240.907690  61.235723   141.195   141.184  4 53766.79142849 19.181
 45 240.891009  61.234489   141.264   141.214  3 53801.79143037 16.788
 46 240.910862  61.238866   141.721   141.786  3 53836.79143798  7.021
 47 240.899062  61.235236   142.257   142.264  4 53871.79149349 49.898
 48 240.894452  61.234304   141.972   141.965  3 53906.79153315 43.223
 49 240.883770  61.232004   140.857   140.879  3 53941.79156188 24.596
 50 240.881993  61.231929   142.276   142.151  3 53976.79151665 15.498
 51 240.912109  61.236407   142.100   141.950  5 54011.79151861 13.499
 52 240.905298  61.235609   138.702   138.704  4 54046.79153191 38.510
 54 240.879871  61.231848   139.674   139.383  3 54116.79145847  9.612
 55 240.895170  61.234719   139.225   139.227  4 54151.79147638  8.580
 56 240.883402  61.233448   148.623   148.623  2 54186.79145096 10.142
 57 240.900247  61.235818   142.782   142.677  4 54221.79148558 26.879
 58 240.894454  61.233590   142.705   142.548  3 54256.79150879 19.826
 59 240.897821  61.235177   141.484   141.334  4 54291.79151061 48.586
 60 240.894335  61.234112   140.693   140.700  3 54326.79150776 51.534
 61 240.881314  61.232255   140.887   140.776  3 54361.79145904 31.621
 62 240.900486  61.235654   140.303   140.283  4 54396.79144725 39.908
 64 240.904067  61.235350   140.370   140.395  4 54466.79142831 19.299
 65 240.890553  61.234290   139.870   139.910  3 54501.79142251 15.653
 66 240.897093  61.235667   140.514   140.349  3 54536.79144371 10.134
 67 240.886260  61.233470   139.853   139.830  3 54571.79142453  9.322
 68 240.896658  61.234564   143.104   143.227  4 54606.79143743 26.636
 69 240.891718  61.233320   141.667   141.710  4 54641.79144704 47.381
 70 240.893764  61.233917   140.616   140.603  3 54676.79144880 30.624
 71 240.886205  61.232967   140.296   139.723  3 54711.79140389 22.489
 72 240.897059  61.233379   142.218   142.149  4 54746.79141718 16.504
 73 240.892656  61.233557   139.766   139.787  3 54781.79138954 33.426
 74 240.900571  61.235774   139.523   139.572  4 54816.79140946 22.982
 75 240.890888  61.234182   140.001   139.938  3 54851.79138711  9.672
 76 240.895765  61.234876   140.085   140.115  4 54886.79141414  9.406
 77 240.879343  61.233280   140.164   140.066  3 54921.79138840  9.387
 78 240.901091  61.237382   142.449   142.449  2 54956.79140926 28.277
 79 240.892980  61.234179   140.976   140.973  3 54991.79143331 50.618
 80 240.892007  61.233444   142.934   142.922  4 55026.79142428 24.692
 81 240.894816  61.234485   142.685   142.713  4 55061.79141692 14.913
 82 240.878980  61.231047   142.725   142.548  3 55096.79136709 19.342
 83 240.897494  61.234217   139.932   139.932  4 55131.79136015 47.856
 84 240.892006  61.234345   138.845   138.746  3 55166.79132833 37.987
 85 240.897452  61.234218   140.048   140.015  3 55201.79135217 23.957
 86 240.885825  61.232888   139.817   139.805  3 55236.79133565 19.724
 87 240.893259  61.233091   140.505   140.536  3 55271.79134682  3.946
 88 240.884296  61.233661   140.638   140.659  3 55306.79131710 32.246
 89 240.896179  61.234046   143.029   143.113  4 55341.79131654 24.163
 90 240.890206  61.232557   142.939   142.848  3 55376.79131049 21.145
 91 240.899726  61.234174   142.782   142.736  4 55411.79133303 18.122
 92 240.893440  61.233990   139.598   139.478  4 55446.79132501 48.390
 93 240.879602  61.231336   142.863   142.796  3 55481.79125750 20.707
