-201381.019   134.254     0.00    0.80
-201011.007   134.390     0.37    0.56
-200641.062   134.444     0.15    0.50
-200271.183   134.494     0.13    0.50
-199901.371   134.573     0.21    0.55
-199531.625   134.631     0.16    0.55
-199161.945   134.817     0.50    0.45
-198792.332   134.963     0.40    0.25
-198422.785   135.024     0.16    0.15
-198053.304   135.060     0.10    0.24
-197683.890   135.095     0.10    0.30
-197314.542   135.200     0.28    0.40
-196945.260   135.253     0.14    0.44
-196576.044   135.341     0.24    0.48
-196206.894   135.446     0.28    0.55
-195837.810   135.759     0.85    0.77
-195468.792   136.369     1.65    1.04
-195099.841   136.987     1.68    1.03
-194730.955   137.410     1.15    0.70
-194362.135   137.526     0.31    0.50
-193993.381   137.049    -1.29    0.77
-193624.693   136.474    -1.56    0.76
-193256.071   135.928    -1.48    0.71
-192887.514   135.513    -1.13    0.53
-192519.023   135.345    -0.45    0.50
-192150.598   135.203    -0.39    0.43
-191782.239   135.095    -0.29    0.30
-191413.945   135.000    -0.26    0.23
-191045.717   134.857    -0.39    0.38
-190677.554   134.831    -0.07    0.49
-190309.457   134.679    -0.42    0.70
-189941.426   134.305    -1.02    1.10
-189573.460   133.207    -2.98    1.78
-189205.559   131.927    -3.48    1.77
-188837.724   130.634    -3.51    1.00
-188469.954   130.122    -1.39    0.36
-188102.249   130.000    -0.33    0.00
-187734.610   130.000     0.00    0.00
-187367.036   130.000     0.00    0.00
-186999.527   130.000     0.00    0.00
-186632.083   130.000     0.00    0.00
-186264.705   130.012     0.03    0.11
-185897.391   130.077     0.18    0.27
-185530.143   130.226     0.41    0.42
-185162.959   130.449     0.61    0.55
-184795.841   130.976     1.44    0.87
-184428.788   131.628     1.78    0.97
-184061.799   132.214     1.60    0.82
-183694.876   132.620     1.11    0.58
-183328.017   132.807     0.51    0.40
-182961.224   132.795    -0.03    0.51
-182581.642   132.349    -1.17    0.82
-182201.443   131.734    -1.62    0.96
-181821.315   131.084    -1.71    0.98
-181441.257   130.658    -1.12    0.81
-181061.269   130.598    -0.16    0.58
-180681.351   130.744     0.38    0.55
-180301.504   130.940     0.52    0.36
-179921.727   130.759    -0.48    0.43
-179542.019   130.439    -0.84    0.59
-179162.382   130.148    -0.77    0.50
-178782.815   129.951    -0.52    0.41
-178403.318   129.878    -0.19    0.40
-178023.891   129.815    -0.17    0.45
-177644.533   129.707    -0.28    0.53
-177265.246   129.350    -0.94    0.75
-176886.028   128.634    -1.89    1.11
-176506.880   128.139    -1.31    1.03
-176127.802   127.845    -0.78    1.04
-175748.794   127.769    -0.20    1.34
-175369.855   127.598    -0.45    1.46
-174990.986   127.237    -0.95    1.31
-174612.186   127.476     0.63    1.61
-174233.456   128.231     1.99    2.17
-173854.796   129.619     3.67    2.27
-173476.205   131.062     3.81    1.43
-173097.683   131.585     1.38    1.28
-172719.231   131.938     0.93    1.30
-172340.848   131.963     0.07    1.20
-171962.535   131.280    -1.81    2.04
-171584.291   129.938    -3.55    2.92
-171206.116   128.256    -4.45    2.95
-170828.010   126.901    -3.58    2.35
-170449.974   125.902    -2.64    1.53
-170072.006   125.462    -1.16    1.15
-169694.108   125.108    -0.94    0.92
-169316.279   124.779    -0.87    0.60
-168938.519   124.771    -0.02    0.63
-168560.828   124.895     0.33    0.68
-168183.205   125.134     0.63    0.73
-167805.652   125.269     0.36    0.62
-167428.167   125.048    -0.59    0.82
-167050.752   124.658    -1.03    1.00
-166673.405   124.346    -0.83    0.98
-166296.127   124.074    -0.72    0.86
-165918.917   123.894    -0.48    0.94
-165541.777   123.573    -0.85    1.11
-165164.705   123.050    -1.39    0.93
-164787.701   122.642    -1.08    0.68
-164410.766   122.537    -0.28    0.88
-164033.900   122.695     0.42    0.87
-163657.102   122.793     0.26    0.66
-163280.373   122.500    -0.78    0.72
-162903.712   121.939    -1.49    0.93
-162527.119   121.171    -2.04    1.08
-162150.595   120.451    -1.91    0.97
-161774.139   119.642    -2.15    0.91
-161397.751   119.099    -1.44    0.93
-161021.432   118.624    -1.26    0.98
-160645.181   118.400    -0.59    0.98
-160268.998   118.556     0.41    0.95
-159892.883   118.551    -0.01    0.92
-159516.836   118.083    -1.24    1.27
-159140.857   117.221    -2.29    1.41
-158764.946   116.220    -2.66    1.18
-158389.104   115.474    -1.98    0.94
-158013.329   115.049    -1.13    0.85
-157637.622   114.577    -1.26    0.93
-157261.983   114.012    -1.50    1.13
-156886.411   113.179    -2.22    1.42
-156510.908   112.099    -2.88    1.72
-156135.472   110.823    -3.40    1.82
-155760.104   109.619    -3.21    1.60
-155384.804   108.395    -3.26    1.26
-155009.571   107.432    -2.57    1.23
-154634.406   105.877    -4.15    1.88
-154259.309   103.795    -5.55    3.17
-153884.279   100.556    -8.64    4.33
-153509.316    97.222    -8.89    4.35
-153134.421    93.713    -9.36    2.82
-152759.594    91.988    -4.60    1.49
-152384.834    91.122    -2.31    0.43
-152010.141    91.000    -0.33    0.00
-151635.515    90.852    -0.40    0.39
-151260.957    90.427    -1.13    0.85
-150886.466    89.659    -2.05    1.28
-150512.042    88.878    -2.08    1.30
-150137.686    88.198    -1.82    1.31
-149763.396    88.012    -0.49    1.52
-149389.174    87.793    -0.59    1.52
-149015.019    87.412    -1.02    1.38
-148640.930    86.720    -1.85    1.27
-148266.909    85.988    -1.96    1.19
-147892.955    85.146    -2.25    0.86
-147519.067    84.861    -0.76    0.57
-147145.247    84.988     0.34    0.63
-146771.493    85.287     0.80    0.64
-146397.806    85.679     1.05    0.63
-146024.186    85.963     0.76    0.64
-145650.633    85.941    -0.06    0.62
-145277.146    85.863    -0.21    0.71
-144903.726    86.123     0.70    0.98
-144530.373    86.608     1.30    1.23
-144157.086    87.583     2.61    1.44
-143783.866    88.769     3.18    1.40
-143410.712    90.073     3.49    1.63
-143037.625    91.346     3.41    1.65
-142664.604    92.878     4.11    1.72
-142291.650    94.449     4.21    1.73
-141918.762    96.193     4.68    1.95
-141545.940    97.909     4.60    1.82
-141173.185    99.524     4.33    1.81
-140800.496   101.130     4.31    1.62
-140427.873   102.762     4.38    1.89
-140055.317   104.671     5.13    2.21
-139682.826   107.207     6.81    3.28
-139310.402   110.872     9.84    4.34
-138938.044   115.732    13.05    6.00
-138565.752   120.494    12.79    5.37
-138193.526   123.500     8.08    3.34
-137821.366   125.539     5.48    1.91
-137449.272   127.976     6.55    4.00
-137077.243   131.766    10.19    5.71
-136705.281   138.732    18.73    8.74
-136333.385   145.481    18.15    8.11
-135961.554   149.086     9.70    6.31
-135589.789   151.368     6.14    6.06
-135218.090   151.619     0.67    6.67
-134846.457   152.351     1.97    6.95
-134474.889   157.512    13.89    8.04
-134103.387   165.250    20.83   11.09
-133731.950   176.561    30.46   14.77
-133360.580   189.276    34.24   13.65
-132989.274   201.439    32.76   12.32
-132618.034   213.303    31.96   13.53
-132246.860   228.537    41.05   20.31
-131875.751   245.538    45.82   20.67
-131504.708   262.771    46.45   18.86
-131133.729   277.462    39.61   14.05
-130762.817   289.762    33.16   12.46
-130391.969   299.154    25.33    9.24
-130021.187   306.155    18.88    6.57
-129650.470   311.557    14.57    5.62
-129279.818   320.654    24.55   12.82
-128909.231   336.564    42.94   24.59
-128538.709   359.136    60.93   30.67
-128168.253   382.443    62.92   26.71
-127797.861   404.337    59.12   19.87
-127427.535   422.750    49.73   21.23
-127057.274   446.925    65.30   28.07
-126687.077   468.494    58.27   27.83
-126316.945   491.711    62.73   24.29
-125946.879   511.087    52.37   18.91
-125576.877   528.951    48.28   16.73
-125206.940   541.544    34.05   13.39
-124837.068   553.427    32.13   10.89
-124467.260   561.667    22.28    8.73
-124097.517   569.073    20.03    7.08
-123727.839   574.575    14.88    5.63
-123358.226   578.747    11.29    4.44
-122988.677   580.531     4.83    3.79
-122619.192   581.099     1.54    3.65
-122249.773   580.780    -0.86    3.92
-121880.417   579.438    -3.64    3.68
-121511.127   577.725    -4.64    2.57
-121141.900   576.827    -2.43    1.39
-120772.738   578.415     4.30    3.53
-120403.641   581.462     8.26    4.80
-120034.607   584.432     8.05    4.47
-119665.638   587.747     8.98    3.35
-119296.734   590.185     6.61    3.80
-118927.893   594.076    10.55    5.92
-118559.117   598.321    11.51    6.73
-118190.405   602.872    12.34    5.39
-117821.757   605.237     6.42    3.46
-117453.173   605.276     0.11    2.99
-117084.654   603.024    -6.11    4.24
-116716.198   599.584    -9.34    4.82
-116347.806   595.210   -11.88    5.56
-115979.478   590.737   -12.15    5.08
-115611.214   586.889   -10.45    4.17
-115243.015   583.597    -8.94    2.89
-114874.878   581.111    -6.75    2.42
-114506.806   579.449    -4.52    2.15
-114138.798   577.737    -4.65    1.85
-113770.853   575.962    -4.83    2.41
-113402.972   572.744    -8.75    4.77
-113035.155   568.380   -11.87    6.17
-112667.401   562.432   -16.17    6.54
-112299.711   557.333   -13.87    5.77
-111932.085   552.086   -14.27    5.98
-111564.522   548.062   -10.95    7.19
-111197.023   542.198   -15.96    8.29
-110829.587   536.148   -16.47    7.88
-110462.215   530.051   -16.60    6.64
-110094.906   525.988   -11.06    5.40
-109727.661   521.950   -11.00    3.48
-109360.479   519.531    -6.59    2.79
-108993.360   517.725    -4.92    2.39
-108626.304   516.325    -3.81    2.54
-108259.312   514.494    -4.99    2.42
-107883.059   513.049    -3.84    2.13
-107503.002   511.759    -3.39    1.27
-107123.013   511.148    -1.61    0.50
-106743.093   511.000    -0.39    0.00
-106363.241   511.000     0.00    0.00
-105983.458   511.000     0.00    0.00
-105603.742   511.000     0.00    0.00
-105224.096   511.309     0.81    1.11
-104844.517   511.351     0.11    1.16
-104465.006   511.638     0.76    1.50
-104085.564   511.842     0.54    1.67
-103706.190   511.395    -1.18    1.19
-103326.884   511.403     0.02    1.22
-102947.646   511.062    -0.90    0.46
-102568.476   511.013    -0.13    0.11
-102189.374   511.000    -0.03    0.00
-101810.340   511.000     0.00    0.00
-101431.374   511.000     0.00    0.00
-101052.475   511.037     0.10    0.33
-100673.645   511.000    -0.10    0.00
-100294.882   511.000     0.00    0.00
 -99916.187   511.000     0.00    0.00
 -99537.560   511.120     0.32    0.50
 -99159.000   511.456     0.89    1.16
 -98780.509   511.610     0.41    1.37
 -98402.084   512.184     1.52    1.75
 -98023.728   513.457     3.36    2.67
 -97645.439   514.610     3.05    3.36
 -97267.217   516.825     5.86    4.26
 -96889.063   518.795     5.21    4.77
 -96510.976   519.913     2.96    4.71
 -96132.957   520.975     2.81    4.17
 -95755.005   521.622     1.71    3.96
 -95377.121   522.815     3.16    3.72
 -94999.303   524.333     4.02    3.34
 -94621.553   525.127     2.10    2.25
 -94243.870   524.949    -0.47    1.80
 -93866.255   524.519    -1.14    1.50
 -93488.706   525.228     1.88    2.44
 -93111.225   528.296     8.13    5.14
 -92733.811   532.805    11.95    7.05
 -92356.463   538.350    14.70    7.80
 -91979.183   542.581    11.22    6.66
 -91601.970   544.407     4.84    6.31
 -91224.823   543.584    -2.18    6.98
 -90847.744   540.732    -7.57    6.29
 -90470.731   538.724    -5.33    6.74
 -90093.786   536.650    -5.50    7.14
 -89716.907   535.924    -1.93    7.65
 -89340.094   535.585    -0.90    6.92
 -88963.349   534.861    -1.92    5.90
 -88586.670   533.395    -3.89    4.99
 -88210.058   533.487     0.24    5.18
 -87833.512   536.100     6.94    6.78
 -87457.033   539.753     9.70    7.20
 -87080.621   542.457     7.18    6.05
 -86704.275   542.741     0.75    5.14
 -86327.995   542.177    -1.50    4.18
 -85951.782   542.688     1.36    3.18
 -85575.636   545.526     7.55    5.13
 -85199.555   551.768    16.60    8.86
 -84823.541   559.885    21.59   10.55
 -84447.594   570.073    27.10   11.00
 -84071.712   577.605    20.04    7.10
 -83695.897   581.074     9.23    4.42
 -83320.148   582.408     3.55    3.31
 -82944.465   582.617     0.56    2.65
 -82568.849   583.026     1.09    2.73
 -82193.298   582.099    -2.47    3.85
 -81817.813   576.853   -13.97   12.47
 -81442.395   554.852   -58.61   34.27
 -81067.042   521.367   -89.21   45.97
 -80691.756   486.639   -92.54   47.16
 -80316.535   444.692  -111.80   42.40
 -79941.380   409.950   -92.61   47.66
 -79566.291   367.696  -112.66   53.91
 -79191.268   327.671  -106.73   52.17
 -78816.310   288.975  -103.21   42.04
 -78441.418   263.113   -68.99   31.24
 -78066.592   244.861   -48.70   22.33
 -77691.832   234.218   -28.40   19.73
 -77317.137   223.481   -28.66   18.76
 -76942.508   215.738   -20.67   18.26
 -76567.945   205.543   -27.22   16.90
 -76193.447   196.266   -24.77   14.26
 -75819.014   187.488   -23.45    9.72
 -75444.647   181.808   -15.17    6.36
 -75070.345   177.000   -12.85    4.95
 -74696.109   173.392    -9.64    4.51
 -74321.938   169.610   -10.11    4.12
 -73947.832   166.641    -7.94    3.50
 -73573.792   163.725    -7.80    2.99
 -73199.817   161.338    -6.38    2.54
 -72825.907   159.012    -6.22    2.52
 -72452.062   156.844    -5.80    2.65
 -72078.283   153.913    -7.84    3.50
 -71704.568   151.486    -6.49    3.00
 -71330.919   149.383    -5.63    2.66
 -70957.335   147.187    -5.88    2.63
 -70583.815   144.074    -8.33    4.47
 -70210.361   140.447    -9.71    4.71
 -69836.972   137.037    -9.13    4.30
 -69463.647   134.189    -7.63    2.74
 -69090.388   132.346    -4.94    2.19
 -68717.193   130.973    -3.68    1.69
 -68344.063   129.642    -3.57    1.78
 -67970.998   128.303    -3.59    1.52
 -67597.997   127.087    -3.26    1.69
 -67225.062   126.053    -2.77    1.43
 -66852.191   125.113    -2.52    1.32
 -66479.384   124.247    -2.32    1.05
 -66106.642   123.585    -1.77    1.04
 -65733.965   122.833    -2.02    0.80
 -65361.352   122.235    -1.61    0.90
 -64988.804   121.579    -1.76    0.80
 -64616.321   120.837    -1.99    0.96
 -64243.901   120.013    -2.21    1.09
 -63871.546   119.400    -1.65    1.10
 -63499.256   118.823    -1.55    0.76
 -63127.030   118.488    -0.90    0.66
 -62754.868   118.104    -1.03    0.74
 -62382.770   117.775    -0.88    0.80
 -62010.737   117.205    -1.53    0.81
 -61638.767   116.675    -1.43    0.82
 -61266.862   116.114    -1.51    0.78
 -60895.022   115.625    -1.31    0.80
 -60523.245   115.026    -1.61    0.87
 -60151.532   114.450    -1.55    1.04
 -59779.883   113.468    -2.64    1.29
 -59408.299   112.425    -2.81    1.51
 -59036.778   111.063    -3.67    1.59
 -58665.321   109.691    -3.69    1.71
 -58293.928   108.218    -3.97    1.65
 -57922.599   107.000    -3.28    1.65
 -57551.334   105.564    -3.87    1.52
 -57180.133   104.312    -3.37    1.46
 -56808.995   102.861    -3.91    1.46
 -56437.921   101.525    -3.60    1.65
 -56066.911   100.077    -3.90    1.65
 -55695.964    98.675    -3.78    1.75
 -55325.081    97.154    -4.10    1.70
 -54954.262    95.861    -3.49    1.64
 -54583.506    94.304    -4.20    1.70
 -54212.814    92.815    -4.02    1.76
 -53842.185    91.308    -4.07    1.87
 -53471.620    89.700    -4.34    2.00
 -53101.118    88.064    -4.42    1.80
 -52730.680    87.062    -2.70    1.50
 -52360.305    86.295    -2.07    1.43
 -51989.993    86.217    -0.21    1.70
 -51619.745    86.667     1.21    1.96
 -51249.560    87.325     1.78    2.14
 -50879.438    88.566     3.35    2.20
 -50509.380    90.012     3.91    2.36
 -50139.384    91.538     4.12    2.24
 -49769.452    92.450     2.46    2.09
 -49399.583    93.077     1.70    1.83
 -49029.776    92.825    -0.68    1.93
 -48660.033    92.338    -1.32    2.09
 -48290.353    91.475    -2.33    2.07
 -47920.736    90.373    -2.98    2.20
 -47551.182    89.392    -2.65    1.98
 -47181.691    88.553    -2.27    1.85
 -46812.262    87.765    -2.13    1.54
 -46442.897    87.068    -1.89    1.29
 -46073.594    86.062    -2.72    1.39
 -45704.354    84.757    -3.54    1.84
 -45335.177    82.790    -5.33    2.62
 -44966.063    80.320    -6.69    2.77
 -44597.011    77.593    -7.39    3.00
 -44228.022    74.892    -7.32    2.87
 -43859.096    72.099    -7.57    3.22
 -43490.232    69.189    -7.89    3.02
 -43121.431    66.617    -6.97    2.90
 -42752.692    64.355    -6.13    2.14
 -42384.016    62.570    -4.84    1.67
 -42015.402    61.211    -3.69    1.37
 -41646.850    59.912    -3.52    1.49
 -41278.361    58.816    -2.98    1.49
 -40909.935    57.588    -3.33    1.49
 -40541.571    56.641    -2.57    1.36
 -40173.269    55.866    -2.10    1.11
 -39805.029    55.590    -0.75    1.01
 -39436.852    56.139     1.49    1.67
 -39068.736    57.269     3.07    2.42
 -38700.683    59.506     6.08    3.08
 -38332.692    61.897     6.50    3.57
 -37964.764    65.150     8.84    4.20
 -37596.897    68.346     8.69    4.34
 -37229.092    71.658     9.01    3.90
 -36861.350    74.282     7.14    3.36
 -36493.669    77.158     7.82    2.96
 -36126.050    79.513     6.41    3.04
 -35758.493    82.443     7.97    3.07
 -35390.999    85.111     7.26    3.04
 -35023.565    87.782     7.27    2.83
 -34656.194    90.228     6.66    2.76
 -34288.885    92.571     6.38    2.31
 -33921.637    94.150     4.30    1.80
 -33554.451    95.474     3.61    1.15
 -33181.253    96.363     2.38    1.01
 -32801.336    97.253     2.34    0.98
 -32421.486    97.949     1.83    0.91
 -32041.702    98.487     1.42    0.77
 -31661.985    98.671     0.48    0.66
 -31282.334    98.342    -0.87    0.90
 -30902.750    97.753    -1.55    1.08
 -30523.232    96.937    -2.15    1.07
 -30143.781    96.195    -1.96    0.90
 -29764.396    95.469    -1.91    0.96
 -29385.077    94.986    -1.27    1.04
 -29005.825    94.787    -0.52    1.36
 -28626.639    94.671    -0.31    1.46
 -28247.519    94.488    -0.48    1.39
 -27868.466    94.316    -0.45    1.16
 -27489.479    93.775    -1.43    1.04
 -27110.558    93.115    -1.74    0.94
 -26731.703    92.506    -1.61    0.97
 -26352.914    91.725    -2.06    0.94
 -25974.191    91.224    -1.32    0.86
 -25595.534    90.525    -1.85    0.89
 -25216.943    89.886    -1.69    0.89
 -24838.418    89.089    -2.11    1.03
 -24459.959    88.230    -2.27    1.01
 -24081.566    87.338    -2.36    1.21
 -23703.239    86.595    -1.96    0.89
 -23324.977    85.912    -1.80    0.92
 -22946.782    84.974    -2.48    1.37
 -22568.652    83.734    -3.28    2.00
 -22190.587    81.808    -5.10    2.43
 -21812.589    79.782    -5.36    2.74
 -21434.656    77.416    -6.26    2.42
 -21056.788    75.592    -4.83    2.03
 -20678.987    73.684    -5.05    1.84
 -20301.250    72.169    -4.01    1.81
 -19923.580    70.625    -4.09    1.77
 -19545.974    69.269    -3.59    1.51
 -19168.434    68.049    -3.23    1.11
 -18790.960    67.257    -2.10    0.68
 -18413.551    66.889    -0.97    0.63
 -18036.207    66.662    -0.60    0.73
 -17658.928    66.525    -0.36    0.90
 -17281.715    66.494    -0.08    0.97
 -16904.567    66.350    -0.38    0.90
 -16527.484    66.065    -0.76    0.77
 -16150.467    65.734    -0.88    0.71
 -15773.514    65.158    -1.53    0.69
 -15396.627    64.705    -1.20    0.74
 -15019.804    63.987    -1.91    0.76
 -14643.047    63.363    -1.66    0.88
 -14266.354    62.637    -1.92    0.89
 -13889.727    61.962    -1.79    0.95
 -13513.164    61.114    -2.25    1.25
 -13136.667    60.250    -2.29    1.58
 -12760.234    59.062    -3.15    1.98
 -12383.866    57.933    -3.00    2.21
 -12007.563    56.342    -4.23    2.58
 -11631.324    54.427    -5.09    2.67
 -11255.150    52.444    -5.27    2.67
 -10879.041    50.919    -4.06    2.40
 -10502.997    49.525    -3.71    2.69
 -10127.017    48.240    -3.42    2.71
  -9751.102    47.152    -2.89    2.56
  -9375.251    46.182    -2.58    2.10
  -8999.465    45.405    -2.07    2.07
  -8623.743    44.684    -1.92    2.08
  -8248.086    44.013    -1.79    1.99
  -7872.493    43.038    -2.59    1.91
  -7496.965    42.316    -1.92    1.89
  -7121.501    41.397    -2.45    1.70
  -6746.101    40.615    -2.08    1.67
  -6370.765    39.463    -3.07    1.61
  -5995.494    38.090    -3.66    1.71
  -5620.287    36.654    -3.83    1.90
  -5245.144    35.184    -3.92    2.16
  -4870.065    33.425    -4.69    2.29
  -4495.051    31.627    -4.80    2.45
  -4120.100    29.162    -6.57    3.47
  -3745.214    26.096    -8.18    4.23
  -3370.391    22.169   -10.48    4.88
  -2995.633    18.054   -10.98    4.60
  -2620.938    14.312    -9.99    4.34
  -2246.308    10.378   -10.50    4.16
  -1871.741     6.375   -10.69    4.91
  -1497.238     3.162    -8.58    4.01
  -1122.799     0.899    -6.04    2.12
   -748.424     0.013    -2.37    0.11
   -374.112     0.000    -0.03    0.00
      0.135     0.000     0.00    0.00
    374.320     0.000     0.00    0.00
    748.440     0.104     0.28    0.80
   1122.497     0.975     2.33    2.64
   1496.490     2.935     5.24    4.33
   1870.420     5.654     7.27    5.77
   2244.286     9.900    11.36    6.66
   2618.089    14.287    11.74    5.78
   2991.828    18.308    10.76    4.11
   3365.504    20.833     6.76    3.07
   3739.116    22.282     3.88    1.85
   4112.665    22.818     1.44    1.38
   4486.151    22.987     0.45    1.72
   4859.573    23.167     0.48    2.07
   5232.933    23.924     2.03    1.95
   5606.229    24.936     2.71    1.83
   5979.461    26.038     2.95    2.10
   6352.631    27.467     3.83    2.65
   6725.737    29.275     4.85    3.23
   7098.781    31.227     5.23    3.68
   7471.761    33.241     5.40    3.86
   7844.678    35.373     5.72    3.78
   8217.533    37.675     6.17    3.37
   8590.324    39.919     6.02    3.43
   8963.052    42.620     7.25    3.72
   9335.718    45.527     7.80    3.85
   9708.320    48.850     8.92    3.85
  10080.860    52.338     9.36    4.02
  10453.337    55.950     9.70    4.98
  10825.751    60.622    12.54    6.19
  11198.102    69.506    23.86   12.18
  11570.391    79.959    28.08   13.95
  11942.617    89.425    25.43   12.67
  12314.780    99.446    26.93    9.60
  12686.881   107.488    21.61   10.24
  13058.919   113.568    16.34    9.48
  13430.895   118.575    13.46    7.75
  13802.808   122.685    11.05    4.80
  14174.659   124.584     5.11    1.58
  14546.447   124.946     0.97    1.29
  14918.172   124.810    -0.37    1.66
  15289.836   123.973    -2.25    2.55
  15661.437   119.375   -12.37   11.64
  16032.975   108.627   -28.93   19.27
  16404.452   101.633   -18.83   18.21
  16775.866    98.507    -8.42   15.92
  17147.217   101.818     8.92   16.09
  17518.507   111.962    27.32    4.86
  17889.734   114.769     7.56    2.93
  18260.900   116.622     4.99    1.58
  18632.003   117.863     3.34    1.38
  19003.044   119.093     3.32    1.28
  19374.023   120.595     4.05    2.10
  19744.940   123.132     6.84    3.62
  20115.795   126.234     8.36    4.61
  20486.588   130.321    11.02    4.30
  20857.319   133.218     7.82    2.87
  21227.989   135.026     4.88    1.29
  21598.596   135.587     1.51    0.95
  21969.142   135.526    -0.17    1.84
  22339.626   135.000    -1.42    3.61
  22710.048   133.447    -4.19    5.71
  23080.408   131.405    -5.51    6.81
  23450.707   130.506    -2.43    7.09
  23820.943   129.481    -2.77    7.60
  24191.119   132.382     7.84    8.89
  24561.232   136.076     9.98    9.78
  24931.285   136.787     1.92   10.13
  25301.275   137.188     1.08    9.40
  25671.204   137.520     0.90    7.28
  26041.072   135.551    -5.32    5.86
  26410.878   136.000     1.21    5.21
  26780.623   137.740     4.71    4.56
  27150.306   139.105     3.69    4.14
  27519.928   140.152     2.83    3.23
  27889.488   140.480     0.89    2.09
  28258.988   140.188    -0.79    2.02
  28628.426   139.960    -0.62    2.06
  28997.803   139.949    -0.03    2.07
  29367.118   139.757    -0.52    1.69
  29736.373   139.831     0.20    1.21
  30105.566   140.554     1.96    1.22
  30474.698   141.577     2.77    1.36
  30843.769   142.527     2.57    1.20
  31212.779   143.400     2.37    1.45
  31581.728   144.208     2.19    1.31
  31950.616   144.911     1.91    1.10
  32319.443   145.081     0.46    0.81
  32688.209   144.474    -1.65    1.70
  33056.915   143.297    -3.19    3.17
  33425.559   141.816    -4.02    3.61
  33794.142   140.459    -3.68    3.49
  34162.665   140.462     0.01    2.89
  34531.127   141.292     2.25    2.81
  34899.528   142.675     3.75    2.78
  35267.869   144.473     4.88    2.05
  35636.149   145.936     3.97    1.49
  36004.368   147.014     2.93    1.78
  36372.526   148.727     4.65    1.99
  36740.624   150.486     4.78    1.83
  37108.661   152.247     4.78    2.02
  37476.638   154.053     4.91    2.18
  37844.554   155.800     4.75    2.25
  38212.410   157.307     4.10    2.16
  38580.206   158.203     2.44    1.90
  38947.941   159.237     2.81    2.23
  39315.615   160.403     3.17    2.57
  39683.230   161.597     3.25    2.65
  40050.783   162.921     3.60    2.10
  40418.277   163.935     2.76    1.74
  40785.710   164.987     2.86    1.38
  41153.084   165.395     1.11    1.40
  41523.479   165.551     0.42    1.57
  41903.260   165.789     0.63    1.58
  42282.975   166.013     0.59    1.45
  42662.626   166.081     0.18    1.39
  43042.211   166.390     0.81    1.31
  43421.732   166.694     0.80    1.29
  43801.188   167.117     1.11    1.29
  44180.580   167.770     1.72    1.29
  44559.907   167.975     0.54    1.80
  44939.169   168.342     0.97    2.13
  45318.366   168.474     0.35    2.27
  45697.499   168.766     0.77    2.20
  46076.568   169.377     1.61    2.25
  46455.572   170.494     2.95    2.81
  46834.511   172.103     4.25    3.00
  47213.386   173.987     4.97    2.73
  47592.197   175.662     4.42    2.11
  47970.943   176.875     3.20    1.94
  48349.625   178.042     3.08    2.23
  48728.242   179.500     3.85    2.61
  49106.796   180.824     3.50    2.58
  49485.285   181.897     2.84    2.52
  49863.710   183.013     2.95    2.64
  50242.070   184.367     3.58    2.76
  50620.367   185.987     4.28    3.09
  50998.599   187.805     4.81    3.87
  51376.767   189.295     3.94    4.05
  51754.872   190.147     2.25    4.24
  52132.912   190.400     0.67    3.93
  52510.888   190.137    -0.70    2.90
  52888.801   190.400     0.70    2.04
  53266.649   191.270     2.30    1.85
  53644.434   192.684     3.74    2.62
  54022.154   194.907     5.88    3.19
  54399.811   197.671     7.32    4.16
  54777.404   201.000     8.82    4.08
  55154.933   204.195     8.46    4.13
  55532.399   206.840     7.01    3.18
  55909.801   208.434     4.22    3.26
  56287.139   210.282     4.90    3.61
  56664.414   212.592     6.12    4.19
  57041.625   216.538    10.46    5.69
  57418.772   220.935    11.66    5.82
  57795.856   226.234    14.05    5.34
  58172.877   230.370    10.97    4.57
  58549.834   233.947     9.49    4.61
  58926.727   237.811    10.25    4.89
  59303.558   241.975    11.05    5.59
  59680.325   246.311    11.51    5.85
  60057.028   251.038    12.55    5.83
  60433.668   255.680    12.32    4.60
  60810.245   258.935     8.64    4.11
  61186.759   262.487     9.43    4.69
  61563.209   266.443    10.51    4.91
  61939.597   270.325    10.31    4.06
  62315.921   273.442     8.28    3.68
  62692.182   275.857     6.42    3.26
  63068.380   277.961     5.59    3.34
  63444.515   280.500     6.75    3.28
  63820.587   282.840     6.22    3.29
  64196.596   285.291     6.52    3.24
  64572.542   287.986     7.17    2.83
  64948.425   290.605     6.97    3.23
  65324.245   293.278     7.11    3.62
  65700.003   297.421    11.03    5.47
  66075.697   303.205    15.40    8.09
  66451.329   310.571    19.61   11.26
  66826.898   319.027    22.51   11.72
  67202.405   325.038    16.01    9.61
  67577.848   329.158    10.97    6.44
  67953.229   329.038    -0.32    6.85
  68328.548   328.789    -0.66    6.64
  68703.803   329.870     2.88    6.01
  69078.997   332.364     6.65    6.96
  69454.127   336.671    11.48    7.05
  69829.195   343.211    17.43    8.17
  70204.201   348.948    15.30    7.32
  70579.144   354.679    15.29    6.94
  70954.025   359.427    12.66    7.32
  71328.844   365.538    16.30    6.88
  71703.600   371.243    15.22    6.39
  72078.294   376.722    14.62    6.85
  72452.925   383.000    16.76    7.01
  72827.495   390.474    19.95    9.15
  73202.002   398.597    21.69   10.96
  73576.447   411.208    33.68   16.56
  73950.829   423.096    31.75   16.54
  74325.150   432.351    24.72   16.11
  74699.409   440.743    22.42   15.63
  75073.605   445.937    13.88   17.99
  75447.740   451.676    15.34   20.14
  75821.812   452.949     3.40   21.47
  76195.823   450.467    -6.64   19.35
  76569.771   447.571    -7.74   14.08
  76943.658   443.909    -9.79    6.18
  77317.483   444.130     0.59    3.38
  77691.245   445.782     4.42    2.93
  78064.947   447.260     3.95    2.34
  78438.586   448.961     4.55    1.88
  78812.164   450.592     4.37    2.29
  79185.680   452.571     5.30    2.55
  79559.134   454.360     4.79    2.52
  79932.526   456.342     5.31    2.14
  80305.857   457.816     3.95    1.86
  80679.127   459.321     4.03    1.75
  81052.334   460.605     3.44    1.71
  81425.481   462.120     4.06    1.87
  81798.565   463.520     3.75    2.10
  82171.589   465.224     4.57    2.18
  82544.550   466.608     3.71    1.69
  82917.451   467.558     2.55    1.77
  83290.290   468.123     1.51    2.06
  83663.068   468.797     1.81    2.18
  84035.784   469.611     2.18    2.27
  84408.439   470.675     2.85    2.39
  84781.033   471.945     3.41    2.18
  85153.566   473.197     3.36    2.75
  85526.037   474.438     3.33    3.26
  85898.447   475.158     1.93    3.54
  86270.796   475.901     2.00    3.73
  86643.085   477.079     3.16    4.02
  87015.312   478.613     4.12    3.87
  87387.477   479.615     2.69    3.48
  87759.582   480.514     2.41    2.82
  88131.626   480.962     1.21    2.58
  88503.609   480.918    -0.12    2.11
  88875.531   480.295    -1.67    2.20
  89247.393   479.880    -1.12    1.99
  89619.193   479.740    -0.38    1.69
  89990.932   480.342     1.62    1.94
  90362.611   481.547     3.24    1.93
  90734.229   482.763     3.27    1.82
  91105.786   483.618     2.30    2.10
  91477.283   484.842     3.29    3.38
  91848.718   486.221     3.71    4.44
  92220.094   487.933     4.61    5.14
  92591.408   489.605     4.50    5.08
  92962.662   491.027     3.83    4.82
  93333.856   492.237     3.26    4.47
  93704.988   494.013     4.79    3.90
  94076.061   495.208     3.22    3.95
  94447.073   496.792     4.27    3.56
  94818.024   498.273     3.99    3.18
  95188.915   499.592     3.56    2.84
  95559.746   500.688     2.96    2.34
  95930.516   501.553     2.33    1.55
  96301.226   501.408    -0.39    1.33
  96671.876   500.789    -1.67    1.64
  97042.466   499.693    -2.96    2.07
  97412.995   497.795    -5.12    2.45
  97783.464   495.507    -6.18    3.36
  98153.873   492.195    -8.94    4.36
  98524.222   489.395    -7.56    4.00
  98894.510   486.908    -6.72    2.82
  99264.739   485.118    -4.83    1.61
  99634.907   484.120    -2.70    1.50
 100005.016   483.312    -2.18    1.57
 100375.064   482.461    -2.30    1.54
 100745.053   481.737    -1.96    1.51
 101114.981   480.987    -2.03    1.39
 101484.850   480.240    -2.02    1.47
 101854.659   479.286    -2.58    1.49
 102224.408   478.216    -2.89    1.46
 102594.097   477.000    -3.29    1.51
 102963.727   475.934    -2.88    1.54
 103333.296   474.623    -3.55    1.61
 103702.806   473.447    -3.18    1.58
 104072.257   472.158    -3.49    1.63
 104441.647   470.840    -3.57    1.72
 104810.978   469.573    -3.43    1.72
 105180.249   468.553    -2.76    1.68
 105549.461   467.303    -3.39    1.55
 105918.613   466.342    -2.60    1.51
 106287.706   464.896    -3.92    1.94
 106656.739   463.760    -3.08    2.17
 107025.713   462.551    -3.28    2.17
 107394.627   461.680    -2.36    1.76
 107763.482   460.974    -1.91    1.46
 108132.278   460.184    -2.14    1.76
 108501.014   459.118    -2.89    1.91
 108869.691   458.000    -3.03    1.78
 109238.309   456.455    -4.19    2.04
 109606.867   454.947    -4.09    2.38
 109975.366   453.052    -5.14    2.58
 110343.806   451.234    -4.93    2.67
 110712.187   448.987    -6.10    2.36
 111080.508   447.000    -5.39    2.55
 111448.771   444.773    -6.05    2.39
 111816.974   442.467    -6.26    2.82
 112185.119   439.640    -7.68    3.34
 112553.204   436.842    -7.60    3.75
 112921.230   433.720    -8.48    3.75
 113289.198   432.338    -3.76    2.85
 113657.106   432.853     1.40    3.34
 114024.956   435.053     5.98    4.23
 114392.746   438.960    10.62    3.92
 114760.478   442.108     8.56    3.82
 115128.151   445.893    10.29    3.90
 115495.765   449.618    10.13    4.62
 115863.321   454.320    12.79    5.49
 116231.160   459.026    12.79    6.92
 116610.805   464.453    14.30    7.35
 116990.387   469.813    14.12    9.73
 117369.905   476.520    17.67   12.20
 117749.361   481.907    14.19   13.42
 118128.754   489.295    19.47   14.58
 118508.083   497.797    22.41   16.53
 118887.350   509.382    30.54   18.85
 119266.553   519.431    26.50   19.33
 119645.694   530.329    28.74   16.93
 120024.772   541.676    29.93   16.76
 120403.787   550.865    24.24   20.19
 120782.739   558.649    20.54   22.30
 121161.628   565.079    16.97   21.69
 121540.454   571.026    15.70   20.73
 121919.218   573.307     6.02   20.42
 122297.919   572.769    -1.42   20.68
 122676.557   573.082     0.83   19.95
 123055.133   571.038    -5.40   18.04
 123433.646   567.333    -9.79   15.76
 123812.097   565.474    -4.91   14.41
 124190.484   560.833   -12.26   13.13
 124568.810   558.067    -7.31   12.06
 124947.073   554.378    -9.75   11.40
 125325.273   552.743    -4.32   10.45
 125703.411   550.974    -4.68    9.66
 126081.487   550.553    -1.11    9.15
 126459.500   549.737    -2.16    9.39
 126837.451   549.373    -0.96    9.28
 127215.339   548.260    -2.95    9.24
 127593.166   547.945    -0.83    8.98
 127970.930   547.090    -2.26    8.68
 128348.632   546.667    -1.12    8.08
 128726.271   545.808    -2.27    7.84
 129103.849   544.764    -2.76    7.26
 129481.364   544.397    -0.97    6.97
 129858.818   544.320    -0.21    6.35
 130236.209   544.829     1.35    5.60
 130613.538   544.658    -0.45    4.87
 130990.806   544.351    -0.81    4.33
 131368.011   543.747    -1.60    3.82
 131745.154   543.173    -1.52    3.46
 132122.236   542.573    -1.59    3.34
 132499.255   541.743    -2.20    3.57
 132876.213   539.707    -5.40    3.75
 133253.109   537.458    -5.96    3.88
 133629.943   534.776    -7.12    3.47
 134006.716   532.264    -6.67    2.23
 134383.426   530.487    -4.71    1.99
 134760.075   529.081    -3.73    1.79
 135136.663   527.295    -4.74    2.91
 135513.188   524.440    -7.58    5.48
 135889.653   524.156    -0.75    6.70
 136266.055   525.855     4.51    8.53
 136642.396   529.303     9.16    8.58
 137018.676   534.684    14.30    3.72
 137394.894   536.284     4.25    2.37
 137771.051   537.178     2.38    1.33
 138147.146   537.122    -0.15    1.65
 138523.180   536.893    -0.61    1.94
 138899.152   536.507    -1.03    2.11
 139275.063   536.560     0.14    1.68
 139650.913   536.278    -0.75    1.60
 140026.702   536.171    -0.28    1.34
 140402.429   535.500    -1.79    1.78
 140778.096   534.810    -1.84    2.08
 141153.701   534.027    -2.08    2.25
 141529.245   533.321    -1.88    2.38
 141904.727   532.803    -1.38    2.39
 142280.149   532.208    -1.58    2.38
 142655.510   531.427    -2.08    2.38
 143030.810   530.395    -2.75    2.30
 143406.048   529.158    -3.30    2.06
 143781.226   528.013    -3.05    1.74
 144156.343   526.726    -3.43    1.69
 144531.399   525.257    -3.92    2.09
 144906.394   522.933    -6.20    3.37
 145281.328   520.384    -6.80    3.93
 145656.202   517.733    -7.07    3.39
 146031.014   515.437    -6.13    1.79
 146405.766   514.467    -2.59    1.42
 146780.458   513.125    -3.58    2.45
 147155.088   510.532    -6.92    3.68
 147529.658   507.431    -8.28    4.13
 147904.167   503.051   -11.69    4.95
 148278.616   498.959   -10.93    4.75
 148653.004   494.923   -10.78    4.74
 149027.332   490.960   -10.59    4.00
 149401.599   487.566    -9.07    4.16
 149775.805   483.560   -10.70    4.54
 150149.951   479.882    -9.83    4.83
 150524.037   474.947   -13.19    5.39
 150898.063   470.827   -11.02    5.48
 151272.028   466.107   -12.62    4.78
 151645.932   462.573    -9.45    4.01
 152019.777   459.227    -8.95    3.51
 152393.561   456.919    -6.17    2.74
 152767.285   454.896    -5.41    2.10
 153140.948   453.365    -4.10    1.53
 153514.552   452.052    -3.51    1.77
 153888.095   450.658    -3.73    2.00
 154261.578   449.013    -4.40    2.42
 154635.002   447.139    -5.02    2.35
 155008.365   445.278    -4.98    2.32
 155381.668   443.250    -5.43    2.28
 155754.911   441.000    -6.03    2.76
 156128.094   438.577    -6.49    2.68
 156501.217   435.933    -7.09    3.43
 156874.280   433.000    -7.86    3.41
 157247.284   430.613    -6.40    3.04
 157620.227   428.356    -6.05    2.69
 157993.111   426.863    -4.00    2.62
 158365.935   425.267    -4.28    2.58
 158738.699   424.301    -2.59    2.93
 159111.403   423.479    -2.20    3.45
 159484.048   422.605    -2.35    3.78
 159856.633   421.573    -2.77    3.95
 160229.158   421.039    -1.43    3.82
 160601.624   420.707    -0.89    3.53
 160974.030   421.000     0.79    3.14
 161346.377   421.853     2.29    3.00
 161718.664   423.203     3.62    2.38
 162090.891   423.680     1.28    1.85
 162463.060   423.554    -0.34    1.71
 162835.168   422.987    -1.52    2.11
 163207.217   422.243    -2.00    2.30
 163579.207   421.753    -1.32    2.59
 163951.138   421.267    -1.31    2.69
 164323.009   420.171    -2.95    2.70
 164694.821   419.230    -2.53    2.77
 165066.573   417.811    -3.82    3.29
 165438.267   416.264    -4.16    3.28
 165809.901   414.373    -5.09    3.65
 166181.476   412.746    -4.38    3.38
 166552.992   411.040    -4.59    3.62
 166924.448   409.671    -3.68    3.70
 167295.846   408.921    -2.02    3.68
 167667.184   408.957     0.10    4.11
 168038.464   409.145     0.51    4.19
 168409.684   409.915     2.08    4.80
 168780.846   409.211    -1.90    5.11
 169151.948   408.389    -2.21    5.54
 169522.992   405.803    -6.97    5.20
 169893.977   403.736    -5.57    5.15
 170264.902   401.362    -6.40    5.19
 170635.769   399.069    -6.18    3.85
 171006.578   397.753    -3.55    3.19
 171377.327   395.153    -7.01    4.46
 171748.018   391.224   -10.60    6.00
 172118.650   386.740   -12.10    5.90
 172489.223   382.627   -11.10    5.39
 172859.737   378.137   -12.12    5.09
 173230.193   375.000    -8.47    4.33
 173600.591   373.041    -5.29    2.74
 173970.929   373.257     0.58    3.06
 174341.209   374.507     3.38    4.02
 174711.431   375.260     2.03    5.77
 175081.594   374.247    -2.74    6.75
 175451.699   371.822    -6.55    7.29
 175821.745   367.041   -12.92    8.04
 176191.733   362.473   -12.34    7.57
 176561.662   357.689   -12.93    5.54
 176931.533   354.714    -8.04    4.54
 177301.346   352.581    -5.77    3.02
 177671.101   353.039     1.24    5.10
 178040.797   354.635     4.32    7.11
 178410.435   355.623     2.67    7.43
 178780.014   355.878     0.69    7.26
 179149.536   353.408    -6.68    6.20
 179518.999   350.865    -6.88    6.03
 179888.404   349.922    -2.55    5.93
 180257.752   348.419    -4.07    5.33
 180627.041   348.200    -0.59    5.72
 180996.272   348.447     0.67    6.13
 181365.445   346.855    -4.31    6.02
 181734.560   343.373    -9.43    5.55
 182103.617   340.347    -8.20    7.24
 182472.616   338.178    -5.88    6.95
 182841.557   336.824    -3.67    6.19
 183210.440   335.726    -2.98    6.47
 183579.265   333.479    -6.09    7.05
 183948.033   328.726   -12.89    7.29
 184316.743   324.356   -11.85    6.23
 184685.395   320.863    -9.47    4.59
 185053.989   318.514    -6.37    2.46
 185422.526   317.521    -2.69    1.24
 185791.005   316.507    -2.75    1.54
 186159.426   314.946    -4.24    2.63
 186527.790   313.342    -4.35    2.85
 186896.096   312.311    -2.80    2.32
 187264.344   312.816     1.37    3.30
 187632.535   313.315     1.36    3.61
 188000.668   313.338     0.06    3.87
 188368.744   312.541    -2.17    3.18
 188736.762   312.671     0.35    3.15
 189104.723   312.808     0.37    3.26
 189472.627   313.526     1.95    3.27
 189840.473   314.306     2.12    3.62
 190208.262   315.211     2.46    4.27
 190575.993   315.534     0.88    4.08
 190943.667   314.818    -1.95    3.91
 191321.004   312.822    -5.29    2.94
 191700.455   311.461    -3.59    3.00
 192079.844   310.400    -2.79    3.71
 192459.173   309.270    -2.98    4.86
 192838.440   305.507    -9.92    7.30
 193217.645   304.000    -3.97    7.88
 193596.789   304.800     2.11    9.07
 193975.872   305.129     0.87    8.47
 194354.894   305.373     0.65    7.72
 194733.854   302.958    -6.37    6.90
 195112.753   299.781    -8.38    2.60
 195491.591   300.137     0.94    2.62
 195870.368   301.892     4.63    2.82
 196249.084   303.640     4.62    3.06
 196627.738   305.189     4.09    2.28
 197006.332   306.720     4.04    2.17
 197384.864   308.278     4.11    3.15
 197763.336   310.227     5.15    3.73
 198141.746   311.831     4.24    3.43
 198520.096   313.587     4.64    3.33
 198898.385   314.472     2.34    2.92
 199276.612   314.645     0.46    2.43
 199654.779   314.446    -0.53    1.79
 200032.885   313.816    -1.67    1.59
 200410.931   312.946    -2.30    1.43
 200788.915   312.405    -1.43    1.58
 201166.839   311.882    -1.39    1.51
 201544.702   311.534    -0.92    1.45
 201922.505   310.803    -1.94    1.63
 202300.246   310.014    -2.09    2.00
 202677.928   309.240    -2.05    2.05
 203055.548   308.986    -0.67    1.62
 203433.108   309.773     2.09    1.85
 203810.608   310.542     2.03    1.79
 204188.047   311.039     1.32    1.36
 204565.425   311.230     0.50    1.14
 204942.743   311.581     0.93    1.57
 205320.001   313.432     4.91    3.79
 205697.198   316.635     8.49    5.71
 206074.335   318.712     5.51    6.56
 206451.412   317.403    -3.47   10.54
 206828.429   317.041    -0.96   11.68
 207205.385   313.886    -8.37   11.46
 207582.281   309.013   -12.93   13.43
 207959.116   310.071     2.81   14.70
 208335.892   316.240    16.37   16.94
 208712.607   324.901    22.99   15.29
 209089.262   333.082    21.72    5.18
 209465.858   336.959    10.29    4.97
 209842.393   339.392     6.46    4.59
 210218.868   342.137     7.29    4.26
 210595.283   344.616     6.59    5.03
 210971.638   346.973     6.26    5.42
 211347.933   349.753     7.39    4.88
 211724.169   352.303     6.77    4.06
 212100.344   354.247     5.17    3.97
 212476.460   356.893     7.04    3.49
 212852.515   358.915     5.38    2.84
 213228.511   360.757     4.90    2.67
 213604.447   362.268     4.02    2.52
 213980.324   364.427     5.74    3.57
 214356.141   366.944     6.70    3.54
 214731.898   369.855     7.75    3.73
 215107.595   373.419     9.48    3.99
 215483.233   377.213    10.10    5.14
 215858.811   382.351    13.68    6.70
 216234.330   387.757    14.39    7.72
 216609.789   394.014    16.66    7.74
 216985.189   400.149    16.34    7.70
 217360.529   406.513    16.95    7.76
 217735.810   411.667    13.73    7.47
 218111.031   418.467    18.12    8.27
 218486.193   425.571    18.93    8.97
 218861.295   432.573    18.66   10.15
 219236.339   440.103    20.07    8.49
 219611.323   448.770    23.11   10.16
 219986.247   457.536    23.38   11.64
 220361.113   468.554    29.39   13.72
 220735.919   482.904    38.28   16.03
 221110.666   495.096    32.53   17.34
 221485.354   508.753    36.44   16.57
 221859.983   517.554    23.49   12.93
 222234.552   523.267    15.25    8.52
 222609.063   524.413     3.06    6.52
 222983.514   523.081    -3.56    5.47
 223357.907   521.055    -5.41    4.98
 223732.241   518.438    -6.99    4.74
 224106.515   515.887    -6.81    4.43
 224480.731   512.397    -9.32    3.70
 224854.888   509.443    -7.89    4.05
 225228.985   505.827    -9.66    5.06
 225603.025   502.725    -8.29    4.88
 225977.005   499.307    -9.14    4.92
 226350.926   496.471    -7.58    3.90
 226724.789   494.013    -6.57    3.79
 227098.593   491.812    -5.89    2.81
 227472.338   490.351    -3.91    2.22
 227846.025   489.056    -3.46    1.62
 228219.653   488.324    -1.96    1.40
 228593.222   487.597    -1.95    1.33
 228966.733   487.216    -1.02    1.43
 229340.185   486.493    -1.94    1.61
 229713.579   486.067    -1.14    1.75
 230086.914   485.178    -2.38    1.73
 230460.190   484.274    -2.42    1.64
 230833.409   483.338    -2.51    1.71
 231206.568   482.616    -1.93    1.62
 231579.670   481.946    -1.80    1.55
 231952.713   481.219    -1.95    1.87
 232325.698   480.760    -1.23    1.86
 232698.624   480.375    -1.03    1.83
 233071.492   480.200    -0.47    1.90
 233444.302   479.740    -1.23    1.96
 233817.054   479.162    -1.55    2.50
 234189.747   478.167    -2.67    2.94
 234562.382   477.139    -2.76    2.67
 234934.959   476.125    -2.72    2.47
 235307.478   474.944    -3.17    2.08
 235679.939   474.306    -1.71    1.53
 236052.342   474.716     1.10    1.91
 236424.687   475.548     2.23    2.39
 236796.974   476.333     2.11    2.41
 237169.203   477.389     2.84    2.42
 237541.374   478.920     4.11    3.47
 237913.487   481.205     6.14    4.65
 238285.542   484.907     9.95    6.52
 238657.539   488.562     9.82    7.06
 239029.479   491.392     7.61    7.20
 239401.360   493.548     5.80    7.00
 239773.184   495.014     3.94    6.79
 240144.950   496.274     3.39    6.24
 240516.659   498.137     5.01    6.21
 240888.309   499.743     4.32    6.30
 241259.902   501.151     3.79    6.41
 241631.438   502.351     3.23    6.60
 242002.915   503.278     2.49    6.88
 242374.335   504.233     2.57    7.00
 242745.698   504.583     0.94    6.73
 243117.003   505.297     1.92    6.43
 243488.251   505.153    -0.39    5.88
 243859.441   505.784     1.70    5.94
 244230.573   506.083     0.81    5.96
 244601.649   506.730     1.74    6.44
 244972.666   507.329     1.61    7.01
 245343.627   508.041     1.92    7.07
 245714.530   508.884     2.27    7.28
 246085.376   510.838     5.27    6.61
 246456.164   512.324     4.01    5.62
 246826.895   514.587     6.10    4.03
 247197.569   516.015     3.85    3.33
 247568.186   517.907     5.10    3.46
 247938.746   519.191     3.47    3.93
 248309.248   520.053     2.33    3.72
 248679.694   520.059     0.01    4.14
 249050.082   519.573    -1.31    4.36
 249420.413   518.565    -2.72    3.62
 249790.687   517.813    -2.03    3.76
 250160.904   517.174    -1.73    3.46
 250531.064   517.787     1.66    3.26
 250901.168   518.100     0.85    3.04
 251271.214   518.787     1.86    2.55
 251641.203   518.929     0.38    2.66
 252011.136   519.203     0.74    2.50
 252381.011   519.130    -0.20    2.55
 252750.830   518.411    -1.95    2.97
 253120.592   517.704    -1.91    2.96
 253490.297   517.397    -0.83    2.87
 253859.945   517.113    -0.77    2.60
 254229.537   516.932    -0.49    2.36
 254599.072   516.549    -1.03    2.17
 254968.550   515.973    -1.56    2.52
 255337.972   514.972    -2.71    2.42
 255707.337   513.808    -3.15    2.32
 256076.646   512.803    -2.72    2.32
 256445.898   512.247    -1.51    2.33
 256815.093   511.380    -2.35    2.07
 257184.232   511.247    -0.36    1.93
 257553.314   511.634     1.05    1.93
 257922.340   512.219     1.59    2.12
 258291.310   513.028     2.19    1.99
 258660.223   513.342     0.85    2.13
 259029.080   513.347     0.01    2.06
 259397.880   513.329    -0.05    1.80
 259766.624   514.167     2.27    2.16
 260135.312   515.301     3.08    2.59
 260503.944   516.528     3.33    3.20
 260872.519   518.192     4.51    3.81
 261241.038   518.889     1.89    3.62
 261609.501   518.726    -0.44    3.60
 261977.908   518.361    -0.99    2.42
 262346.258   519.973     4.37    4.05
 262714.553   523.917    10.71    6.19
 263082.791   527.918    10.86    6.14
 263450.973   531.667    10.18    4.22
 263819.100   532.466     2.17    2.97
 264187.170   531.694    -2.10    2.69
 264555.184   530.616    -2.93    2.28
 264923.143   529.375    -3.37    1.48
 265291.045   528.658    -1.95    1.82
 265658.892   527.236    -3.86    2.25
 266033.804   525.797    -3.84    1.84
 266413.130   524.630    -3.08    1.36
 266792.396   524.278    -0.93    0.94
 267171.603   524.849     1.51    1.40
 267550.750   526.225     3.63    2.22
 267929.837   528.027     4.75    2.60
 268308.864   529.868     4.86    2.63
 268687.832   531.107     3.27    2.49
 269066.740   531.338     0.61    2.61
 269445.588   529.562    -4.69    4.07
 269824.377   525.986    -9.44    4.98
 270203.106   521.521   -11.79    5.84
 270581.776   516.581   -13.04    4.97
 270960.386   513.681    -7.66    3.55
 271338.937   512.211    -3.88    1.96
