# NaN NaN NaN ;Mean Elev.(m), Avg Gradient(m/km), RMS Gradient(m/km) - SRTM1     
#   46.282  -0.407  15.643 ;Mean Elev.(m), Avg Gradient(m/km), RMS Gradient(m/km) - ASTER GDEM
#   72.709  -0.752  15.141 ;Mean Elev.(m), Avg Gradient(m/km), RMS Gradient(m/km) - GMTED2010 
  7 235.567691  64.136590   177.550   177.856 10 52446.21249115  6.616
  8 235.573539  64.142422    72.678    72.727 10 52481.21248317 49.162
  9 235.587249  64.145737    71.430    71.377  6 52516.21243511 36.012
 11 235.584546  64.143504    70.647    70.662  6 52586.21245511 45.726
 12 235.581608  64.145339    73.529    73.528  6 52621.21243362 21.677
 15 235.564314  64.154631   165.786   167.437  3 52726.21246582  1.090
 16 235.573896  64.144489   177.372   176.586  9 52761.21248009 10.002
 17 235.571641  64.140272    73.664    73.657 10 52796.21243818 47.225
 18 235.572081  64.140494   160.008   159.801 10 52831.21250515 16.355
 19 235.578642  64.144121    71.618    71.667  7 52866.21254923 47.875
 20 235.577215  64.144431    71.192    71.206  8 52901.21257721 46.250
 21 235.585616  64.144167    70.858    70.875  6 52936.21251794 46.744
 22 235.569673  64.140889   166.318   166.135 10 52971.21254190  4.820
 23 235.571173  64.141696   165.359   165.515  9 53006.21255574  3.012
 25 235.572488  64.145812   167.751   167.236  9 53076.21254117  0.858
 27 235.568899  64.141893   174.763   176.235  9 53146.21255366  9.382
 28 235.577363  64.144646    72.354    72.353  7 53181.21256134 47.444
 29 235.573849  64.142640    71.226    71.281  9 53216.21258387 27.647
 30 235.581167  64.145070    70.722    70.685  6 53251.21256269 49.355
 32 235.580368  64.144314    70.521    70.485  6 53321.21253196 41.326
 34 235.566917  64.137225   167.481   167.586 10 53391.21251303  4.144
 35 235.582530  64.145742   163.943   163.991  6 53426.21251058  2.121
 36 235.569954  64.141454   168.593   168.445 10 53461.21252092  2.571
 37 235.568371  64.138122   184.340   184.737 10 53496.21259984 10.396
 38 235.581707  64.144123    73.767    73.787  7 53531.21257838 45.688
 39 235.572691  64.144091    72.316    72.333 10 53566.21260414 43.944
 40 235.585372  64.144058    71.263    71.267  6 53601.21254734 25.057
 41 235.568333  64.134646    72.075    72.085  9 53636.21254333 47.188
 42 235.566813  64.143574   165.391   165.465  7 53671.21256597 14.937
 43 235.588518  64.144832   158.632   158.540  5 53706.21249783  2.448
 44 235.596038  64.146870   157.451   157.124  5 53741.21241108  1.759
 45 235.576511  64.143472    72.423    72.575  9 53776.21243383  4.879
 47 235.567404  64.138627   175.750   175.750  2 53846.21246119  0.577
 48 235.573879  64.143815    73.842    73.834  9 53881.21248610 49.465
 49 235.570373  64.139566   171.137   170.524 10 53916.21254486  3.276
 50 235.571934  64.139366    71.803    71.813 10 53951.21255173 45.289
 52 235.569196  64.140409    71.078    71.093 10 54021.21252844 45.318
 53 235.579766  64.144425   161.582   161.694  6 54056.21252037  8.977
 54 235.583841  64.145070   160.070   160.062  6 54091.21250573  0.996
 55 235.566196  64.139486   173.195   173.493  8 54126.21243612  0.882
 56 235.583328  64.134702   172.973   172.973  2 54161.21247180  0.322
 58 235.572535  64.143413    73.280    73.295 10 54231.21248671 48.052
 59 235.573671  64.144701    73.864    73.868 10 54266.21250429 51.064
 60 235.575936  64.144401    73.079    73.059  8 54301.21250889 48.957
 61 235.581554  64.143095    71.947    71.947  7 54336.21249640 47.330
 62 235.569978  64.141411    71.831    71.831 10 54371.21244070 47.378
 63 235.577156  64.143855    71.264    71.257  8 54406.21244128 44.898
 64 235.570206  64.132582   168.180   168.473  9 54441.21239745  4.640
 65 235.574469  64.144123   163.020   163.180 10 54476.21242916  3.494
 66 235.569650  64.136672   167.128   167.336 10 54511.21241411  1.315
 68 235.574305  64.143323   175.199   175.453  8 54581.21241099  0.385
 69 235.575552  64.144542    73.851    73.812  8 54616.21243260 45.745
 70 235.572972  64.142460   162.103   162.233  9 54651.21244520 15.158
 71 235.580232  64.144337    71.396    71.406  6 54686.21243783 33.591
 72 235.569467  64.136661    71.667    71.533 10 54721.21238954 26.682
 73 235.574524  64.144298    70.821    70.875 10 54756.21241256 26.119
 74 235.568241  64.135440    72.654    72.677 10 54791.21238264 45.126
 75 235.572712  64.142277   163.748   163.850 10 54826.21240919  3.920
 76 235.569532  64.138453   167.913   168.053  9 54861.21237681  1.900
 77 235.576070  64.144735   171.284   170.862  9 54896.21241014  0.524
 79 235.573024  64.144856    74.190    74.254  9 54966.21241111 40.676
 80 235.572301  64.143009    74.128    74.091 10 55001.21243069 48.398
 81 235.574399  64.144318    72.427    72.453 10 55036.21241676 48.684
 82 235.581468  64.144735    72.428    72.426  6 55071.21240518 45.035
 83 235.568987  64.136971   169.516   169.530 10 55106.21234752  5.280
 84 235.575044  64.145320    70.851    70.847  9 55141.21235501 45.300
 85 235.568254  64.137041   167.531   167.747 10 55176.21231647  4.575
 86 235.573556  64.143766   164.458   164.589 10 55211.21234944  1.708
 87 235.565923  64.144550   166.139   166.750  7 55246.21232225  0.493
 88 235.574043  64.148374   165.731   165.871  5 55281.21234406  0.351
 89 235.573425  64.143203    74.487    74.474 10 55316.21231041 37.330
 90 235.578308  64.144409   165.637   165.651  8 55351.21231506  2.610
 91 235.569555  64.136962    72.809    72.798 10 55386.21230867 45.735
 92 235.573913  64.145617    71.623    71.606  9 55421.21233370 46.090
 93 235.583022  64.144450    71.564    71.546  6 55456.21230849 49.001
