-139662.594    18.217     0.00    5.07
-139286.255    20.072     4.93    6.60
-138909.838    23.612     9.40    7.75
-138533.343    27.057     9.15    8.43
-138156.769    28.311     3.33    9.83
-137780.117    27.430    -2.34   11.68
-137403.387    25.099    -6.19   12.82
-137026.579    23.107    -5.28   13.92
-136649.692    20.143    -7.86   13.51
-136272.726    17.946    -5.83   12.84
-135895.682    16.359    -4.21   12.13
-135518.559    15.109    -3.31   11.25
-135141.358    13.725    -3.67    9.58
-134764.078    12.376    -3.58    7.55
-134386.719    10.645    -4.59    3.26
-134009.281     9.989    -1.74    0.00
-133631.765     9.989     0.00    0.00
-133254.169     9.989     0.00    0.00
-132876.495     9.989     0.00    0.00
-132498.741     9.989     0.00    0.00
-132120.909     9.989     0.00    0.00
-131742.998     9.989     0.00    0.00
-131365.007     9.989     0.00    0.00
-130986.937    10.074     0.23    0.32
-130608.788    10.300     0.60    0.51
-130230.560    10.591     0.77    0.53
-129852.252    10.845     0.67    0.41
-129473.865    11.000     0.41    0.10
-129095.399    10.989    -0.03    0.00
-128716.853    10.989     0.00    0.00
-128338.228    10.989     0.00    0.00
-127959.523    10.989     0.00    0.00
-127580.738    10.989     0.00    0.00
-127201.873    10.989     0.00    0.00
-126822.929    10.989     0.00    0.00
-126443.906    10.989     0.00    0.00
-126064.802    10.989     0.00    0.00
-125685.618    10.989     0.00    0.00
-125306.355    10.989     0.00    0.00
-124927.011    10.989     0.00    0.00
-124547.588    11.427     1.15    2.69
-124168.084    12.829     3.69    6.55
-123788.500    15.046     5.84    9.96
-123408.837    16.613     4.13   11.32
-123029.092    19.311     7.10   13.33
-122649.268    21.247     5.10   15.03
-122269.363    23.564     6.10   16.42
-121889.378    24.720     3.04   16.95
-121509.313    26.148     3.76   17.29
-121129.166    28.462     6.09   17.65
-120748.940    32.495    10.60   18.06
-120368.633    38.263    15.17   17.67
-119988.245    45.099    17.97   16.42
-119607.776    53.063    20.93   11.24
-119227.227    58.641    14.66    6.71
-118846.597    61.978     8.77    4.86
-118465.886    64.098     5.57    3.06
-118085.095    65.273     3.09    1.17
-117704.222    64.791    -1.27    1.78
-117333.999    63.808    -2.66    2.21
-116968.447    63.045    -2.09    2.25
-116602.822    62.670    -1.02    2.57
-116237.123    61.523    -3.14    3.92
-115871.350    57.978    -9.69    7.09
-115505.504    46.745   -30.70   17.55
-115139.585    35.042   -31.98   18.04
-114773.591    27.152   -21.56   13.20
-114407.524    22.881   -11.67    6.23
-114041.382    26.542    10.00    6.11
-113675.167    31.352    13.13    6.60
-113308.878    35.276    10.71    5.70
-112942.515    38.045     7.56    4.95
-112576.078    40.168     5.79    4.99
-112209.567    40.167    -0.00    5.82
-111842.982    38.787    -3.76    6.66
-111476.322    36.267    -6.87    7.25
-111109.589    33.075    -8.70    6.23
-110742.781    32.674    -1.09    6.37
-110375.899    36.848    11.38    9.57
-110008.942    41.516    12.72   11.34
-109641.912    47.899    17.39   10.64
-109274.806    54.515    18.02    5.98
-108907.627    54.820     0.83    7.58
-108540.372    52.442    -6.48    9.39
-108173.043    49.467    -8.10   10.19
-107805.640    47.684    -4.85    9.64
-107438.162    48.163     1.30    9.21
-107070.609    52.223    11.05    9.70
-106702.982    55.808     9.75    9.43
-106335.279    60.253    12.09    6.41
-105967.502    62.840     7.03    2.59
-105599.650    64.211     3.73    2.48
-105231.723    65.810     4.35    3.11
-104863.721    67.578     4.80    3.36
-104495.644    69.431     5.03    3.11
-104127.492    70.822     3.78    2.56
-103759.265    72.074     3.40    1.88
-103390.963    72.776     1.91    1.28
-103022.585    73.244     1.27    0.76
-102654.132    73.266     0.06    0.58
-102285.604    73.187    -0.21    0.45
-101917.001    73.021    -0.45    0.31
-101548.322    73.012    -0.02    0.30
-101179.568    73.031     0.05    0.32
-100810.739    73.078     0.13    0.36
-100441.833    73.075    -0.01    0.46
-100072.853    72.946    -0.35    0.61
 -99703.796    72.752    -0.52    0.70
 -99334.664    72.468    -0.77    0.65
 -98965.457    72.109    -0.97    0.59
 -98596.173    71.798    -0.84    0.61
 -98226.814    71.389    -1.11    0.60
 -97857.379    71.052    -0.91    0.74
 -97487.868    70.567    -1.31    0.89
 -97118.281    70.255    -0.84    0.94
 -96748.618    70.103    -0.41    1.06
 -96378.879    70.266     0.44    1.16
 -96009.064    70.633     0.99    1.36
 -95639.173    71.437     2.17    1.78
 -95269.206    72.301     2.33    2.17
 -94899.163    73.699     3.78    2.94
 -94529.043    75.095     3.77    3.24
 -94158.847    76.677     4.27    3.40
 -93788.574    78.085     3.80    3.64
 -93418.226    79.731     4.44    3.86
 -93047.800    81.231     4.05    3.77
 -92677.299    83.253     5.46    3.62
 -92306.720    84.351     2.96    3.61
 -91936.066    85.610     3.40    3.48
 -91565.334    87.107     4.04    3.84
 -91194.526    88.500     3.76    3.95
 -90823.641    90.372     5.05    4.14
 -90452.679    92.264     5.10    4.11
 -90081.641    93.989     4.65    3.95
 -89710.525    95.400     3.80    3.68
 -89339.333    96.978     4.25    3.41
 -88968.064    98.255     3.44    3.21
 -88596.718   100.042     4.81    2.96
 -88225.294   101.347     3.51    2.90
 -87853.794   103.109     4.74    2.73
 -87482.216   104.336     3.30    2.96
 -87110.561   105.587     3.36    3.07
 -86738.829   106.715     3.04    3.26
 -86367.020   107.378     1.78    3.32
 -85995.133   108.145     2.06    3.37
 -85623.169   108.557     1.11    3.23
 -85251.128   108.691     0.36    3.22
 -84879.009   108.411    -0.75    3.28
 -84506.812   107.697    -1.92    3.24
 -84134.538   106.626    -2.88    3.13
 -83762.186   105.372    -3.37    2.82
 -83389.757   104.595    -2.09    2.55
 -83017.249   104.308    -0.77    2.27
 -82644.664   104.468     0.43    2.16
 -82272.002   105.085     1.66    2.25
 -81899.261   106.106     2.74    2.54
 -81526.442   107.563     3.91    2.71
 -81153.546   108.840     3.42    2.68
 -80780.571   110.446     4.30    2.44
 -80407.519   111.903     3.91    2.91
 -80034.388   113.478     4.22    2.80
 -79661.179   115.010     4.10    2.65
 -79287.892   116.378     3.66    2.20
 -78914.526   117.865     3.98    2.51
 -78541.083   119.911     5.48    2.87
 -78167.561   121.893     5.31    3.10
 -77793.960   123.989     5.61    2.94
 -77420.281   125.600     4.31    2.84
 -77046.524   127.132     4.10    2.80
 -76672.688   128.718     4.24    2.56
 -76298.773   130.172     3.89    2.26
 -75924.780   131.757     4.24    2.00
 -75550.708   132.978     3.26    1.65
 -75176.557   134.052     2.87    1.35
 -74802.328   134.783     1.95    1.43
 -74428.019   135.494     1.90    1.73
 -74053.632   136.319     2.20    1.90
 -73679.166   137.085     2.05    1.96
 -73304.621   137.915     2.22    1.69
 -72929.996   138.130     0.58    1.57
 -72555.293   137.926    -0.55    1.56
 -72180.510   137.119    -2.15    1.52
 -71805.649   136.181    -2.50    1.50
 -71430.708   135.152    -2.74    1.40
 -71055.688   134.368    -2.09    1.14
 -70680.588   134.220    -0.40    2.00
 -70305.409   135.083     2.30    3.68
 -69930.151   136.375     3.44    4.66
 -69554.813   137.032     1.75    4.77
 -69179.395   135.922    -2.95    5.12
 -68803.898   131.531   -11.70    7.79
 -68428.321   125.330   -16.51    8.56
 -68052.665   119.535   -15.42    6.93
 -67676.929   115.467   -10.83    3.07
 -67301.113   114.874    -1.58    1.64
 -66925.217   116.899     5.39    4.02
 -66549.242   120.252     8.92    5.50
 -66173.186   123.697     9.16    5.83
 -65797.050   127.284     9.54    5.40
 -65420.835   130.433     8.37    5.20
 -65044.539   134.642    11.18    4.60
 -64668.163   138.183     9.41    4.75
 -64291.707   141.905     9.89    5.16
 -63915.171   145.600     9.81    5.48
 -63538.554   150.126    12.02    6.64
 -63161.857   154.613    11.91    7.11
 -62785.080   158.978    11.59    5.30
 -62408.222   161.430     6.50    3.19
 -62031.284   162.681     3.32    2.70
 -61654.265   164.127     3.84    3.39
 -61277.165   166.442     6.14    3.89
 -60899.985   168.351     5.06    3.77
 -60522.724   170.604     5.97    3.40
 -60145.383   171.424     2.17    3.27
 -59767.960   170.156    -3.36    5.16
 -59390.457   168.702    -3.85    6.33
 -59012.873   164.574   -10.93    8.58
 -58635.208   158.915   -14.99   13.09
 -58257.461   149.298   -25.46   17.86
 -57879.634   139.074   -27.06   19.82
 -57501.726   125.744   -35.27   18.68
 -57123.736   114.462   -29.85   16.19
 -56745.666   103.568   -28.81   12.73
 -56367.514    96.368   -19.04   10.78
 -55989.280    88.999   -19.48    9.05
 -55610.966    83.766   -13.83    7.94
 -55232.569    78.436   -14.08    5.80
 -54854.092    74.829    -9.53    3.45
 -54475.533    71.819    -7.95    2.61
 -54096.892    69.776    -5.39    2.71
 -53718.170    67.627    -5.67    2.56
 -53339.366    66.106    -4.02    2.23
 -52960.480    64.884    -3.23    2.00
 -52581.512    63.946    -2.47    1.78
 -52202.463    63.315    -1.66    1.81
 -51823.332    63.106    -0.55    1.88
 -51444.118    63.351     0.65    1.69
 -51064.823    63.691     0.90    1.33
 -50685.446    64.000     0.81    1.24
 -50305.986    63.617    -1.01    1.83
 -49926.445    62.978    -1.68    2.37
 -49546.821    62.138    -2.21    2.55
 -49167.115    61.556    -1.53    2.39
 -48787.327    60.978    -1.52    2.18
 -48407.456    61.094     0.31    2.11
 -48027.503    61.244     0.39    1.78
 -47647.467    61.854     1.60    1.62
 -47267.349    62.957     2.90    1.88
 -46887.148    64.536     4.15    2.31
 -46506.865    65.946     3.71    2.87
 -46126.499    67.906     5.15    2.75
 -45746.050    69.127     3.21    2.24
 -45365.519    69.000    -0.34    2.49
 -44984.904    68.272    -1.91    3.11
 -44604.207    65.395    -7.56    5.91
 -44223.427    61.348   -10.63    8.39
 -43842.563    53.333   -21.04   12.81
 -43461.617    45.206   -21.33   15.00
 -43080.588    34.336   -28.53   16.85
 -42704.929    25.290   -24.08   16.06
 -42339.610    17.156   -22.27   13.85
 -41974.216    11.368   -15.84   10.74
 -41608.746     5.893   -14.98    5.23
 -41243.201     3.958    -5.29    2.53
 -40877.580     3.063    -2.45    0.39
 -40511.884     3.423     0.98    1.48
 -40146.113     3.711     0.79    1.80
 -39780.266     3.705    -0.02    1.75
 -39414.343     3.681    -0.07    1.75
 -39048.345     3.073    -1.66    0.31
 -38682.271     2.989    -0.23    0.00
 -38316.121     3.903     2.50    2.98
 -37949.896     5.843     5.30    6.38
 -37583.595     8.989     8.59   10.48
 -37217.217    14.578    15.26   15.28
 -36850.764    19.593    13.68   17.66
 -36484.235    28.124    23.27   23.71
 -36117.630    41.336    36.04   34.17
 -35750.949    63.147    59.48   50.57
 -35384.192    82.175    51.88   58.40
 -35017.358   103.130    57.12   60.45
 -34650.449   114.463    30.89   56.66
 -34283.463   120.772    17.19   49.42
 -33916.400   116.267   -12.27   42.41
 -33549.262   102.250   -38.18   42.14
 -33182.047    90.708   -31.43   37.51
 -32814.755    84.621   -16.57   32.81
 -32447.388    89.747    13.95   33.34
 -32079.943   101.618    32.31   36.35
 -31712.422   124.098    61.16   33.00
 -31344.824   139.239    41.19   18.87
 -30977.150   144.856    15.28   12.79
 -30609.399   144.708    -0.40   12.27
 -30241.571   138.542   -16.76   12.04
 -29873.667   131.926   -17.98   12.53
 -29505.685   122.221   -26.37   17.00
 -29137.627   113.273   -24.31   19.24
 -28769.491   105.587   -20.88   18.51
 -28401.279    99.916   -15.40   15.95
 -28032.989    95.236   -12.71   11.60
 -27664.623    92.113    -8.48    7.92
 -27296.179    88.915    -8.68    5.38
 -26927.658    86.618    -6.23    3.96
 -26559.059    84.141    -6.72    3.81
 -26190.384    82.084    -5.58    4.77
 -25821.631    79.504    -6.99    5.55
 -25452.801    77.187    -6.28    5.42
 -25083.893    75.106    -5.64    5.00
 -24714.908    73.135    -5.34    3.83
 -24345.845    71.989    -3.10    3.04
 -23976.705    70.865    -3.04    3.13
 -23607.487    69.256    -4.36    3.89
 -23238.191    68.541    -1.93    3.98
 -22868.817    67.311    -3.33    4.36
 -22499.366    67.214    -0.26    4.54
 -22129.837    67.372     0.43    4.94
 -21760.230    67.597     0.61    4.95
 -21390.545    67.656     0.16    4.92
 -21020.782    68.798     3.09    4.23
 -20650.941    69.391     1.60    3.71
 -20281.022    69.957     1.53    3.09
 -19911.025    69.639    -0.86    3.19
 -19540.950    68.722    -2.48    4.12
 -19170.797    67.218    -4.06    4.82
 -18800.565    66.067    -3.11    4.76
 -18430.255    65.226    -2.27    5.22
 -18059.866    63.631    -4.31    6.08
 -17689.399    63.020    -1.65    6.78
 -17318.854    63.742     1.95    7.02
 -16948.230    65.521     4.80    6.34
 -16577.527    65.895     1.01    5.43
 -16206.746    64.843    -2.84    4.94
 -15835.886    62.197    -7.13    5.71
 -15464.948    58.717    -9.38    5.81
 -15093.931    56.177    -6.85    4.95
 -14722.835    53.944    -6.02    4.87
 -14351.660    52.154    -4.82    4.75
 -13980.406    50.138    -5.43    4.89
 -13609.073    48.231    -5.14    4.57
 -13237.661    46.105    -5.72    4.78
 -12866.170    44.635    -3.96    4.26
 -12494.600    43.747    -2.39    3.65
 -12122.951    43.826     0.21    2.86
 -11751.222    44.254     1.15    2.19
 -11379.415    44.914     1.77    2.55
 -11007.528    44.803    -0.30    2.72
 -10635.561    44.473    -0.89    2.90
 -10263.515    44.958     1.31    2.86
  -9891.390    46.663     4.58    3.68
  -9519.185    50.625    10.65    5.95
  -9146.901    56.145    14.83    6.78
  -8774.537    61.463    14.28    7.08
  -8402.093    65.623    11.17    6.53
  -8029.570    69.236     9.70    5.27
  -7656.967    70.905     4.48    4.38
  -7284.284    66.525   -11.75   11.21
  -6911.521    63.593    -7.87   12.60
  -6538.678    61.968    -4.36   12.63
  -6165.755    58.690    -8.79   12.59
  -5792.752    56.635    -5.51   15.23
  -5419.669    49.938   -17.95   17.84
  -5046.506    41.576   -22.41   17.04
  -4673.263    35.865   -15.30   16.33
  -4299.940    31.022   -12.97   17.74
  -3926.536    27.171   -10.31   19.14
  -3553.052    22.609   -12.22   20.75
  -3179.488    14.937   -20.53   18.49
  -2805.843     8.196   -18.04   14.37
  -2432.117     2.247   -15.92    6.99
  -2058.312    -0.011    -6.04    0.00
  -1684.425    -0.011     0.00    0.00
  -1310.458    -0.011     0.00    0.00
   -936.410    -0.011     0.00    0.00
   -562.282    -0.011     0.00    0.00
   -188.072    -0.011     0.00    0.00
    186.218    -0.011     0.00    0.00
    560.589    -0.011     0.00    0.00
    935.041    -0.011     0.00    0.00
   1309.574    -0.011     0.00    0.00
   1684.188     0.454     1.24    2.07
   2058.883     1.638     3.16    4.34
   2433.660     3.721     5.56    7.44
   2808.517     7.902    11.15   12.20
   3183.456    13.721    15.52   16.19
   3558.476    20.600    18.34   18.82
   3933.578    27.649    18.79   19.50
   4308.761    34.348    17.86   19.63
   4684.025    39.130    12.74   17.53
   5059.371    42.744     9.63   16.12
   5434.799    45.545     7.46   13.86
   5810.308    42.258    -8.75   17.33
   6185.899    36.130   -16.31   19.69
   6561.571    36.145     0.04   19.81
   6937.325    39.721     9.52   19.01
   7313.162    49.391    25.73   12.73
   7689.080    55.385    15.94    3.16
   8065.080    55.936     1.47    2.85
   8441.162    56.010     0.19    4.63
   8817.326    56.395     1.03    4.77
   9193.572    56.936     1.44    4.30
   9569.900    56.802    -0.36    4.91
   9946.311    55.416    -3.68    6.49
  10322.804    53.443    -5.24    9.64
  10699.379    50.291    -8.37   11.08
  11076.036    44.795   -14.59   13.03
  11452.776    39.054   -15.24   14.95
  11829.599    36.231    -7.49   15.40
  12206.504    34.302    -5.12   16.08
  12583.491    35.206     2.40   17.13
  12960.561    38.510     8.76   16.89
  13337.714    40.295     4.73   15.84
  13714.950    35.856   -11.77   16.48
  14092.268    30.381   -14.51   15.85
  14469.669    23.228   -18.95   13.27
  14847.153    21.635    -4.22   11.56
  15224.721    23.119     3.93   10.40
  15602.371    26.917    10.06    9.11
  15980.104    33.163    16.54    5.41
  16357.920    36.391     8.54    4.49
  16735.820    38.869     6.56    3.68
  17113.802    40.747     4.97    3.02
  17491.868    41.826     2.86    2.55
  17870.018    43.142     3.48    0.98
  18248.250    43.793     1.72    0.79
  18626.567    44.387     1.57    1.00
  19004.966    45.095     1.87    1.67
  19383.450    45.744     1.71    2.39
  19762.016    46.494     1.98    3.13
  20140.667    47.601     2.92    3.79
  20519.401    48.872     3.36    4.24
  20898.219    49.285     1.09    4.50
  21277.121    48.479    -2.13    5.10
  21656.107    45.581    -7.65    6.78
  22035.176    42.236    -8.82    7.08
  22414.330    36.949   -13.95    6.66
  22793.568    33.042   -10.30    7.38
  23172.889    27.845   -13.70    8.62
  23552.295    20.360   -19.73   10.41
  23931.786    16.336   -10.60    9.88
  24311.360    15.389    -2.49   10.57
  24691.019    15.907     1.37   11.47
  25070.762    18.041     5.62   11.31
  25450.590    15.916    -5.59   12.77
  25830.502    13.614    -6.06   13.67
  26210.498    11.346    -5.97   14.88
  26590.580     7.957    -8.92   14.84
  26970.745     3.203   -12.51   13.46
  27350.996    -1.681   -12.85    9.96
  27731.331    -5.582   -10.26    4.48
  28111.752    -7.011    -3.76    2.46
  28492.257    -7.561    -1.45    2.28
  28872.847    -8.116    -1.46    1.93
  29253.522    -8.552    -1.14    1.45
  29634.282    -8.908    -0.94    0.71
  30015.127    -9.011    -0.27    0.00
  30396.057    -9.011     0.00    0.00
  30777.073    -7.930     2.84    3.53
  31158.174    -5.001     7.69    7.78
  31539.360     6.104    29.13   20.31
  31920.631    18.635    32.87   24.44
  32285.983    32.816    38.81   21.76
  32651.144    43.700    29.81   13.24
  33016.381    49.484    15.84    8.38
  33381.695    51.714     6.10    7.35
  33747.087    54.613     7.93    5.06
  34112.555    56.049     3.93    3.92
  34478.101    57.291     3.40    2.41
  34843.725    58.418     3.08    1.36
  35209.426    59.473     2.89    1.63
  35575.204    60.762     3.52    2.07
  35941.059    62.239     4.04    2.84
  36306.992    64.304     5.64    3.68
  36673.003    65.242     2.56    3.64
  37039.091    65.744     1.37    3.26
  37405.257    66.530     2.15    2.68
  37771.501    67.333     2.19    2.50
  38137.823    68.777     3.94    2.61
  38504.222    70.418     4.48    2.53
  38870.699    72.234     4.96    2.11
  39237.254    73.639     3.83    2.03
  39603.887    74.848     3.30    1.73
  39970.598    75.639     2.16    1.81
  40337.387    76.360     1.97    2.14
  40704.254    77.846     4.05    2.94
  41071.199    79.565     4.68    3.33
  41438.223    82.145     7.03    3.08
  41805.325    83.858     4.66    2.55
  42172.505    85.609     4.77    4.05
  42539.763    91.529    16.12   10.18
  42907.100    99.166    20.79   13.56
  43274.515   112.120    35.26   18.79
  43642.009   125.105    35.33   20.24
  44009.581   138.673    36.91   19.39
  44377.232   148.919    27.87   18.82
  44744.962   157.370    22.98   15.73
  45112.770   163.619    16.99   13.67
  45480.657   169.293    15.42   10.28
  45848.623   171.969     7.27    8.55
  46216.668   173.368     3.80    6.88
  46584.792   174.224     2.32    5.98
  46952.994   174.244     0.06    5.66
  47321.276   171.593    -7.20    7.72
  47689.636   164.816   -18.40   11.86
  48058.076   155.851   -24.33   12.69
  48426.595   147.899   -21.58   11.32
  48795.193   141.815   -16.51    7.20
  49163.870   140.099    -4.65    4.20
  49532.627   140.422     0.88    3.89
  49901.463   143.265     7.71    4.29
  50270.379   145.305     5.53    4.23
  50639.374   147.683     6.44    3.86
  51008.448   150.110     6.58    4.28
  51377.602   153.946    10.39    5.42
  51746.835   156.628     7.26    5.70
  52116.149   157.674     2.83    5.35
  52485.542   157.888     0.58    5.84
  52855.014   157.082    -2.18    6.34
  53224.567   155.989    -2.96    5.94
  53594.199   156.009     0.05    5.43
  53963.912   156.864     2.31    5.45
  54333.704   157.181     0.86    5.38
  54703.576   158.385     3.26    5.78
  55073.529   159.639     3.39    6.39
  55443.561   161.837     5.94    6.07
  55813.674   163.529     4.57    6.26
  56183.867   164.781     3.38    6.45
  56554.140   165.928     3.10    6.63
  56924.494   164.777    -3.11    8.33
  57294.928   162.319    -6.64   11.04
  57665.442   156.787   -14.93   16.83
  58036.037   144.203   -33.96   28.27
  58406.712   126.269   -48.38   35.83
  58777.468   106.819   -52.46   35.74
  59148.305    93.395   -36.20   27.39
  59519.222    92.478    -2.47   22.42
  59890.220   113.821    57.53   37.73
  60261.299   140.855    72.86   36.18
  60632.459   164.020    62.41   24.24
  61003.699   176.332    33.17   15.70
  61375.021   182.999    17.95    9.75
  61746.423   186.816    10.28    8.64
  62117.907   193.886    19.03    8.31
  62489.472   201.813    21.33   12.86
  62861.118   212.684    29.25   16.03
  63232.845   225.119    33.45   17.61
  63604.653   235.967    29.18   13.24
  63976.543   236.415     1.20   10.72
  64348.514   233.443    -7.99   11.44
  64720.566   224.897   -22.97   12.37
  65092.700   216.316   -23.06   10.34
  65464.916   210.726   -15.02    8.33
  65837.213   208.226    -6.72    6.69
  66209.592   206.448    -4.77    4.61
  66582.052   207.264     2.19    5.23
  66954.595   207.742     1.28    5.88
  67327.219   207.080    -1.78    5.33
  67699.924   206.204    -2.35    5.73
  68072.712   205.959    -0.66    8.41
  68445.582   203.212    -7.37   12.63
  68818.534   200.272    -7.88   16.77
  69191.568   194.812   -14.64   17.78
  69564.683   193.109    -4.56   15.80
  69937.882   196.072     7.94   16.26
  70311.162   211.040    40.10   22.95
  70684.525   225.989    40.04   21.72
  71057.969   237.589    31.06   16.34
  71431.497   244.349    18.10    8.86
  71805.107   244.448     0.27    8.78
  72178.799   242.401    -5.48   10.00
  72552.574   240.614    -4.78   12.29
  72926.431   237.534    -8.24   13.77
  73300.371   230.109   -19.86   12.67
  73674.394   222.262   -20.98   10.90
  74048.500   216.723   -14.81    7.86
  74422.688   211.413   -14.19    9.07
  74796.959   207.895    -9.40    9.21
  75171.313   204.722    -8.48   10.48
  75545.751   205.224     1.34   14.52
  75920.271   205.141    -0.22   16.52
  76294.874   205.189     0.13   16.58
  76669.561   202.539    -7.07   16.17
  77044.330   202.242    -0.79   16.56
  77419.183   201.020    -3.26   17.17
  77794.119   202.543     4.06   16.62
  78169.139   203.812     3.38   14.34
  78544.242   203.239    -1.53   11.15
  78919.428   201.117    -5.66   10.08
  79294.699   198.659    -6.55   10.03
  79670.052   196.522    -5.69   14.32
  80045.489   201.246    12.59   21.11
  80421.010   205.787    12.09   25.26
  80796.615   202.989    -7.45   26.11
  81172.304   197.051   -15.81   25.66
  81548.076   190.069   -18.58   25.78
  81923.932   179.254   -28.78   23.37
  82299.873   167.662   -30.84   18.36
  82675.897   158.504   -24.36   12.50
  83052.005   154.211   -11.41    9.40
  83428.198   153.829    -1.02   11.26
  83804.474   153.209    -1.65   11.34
  84180.835   152.652    -1.48    9.64
  84557.281   152.752     0.26    9.72
  84933.810   153.898     3.04   11.80
  85310.424   154.601     1.87   11.68
  85687.123   155.249     1.72    9.69
  86063.906   158.546     8.75    9.66
  86440.774   162.197     9.69    9.15
  86817.726   164.163     5.22    8.30
  87194.763   158.732   -14.41   11.96
  87571.885   151.729   -18.57   15.01
  87949.091   147.229   -11.93   17.10
  88326.383   144.815    -6.40   20.26
  88703.759   145.850     2.74   20.51
  89081.220   148.531     7.10   19.91
  89458.767   158.060    25.24   23.66
  89836.398   172.052    37.06   27.81
  90214.115   188.559    43.70   30.68
  90591.917   199.968    30.20   27.35
  90969.804   208.787    23.34   22.08
  91347.776   210.193     3.72   16.62
  91725.834   208.239    -5.17   13.12
  92103.977   203.560   -12.37   13.95
  92482.206   191.749   -31.23   17.03
  92860.520   180.553   -29.60   16.93
  93238.920   167.019   -35.77   14.75
  93617.406   155.939   -29.28   13.73
  93995.977   143.272   -33.46   15.17
  94374.634   135.909   -19.45   13.49
  94753.377   133.199    -7.16    9.77
  95132.206   133.789     1.56   10.02
  95511.121   135.979     5.78   10.20
  95890.121   138.269     6.04   10.46
  96269.208   140.275     5.29   11.83
  96648.381   143.534     8.60   12.61
  97027.640   144.346     2.14   12.82
  97406.986   143.110    -3.26   13.06
  97786.417   141.805    -3.44   12.22
  98165.935   141.929     0.33    9.88
  98545.540   143.795     4.92   10.21
  98925.231   148.563    12.56   12.06
  99305.008   156.936    22.05   14.19
  99684.872   170.949    36.89   19.46
 100064.823   192.173    55.86   27.41
 100444.860   220.469    74.46   37.18
 100824.984   258.326    99.60   42.49
 101205.195   293.712    93.08   39.17
 101585.493   321.085    71.98   25.48
 101965.878   333.276    32.05   13.17
 102346.350   333.074    -0.53   14.82
 102726.909   318.724   -37.71   24.96
 103107.555   296.819   -57.55   28.77
 103488.288   272.246   -64.54   27.98
 103869.108   250.687   -56.62   19.45
 104250.016   236.068   -38.38   11.45
 104631.011   227.838   -21.60    6.98
 105012.093   221.880   -15.64    6.97
 105393.263   216.791   -13.35    7.13
 105774.521   210.538   -16.40    9.79
 106155.866   204.217   -16.58   10.21
 106537.299   201.870    -6.15    9.37
 106908.536   204.060     5.90   11.23
 107273.456   213.296    25.31   15.64
 107638.455   227.549    39.05   17.38
 108003.532   243.599    43.97   19.34
 108368.689   258.246    40.12   20.12
 108733.924   273.948    42.99   17.36
 109099.239   288.107    38.76   16.99
 109464.633   300.852    34.88   16.31
 109830.105   312.838    32.80   14.22
 110195.657   322.226    25.69   10.43
 110561.289   328.403    16.90    7.04
 110926.999   330.979     7.04    3.96
 111292.789   329.290    -4.62    7.08
 111658.659   320.593   -23.77   14.67
 112024.608   309.231   -31.05   17.70
 112390.636   294.479   -40.31   16.96
 112756.744   280.761   -37.47   15.19
 113122.931   269.089   -31.88   12.64
 113489.199   261.849   -19.77   11.00
 113855.545   253.229   -23.53   11.44
 114221.972   243.949   -25.33   14.44
 114588.479   234.848   -24.84   16.03
 114955.065   226.504   -22.76   13.93
 115321.731   219.801   -18.28   12.20
 115688.478   214.719   -13.86   13.72
 116055.304   208.685   -16.45   16.46
 116422.210   200.946   -21.09   19.02
 116789.197   190.682   -27.97   21.17
 117156.263   181.555   -24.87   19.08
 117523.410   172.419   -24.88   15.88
 117890.638   167.989   -12.06   15.76
 118257.945   159.669   -22.65   23.13
 118625.333   146.019   -37.16   28.63
 118992.801   129.833   -44.05   26.70
 119360.350   115.107   -40.07   15.08
 119727.980   108.442   -18.13    3.01
 120095.690   112.659    11.47   10.98
 120463.481   120.918    22.46   17.71
 120831.352   132.736    32.13   19.94
 121199.304   145.901    35.78   18.14
 121567.337   159.354    36.56   14.06
 121935.451   170.623    30.62   15.20
 122303.646   182.214    31.48   15.24
 122671.921   197.930    42.68   23.05
 123040.278   213.559    42.43   24.37
 123408.716   229.779    44.03   21.50
 123777.235   239.573    26.58   18.08
 124145.835   246.474    18.72   12.22
 124514.516   246.038    -1.18   11.87
 124883.279   239.163   -18.65   18.93
 125252.123   225.254   -37.71   23.17
 125621.048   210.787   -39.22   22.71
 125990.055   196.587   -38.48   18.52
 126359.144   188.389   -22.21   14.25
 126728.314   191.087     7.31   17.79
 127097.565   201.695    28.73   25.60
 127466.898   217.479    42.74   27.72
 127836.313   219.593     5.72   33.75
 128205.810   200.904   -50.58   49.51
 128575.388   194.460   -17.44   51.61
 128945.049   198.757    11.63   53.19
 129314.791   203.685    13.33   49.46
 129684.615   206.217     6.85   46.81
 130054.522   187.646   -50.21   55.72
 130424.510   177.264   -28.06   51.07
 130794.581   168.872   -22.68   46.23
 131164.733   170.583     4.62   45.84
 131534.968   179.201    23.28   42.47
 131905.286   178.950    -0.68   43.18
 132275.685   181.272     6.27   44.61
 132646.167   182.279     2.72   45.28
 133016.732   184.165     5.09   45.40
 133387.379   183.949    -0.58   46.45
 133758.109   186.783     7.64   46.80
 134128.921   193.494    18.10   44.94
 134499.816   208.215    39.69   34.80
 134870.794   220.536    33.22   12.98
 135241.855   221.098     1.51    9.08
 135612.998   216.949   -11.18   12.10
 135984.224   214.138    -7.57   20.40
 136355.534   211.197    -7.92   28.53
 136726.926   204.969   -16.77   35.52
 137098.401   193.391   -31.17   39.55
 137469.960   174.897   -49.78   39.17
 137841.602   160.902   -37.66   32.62
 138213.327   149.304   -31.20   19.21
 138585.135   153.293    10.73   21.93
 138957.026   156.070     7.47   24.09
 139329.001   162.685    17.79   25.44
 139701.060   167.239    12.24   24.32
 140073.202   170.773     9.50   20.13
 140445.428   171.732     2.57   14.32
 140817.737   173.605     5.03   11.20
 141190.130   175.920     6.22   12.59
 141562.606   182.360    17.29   14.66
 141935.167   188.087    15.37   13.59
 142307.811   192.527    11.91   11.27
 142680.539   196.368    10.31    8.99
 143053.351   199.712     8.97    8.77
 143426.247   203.715    10.74    9.38
 143799.228   209.259    14.87   10.08
 144172.292   215.842    17.65   10.72
 144545.441   222.128    16.85   10.15
 144918.673   228.635    17.44    9.39
 145291.991   234.058    14.53    9.16
 145665.392   239.928    15.72    9.51
 146038.878   245.675    15.39    8.15
 146412.448   250.663    13.35    5.82
 146786.103   254.097     9.19    3.55
 147159.843   254.149     0.14    3.91
 147533.667   249.793   -11.65    8.60
 147907.576   242.167   -20.40   11.69
 148281.569   231.227   -29.26   13.37
 148655.647   224.761   -17.29    9.57
 149029.811   222.811    -5.21    8.92
 149404.059   224.881     5.53    9.54
 149778.392   224.559    -0.86   10.68
 150152.810   221.436    -8.34   11.20
 150527.314   216.871   -12.19    8.28
 150901.902   217.391     1.39    7.60
 151276.576   219.546     5.75    6.88
 151651.335   222.116     6.86    5.71
 152026.179   224.699     6.89    2.44
 152401.109   224.863     0.44    1.58
 152776.124   224.259    -1.61    2.86
 153151.224   223.276    -2.62    3.89
 153526.410   222.692    -1.56    4.31
 153901.682   224.098     3.75    4.86
 154277.040   227.096     7.99    5.59
 154652.483   230.777     9.81    6.47
 155028.012   234.822    10.77    7.49
 155403.626   238.645    10.18    7.82
 155779.327   241.970     8.85    7.43
 156155.114   245.152     8.47    6.45
 156530.987   248.843     9.82    5.51
 156906.945   252.010     8.42    4.07
 157282.990   254.430     6.44    2.77
 157659.121   256.295     4.96    1.74
 158035.339   257.470     3.12    2.69
 158411.642   258.821     3.59    4.12
 158788.032   260.183     3.62    5.04
 159164.509   261.712     4.06    5.96
 159541.072   262.411     1.86    6.40
 159917.721   262.157    -0.67    7.05
 160294.457   260.484    -4.44    7.71
 160671.280   258.911    -4.18    7.63
 161048.190   255.919    -7.94    7.86
 161425.186   251.797   -10.94    9.04
 161802.269   246.370   -14.39    9.49
 162179.439   241.504   -12.91    8.41
 162556.696   237.124   -11.61    5.60
 162934.040   233.843    -8.70    3.63
 163311.471   231.479    -6.27    3.51
 163688.990   227.624   -10.21    5.66
 164066.595   222.895   -12.52    6.66
 164444.288   218.460   -11.75    7.19
 164822.068   215.534    -7.74    7.50
 165199.935   211.729   -10.07    8.92
 165577.890   207.157   -12.10    8.69
 165955.932   202.669   -11.87    6.97
 166334.062   199.509    -8.36    5.24
 166712.280   196.744    -7.31    2.98
 167090.585   195.175    -4.15    2.91
 167468.978   194.018    -3.06    3.09
 167847.458   193.144    -2.31    3.18
 168226.027   192.246    -2.37    3.32
 168604.684   191.547    -1.85    3.70
 168983.428   191.343    -0.54    4.24
 169362.261   191.665     0.85    4.33
 169741.181   193.071     3.71    3.93
 170120.190   194.797     4.55    2.95
 170499.287   196.120     3.49    2.08
 170878.472   196.173     0.14    2.11
 171257.746   195.254    -2.42    3.04
 171637.108   194.456    -2.11    3.06
 172016.558   194.359    -0.26    2.37
 172396.097   192.970    -3.66    4.03
 172775.725   189.785    -8.39    8.07
 173155.441   182.489   -19.22   12.63
 173535.246   173.696   -23.15   12.55
 173915.140   164.249   -24.87   12.75
 174295.122   156.305   -20.91   10.54
 174675.194   149.715   -17.34    8.98
 175055.354   144.646   -13.34    9.30
 175435.604   136.494   -21.44   11.83
 175815.942   127.215   -24.40   12.95
 176196.370   117.489   -25.57   11.97
 176576.886   110.088   -19.45    9.77
 176957.492   103.203   -18.09    7.88
 177338.188    98.705   -11.82    6.07
 177718.973    95.193    -9.22    4.66
 178099.847    94.118    -2.82    4.32
 178480.811    95.816     4.46    6.55
 178861.864    99.845    10.57    8.25
 179243.007   104.009    10.93    7.80
 179624.240   107.734     9.77    6.36
 180005.562   111.175     9.03    6.21
 180386.974   114.642     9.09    6.91
 180768.476   118.930    11.24    6.75
 181150.068   122.345     8.95    5.24
 181527.678   124.801     6.51    3.47
 181892.355   125.523     1.98    2.96
 182257.112   125.734     0.58    3.00
 182621.950   126.114     1.04    3.45
 182986.868   127.469     3.71    4.13
 183351.868   129.911     6.69    4.55
 183716.948   132.643     7.48    4.17
 184082.109   134.849     6.04    3.91
 184447.351   136.795     5.33    4.14
 184812.674   138.217     3.89    4.99
 185178.078   138.436     0.60    5.79
 185543.563   138.969     1.46    6.52
 185909.129   139.979     2.76    7.66
 186274.777   141.335     3.71    8.33
 186640.506   142.683     3.69    8.79
 187006.316   141.484    -3.28    9.70
 187372.207   138.407    -8.41    9.88
 187738.180   133.969   -12.13    8.53
 188104.235   130.902    -8.38    5.64
 188470.371   129.744    -3.16    3.11
 188836.588   132.952     8.76    5.97
 189202.887   137.939    13.62    7.57
 189569.268   143.527    15.26    7.30
 189935.731   147.608    11.14    6.61
 190302.275   152.232    12.62    7.08
 190668.901   157.124    13.34    8.07
 191035.609   162.734    15.30    8.04
 191402.400   165.374     7.20    7.68
 191769.272   166.539     3.18    8.18
 192136.226   163.999    -6.92    9.09
 192503.262   160.322   -10.02    9.46
 192870.381   155.553   -12.99    7.73
 193237.582   153.008    -6.93    5.28
 193604.865   153.816     2.20    6.47
 193972.230   159.239    14.76    9.47
 194339.678   163.891    12.66    8.60
 194707.208   166.469     7.02    6.18
 195074.821   162.085   -11.93    9.78
 195442.516   155.088   -19.03   11.60
 195810.294   150.076   -13.63    9.96
 196178.155   145.999   -11.08    7.29
 196546.098   142.791    -8.72    9.50
 196914.125   138.222   -12.42   11.78
 197282.234   130.805   -20.15   11.30
 197650.426   126.164   -12.61   11.02
 198018.700   120.305   -15.91   10.68
 198387.058   114.484   -15.80   12.01
 198755.499   109.070   -14.70   10.28
 199124.023   109.725     1.78   12.01
 199492.631   111.766     5.54   14.82
 199861.321   118.601    18.54   18.73
 200230.095   128.922    27.99   20.84
 200598.952   139.595    28.94   12.77
 200967.893   142.924     9.02    7.90
 201336.917   141.731    -3.23    9.93
 201706.024   130.864   -29.45   16.85
 202075.215   121.678   -24.88   17.88
 202444.490   114.537   -19.34   19.55
 202813.848   109.246   -14.33   20.50
 203183.290   104.801   -12.03   19.89
 203552.816    97.460   -19.87   18.03
 203922.426    86.581   -29.44   13.39
 204292.120    77.893   -23.50   12.40
 204661.898    69.649   -22.30    9.27
 205031.759    62.572   -19.14    6.83
 205401.705    57.902   -12.62    6.59
 205771.735    52.126   -15.61    7.74
 206141.849    44.532   -20.52   10.99
 206512.047    35.785   -23.63   10.10
 206882.330    29.210   -17.76    9.02
 207252.697    22.217   -18.88    8.39
 207623.148    22.018    -0.54    9.01
 207993.684    24.552     6.84   10.67
 208364.305    28.717    11.24   10.17
 208735.010    31.047     6.28    7.61
 209105.799    29.435    -4.35    7.20
 209476.674    25.319   -11.10    4.99
 209847.633    21.999    -8.95    5.37
 210218.677    19.046    -7.96    6.85
 210589.806    16.950    -5.65    6.92
 210961.020    14.637    -6.23    6.81
 211332.318    15.746     2.99    7.85
 211703.702    18.147     6.47    9.85
 212075.171    18.310     0.44   10.67
 212446.725    18.629     0.86   10.48
 212818.365    18.980     0.94   10.51
 213190.089    16.919    -5.54   10.47
 213561.899    19.989     8.26   11.11
 213933.795    24.416    11.91    8.72
 214305.775    22.313    -5.66    9.21
 214677.842    18.656    -9.83   10.16
 215049.994    14.724   -10.57    8.99
 215422.231    12.364    -6.34    8.73
 215794.554    11.444    -2.47   11.12
 216166.963     9.526    -5.15   12.57
 216539.458     5.415   -11.04   14.22
 216912.039     1.451   -10.64   15.19
 217284.705    -2.309   -10.09   15.12
 217657.458    -5.332    -8.11   14.43
 218030.297    -7.497    -5.81   13.30
 218403.221    -7.646    -0.40   12.30
 218776.232    -8.002    -0.95   11.88
 219149.329    -7.542     1.23   11.62
 219522.513    -4.411     8.39   12.34
 219895.782    -1.251     8.47   12.38
 220269.139     2.734    10.68   12.27
 220642.581     5.910     8.50   11.03
 221016.110     6.028     0.32    9.28
 221389.726     4.970    -2.83    8.96
 221763.428     7.162     5.87    9.42
 222137.217     7.018    -0.39    9.01
 222511.093     7.227     0.56    8.35
 222885.056     7.694     1.25    7.93
 223259.105     5.367    -6.22    6.84
 223633.241     4.227    -3.05    6.32
 224007.465     4.018    -0.56    6.34
 224381.775     5.191     3.13    7.03
 224756.173     4.646    -1.46    7.82
 225130.657     1.277    -9.00    9.29
 225505.229    -1.477    -7.35    9.19
 225879.889    -3.319    -4.92    8.57
 226254.635    -3.992    -1.80    6.76
 226629.469    -2.874     2.98    6.38
 227004.391    -1.737     3.03    6.33
 227379.400    -2.297    -1.49    5.69
 227754.496    -2.020     0.74    5.75
 228129.681    -2.261    -0.64    5.87
 228504.953    -1.530     1.95    7.07
 228880.313     0.047     4.20    7.83
 229255.760    -0.165    -0.56    7.97
 229631.296    -1.933    -4.71    7.37
 230006.919    -1.915     0.05    6.83
 230382.631    -1.535     1.01    7.11
 230758.430    -3.526    -5.30    7.47
 231134.318    -5.828    -6.13    7.67
 231510.294    -8.980    -8.38    6.78
 231886.358   -12.049    -8.16    4.11
 232262.511   -13.552    -3.99    2.77
 232638.752   -13.803    -0.67    2.48
 233015.081   -13.793     0.03    2.33
 233391.499   -13.436     0.95    2.57
 233768.005   -13.117     0.85    2.69
 234144.600    -7.735    14.29   10.33
 234521.284     2.027    25.92   18.30
 234898.057    13.431    30.27   20.36
 235274.918    20.789    19.53   16.91
 235651.868    19.783    -2.67   17.83
 236028.908    13.621   -16.35   17.96
 236406.036     4.448   -24.33   12.79
