-147031.679   240.306     0.00    1.99
-146656.617   241.660     3.61    2.13
-146281.637   243.745     5.56    2.69
-145906.737   246.108     6.30    3.00
-145531.919   248.742     7.03    3.00
-145157.181   251.077     6.23    2.71
-144782.524   253.527     6.54    2.49
-144407.948   255.737     5.90    2.60
-144033.452   257.653     5.12    2.00
-143659.037   258.768     2.98    1.43
-143284.703   259.393     1.67    1.07
-142910.449   259.450     0.15    1.22
-142536.276   259.115    -0.89    1.81
-142162.183   258.912    -0.54    2.49
-141788.170   259.871     2.56    3.50
-141414.238   262.345     6.62    4.43
-141040.386   264.573     5.96    3.93
-140666.615   266.631     5.51    2.63
-140292.923   268.208     4.22    2.43
-139919.312   269.860     4.42    3.31
-139545.781   271.745     5.04    4.19
-139172.330   273.850     5.64    4.43
-138798.959   276.081     5.98    4.81
-138425.667   278.387     6.18    4.93
-138052.456   279.538     3.08    4.39
-137679.324   278.573    -2.59    7.04
-137306.273   274.644   -10.53   11.92
-136933.301   267.193   -19.98   16.79
-136560.408   258.371   -23.66   18.74
-136187.596   250.462   -21.22   17.75
-135814.863   244.142   -16.96   13.33
-135442.209   240.073   -10.92    9.88
-135069.635   237.176    -7.78    6.40
-134697.140   234.471    -7.26    5.72
-134324.725   232.038    -6.53    4.61
-133952.389   229.701    -6.28    4.29
-133580.132   227.626    -5.57    3.32
-133207.955   226.696    -2.50    2.70
-132835.856   225.882    -2.19    2.16
-132463.837   226.716     2.24    2.28
-132091.897   227.032     0.85    2.08
-131720.036   226.538    -1.33    2.27
-131348.254   225.471    -2.87    2.49
-130976.551   223.548    -5.17    3.12
-130604.926   220.708    -7.64    3.76
-130233.381   218.180    -6.80    4.02
-129861.914   216.403    -4.78    4.84
-129490.526   216.079    -0.87    6.55
-129119.217   217.818     4.68    7.29
-128747.986   218.323     1.36    6.80
-128376.834   217.123    -3.23    5.99
-128005.761   215.102    -5.45    5.19
-127634.766   213.444    -4.47    4.69
-127263.849   210.545    -7.82    4.49
-126893.011   207.386    -8.52    5.15
-126522.251   203.762    -9.78    4.59
-126151.569   200.396    -9.08    4.46
-125780.966   196.938    -9.33    3.73
-125410.441   195.121    -4.90    3.69
-125039.994   193.132    -5.37    3.75
-124669.625   186.027   -19.18   12.03
-124299.334   183.073    -7.98   12.57
-123929.121   182.787    -0.77   12.67
-123558.986   184.683     5.12   12.41
-123188.929   191.009    17.10    2.53
-122818.949   192.355     3.64    1.13
-122449.048   193.021     1.80    1.04
-122079.224   193.963     2.55    1.63
-121709.478   195.034     2.90    1.92
-121339.810   196.027     2.69    2.07
-120970.219   196.937     2.46    1.86
-120600.706   197.996     2.87    1.97
-120231.270   198.903     2.46    2.12
-119861.912   200.229     3.59    1.59
-119492.631   201.155     2.51    1.15
-119123.428   201.808     1.77    0.80
-118754.302   202.046     0.65    0.68
-118385.253   202.186     0.38    0.61
-118016.281   202.329     0.39    0.69
-117647.387   202.784     1.23    0.90
-117278.569   203.442     1.79    1.16
-116909.829   204.215     2.10    1.77
-116541.166   204.600     1.04    2.13
-116172.579   204.903     0.82    2.49
-115804.070   205.102     0.54    2.87
-115435.637   204.777    -0.88    3.23
-115067.282   204.451    -0.88    4.28
-114699.003   204.551     0.27    5.27
-114330.801   204.905     0.96    6.68
-113962.675   205.839     2.54    7.71
-113594.627   207.792     5.31    8.74
-113226.654   208.590     2.17    9.90
-112858.759   208.371    -0.59   11.36
-112490.940   207.819    -1.50   11.80
-112123.197   207.281    -1.46   12.27
-111755.531   203.041   -11.53   14.94
-111387.941   200.587    -6.68   15.94
-111020.427   198.530    -5.60   14.93
-110652.990   199.056     1.43   13.70
-110285.629   198.815    -0.66   12.67
-109918.344   203.881    13.79   12.02
-109551.135   209.077    14.15    8.96
-109184.002   212.499     9.32    5.88
-108816.946   214.094     4.35    4.77
-108449.965   214.169     0.20    3.77
-108083.060   213.944    -0.61    3.24
-107716.231   214.201     0.70    3.86
-107349.478   215.271     2.92    5.50
-106982.801   216.549     3.49    7.21
-106616.199   218.685     5.83    8.27
-106249.674   220.608     5.25    6.95
-105883.224   220.652     0.12    6.88
-105516.849   216.534   -11.24   10.16
-105150.550   208.669   -21.47   13.22
-104784.327   199.839   -24.11   12.71
-104418.179   192.403   -20.31    9.65
-104052.106   187.473   -13.47    5.73
-103686.109   184.926    -6.96    4.47
-103320.187   183.787    -3.12    3.58
-102954.341   182.924    -2.36    2.81
-102588.569   182.637    -0.79    1.94
-102222.873   182.314    -0.88    1.48
-101857.252   181.871    -1.21    1.16
-101491.707   181.281    -1.61    1.02
-101126.236   180.496    -2.15    1.11
-100749.382   179.605    -2.36    1.38
-100368.257   178.779    -2.17    1.63
 -99987.214   177.892    -2.33    2.07
 -99606.255   177.415    -1.25    2.46
 -99225.378   177.036    -1.00    2.71
 -98844.584   176.828    -0.54    2.91
 -98463.873   176.976     0.39    2.80
 -98083.244   176.816    -0.42    2.30
 -97702.698   175.797    -2.68    2.45
 -97322.234   173.393    -6.32    3.64
 -96941.853   169.975    -8.99    5.56
 -96561.554   165.534   -11.68    7.24
 -96181.337   161.713   -10.05    8.06
 -95801.202   158.097    -9.51    8.23
 -95421.150   154.587    -9.24    7.38
 -95041.180   152.092    -6.57    5.94
 -94661.292   150.113    -5.21    3.51
 -94281.486   149.645    -1.23    2.03
 -93901.762   150.745     2.90    2.74
 -93522.120   153.158     6.36    3.91
 -93142.559   155.775     6.90    4.52
 -92763.081   159.147     8.89    4.78
 -92383.684   161.913     7.29    4.51
 -92004.370   164.318     6.34    4.89
 -91625.136   165.702     3.65    5.83
 -91245.985   167.621     5.06    6.59
 -90866.915   168.871     3.30    6.76
 -90487.926   170.179     3.45    6.71
 -90109.019   169.702    -1.26    7.34
 -89730.193   166.999    -7.14    8.25
 -89351.449   163.671    -8.79    8.58
 -88972.786   159.605   -10.74    8.32
 -88594.204   155.647   -10.45    8.69
 -88215.704   150.775   -12.87   10.03
 -87837.285   143.892   -18.19   11.98
 -87458.946   136.701   -19.01   12.39
 -87080.689   129.298   -19.57   11.29
 -86702.513   121.914   -19.53    9.64
 -86324.418   115.892   -15.93   10.06
 -85946.403   109.201   -17.70    9.62
 -85568.470   104.903   -11.37    8.85
 -85190.617   100.690   -11.15    8.67
 -84812.845    98.339    -6.22    9.04
 -84435.154    97.505    -2.21    9.42
 -84057.544    96.743    -2.02    8.88
 -83680.014    96.084    -1.75    7.40
 -83302.564    95.060    -2.71    5.50
 -82925.195    94.784    -0.73    4.42
 -82547.907    92.902    -4.99    3.68
 -82170.698    91.301    -4.25    2.89
 -81793.571    88.029    -8.68    5.99
 -81416.523    82.219   -15.41    8.64
 -81039.556    75.481   -17.87   10.23
 -80662.669    67.980   -19.91    8.94
 -80285.862    62.215   -15.30    6.82
 -79909.135    57.376   -12.84    5.22
 -79532.488    53.745    -9.64    6.01
 -79155.921    50.453    -8.74    6.42
 -78779.434    47.429    -8.03    7.06
 -78403.027    44.490    -7.81    6.90
 -78026.700    41.766    -7.24    5.80
 -77650.453    39.212    -6.79    4.28
 -77274.285    37.319    -5.03    3.01
 -76898.197    36.115    -3.20    1.79
 -76522.189    33.555    -6.81    5.34
 -76146.260    29.303   -11.31    9.04
 -75770.411    23.201   -16.24   10.88
 -75394.641    16.708   -17.28   10.52
 -75018.951    11.105   -14.92    8.27
 -74643.340     7.262   -10.23    4.33
 -74267.808     5.520    -4.64    2.59
 -73892.356     5.534     0.04    3.20
 -73516.983     5.429    -0.28    2.69
 -73141.689     6.425     2.66    3.50
 -72766.474     8.187     4.69    4.41
 -72391.338    11.310     8.33    5.97
 -72016.282    15.924    12.30    7.88
 -71641.304    18.312     6.37    8.44
 -71266.405    20.605     6.12    8.90
 -70891.586    20.381    -0.60    9.65
 -70516.845    21.467     2.90    9.29
 -70142.182    22.021     1.48    8.43
 -69767.599    22.871     2.27    7.66
 -69393.094    24.158     3.44    7.65
 -69018.668    26.183     5.41    7.30
 -68644.321    28.733     6.81    6.67
 -68270.052    32.456     9.95    4.01
 -67895.861    34.499     5.46    2.91
 -67521.749    35.624     3.01    1.67
 -67147.716    35.456    -0.45    1.90
 -66773.760    34.447    -2.70    2.57
 -66399.884    33.041    -3.76    2.82
 -66026.085    31.349    -4.53    3.57
 -65652.364    29.766    -4.24    4.56
 -65278.722    28.582    -3.17    5.66
 -64905.158    27.603    -2.62    6.25
 -64531.672    26.249    -3.63    6.87
 -64158.264    25.090    -3.10    6.80
 -63784.933    23.983    -2.96    6.13
 -63411.681    23.733    -0.67    5.82
 -63038.507    24.916     3.17    6.51
 -62665.410    28.050     8.40    7.51
 -62292.391    31.124     8.24    8.16
 -61919.450    35.786    12.50    9.03
 -61546.587    40.116    11.61    8.81
 -61173.801    45.088    13.34    7.92
 -60801.093    48.086     8.04    9.23
 -60428.462    50.688     6.98   10.19
 -60055.909    54.295     9.68   10.75
 -59683.433    58.179    10.43   11.26
 -59311.035    62.275    11.00   10.18
 -58938.714    67.585    14.26    8.10
 -58566.470    71.776    11.26    7.45
 -58194.304    76.433    12.51    7.74
 -57822.215    81.424    13.42    8.09
 -57450.202    86.757    14.34    8.60
 -57078.267    92.376    15.11    9.50
 -56706.409    96.926    12.24    9.22
 -56334.628    99.239     6.22    9.28
 -55962.924   102.604     9.05    9.22
 -55591.297   105.745     8.45    9.01
 -55219.747   108.425     7.22    8.31
 -54848.274   112.629    11.32    7.66
 -54476.877   115.179     6.87    6.49
 -54105.557   118.169     8.05    4.94
 -53734.314   119.701     4.13    4.11
 -53363.147   121.226     4.11    2.92
 -52992.057   122.105     2.37    1.82
 -52621.044   122.486     1.03    1.37
 -52250.107   122.650     0.44    1.37
 -51879.246   122.815     0.45    1.16
 -51508.462   122.892     0.21    0.74
 -51137.754   122.791    -0.27    0.66
 -50767.123   122.275    -1.39    0.77
 -50396.568   121.848    -1.15    0.80
 -50026.089   121.229    -1.67    1.21
 -49655.686   120.212    -2.75    1.88
 -49285.359   118.084    -5.75    3.07
 -48915.108   115.935    -5.80    3.42
 -48544.934   113.621    -6.25    2.95
 -48174.835   111.818    -4.87    2.43
 -47804.812   109.914    -5.15    2.37
 -47434.865   108.387    -4.13    2.26
 -47064.994   106.749    -4.43    1.85
 -46695.199   105.584    -3.15    1.67
 -46325.479   104.606    -2.64    1.54
 -45955.836   104.129    -1.29    1.49
 -45586.268   103.801    -0.89    1.71
 -45216.775   103.722    -0.21    1.75
 -44847.358   103.574    -0.40    1.66
 -44478.017   103.183    -1.06    1.42
 -44108.751   102.626    -1.51    1.37
 -43739.560   101.594    -2.80    1.57
 -43370.445   100.371    -3.31    1.92
 -43001.405    98.562    -4.90    2.09
 -42632.440    96.956    -4.35    2.23
 -42263.551    94.926    -5.50    2.27
 -41894.737    93.322    -4.35    2.13
 -41525.998    91.778    -4.19    1.71
 -41157.334    91.441    -0.91    1.71
 -40788.745    92.075     1.72    2.58
 -40420.231    93.774     4.61    3.64
 -40051.793    95.591     4.93    3.98
 -39683.429    97.669     5.64    4.34
 -39315.140    99.371     4.62    4.55
 -38946.925   100.935     4.25    4.21
 -38578.786   102.273     3.64    3.89
 -38210.721   103.816     4.19    3.77
 -37842.731   105.011     3.25    3.57
 -37474.816   106.173     3.16    3.13
 -37106.975   107.043     2.36    3.09
 -36739.209   107.837     2.16    3.03
 -36371.518   108.355     1.41    2.86
 -36003.900   108.730     1.02    2.91
 -35636.358   108.512    -0.59    2.64
 -35268.889   107.786    -1.98    2.54
 -34901.495   106.403    -3.76    2.64
 -34534.175   104.720    -4.58    2.60
 -34166.930   102.660    -5.61    2.39
 -33799.759   100.796    -5.08    2.24
 -33432.662    99.010    -4.86    2.12
 -33065.639    97.322    -4.60    2.09
 -32698.690    95.827    -4.08    1.90
 -32331.815    94.258    -4.28    1.65
 -31965.014    93.043    -3.31    1.49
 -31598.287    91.708    -3.64    1.33
 -31231.634    90.520    -3.24    1.52
 -30865.054    89.088    -3.91    1.80
 -30498.549    87.556    -4.18    2.21
 -30132.117    85.561    -5.44    2.68
 -29765.759    83.043    -6.87    3.45
 -29399.475    80.519    -6.89    3.26
 -29033.264    77.742    -7.58    3.64
 -28667.127    75.425    -6.33    3.15
 -28301.063    73.088    -6.38    2.86
 -27935.073    70.990    -5.73    2.53
 -27569.157    68.700    -6.26    2.66
 -27203.314    66.509    -5.99    2.47
 -26837.544    64.644    -5.10    2.08
 -26471.847    63.408    -3.38    1.75
 -26099.652    64.337     2.50    5.00
 -25718.690    67.742     8.94    7.25
 -25337.809    71.962    11.08    6.98
 -24957.009    75.339     8.87    4.30
 -24576.289    76.721     3.63    0.36
 -24195.650    76.828     0.28    0.20
 -23815.091    76.815    -0.04    0.23
 -23434.612    76.850     0.09    0.15
 -23054.214    76.871     0.06    0.00
 -22673.896    76.871     0.00    0.00
 -22293.659    76.871     0.00    0.00
 -21913.502    76.871     0.00    0.00
 -21533.424    76.871     0.00    0.00
 -21153.427    76.784    -0.23    0.35
 -20773.510    76.247    -1.41    1.13
 -20393.673    75.036    -3.19    2.07
 -20013.916    73.774    -3.32    1.90
 -19634.239    72.773    -2.64    1.19
 -19254.642    71.806    -2.55    1.47
 -18875.124    70.686    -2.95    2.15
 -18495.686    69.258    -3.76    1.95
 -18116.328    68.197    -2.80    1.19
 -17737.050    67.701    -1.31    0.76
 -17357.851    67.860     0.42    0.85
 -16978.732    68.436     1.52    1.54
 -16599.692    69.204     2.03    2.12
 -16220.732    70.751     4.08    2.66
 -15841.851    72.301     4.09    3.12
 -15463.050    75.349     8.05    5.61
 -15084.328    78.720     8.90    7.46
 -14705.685    83.871    13.60    9.86
 -14327.121    88.161    11.33   11.30
 -13948.636    95.398    19.12   13.80
 -13570.231   103.774    22.13   17.07
 -13191.905   117.903    37.35   23.38
 -12813.657   132.473    38.52   26.00
 -12435.489   153.382    55.29   31.31
 -12057.400   172.739    51.20   38.17
 -11679.389   181.827    24.04   39.95
 -11301.457   184.816     7.91   37.89
 -10923.604   177.011   -20.66   37.40
 -10545.830   158.574   -48.80   39.21
 -10168.134   130.828   -73.46   47.07
  -9790.517   101.782   -76.92   41.07
  -9412.979    80.892   -55.33   24.89
  -9035.519    69.426   -30.38    6.41
  -8658.138    68.338    -2.88    5.21
  -8280.835    68.071    -0.71    5.71
  -7903.610    68.295     0.59    5.80
  -7526.464    67.949    -0.92    5.82
  -7149.396    68.469     1.38    5.05
  -6772.406    68.904     1.16    4.16
  -6395.495    69.023     0.32    3.63
  -6018.661    66.226    -7.42    9.68
  -5641.906    52.490   -36.46   22.64
  -5265.229    40.673   -31.37   23.05
  -4888.630    35.327   -14.19   18.27
  -4512.109    34.212    -2.96   14.90
  -4135.665    40.980    17.98   10.23
  -3759.300    44.486     9.32    2.29
  -3383.012    43.316    -3.11    2.22
  -3006.802    42.303    -2.69    2.03
  -2630.670    40.871    -3.81    1.96
  -2254.615    39.359    -4.02    1.98
  -1878.638    36.860    -6.65    4.63
  -1502.739    30.087   -18.02   13.48
  -1126.917    21.387   -23.15   16.95
   -751.173    13.996   -19.67   16.63
   -375.506     6.387   -20.25   12.76
      0.084     2.118   -11.37    6.22
    375.596     2.947     2.21    5.96
    751.031     5.015     5.51    7.12
   1126.389     7.588     6.85    7.77
   1501.669     9.793     5.88    7.64
   1876.872    11.990     5.86    7.41
   2251.999    14.482     6.64    7.19
   2627.048    16.903     6.46    8.26
   3002.020    19.271     6.31    8.77
   3376.915    20.451     3.15    8.39
   3751.734    20.493     0.11    6.75
   4126.475    18.505    -5.30    5.35
   4501.140    16.793    -4.57    3.47
   4875.728    15.645    -3.06    1.93
   5250.239    15.893     0.66    3.34
   5624.673    17.398     4.02    5.92
   5999.031    19.066     4.46    7.39
   6373.313    21.058     5.32    8.48
   6747.517    23.052     5.33    9.33
   7121.646    24.466     3.78   10.86
   7495.697    25.610     3.06   12.15
   7869.673    25.089    -1.39   13.37
   8243.572    22.469    -7.01   13.10
   8617.395    18.545   -10.50   11.08
   8991.141    15.403    -8.41    6.19
   9364.811    14.115    -3.45    0.68
   9738.405    14.327     0.57    0.67
  10111.923    14.313    -0.04    0.81
  10485.365    13.936    -1.01    0.99
  10858.731    13.406    -1.42    1.10
  11232.021    12.740    -1.78    1.15
  11605.235    12.152    -1.58    1.09
  11978.373    11.733    -1.12    0.98
  12351.435    11.409    -0.87    0.86
  12724.422    11.827     1.12    2.32
  13097.333    16.215    11.77   12.32
  13470.167    23.515    19.58   19.16
  13842.927    34.161    28.56   24.10
  14215.610    47.215    35.03   24.00
  14588.219    58.279    29.69   17.83
  14960.751    67.160    23.84    5.93
  15333.208    69.088     5.18    2.77
  15705.590    67.644    -3.88    5.40
  16077.896    65.161    -6.67    6.52
  16450.127    61.882    -8.81    6.04
  16822.283    59.343    -6.82    4.31
  17194.363    58.689    -1.76    2.69
  17566.368    59.621     2.50    2.67
  17938.299    61.394     4.77    2.35
  18310.153    62.795     3.77    2.38
  18681.933    64.057     3.39    3.58
  19053.638    65.563     4.05    4.83
  19425.268    67.417     4.99    5.36
  19796.823    67.161    -0.69    5.20
  20168.303    67.790     1.69    4.44
  20539.708    68.349     1.50    4.28
  20911.038    69.371     2.75    4.23
  21282.294    71.664     6.18    3.63
  21653.475    73.791     5.73    3.08
  22024.581    76.251     6.63    3.66
  22395.613    79.640     9.13    5.14
  22766.570    84.805    13.92    6.55
  23137.452    89.958    13.89    6.43
  23508.260    95.075    13.80    5.18
  23878.993    98.903    10.33    4.37
  24249.653   102.410     9.46    4.05
  24620.237   105.719     8.93    4.47
  24990.748   109.239     9.50    4.46
  25361.184   112.153     7.87    3.90
  25731.546   114.534     6.43    2.99
  26101.834   116.512     5.34    2.57
  26472.047   117.941     3.86    2.50
  26842.187   119.171     3.32    2.34
  27212.253   120.045     2.36    1.83
  27582.244   120.110     0.17    1.40
  27952.162   120.371     0.71    1.42
  28322.005   121.559     3.21    3.21
  28691.775   124.104     6.88    6.01
  29061.471   127.462     9.08    6.68
  29431.093   131.071     9.76    6.51
  29800.642   134.581     9.50    5.71
  30170.116   136.762     5.90    4.28
  30539.517   138.515     4.75    3.48
  30908.845   139.501     2.67    3.09
  31278.099   140.848     3.65    3.68
  31647.279   145.099    11.52    7.99
  32016.386   155.487    28.14   15.81
  32385.419   173.193    47.98   24.02
  32754.379   194.287    57.17   26.75
  33123.266   217.371    62.58   22.90
  33492.080   231.814    39.16   15.01
  33860.820   239.739    21.49    5.71
  34229.487   240.360     1.68    3.33
  34598.081   239.387    -2.64    4.41
  34966.601   239.025    -0.98    5.64
  35335.049   238.626    -1.08    6.97
  35703.423   238.382    -0.66    7.83
  36071.725   238.526     0.39    9.31
  36439.953   237.664    -2.34    9.76
  36808.109   234.150    -9.55   13.40
  37176.192   221.936   -33.18   23.42
  37544.202   211.579   -28.14   24.03
  37912.139   204.266   -19.87   19.13
  38280.003   203.269    -2.71   14.65
  38647.795   210.726    20.28   12.22
  39015.514   210.949     0.60   23.21
  39383.160   202.421   -23.19   45.88
  39750.734   188.387   -38.18   58.30
  40118.236   167.484   -56.88   65.57
  40485.664   146.088   -58.23   62.50
  40853.021   124.704   -58.21   50.05
  41220.305   120.327   -11.92   41.15
  41587.516   149.894    80.51   68.18
  41954.656   197.970   130.94   78.28
  42321.723   243.538   124.14   59.70
  42688.718   276.115    88.77   14.02
  43055.640   280.958    13.20    6.20
  43422.491   273.815   -19.47   27.81
  43789.269   257.021   -45.79   50.11
  44155.976   240.439   -45.22   56.04
  44522.610   234.871   -15.19   58.76
  44889.172   238.671    10.37   63.42
  45255.663   251.091    33.89   65.24
  45622.081   263.824    34.75   71.11
  45988.428   269.849    16.45   66.87
  46354.703   269.994     0.40   65.70
  46720.906   268.354    -4.48   57.96
  47087.037   269.849     4.08   54.04
  47453.097   258.983   -29.68   55.41
  47819.085   250.849   -22.22   58.94
  48185.001   245.115   -15.67   57.67
  48552.894   240.004   -13.89   51.06
  48933.695   235.022   -13.08   50.04
  49314.418   241.556    17.16   49.89
  49695.063   247.325    15.16   48.82
  50075.628   255.937    22.63   48.96
  50456.116   271.814    41.73   43.67
  50836.525   280.271    22.23   44.13
  51216.856   272.632   -20.08   56.90
  51597.109   257.157   -40.70   72.20
  51977.283   229.482   -72.79   74.29
  52357.380   200.689   -75.75   54.20
  52737.398   189.738   -28.82   32.95
  53117.338   202.769    34.30   50.03
  53497.200   221.497    49.30   55.18
  53876.984   248.053    69.92   61.40
  54256.691   277.804    78.35   59.73
  54636.319   315.098    98.23   51.47
  55015.870   353.626   101.51   37.78
  55395.343   376.417    60.06   30.46
  55774.738   395.201    49.51   26.43
  56154.055   410.905    41.40   13.61
  56533.295   415.719    12.69    9.96
  56912.457   417.907     5.77    9.74
  57291.542   422.970    13.36   14.32
  57670.549   431.394    22.23   20.62
  58049.479   446.512    39.89   30.46
  58428.332   464.510    47.51   33.28
  58807.107   482.730    48.10   35.07
  59185.804   498.743    42.28   30.85
  59564.425   508.197    24.97   28.60
  59942.968   513.941    15.17   25.69
  60321.434   519.113    13.66   23.08
  60699.823   517.382    -4.57   27.02
  61078.135   519.490     5.57   38.75
  61456.370   532.138    33.44   39.94
  61834.528   541.493    24.74   43.59
  62212.609   555.859    38.00   46.99
  62590.613   562.961    18.79   46.81
  62968.541   576.041    34.61   42.57
  63346.391   600.793    65.50   63.41
  63724.165   665.112   170.25  108.75
  64101.862   744.926   211.31  145.00
  64479.483   823.859   209.02  137.30
  64857.027   862.949   103.53  118.06
  65234.494   904.666   110.51  114.09
  65611.885   940.376    94.62  117.76
  65989.199   996.409   148.50  131.32
  66366.437  1034.704   101.51  123.39
  66743.599  1024.258   -27.70  136.98
  67120.684  1009.738   -38.51  140.32
  67497.693  1003.135   -17.51  127.67
  67874.626  1011.693    22.70  117.14
  68251.482  1087.348   200.74  125.48
  68628.263  1144.115   150.66  110.40
  69004.967  1188.575   118.02   94.63
  69381.595  1206.760    48.28   97.19
  69758.147  1252.017   120.18  114.40
  70134.624  1314.657   166.38  123.08
  70511.024  1381.691   178.08  103.97
  70887.349  1412.567    82.04   88.43
  71263.597  1421.984    25.03  104.22
  71639.770  1399.904   -58.69  111.86
  72015.867  1368.916   -82.39  125.99
  72391.889  1331.107  -100.55  134.99
  72767.835  1301.560   -78.59  120.89
  73143.705  1311.060    25.27  106.27
  73519.500  1299.860   -29.80  104.99
  73895.219  1269.915   -79.69  116.24
  74270.863  1236.805   -88.14  102.00
  74646.431  1213.315   -62.54   57.35
  75021.924  1227.723    38.37   60.22
  75397.341  1218.326   -25.03   91.83
  75772.684  1168.746  -132.09  128.28
  76147.951  1119.315  -131.71  103.79
  76523.143  1131.019    31.19  112.57
  76898.259  1200.905   186.29  155.69
  77273.301  1292.166   243.32  126.70
  77648.268  1325.138    87.93  112.88
  78023.159  1329.664    12.07  128.75
  78397.976  1350.455    55.47  138.45
  78772.718  1386.009    94.87  117.54
  79147.384  1407.226    56.63   96.98
  79521.976  1375.682   -84.21  132.09
  79896.494  1274.693  -269.63  160.59
  80270.936  1167.004  -287.58  154.95
  80645.304  1061.343  -282.22  152.28
  81019.597   952.689  -290.27  149.61
  81393.815   841.761  -296.41  156.83
  81767.959   746.997  -253.27  121.26
  82142.029   700.049  -125.50   82.97
  82516.024   691.541   -22.75   69.36
  82889.944   733.736   112.84  107.72
  83263.790   835.216   271.43  163.17
  83637.562   922.983   234.80  155.04
  84011.259   986.353   169.57  139.79
  84384.882   970.792   -41.65  144.88
  84758.431   916.573  -145.14  107.58
  85131.906   894.420   -59.31   66.38
  85505.307   895.000     1.55   48.03
  85878.633   940.860   122.83   63.27
  86251.886   996.545   149.18   82.63
  86625.064  1047.453   136.41   89.65
  86998.169  1103.883   151.23   85.34
  87371.199  1173.049   185.40   97.83
  87744.156  1247.692   200.13  135.34
  88117.039  1346.983   266.26  143.24
  88489.848  1392.978   123.37  119.33
  88862.584  1381.747   -30.13  120.88
  89235.246  1348.336   -89.65  107.73
  89607.834  1361.393    35.04  114.93
  89980.348  1412.124   136.18  102.18
  90352.789  1426.017    37.30   97.37
  90725.156  1373.916  -139.91  146.01
  91097.450  1307.638  -178.01  133.94
  91469.671  1282.914   -66.42  108.90
  91841.818  1328.426   122.29  128.90
  92213.892  1389.541   164.24  126.80
  92585.892  1435.462   123.43  142.73
  92957.819  1427.882   -20.38  163.52
  93329.673  1408.916   -51.00  149.64
  93701.454  1397.015   -32.01  108.38
  94073.162  1423.541    71.36  104.84
  94444.796  1478.691   148.39  110.76
  94816.358  1554.986   205.32  128.70
  95187.846  1640.560   230.34  163.12
  95559.262  1726.801   232.18  152.18
  95930.605  1766.567   107.08  123.22
  96301.874  1764.676    -5.09  105.22
  96673.071  1680.129  -227.75  135.29
  97044.196  1567.570  -303.27  127.21
  97415.247  1468.121  -268.00  104.56
  97786.226  1408.716  -160.12   64.84
  98157.132  1411.805     8.33   85.10
  98527.965  1468.057   151.68  147.07
  98898.726  1533.738   177.14  155.82
  99269.414  1580.285   125.56  145.87
  99640.030  1619.693   106.32  150.67
 100010.573  1651.204    85.03  167.90
 100381.044  1701.388   135.45  149.99
 100751.443  1730.905    79.68  126.00
 101121.769  1731.189     0.77  124.98
 101492.023  1695.726   -95.77  115.68
 101862.205  1628.734  -180.96  111.31
 102232.314  1565.882  -169.81  132.61
 102602.352  1485.331  -217.67  114.20
 102972.317  1457.280   -75.81   85.47
 103342.210  1425.002   -87.26   92.89
 103712.031  1344.949  -216.45  163.50
 104081.780  1222.076  -332.29  188.65
 104451.457  1075.507  -396.45  158.45
 104821.063   956.561  -321.79  100.42
 105190.596   878.992  -209.90   82.91
 105560.058   829.871  -132.94   39.43
 105929.448   817.860   -32.51   28.67
 106298.766   812.572   -14.32   27.42
 106668.012   809.526    -8.25   30.36
 107037.187   789.101   -55.32   38.04
 107406.290   760.444   -77.63   34.19
 107775.322   748.541   -32.25   27.16
 108144.282   764.973    44.53   50.40
 108513.170   803.545   104.55   70.96
 108881.987   870.089   180.41   87.30
 109250.733   944.660   202.21  101.14
 109619.407  1045.348   273.09  129.62
 109988.010  1144.691   269.49  157.04
 110356.542  1249.834   285.28  154.37
 110725.002  1310.803   165.45  139.08
 111093.391  1364.015   144.44  108.42
 111461.709  1401.960   103.01  107.98
 111829.956  1469.092   182.29  105.38
 112198.132  1549.894   219.45  116.01
 112566.237  1629.503   216.25  116.46
 112934.271  1726.803   264.36  140.28
 113302.234  1824.314   264.98  123.53
 113670.126  1886.780   169.78   87.58
 114037.947  1888.332     4.22   81.65
 114405.697  1832.332  -152.26  121.74
 114773.377  1739.702  -251.91  144.78
 115140.985  1634.348  -286.57  154.03
 115508.523  1521.938  -305.82  154.16
 115875.991  1430.787  -248.03  121.21
 116243.387  1415.939   -40.41  101.08
 116610.713  1470.151   147.57  147.75
 116977.969  1578.178   294.12  163.84
 117345.154  1674.557   262.46  119.52
 117712.268  1735.882   167.03   84.91
 118079.313  1776.813   111.51   98.50
 118446.286  1810.649    92.19  110.79
 118813.190  1839.043    77.38  101.24
 119180.023  1840.066     2.79  129.13
 119546.786  1795.073  -122.67  163.77
 119913.478  1681.848  -308.75  150.28
 120280.101  1606.304  -206.03  112.48
 120646.653  1587.133   -52.30  121.72
 121013.135  1624.915   103.09  166.20
 121379.547  1712.811   239.86  183.78
 121745.889  1777.575   176.77  127.94
 122112.161  1772.162   -14.78  126.73
 122478.363  1671.837  -273.93  192.61
 122844.496  1532.973  -379.24  203.73
 123210.558  1362.780  -464.89  179.68
 123589.056  1217.779  -383.06  142.59
 123969.623  1095.107  -322.31  110.70
 124350.114  1023.382  -188.49   85.51
 124730.528   979.062  -116.49   59.61
 125110.866   964.216   -39.03   40.62
 125491.128   985.894    57.00   50.71
 125871.313  1022.659    96.69   59.92
 126251.423  1069.725   123.81   90.54
 126631.456  1141.883   189.85  145.74
 127011.413  1247.446   277.80  206.03
 127391.294  1330.621   218.93  214.24
 127771.099  1359.538    76.13  175.86
 128150.828  1342.244   -45.54  141.65
 128530.482  1289.460  -139.02  115.47
 128910.059  1239.027  -132.85   86.76
 129289.561  1214.837   -63.74   73.50
 129668.986  1209.311   -14.56   79.45
 130048.336  1236.994    72.97  103.58
 130427.611  1285.997   129.19  127.79
 130806.809  1336.264   132.55  139.71
 131185.932  1383.285   124.01  146.73
 131564.980  1393.638    27.31  136.09
 131943.952  1408.227    38.49  112.01
 132322.849  1426.567    48.40  103.66
 132701.670  1470.666   116.40  106.76
 133080.416  1527.689   150.54  102.25
 133459.086  1557.343    78.30   87.15
 133837.681  1573.365    42.32   83.35
 134216.201  1642.291   182.08  117.20
 134594.646  1713.917   189.24  134.67
 134973.016  1796.041   217.03  145.65
 135351.310  1884.382   233.50  160.77
 135729.530  2030.678   386.76  206.75
 136107.674  2104.859   196.15  176.13
 136485.743  2141.738    97.53  140.15
 136863.738  2113.526   -74.63  149.13
 137241.658  2054.026  -157.42  135.15
 137619.502  2007.977  -121.86  139.76
 137997.272  1990.434   -46.43  140.93
 138374.968  1977.395   -34.52  140.12
 138752.588  1942.450   -92.53  138.63
 139130.134  1889.401  -140.50  153.21
 139507.605  1840.166  -130.42  129.60
 139885.002  1826.930   -35.07  104.51
 140262.324  1878.404   136.40  120.16
 140639.572  1947.554   183.28  113.36
 141016.745  1965.493    47.56  100.36
 141393.844  1975.811    27.36   94.69
 141770.868  1915.618  -159.63  118.89
 142147.819  1850.383  -173.04  122.36
 142524.694  1867.155    44.50  126.44
 142901.496  1885.109    47.64  134.21
 143278.224  1882.564    -6.75  134.96
 143654.877  1830.319  -138.69  147.26
 144031.456  1722.028  -287.53  146.92
 144407.961  1651.894  -186.26  106.00
 144784.393  1662.107    27.13  103.76
 145160.750  1707.871   121.58  142.48
 145537.033  1762.780   145.91  153.30
 145913.243  1817.836   146.33  124.72
 146289.378  1846.882    77.21  101.87
 146665.440  1841.231   -15.02   75.92
 147041.428  1839.825    -3.74   87.12
 147417.342  1832.412   -19.72   99.91
 147793.183  1781.837  -134.55  117.26
 148168.950  1729.606  -138.98  124.75
 148544.643  1672.473  -152.06  103.11
 148920.263  1623.871  -129.38   72.45
 149295.810  1600.200   -63.02   52.76
 149671.283  1617.767    46.78   79.54
 150046.682  1679.632   164.78  124.34
 150422.009  1775.801   256.20  136.43
 150797.261  1845.166   184.83   99.15
 151172.441  1860.561    41.03   88.89
 151547.547  1803.710  -151.54  138.25
 151922.581  1677.336  -336.93  150.07
 152297.541  1586.007  -243.54  113.23
 152672.428  1569.043   -45.25  109.62
 153047.241  1620.337   136.83  152.38
 153421.982  1738.336   314.85  179.81
 153796.650  1839.163   269.08  164.92
 154171.245  1944.066   280.01  125.27
 154545.767  1981.522   100.00  103.51
 154920.216  1976.592   -13.17  125.90
 155294.593  1952.678   -63.87  139.44
 155668.896  1904.089  -129.79  136.95
 156043.127  1851.189  -141.34  142.50
 156417.285  1772.847  -209.36  156.18
 156791.371  1664.691  -289.09  158.80
 157165.384  1543.824  -323.12  138.83
 157539.324  1438.043  -282.85  144.87
 157913.192  1321.755  -311.00  149.26
 158286.987  1243.423  -209.53  129.87
 158660.710  1168.499  -200.46   62.21
 159034.361  1139.348   -78.01   24.51
 159407.939  1129.059   -27.54   11.97
 159781.445  1127.984    -2.88   11.06
 160154.878  1131.718    10.00   14.85
 160528.240  1140.791    24.30   20.48
 160901.529  1153.026    32.77   29.05
 161274.746  1172.112    51.13   44.84
 161647.891  1207.133    93.84   71.39
 162020.964  1265.101   155.36  119.40
 162393.965  1343.954   211.38  154.22
 162766.894  1440.726   259.46  177.73
 163139.751  1553.859   303.38  170.56
 163512.536  1632.411   210.69  154.10
 163885.249  1672.883   108.57  153.35
 164257.890  1684.986    32.47  200.08
 164630.460  1644.164  -109.56  259.68
 165002.958  1571.814  -194.20  255.71
 165375.384  1498.639  -196.46  204.31
 165747.739  1463.826   -93.48  148.51
 166120.022  1469.546    15.36  126.12
 166492.233  1494.147    66.09  145.86
 166864.373  1563.590   186.58  184.01
 167236.441  1641.212   208.59  204.74
 167608.438  1744.100   276.55  219.37
 167980.364  1836.951   249.62  217.35
 168352.218  1919.365   221.60  205.10
 168724.001  1972.181   142.04  174.87
 169095.713  2002.208    80.77  169.13
 169467.353  2032.155    80.57  154.91
 169838.922  2028.138   -10.81  141.66
 170210.420  1998.606   -79.48  130.10
 170581.847  1972.124   -71.29  142.24
 170953.203  1906.803  -175.87  147.03
 171324.488  1867.618  -105.53  146.54
 171695.702  1816.185  -138.53  128.29
 172066.844  1803.984   -32.87  106.11
 172437.916  1824.942    56.47  103.10
 172808.917  1887.927   169.75  126.66
 173179.848  1929.124   111.05  116.55
 173550.707  1929.255     0.35  109.41
 173921.496  1887.557  -112.44  128.57
 174292.214  1804.655  -223.60  148.65
 174662.861  1682.755  -328.84  161.62
 175033.438  1580.382  -276.21  154.88
 175403.944  1494.977  -230.48  110.58
 175774.380  1477.124   -48.19   99.86
 176144.745  1513.237    97.49  145.72
 176515.039  1597.744   228.19  181.36
 176885.263  1645.688   129.48  180.20
 177255.417  1594.928  -137.11  202.28
 177625.501  1507.395  -236.49  193.46
 177995.514  1396.615  -299.35  151.21
 178365.456  1306.076  -244.71   95.49
 178735.329  1247.746  -157.68   54.91
 179105.131  1212.494   -95.31   26.59
 179474.864  1193.227   -52.10   23.13
 179844.526  1185.227   -21.64   20.05
 180214.118  1180.166   -13.69   20.44
 180583.640  1172.606   -20.46   22.00
 180953.092  1163.028   -25.92   23.54
 181322.474  1149.342   -37.05   23.56
 181691.786  1129.283   -54.31   19.98
 182061.029  1117.337   -32.35   19.28
 182430.201  1111.557   -15.65   14.42
 182799.304  1115.348    10.27   18.59
 183168.337  1133.118    48.15   31.76
 183537.300  1166.519    90.51   53.72
 183906.194  1223.196   153.62   89.34
 184275.018  1303.325   217.23  124.48
 184643.772  1381.127   210.96  121.79
 185012.457  1450.996   189.48  118.77
 185381.072  1503.773   143.16  111.51
 185749.618  1566.997   171.53  129.75
 186118.094  1637.538   191.41  130.55
 186486.501  1716.319   213.81  131.83
 186854.839  1780.305   173.69   94.43
 187223.107  1780.767     1.26   90.34
 187591.306  1742.974  -102.63  107.74
 187959.436  1667.400  -205.26   99.81
 188327.496  1619.803  -129.30   64.09
 188695.488  1606.032   -37.42   53.23
 189063.410  1626.999    56.98   75.35
 189431.263  1695.348   185.78  118.08
 189799.047  1774.239   214.47  135.37
 190166.762  1859.040   230.58  116.04
 190534.408  1947.756   241.27  123.75
 190901.985  2070.883   334.92  171.48
 191269.494  2222.814   413.35  219.64
 191636.933  2314.993   250.83  195.52
 192004.304  2308.469   -17.76  190.03
 192371.606  2256.811  -140.62  202.51
 192738.839  2171.720  -231.68  172.05
 193106.003  2147.533   -65.86  173.70
 193473.099  2144.723    -7.65  177.46
 193840.126  2138.262   -17.60  171.63
 194207.084  2074.216  -174.50  186.90
 194573.974  1998.984  -205.02  154.66
 194940.796  1928.306  -192.65  108.73
 195307.549  1895.041   -90.69  122.98
 195674.233  1879.264   -43.02  136.03
 196040.849  1808.503  -192.98  120.33
 196407.397  1737.090  -194.80  103.22
 196773.877  1693.439  -119.09   98.21
 197140.288  1649.651  -119.49   94.41
 197506.631  1603.457  -126.08   88.89
 197872.906  1583.650   -54.07   68.66
 198247.386  1626.250   113.74  115.69
 198627.800  1720.124   246.73  153.45
 199008.139  1838.196   310.39  147.54
 199388.403  1928.322   236.97  114.51
 199768.594  1937.041    22.93  107.40
 200148.710  1910.517   -69.77  141.20
 200528.752  1794.371  -305.57  172.10
 200908.720  1681.118  -298.01  137.35
 201288.613  1609.382  -188.80  109.93
 201668.433  1572.335   -97.52   59.96
 202048.178  1576.629    11.31   59.96
 202427.850  1588.859    32.21   59.76
 202807.447  1593.394    11.94   51.78
 203186.971  1599.475    16.02   57.64
 203566.421  1598.301    -3.09   73.17
 203945.797  1596.026    -6.00   85.34
 204325.099  1591.162   -12.82   92.77
 204704.327  1579.406   -30.99   78.36
 205083.482  1596.097    44.02  100.13
 205462.563  1617.766    57.15  114.26
 205841.570  1666.799   129.35  136.12
 206220.504  1725.541   154.99  153.65
 206599.365  1734.359    23.27  154.80
 206978.151  1702.710   -83.54  144.71
 207356.865  1659.908  -113.00  121.86
 207735.505  1610.962  -129.25  111.80
 208114.072  1566.733  -116.81   99.79
 208492.565  1561.273   -14.42  100.00
 208870.985  1571.550    27.15  111.67
 209249.332  1571.986     1.15  105.69
 209627.606  1556.822   -40.08   97.75
 210005.806  1528.289   -75.43   81.06
 210383.934  1501.425   -71.03   73.65
 210761.988  1473.101   -74.91   78.97
 211139.969  1431.801  -109.25   78.93
 211517.878  1404.436   -72.40   57.97
 211895.713  1400.778    -9.68   59.92
 212273.476  1408.837    21.33   71.97
 212651.165  1433.573    65.48   66.89
 213028.782  1457.106    62.31   68.70
 213406.326  1443.200   -36.83   77.21
 213783.798  1416.621   -70.40   98.31
 214161.196  1369.592  -124.59  103.99
 214538.522  1313.638  -148.26   56.31
 214915.776  1294.824   -49.86   15.00
 215292.957  1290.010   -12.76   19.10
 215670.065  1284.289   -15.17   19.30
 216047.101  1293.907    25.50   36.41
 216424.065  1346.457   139.38   93.04
 216800.956  1422.530   201.81  123.53
 217177.775  1528.216   280.42  135.71
 217554.521  1627.456   263.37  128.33
 217931.195  1698.255   187.92  126.23
 218307.797  1739.151   108.58  136.51
 218684.327  1737.813    -3.55  164.01
 219060.784  1673.328  -171.27  201.76
 219437.170  1591.964  -216.13  165.33
 219813.483  1543.058  -129.94  124.76
 220189.725  1532.196   -28.86  125.21
 220565.894  1551.458    51.20  133.52
 220941.992  1549.723    -4.61  128.00
 221318.017  1526.483   -61.79   97.39
 221693.971  1540.196    36.47  104.71
 222069.853  1557.933    47.18  114.42
 222445.663  1551.475   -17.18  110.32
 222821.402  1547.271   -11.19   95.47
 223197.068  1535.813   -30.50   73.20
 223572.663  1566.305    81.17  110.04
 223948.187  1620.055   143.11  155.69
 224323.639  1682.907   167.38  180.61
 224699.019  1690.731    20.84  178.73
 225074.328  1657.957   -87.31  174.68
 225449.566  1588.170  -185.95  167.80
 225824.732  1504.954  -221.77  115.12
 226199.826  1481.710   -61.96   76.96
 226574.850  1485.280     9.52   68.49
 226949.802  1518.764    89.28   82.38
 227324.682  1534.027    40.71   75.23
 227699.492  1520.515   -36.05   75.41
 228074.230  1490.034   -81.32   66.19
 228448.898  1458.022   -85.43   47.12
 228823.494  1430.725   -72.86   21.80
 229198.019  1416.777   -37.23   16.03
 229572.473  1407.247   -25.44   12.28
 229946.857  1402.721   -12.09   13.03
 230321.169  1394.010   -23.27   16.13
 230695.410  1391.592    -6.46   16.97
 231069.581  1398.432    18.28   23.53
 231443.681  1416.603    48.57   35.10
 231817.710  1459.952   115.88   55.69
 232191.668  1485.296    67.76   61.39
 232565.555  1511.752    70.75   64.07
 232939.372  1503.706   -21.52   76.68
 233313.119  1442.407  -163.98  102.31
 233686.795  1374.394  -181.98  117.10
 234060.400  1293.173  -217.36  102.20
 234433.935  1230.731  -167.13   62.27
 234807.399  1192.603  -102.08   33.77
 235180.793  1175.882   -44.77   16.29
 235554.116  1169.225   -17.83    6.88
 235927.370  1169.662     1.17    5.40
 236300.553  1175.034    14.39    6.89
 236673.665  1179.239    11.27    7.52
 237046.708  1185.493    16.76    7.09
 237419.680  1192.073    17.64    6.97
 237792.582  1199.305    19.39    8.45
 238165.414  1209.767    28.06   18.07
 238538.176  1230.288    55.04   34.01
 238910.868  1258.569    75.87   62.45
 239283.491  1286.811    75.78   83.99
 239656.043  1298.836    32.27   98.89
 240028.525  1287.389   -30.73   90.25
 240400.937  1279.365   -21.54   65.02
 240773.280  1286.710    19.72   70.55
 241145.553  1318.388    85.08   95.19
 241517.756  1370.871   140.98  115.01
 241889.889  1449.999   212.59  145.93
 242261.953  1527.783   209.02  161.00
 242633.947  1607.836   215.16  152.63
 243005.872  1665.433   154.83  112.30
 243377.727  1677.036    31.19   93.83
 243749.512  1661.021   -43.07   79.65
 244121.228  1615.271  -123.05   81.66
 244492.875  1541.158  -199.38  101.14
 244864.452  1465.166  -204.47   99.35
 245235.960  1412.414  -141.97   60.91
 245607.398  1410.859    -4.18   58.71
 245978.768  1441.587    82.73   92.08
 246350.068  1464.266    61.07   96.27
 246721.299  1475.633    30.61   92.87
 247092.460  1503.506    75.08   99.79
 247463.553  1544.090   109.34  122.56
 247834.577  1643.000   266.54  161.46
 248205.531  1739.728   260.70  135.11
 248576.417  1762.499    61.38  107.21
 248947.233  1727.944   -93.17  126.45
 249317.981  1700.288   -74.58  105.91
 249688.659  1720.413    54.28  102.53
 250059.269  1756.894    98.42   97.96
 250429.810  1768.506    31.33  102.79
 250800.283  1753.577   -40.29  129.88
 251170.686  1745.955   -20.57  133.05
 251541.021  1768.288    60.29  136.86
 251911.287  1812.952   120.61  139.77
 252281.485  1845.726    88.51  121.40
 252651.614  1855.668    26.86  114.81
 253021.674  1816.220  -106.58  114.49
 253391.666  1765.083  -138.18  125.00
 253761.590  1711.497  -144.83  122.40
 254131.445  1662.311  -132.96  104.73
 254501.232  1605.529  -153.52   79.59
 254870.950  1579.032   -71.66   74.28
 255240.600  1564.225   -40.05   73.57
 255610.182  1555.743   -22.94   71.22
 255979.696  1532.508   -62.87   81.87
 256349.141  1495.499  -100.16   85.88
 256718.518  1469.271   -70.99   59.92
 257087.827  1492.012    61.57   79.19
 257457.068  1533.621   112.66   93.51
 257826.241  1573.930   109.17   99.86
 258195.346  1600.458    71.86  105.81
 258564.383  1628.997    77.32  112.19
 258933.352  1650.642    58.65  110.45
 259302.253  1669.647    51.51  110.14
 259671.086  1685.538    43.07  107.07
 260039.851  1717.301    86.12  112.39
 260408.549  1759.510   114.46  121.46
 260777.179  1825.228   178.24  131.99
 261145.741  1913.204   238.65  150.82
 261514.236  2035.411   331.57  156.42
 261882.662  2065.038    80.40  125.74
 262251.022  2014.967  -135.90  164.09
 262619.313  1915.777  -269.27  191.61
 262987.538  1806.740  -296.05  150.57
 263355.694  1777.756   -78.71  140.70
 263723.783  1760.649   -46.47  162.31
 264091.805  1729.728   -84.00  182.72
 264459.760  1663.871  -178.94  178.42
 264827.647  1612.569  -139.42  129.93
 265195.466  1635.558    62.49  140.04
 265563.219  1760.034   338.41  176.44
 265930.904  1905.757   396.24  167.58
 266298.522  2033.730   348.04  150.66
 266666.073  2124.064   245.72  121.32
 267033.557  2098.055   -70.76  148.28
 267400.974  2040.835  -155.70  158.95
 267768.323  1999.592  -112.25  148.95
 268135.606  2012.353    34.74  147.53
 268502.822  2059.979   129.67  138.69
 268869.971  2064.009    10.97  127.87
 269237.052  1992.895  -193.69  153.14
 269604.067  1903.882  -242.48  126.01
 269971.016  1858.377  -123.98   82.02
 270337.897  1902.276   119.63  120.83
 270704.712  1961.083   160.29  133.62
 271071.460  1991.289    82.34  121.44
 271438.141  1992.558     3.46  129.34
 271804.755  1929.127  -172.98  143.92
 272171.303  1846.542  -225.26  105.73
 272537.785  1785.577  -166.32  107.02
 272908.559  1731.686  -145.32   95.90
 273288.820  1671.696  -157.72  105.36
 273669.009  1639.175   -85.52  118.97
 274049.126  1633.657   -14.51  140.28
 274429.170  1650.721    44.89  158.38
 274809.142  1675.789    65.96  154.90
 275189.042  1665.606   -26.80  143.17
 275568.869  1643.192   -59.00  131.79
 275948.625  1576.192  -176.39  136.68
 276328.308  1494.730  -214.51  159.58
 276707.919  1381.106  -299.25  168.11
 277087.458  1268.570  -296.44  148.57
 277466.925  1172.907  -252.04  104.54
 277846.321  1130.138  -112.70   59.36
 278225.644  1144.490    37.83   87.95
 278604.895  1219.871   198.72  151.51
 278984.075  1318.645   260.44  173.20
 279363.182  1381.296   165.22  171.41
 279742.218  1368.153   -34.67  180.22
 280121.183  1302.765  -172.51  182.71
 280500.075  1220.680  -216.60  161.17
 280878.896  1134.771  -226.73   91.72
