# NaN NaN NaN ;Mean Elev.(m), Avg Gradient(m/km), RMS Gradient(m/km) - SRTM1     
#    5.469  -2.007  17.608 ;Mean Elev.(m), Avg Gradient(m/km), RMS Gradient(m/km) - ASTER GDEM
#    6.067  -1.365  16.692 ;Mean Elev.(m), Avg Gradient(m/km), RMS Gradient(m/km) - GMTED2010 
  8    72.676 52478.84610132  7.93 226.475485  67.398151 16.961
  8    71.675 52478.84610197  8.05 226.471935  67.395101 16.961
  8    69.245 52478.84610261  9.29 226.468385  67.392041 16.961
  8    66.181 52478.84610326 12.11 226.464835  67.388981 16.961
  8     9.134 52478.84610390 14.88 226.461292  67.385919 10.481
  8     9.051 52478.84610455 13.72 226.457742  67.382859 10.481
  9     6.176 52513.84604614 44.25 226.476189  67.397677 18.554
  9     7.000 52513.84604679 42.37 226.472639  67.394617 18.554
  9     5.134 52513.84604743 38.17 226.469089  67.391557 18.554
  9     6.873 52513.84604808 40.39 226.465549  67.388497 18.554
  9     6.276 52513.84604872 43.41 226.461999  67.385437 18.554
 10     8.902 52548.84609013 36.60 226.487379  67.394225 25.511
 10     7.866 52548.84609078 41.52 226.483829  67.391165 25.511
 10     7.710 52548.84609142 38.04 226.480279  67.388105 25.511
 10     7.336 52548.84609207 28.30 226.476729  67.385045 25.511
 10     7.234 52548.84609271 31.52 226.473177  67.381990  8.713
 10     8.278 52548.84609336 39.11 226.469637  67.378930  8.713
 10     6.149 52548.84609400 39.55 226.466087  67.375870  8.713
 11    92.027 52583.84608295 15.45 226.483866  67.396650  4.209
 11    91.427 52583.84608359 15.95 226.480316  67.393590  4.209
 11    95.656 52583.84608424 15.85 226.476766  67.390530  4.209
 11    90.394 52583.84608488 16.76 226.473226  67.387470  4.209
 11    75.295 52583.84608553 15.65 226.469676  67.384410  4.209
 11    95.792 52583.84608617 15.44 226.466126  67.381350  4.209
 11    95.182 52583.84608681 15.41 226.462586  67.378290  4.209
 12    93.692 52618.84605848 11.67 226.470266  67.403181  4.606
 12    92.862 52618.84605913 13.90 226.466716  67.400121  4.606
 12    71.452 52618.84605977 14.97 226.463166  67.397061  4.606
 12    97.114 52618.84606041 15.72 226.459626  67.394001  4.606
 12    87.154 52618.84606106 15.08 226.456076  67.390941  4.606
 13    92.451 52653.84603940 13.67 226.489836  67.393244  3.661
 13    91.261 52653.84604005 13.14 226.486296  67.390184  3.661
 13    91.906 52653.84604069 12.50 226.482746  67.387124  3.661
 13    93.653 52653.84604134 12.54 226.479196  67.384064  3.661
 13    94.307 52653.84604198 13.41 226.475646  67.381004  3.661
 13    93.909 52653.84604263 13.55 226.472106  67.377944  3.661
 13    96.835 52653.84604327 13.20 226.468556  67.374884  3.661
 14    94.234 52688.84603594  7.50 226.472996  67.402560  3.002
 14    92.200 52688.84603659  8.73 226.469446  67.399500  3.002
 14    88.678 52688.84603723 11.18 226.465896  67.396440  3.002
 14    96.970 52688.84603788 11.16 226.462346  67.393380  3.002
 14    88.267 52688.84603852 11.82 226.458806  67.390320  3.002
 14    74.741 52688.84603917 11.52 226.455256  67.387260  3.002
 15    92.911 52723.84608193  7.16 226.482157  67.397134  2.860
 15    91.734 52723.84608258  5.41 226.478607  67.394074  2.860
 15    90.107 52723.84608322  7.45 226.475057  67.391014  2.860
 15    94.639 52723.84608387  6.58 226.471507  67.387954  2.860
 15    94.959 52723.84608451  6.21 226.467957  67.384894  2.860
 15    95.213 52723.84608516  6.34 226.464417  67.381834  2.860
 17    93.372 52793.84605663  8.33 226.492402  67.392036  7.317
 17    93.324 52793.84605727  5.63 226.488852  67.388976  7.317
 17    93.081 52793.84605792  4.78 226.485302  67.385916  7.317
 17    94.423 52793.84605856  5.01 226.481752  67.382856  7.317
 17    95.783 52793.84605921  5.46 226.478202  67.379796  7.317
 17    97.084 52793.84605985  6.68 226.474662  67.376736  7.317
 17    97.587 52793.84606049  6.14 226.471112  67.373676  7.317
 18     8.833 52828.84612418 42.95 226.492639  67.391501 14.833
 18     8.056 52828.84612483 45.20 226.489089  67.388441 14.833
 18     9.323 52828.84612547 39.45 226.485539  67.385381 14.833
 18    10.364 52828.84612612 38.82 226.481989  67.382321 14.833
 18     8.676 52828.84612676 37.08 226.478439  67.379261 14.833
 18    10.310 52828.84612741 33.02 226.474899  67.376201 14.833
 18     7.763 52828.84612805 37.93 226.471349  67.373141 14.833
 19     7.541 52863.84616895 27.55 226.489680  67.392081 14.756
 19     8.349 52863.84616959 28.74 226.486130  67.389021 14.756
 19     9.388 52863.84617023 28.52 226.482590  67.385961 14.756
 19     9.450 52863.84617088 36.57 226.479040  67.382901 14.756
 19     7.761 52863.84617152 37.23 226.475490  67.379841 14.756
 19     8.350 52863.84617217 33.14 226.471940  67.376781 14.756
 20    96.275 52898.84619771  7.52 226.473673  67.398000  5.976
 20    90.414 52898.84619835  6.27 226.470123  67.394940  5.976
 20    97.568 52898.84619900  5.98 226.466573  67.391880  5.976
 20    96.972 52898.84619964  5.92 226.463023  67.388820  5.976
 20    91.851 52898.84620029  5.99 226.459483  67.385760  5.976
 21    94.584 52933.84614122 13.61 226.470602  67.404738 12.692
 21    92.903 52933.84614187 12.17 226.467052  67.401678 12.692
 21    70.040 52933.84614251 12.09 226.463503  67.398616 11.617
 21    69.146 52933.84614316 12.26 226.459953  67.395556 11.617
 21    69.444 52933.84614380 14.82 226.456403  67.392496 11.617
 22    91.907 52968.84615430 13.18 226.487433  67.394985  3.189
 22    91.608 52968.84615494 13.60 226.483873  67.391935  3.189
 22    95.267 52968.84615559 12.76 226.480333  67.388875  3.189
 22    94.544 52968.84615623 11.98 226.476783  67.385815  3.189
 22    94.787 52968.84615688 12.88 226.473233  67.382755  3.189
 22    94.872 52968.84615752 13.30 226.469683  67.379695  3.189
 22    96.377 52968.84615817 13.67 226.466143  67.376635  3.189
 23    93.260 53003.84617448  7.87 226.474895  67.400364  3.320
 23    89.845 53003.84617512 10.24 226.471345  67.397304  3.320
 23    88.853 53003.84617577 10.83 226.467795  67.394244  3.320
 23    89.857 53003.84617641 10.38 226.464245  67.391184  3.320
 23    88.578 53003.84617706 11.17 226.460705  67.388124  3.320
 23    75.737 53003.84617770 11.45 226.457155  67.385064  3.320
 24    93.882 53038.84612324  5.45 226.467623  67.403350  3.825
 24    90.402 53038.84612388  7.32 226.464075  67.400290  2.659
 24    87.160 53038.84612452  8.20 226.460525  67.397230  2.659
 24    87.259 53038.84612517  9.23 226.456985  67.394170  2.659
 24    88.191 53038.84612581  9.75 226.453435  67.391110  2.659
 25    91.532 53073.84615303  6.65 226.475295  67.398172  2.808
 25    89.785 53073.84615368  7.95 226.471745  67.395112  2.808
 25    89.581 53073.84615432  7.87 226.468195  67.392052  2.808
 25    89.785 53073.84615496  8.33 226.464655  67.388992  2.808
 25    75.947 53073.84615561  9.00 226.461105  67.385932  2.808
 25    91.201 53073.84615625  9.19 226.457555  67.382872  2.808
 26    97.647 53108.84612270  2.91 226.469237  67.407195  4.297
 26    97.705 53108.84612334  2.66 226.465687  67.404135  4.297
 26    97.841 53108.84612399  3.19 226.462143  67.401073  2.729
 26    97.221 53108.84612463  5.67 226.458593  67.398013  2.729
 26    87.235 53108.84612527  5.67 226.455053  67.394953  2.729
 27    92.768 53143.84616324  4.01 226.483742  67.395990  3.546
 27    91.871 53143.84616388  4.05 226.480192  67.392930  3.546
 27    91.587 53143.84616453  4.64 226.476642  67.389870  3.546
 27    90.879 53143.84616517  4.64 226.473092  67.386810  3.546
 27    90.617 53143.84616582  3.62 226.469542  67.383750  3.546
 27    77.063 53143.84616646  4.26 226.466002  67.380690  3.546
 28    10.573 53178.84618106 40.43 226.482056  67.396388 16.320
 28     8.521 53178.84618171 45.91 226.478516  67.393328 16.320
 28     9.853 53178.84618235 43.24 226.474966  67.390268 16.320
 28    10.462 53178.84618300 40.68 226.471416  67.387208 16.320
 28     9.735 53178.84618364 44.89 226.467866  67.384148 16.320
 28     9.037 53178.84618429 43.40 226.464326  67.381088 16.320
 29     8.082 53213.84620255 43.45 226.476224  67.395983 22.789
 29     6.194 53213.84620320 44.61 226.472672  67.392926 10.585
 29     4.268 53213.84620384 39.25 226.469132  67.389866 10.585
 29     8.273 53213.84620449 36.73 226.465582  67.386806 10.585
 29     8.165 53213.84620513 42.60 226.462032  67.383746 10.585
 29     6.107 53213.84620578 42.26 226.458492  67.380686 10.585
 30     6.505 53248.84617153 40.95 226.472001  67.399457 17.613
 30     4.163 53248.84617218 42.98 226.468451  67.396397 17.613
 30     6.368 53248.84617282 29.79 226.464901  67.393337 17.613
 30     7.701 53248.84617347 28.60 226.461351  67.390277 17.613
 30     7.924 53248.84617411 37.90 226.457811  67.387217 17.613
 31    92.578 53283.84616579 13.50 226.484756  67.393208  4.071
 31    94.967 53283.84616644 12.85 226.481206  67.390148  4.071
 31    92.116 53283.84616708 12.56 226.477656  67.387088  4.071
 31    95.910 53283.84616773 11.14 226.474106  67.384028  4.071
 31    95.439 53283.84616837 11.97 226.470556  67.380968  4.071
 31    96.690 53283.84616902 12.07 226.467006  67.377908  4.071
 32    92.708 53318.84615915 11.70 226.486819  67.394807  5.615
 32    91.939 53318.84615979 11.67 226.483269  67.391747  5.615
 32    91.744 53318.84616044 11.85 226.479718  67.388691  3.326
 32    90.922 53318.84616108 12.59 226.476168  67.385631  3.326
 32    89.573 53318.84616173 11.76 226.472618  67.382571  3.326
 32    93.998 53318.84616237 11.31 226.469078  67.379511  3.326
 33    92.544 53353.84612533 10.08 226.477042  67.399177  3.923
 33    89.330 53353.84612598 12.04 226.473494  67.396117  2.922
 33    86.042 53353.84612662 12.45 226.469944  67.393057  2.922
 33    96.032 53353.84612727 12.18 226.466394  67.389997  2.922
 33    89.260 53353.84612791 12.10 226.462854  67.386937  2.922
 33    91.489 53353.84612856 12.08 226.459304  67.383877  2.922
 34    91.219 53388.84612646 11.65 226.487039  67.391648  2.351
 34    91.448 53388.84612710 11.68 226.483489  67.388588  2.351
 34    91.856 53388.84612775 11.38 226.479949  67.385528  2.351
 34    89.971 53388.84612839 12.08 226.476399  67.382468  2.351
 34    79.220 53388.84612904 12.77 226.472849  67.379408  2.351
 34    87.268 53388.84612968 11.84 226.469299  67.376348  2.351
 35    91.158 53423.84612529 11.00 226.481431  67.395846  2.920
 35    70.169 53423.84612594 11.46 226.477881  67.392786  2.920
 35    72.168 53423.84612658 11.61 226.474331  67.389726  2.920
 35    94.714 53423.84612723 10.24 226.470781  67.386666  2.920
 35    81.441 53423.84612787 10.16 226.467241  67.383606  2.920
 35    78.216 53423.84612852 10.01 226.463691  67.380546  2.920
 36    92.247 53458.84613106  8.24 226.491309  67.390459  2.486
 36    92.587 53458.84613170  6.98 226.487759  67.387399  2.486
 36    93.370 53458.84613235  7.66 226.484209  67.384339  2.486
 36    94.760 53458.84613299  6.82 226.480659  67.381279  2.486
 36    96.086 53458.84613363  6.45 226.477119  67.378219  2.486
 36    97.227 53458.84613428  7.41 226.473569  67.375159  2.486
 38    91.695 53528.84619253  6.45 226.481079  67.394551  4.617
 38    89.971 53528.84619317  6.12 226.477529  67.391491  4.617
 38    76.458 53528.84619382  6.91 226.473979  67.388431  4.617
 38    77.776 53528.84619446  6.88 226.470429  67.385371  4.617
 38    78.909 53528.84619511  8.80 226.466889  67.382311  4.617
 38    13.653 53528.84619575 14.82 226.463339  67.379251  4.617
 39    73.655 53563.84622203 10.03 226.471189  67.400575 16.090
 39    73.431 53563.84622267  8.46 226.467640  67.397517  6.408
 39    70.706 53563.84622332  9.34 226.464090  67.394457  6.408
 39    72.647 53563.84622396  8.76 226.460540  67.391397  6.408
 39    72.151 53563.84622461  8.10 226.456990  67.388337  6.408
 41    70.788 53633.84616012  8.26 226.485416  67.392792 19.571
 41    66.792 53633.84616077 10.46 226.481866  67.389732 19.571
 41     8.075 53633.84616141 18.48 226.478316  67.386672 19.571
 41    10.467 53633.84616206 26.10 226.474764  67.383618 10.961
 41    62.031 53633.84616270 13.78 226.471214  67.380558 10.961
 41     6.860 53633.84616335 11.70 226.467674  67.377498 10.961
 42    90.201 53668.84618154 14.95 226.476700  67.396930  4.614
 42    90.621 53668.84618218 14.53 226.473160  67.393870  4.614
 42    90.248 53668.84618283 14.96 226.469610  67.390810  4.614
 42    91.415 53668.84618347 13.61 226.466060  67.387750  4.614
 42    93.282 53668.84618412 13.08 226.462510  67.384690  4.614
 42    95.180 53668.84618476 14.18 226.458970  67.381630  4.614
 43    96.362 53703.84612227  4.29 226.478287  67.396792  2.831
 43    91.352 53703.84612292  5.40 226.474747  67.393732  2.831
 43    90.532 53703.84612356  5.34 226.471197  67.390672  2.831
 43    88.731 53703.84612421  5.73 226.467647  67.387612  2.831
 43    92.498 53703.84612485  5.49 226.464107  67.384552  2.831
 43    95.428 53703.84612550  5.64 226.460557  67.381492  2.831
 44    96.813 53738.84603071  2.69 226.468713  67.402701  4.260
 44    90.414 53738.84603135  5.40 226.465163  67.399641  4.260
 44    70.907 53738.84603200  7.20 226.461613  67.396581  4.260
 44    70.287 53738.84603264  7.65 226.458073  67.393521  4.260
 44    71.383 53738.84603329  7.66 226.454523  67.390461  4.260
 45    92.524 53773.84604851  6.22 226.487245  67.393636  3.560
 45    89.478 53773.84604916  7.66 226.483691  67.390580  2.616
 45    91.312 53773.84604980  6.97 226.480151  67.387520  2.616
 45    91.315 53773.84605045  6.63 226.476601  67.384460  2.616
 45    93.969 53773.84605109  6.95 226.473051  67.381400  2.616
 45    96.116 53773.84605174  7.24 226.469511  67.378340  2.616
 46    93.532 53808.84603294  5.93 226.472666  67.400819  3.508
 46    90.126 53808.84603358  8.78 226.469116  67.397759  3.508
 46    87.774 53808.84603423  9.51 226.465576  67.394699  3.508
 46    88.987 53808.84603487  9.37 226.462025  67.391634  2.944
 46    87.874 53808.84603552  9.79 226.458475  67.388574  2.944
 48    20.914 53878.84610401 22.79 226.485112  67.392871 15.563
 48    21.173 53878.84610466 25.51 226.481562  67.389811 15.563
 48    21.738 53878.84610530 33.71 226.478012  67.386751 15.563
 48    21.782 53878.84610595 34.67 226.474472  67.383691 15.563
 48    21.939 53878.84610659 40.02 226.470922  67.380631 15.563
 48    21.637 53878.84610724 43.71 226.467372  67.377571 15.563
 49    90.762 53913.84615789  5.88 226.475397  67.397211 16.068
 49    73.367 53913.84615854  6.63 226.471850  67.394153  7.002
 49    90.619 53913.84615918  6.68 226.468300  67.391093  7.002
 49    89.633 53913.84615983  6.91 226.464750  67.388033  7.002
 49    77.639 53913.84616047  7.69 226.461210  67.384973  7.002
 49    12.111 53913.84616112 14.03 226.457660  67.381913  7.002
 50     7.973 53948.84616970 42.13 226.470594  67.400112 19.567
 50     6.715 53948.84617035 46.54 226.467044  67.397052 19.567
 50     8.417 53948.84617099 43.62 226.463497  67.393992 15.139
 50     8.572 53948.84617164 43.96 226.459947  67.390932 15.139
 50     8.600 53948.84617228 43.00 226.456407  67.387872 15.139
 51     7.204 53983.84610982 44.24 226.470759  67.399233 21.350
 51     7.046 53983.84611047 43.67 226.467219  67.396173 21.350
 51     8.357 53983.84611111 43.45 226.463668  67.393111 11.792
 51     8.620 53983.84611176 43.38 226.460118  67.390051 11.792
 51     8.350 53983.84611240 46.28 226.456578  67.386991 11.792
 52    92.864 54018.84614270  5.63 226.488187  67.392515 17.780
 52    71.229 54018.84614335  7.11 226.484640  67.389461  8.493
 52    90.501 54018.84614399  7.53 226.481090  67.386401  8.493
 52    73.363 54018.84614464  8.00 226.477540  67.383341  8.493
 52    75.841 54018.84614528  6.95 226.474000  67.380281  8.493
 52    76.718 54018.84614592  8.05 226.470450  67.377221  8.493
 53    92.990 54053.84613394 15.57 226.488932  67.394572  4.608
 53    92.280 54053.84613458 16.22 226.485382  67.391516  2.917
 53    94.873 54053.84613523 15.55 226.481832  67.388456  2.917
 53    92.178 54053.84613587 14.46 226.478292  67.385396  2.917
 53    94.285 54053.84613652 16.23 226.474742  67.382336  2.917
 53    95.551 54053.84613716 15.41 226.471202  67.379276  2.917
 53    96.621 54053.84613781 15.32 226.467652  67.376216  2.917
 54    91.921 54088.84612550 14.20 226.473752  67.397279  3.904
 54    90.695 54088.84612615 14.19 226.470207  67.394219  3.153
 54    96.754 54088.84612679 13.93 226.466657  67.391159  3.153
 54    97.198 54088.84612744 14.09 226.463107  67.388099  3.153
 54    95.722 54088.84612808 14.10 226.459567  67.385039  3.153
 55    93.072 54123.84604835 10.52 226.492305  67.392753  2.641
 55    93.569 54123.84604899 11.34 226.488755  67.389693  2.641
 55    92.275 54123.84604964 11.59 226.485205  67.386643  2.641
 55    92.485 54123.84605028 11.72 226.481655  67.383583  2.641
 55    93.082 54123.84605093 11.42 226.478105  67.380523  2.641
 55    95.573 54123.84605157 11.73 226.474555  67.377463  2.641
 55    97.279 54123.84605221 11.45 226.471015  67.374403  2.641
 56    92.375 54158.84608968  8.97 226.480535  67.398100  3.195
 56    91.538 54158.84609032  9.66 226.476985  67.395040  3.195
 56    90.390 54158.84609097 10.45 226.473435  67.391980  3.195
 56    90.427 54158.84609161 10.36 226.469885  67.388920  3.195
 56    90.349 54158.84609226 10.30 226.466335  67.385860  3.195
 56    87.533 54158.84609290 10.84 226.462795  67.382800  3.195
 57    91.835 54193.84605081  8.30 226.489765  67.392425  2.216
 57    88.251 54193.84605145  8.86 226.486215  67.389365  2.216
 57    92.588 54193.84605209  8.29 226.482665  67.386315  2.216
 57    92.236 54193.84605274  7.92 226.479115  67.383255  2.216
 57    93.665 54193.84605338  8.27 226.475575  67.380195  2.216
 57    95.051 54193.84605403  8.15 226.472025  67.377135  2.216
 58    94.670 54228.84610212  3.35 226.481211  67.395758  3.235
 58    91.334 54228.84610277  4.00 226.477661  67.392698  3.235
 58    90.708 54228.84610341  4.06 226.474111  67.389638  3.235
 58    91.628 54228.84610406  3.18 226.470561  67.386578  3.235
 58    94.566 54228.84610470  3.64 226.467011  67.383516  3.030
 58    95.723 54228.84610535  3.56 226.463471  67.380456  3.030
 59    95.422 54263.84612027  6.30 226.483157  67.396651 11.898
 59    92.067 54263.84612091  6.42 226.479607  67.393591 11.898
 59    91.311 54263.84612155  6.74 226.476057  67.390531 11.898
 59    90.481 54263.84612220  6.44 226.472507  67.387471 11.898
 59    77.518 54263.84612284  6.78 226.468967  67.384411 11.898
 59    95.730 54263.84612349  6.79 226.465420  67.381349  8.302
 59    95.686 54263.84612413  6.33 226.461870  67.378289  8.302
 60    91.552 54298.84612477  5.58 226.480043  67.394782 17.507
 60    76.054 54298.84612541  6.36 226.476493  67.391732 17.507
 60    76.146 54298.84612606  6.12 226.472943  67.388662 17.507
 60    90.422 54298.84612670  6.78 226.469403  67.385612 17.507
 60    78.779 54298.84612735  8.13 226.465853  67.382552 17.507
 60     9.527 54298.84612799 14.24 226.462303  67.379492 17.507
 61     9.605 54333.84611427 35.35 226.477460  67.399700 20.797
 61     8.942 54333.84611492 41.02 226.473910  67.396640 20.797
 61     7.727 54333.84611556 45.41 226.470360  67.393590 20.797
 61     7.427 54333.84611621 44.12 226.466810  67.390530 20.797
 61     8.342 54333.84611685 44.31 226.463260  67.387470 20.797
 61     7.531 54333.84611750 45.24 226.459716  67.384405 13.846
 63    90.741 54403.84605826  9.96 226.477769  67.397971  4.688
 63    77.869 54403.84605890 11.26 226.474219  67.394911  4.688
 63    72.622 54403.84605955 12.50 226.470669  67.391851  4.688
 63    89.196 54403.84606019 12.10 226.467129  67.388801  4.688
 63    75.967 54403.84606084 12.38 226.463579  67.385741  4.688
 63    76.943 54403.84606148 12.17 226.460029  67.382681  4.688
 64    76.214 54438.84601626 11.95 226.491517  67.390605  4.456
 64    91.915 54438.84601691 10.20 226.487967  67.387545  4.456
 64    74.998 54438.84601755 11.43 226.484417  67.384485  4.456
 64    78.262 54438.84601820 12.19 226.480867  67.381425  4.456
 64    94.132 54438.84601884 11.64 226.477320  67.378370  4.933
 64    81.810 54438.84601949 11.64 226.473770  67.375310  4.933
 65    91.115 54473.84604491 12.26 226.483706  67.394077  4.057
 65    72.365 54473.84604556 13.17 226.480146  67.391017  4.057
 65    90.521 54473.84604620 13.42 226.476606  67.387957  4.057
 65    76.478 54473.84604685 12.14 226.473056  67.384897  4.057
 65    77.795 54473.84604749 12.57 226.469506  67.381837  4.057
 65    94.244 54473.84604814 12.63 226.465960  67.378776  4.275
 66    93.018 54508.84602780 12.58 226.489940  67.392299  2.468
 66    92.645 54508.84602845 12.53 226.486380  67.389239  2.468
 66    92.588 54508.84602909 11.99 226.482840  67.386189  2.468
 66    94.130 54508.84602974 12.22 226.479290  67.383129  2.468
 66    94.197 54508.84603038 12.32 226.475740  67.380069  2.468
 66    95.759 54508.84603103 12.24 226.472190  67.377009  2.468
 67    94.669 54543.84605878 10.49 226.480354  67.397642  3.594
 67    88.213 54543.84605942 12.11 226.476804  67.394582  3.594
 67    89.621 54543.84606007 12.25 226.473254  67.391522  3.594
 67    95.758 54543.84606071 11.94 226.469712  67.388462  3.072
 67    88.554 54543.84606136 11.72 226.466162  67.385402  3.072
 67    95.029 54543.84606200 11.56 226.462622  67.382342  3.072
 68    88.148 54578.84602834  6.85 226.481718  67.393596  3.720
 68    90.177 54578.84602898  7.20 226.478168  67.390536  3.720
 68    89.746 54578.84602963  7.57 226.474620  67.387477  3.335
 68    76.917 54578.84603027  6.59 226.471070  67.384417  3.335
 68    94.686 54578.84603092  6.51 226.467520  67.381357  3.335
 68    95.899 54578.84603156  6.15 226.463980  67.378297  3.335
 69    71.950 54613.84604931  9.13 226.478702  67.395533 16.886
 69    71.807 54613.84604996  8.22 226.475152  67.392473 16.886
 69    67.423 54613.84605060 12.33 226.471603  67.389413 11.463
 69    13.599 54613.84605125 14.62 226.468063  67.386353 11.463
 69    13.911 54613.84605189 18.70 226.464513  67.383293 11.463
 69    14.099 54613.84605254 25.87 226.460963  67.380233 11.463
 70    92.422 54648.84605779  5.99 226.481747  67.395400  3.132
 70    91.737 54648.84605844  5.65 226.478197  67.392340  3.132
 70    91.437 54648.84605908  7.28 226.474657  67.389280  3.132
 70    95.808 54648.84605973  5.93 226.471107  67.386220  3.132
 70    91.286 54648.84606037  5.75 226.467557  67.383160  3.132
 70    95.520 54648.84606102  5.99 226.464017  67.380100  3.132
 71    68.247 54683.84605556  7.97 226.476921  67.399555 15.225
 71    68.144 54683.84605620  8.96 226.473381  67.396495 15.225
 71    70.439 54683.84605685  9.21 226.469831  67.393435 15.225
 71    71.922 54683.84605749  8.81 226.466281  67.390372  8.287
 71    73.893 54683.84605814  9.26 226.462731  67.387312  8.287
 71    68.180 54683.84605878 11.62 226.459191  67.384252  8.287
 72    52.361 54718.84600354 15.30 226.490235  67.391189 23.121
 72    50.992 54718.84600418 15.64 226.486684  67.388136  6.420
 72    50.152 54718.84600483 15.88 226.483134  67.385076  6.420
 72     6.831 54718.84600547 31.42 226.479594  67.382016  6.420
 72     6.125 54718.84600612 19.43 226.476044  67.378956  6.420
 72     6.176 54718.84600676 15.30 226.472494  67.375896  6.420
 73    91.615 54753.84602981 15.38 226.479926  67.394239  5.838
 73    91.503 54753.84603046 15.60 226.476377  67.391184  5.406
 73    91.173 54753.84603110 15.13 226.472827  67.388124  5.406
 73    74.076 54753.84603174 15.48 226.469287  67.385064  5.406
 73    94.933 54753.84603239 14.81 226.465737  67.382004  5.406
 73    95.523 54753.84603303 15.04 226.462197  67.378944  5.406
 74    90.911 54788.84599604 12.67 226.490474  67.393703  3.408
 74    72.682 54788.84599668 12.65 226.486924  67.390643  3.408
 74    92.043 54788.84599733 10.54 226.483374  67.387583  3.408
 74    74.618 54788.84599797 11.95 226.479824  67.384523  3.408
 74    74.826 54788.84599861 13.50 226.476274  67.381463  3.408
 74    83.063 54788.84599926 11.98 226.472724  67.378403  3.408
 74    96.642 54788.84599990 11.42 226.469184  67.375343  3.408
 75    91.361 54823.84602498 11.58 226.482475  67.393142  3.439
 75    91.348 54823.84602562 10.39 226.478931  67.390086  2.279
 75    91.523 54823.84602627 10.37 226.475381  67.387026  2.279
 75    90.261 54823.84602691 10.06 226.471831  67.383966  2.279
 75    94.826 54823.84602756 10.22 226.468281  67.380906  2.279
 75    87.628 54823.84602820 10.27 226.464741  67.377846  2.279
 76    90.935 54858.84599018  9.83 226.490165  67.390612  4.368
 76    92.528 54858.84599082  9.96 226.486617  67.387550  2.104
 76    92.678 54858.84599147  8.85 226.483067  67.384490  2.104
 76    93.679 54858.84599211  9.50 226.479517  67.381440  2.104
 76    93.832 54858.84599276  9.92 226.475977  67.378380  2.104
 76    96.486 54858.84599340 10.19 226.472427  67.375320  2.104
 77    91.672 54893.84602620  6.99 226.476840  67.399152  2.911
 77    86.211 54893.84602685  9.58 226.473290  67.396092  2.911
 77    72.805 54893.84602749 10.01 226.469743  67.393034  2.422
 77    88.999 54893.84602814 10.08 226.466193  67.389974  2.422
 77    75.002 54893.84602878 10.00 226.462643  67.386914  2.422
 77    75.938 54893.84602943  9.62 226.459103  67.383854  2.422
 78    91.641 54928.84598891  7.86 226.488231  67.394108  2.238
 78    91.862 54928.84598955  7.53 226.484681  67.391048  2.238
 78    91.991 54928.84599020  7.45 226.481131  67.387988  2.238
 78    92.334 54928.84599084  7.20 226.477581  67.384928  2.238
 78    77.421 54928.84599149  7.80 226.474031  67.381868  2.238
 78    78.810 54928.84599213  7.91 226.470491  67.378808  2.238
 78    80.900 54928.84599277  8.36 226.466941  67.375748  2.238
 79     8.715 54963.84602637 17.73 226.478728  67.394846 17.999
 79     9.032 54963.84602702 20.38 226.475178  67.391786 17.999
 79     9.166 54963.84602766 26.85 226.471633  67.388726 14.028
 79     7.619 54963.84602831 31.24 226.468083  67.385666 14.028
 79     8.935 54963.84602895 24.75 226.464533  67.382606 14.028
 79     9.355 54963.84602959 33.17 226.460993  67.379546 14.028
 80    77.915 54998.84604672  7.39 226.476933  67.396984 14.688
 80    75.422 54998.84604736  7.95 226.473383  67.393924 14.688
 80    91.156 54998.84604801  9.69 226.469835  67.390866  6.225
 80    73.480 54998.84604865  9.81 226.466285  67.387806  6.225
 80    69.988 54998.84604930 10.33 226.462735  67.384746  6.225
 80    14.184 54998.84604994 15.17 226.459195  67.381686  6.225
 81    92.930 55033.84603472  5.72 226.483519  67.395892 15.396
 81    92.222 55033.84603536  5.99 226.479969  67.392832 15.396
 81    91.493 55033.84603601  6.21 226.476419  67.389772 15.396
 81    91.153 55033.84603665  7.52 226.472869  67.386712 15.396
 81    76.301 55033.84603730  7.36 226.469324  67.383652  8.790
 81    95.682 55033.84603794  6.36 226.465774  67.380592  8.790
 82    90.983 55068.84602320  7.26 226.474149  67.398843 14.901
 82    76.629 55068.84602385  7.90 226.470599  67.395783 14.901
 82    70.975 55068.84602449 11.15 226.467049  67.392723 14.901
 82     6.606 55068.84602514 14.49 226.463500  67.389659 10.098
 82     7.938 55068.84602578 14.12 226.459960  67.386599 10.098
 82    76.854 55068.84602643  9.20 226.456410  67.383539 10.098
 83    78.854 55103.84596311 11.98 226.489652  67.394242  5.697
 83    78.777 55103.84596375 11.11 226.486102  67.391192  5.697
 83    72.715 55103.84596440 10.97 226.482552  67.388132  5.697
 83    74.786 55103.84596504 10.21 226.479002  67.385072  5.697
 83    75.437 55103.84596569 10.49 226.475462  67.382012  5.697
 83    78.056 55103.84596633  9.38 226.471912  67.378952  5.697
 83    80.434 55103.84596697  9.35 226.468362  67.375892  5.697
 84    96.164 55138.84597117 16.71 226.479046  67.395317  6.522
 84    96.172 55138.84597181 16.51 226.475498  67.392261  4.976
 84    90.959 55138.84597246 17.18 226.471948  67.389201  4.976
 84    96.533 55138.84597310 15.32 226.468408  67.386141  4.976
 84    95.556 55138.84597375 15.92 226.464858  67.383081  4.976
 84    95.748 55138.84597439 16.70 226.461318  67.380021  4.976
 85    93.623 55173.84593178 15.66 226.490821  67.392106  5.085
 85    93.865 55173.84593242 13.89 226.487275  67.389054  2.822
 85    92.791 55173.84593307 13.33 226.483725  67.385994  2.822
 85    93.687 55173.84593371 13.18 226.480175  67.382934  2.822
 85    94.751 55173.84593436 14.04 226.476625  67.379874  2.822
 85    96.634 55173.84593500 14.16 226.473075  67.376814  2.822
 85    97.999 55173.84593565 13.47 226.469535  67.373754  2.822
 86    91.884 55208.84596575 12.76 226.482429  67.395545  3.745
 86    91.135 55208.84596640 12.03 226.478879  67.392485  3.745
 86    90.902 55208.84596704 12.97 226.475327  67.389428  2.427
 86    92.063 55208.84596769 12.15 226.471777  67.386368  2.427
 86    92.426 55208.84596833 12.74 226.468227  67.383308  2.427
 86    94.967 55208.84596898 12.44 226.464687  67.380248  2.427
 87    91.328 55243.84593687 12.11 226.488364  67.394335  2.730
 87    89.880 55243.84593751 12.13 226.484814  67.391275  2.730
 87    91.478 55243.84593816 10.71 226.481264  67.388225  2.730
 87    91.065 55243.84593880 10.52 226.477714  67.385165  2.730
 87    92.873 55243.84593945 11.12 226.474164  67.382105  2.730
 87    95.377 55243.84594009 11.76 226.470624  67.379045  2.730
 87    96.754 55243.84594074 11.02 226.467074  67.375985  2.730
 88    91.931 55278.84595926 10.29 226.475579  67.398341  3.899
 88    90.963 55278.84595990 10.76 226.472029  67.395281  3.899
 88    90.083 55278.84596055 10.38 226.468487  67.392220  3.011
 88    88.953 55278.84596119 10.01 226.464937  67.389160  3.011
 88    83.001 55278.84596184 10.51 226.461387  67.386100  3.011
 88    84.669 55278.84596248 10.71 226.457847  67.383040  3.011
 89    92.502 55313.84592281 10.00 226.482438  67.396111  4.049
 89    91.950 55313.84592345  9.15 226.478888  67.393051  4.049
 89    91.452 55313.84592409  8.65 226.475338  67.389991  4.049
 89    92.720 55313.84592474  7.59 226.471788  67.386931  4.049
 89    93.579 55313.84592538  6.98 226.468238  67.383871  4.049
 89    95.928 55313.84592603  7.07 226.464698  67.380811  4.049
 90    64.874 55348.84593018 12.69 226.476039  67.396796 11.818
 90    66.505 55348.84593083 11.66 226.472489  67.393736 11.818
 90    64.871 55348.84593147 12.95 226.468943  67.390676  5.480
 90    71.508 55348.84593212 10.78 226.465393  67.387616  5.480
 90    66.510 55348.84593276 10.90 226.461853  67.384556  5.480
 90    12.805 55348.84593341 14.84 226.458303  67.381496  5.480
 91    63.184 55383.84592235 14.35 226.485759  67.392584  4.470
 91    66.469 55383.84592300 12.89 226.482209  67.389524  4.470
 91    66.179 55383.84592364 11.60 226.478659  67.386464  4.470
 91    74.288 55383.84592493  8.44 226.471569  67.380344  4.470
 91    88.440 55383.84592558  7.58 226.468019  67.377284  4.470
 92     7.658 55418.84594896 28.53 226.483344  67.395724 30.123
 92     7.284 55418.84594960 36.04 226.479794  67.392664 30.123
 92     7.298 55418.84595025 43.82 226.476244  67.389604 30.123
 92     4.611 55418.84595089 45.70 226.472696  67.386544 14.867
 92     7.859 55418.84595154 31.44 226.469156  67.383484 14.867
 92     7.763 55418.84595218 40.86 226.465606  67.380424 14.867
 93    90.536 55453.84592799  7.24 226.472945  67.399112 11.411
 93    90.494 55453.84592863  6.10 226.469395  67.396052 11.411
 93    96.901 55453.84592928  6.24 226.465845  67.392992 11.411
 93    89.690 55453.84592992  5.75 226.462300  67.389928  9.233
 93    88.903 55453.84593056  6.30 226.458760  67.386868  9.233
 94    83.946 55488.84584800 15.28 226.468970  67.402671  7.594
 94    81.025 55488.84584864 14.38 226.465420  67.399611  7.594
 94    68.735 55488.84584929 15.05 226.461870  67.396561  7.594
 94    69.429 55488.84584993 15.51 226.458330  67.393491  7.594
 94    71.327 55488.84585057 14.63 226.454779  67.390435  5.662
