-250886.335   743.089     0.00   64.93
-250509.280   755.315    32.42   88.24
-250132.155   779.604    64.39  108.92
-249754.959   796.819    45.63  111.82
-249377.691   798.722     5.05  101.82
-249000.353   803.229    11.94   95.03
-248622.943   809.180    15.76   84.25
-248245.462   807.814    -3.62   79.77
-247867.910   793.135   -38.87   74.97
-247490.287   773.466   -52.08   56.48
-247112.593   775.698     5.91   45.10
-246734.827   795.674    52.87   52.79
-246356.989   825.014    77.64   53.74
-245979.081   859.728    91.84   50.24
-245601.101   884.216    64.78   50.35
-245223.049   914.371    79.75   52.83
-244844.926   944.016    78.39   52.38
-244466.731   970.134    69.05   41.34
-244088.465   980.661    27.83   28.06
-243710.127   977.640    -7.98   23.21
-243331.717   968.445   -24.29   29.86
-242953.236   956.600   -31.29   38.93
-242574.683   942.004   -38.55   44.02
-242196.058   930.264   -31.00   38.48
-241817.361   920.942   -24.61   30.76
-241438.592   917.193    -9.90   19.33
-241059.751   910.032   -18.90   19.59
-240680.839   899.321   -28.26   26.49
-240301.854   890.631   -22.92   32.62
-239922.797   887.604    -7.98   36.21
-239543.668   879.821   -20.53   39.33
-239164.467   862.263   -46.29   44.81
-238785.194   821.741  -106.82   60.32
-238405.849   770.779  -134.32   63.59
-238026.431   716.698  -142.51   53.24
-237646.941   669.927  -123.22   51.63
-237267.379   637.898   -84.37   38.95
-236887.744   631.393   -17.13   32.72
-236508.037   641.020    25.35   32.79
-236128.257   658.180    45.17   24.52
-235748.405   668.000    25.85   12.97
-235368.480   670.792     7.35   10.85
-234988.483   674.228     9.04   11.54
-234608.413   680.592    16.74   18.40
-234228.270   689.030    22.19   27.19
-233848.055   699.717    28.10   33.89
-233476.204   706.100    17.16   36.57
-233109.829   713.340    19.76   38.04
-232743.386   716.334     8.17   33.62
-232376.877   710.723   -15.30   28.11
-232010.302   698.764   -32.62   29.49
-231643.659   680.377   -50.14   32.62
-231276.949   663.228   -46.76   26.13
-230910.172   654.228   -24.53   19.19
-230543.328   650.734    -9.52   20.60
-230176.417   649.915    -2.23   24.15
-229809.439   644.135   -15.75   27.96
-229442.394   643.251    -2.41   32.06
-229075.281   654.265    29.99   41.06
-228708.102   667.181    35.17   46.32
-228340.855   676.604    25.65   46.47
-227973.540   675.124    -4.03   45.83
-227606.159   675.892     2.09   44.27
-227238.710   674.931    -2.62   41.77
-226871.193   678.029     8.43   41.68
-226503.610   675.542    -6.77   40.51
-226135.958   677.442     5.17   39.37
-225768.239   683.472    16.40   45.43
-225400.453   700.253    45.62   58.86
-225032.599   728.764    77.49   63.92
-224664.677   753.263    66.58   64.55
-224296.688   779.722    71.89   52.38
-223928.631   802.098    60.79   39.65
-223560.506   817.423    41.62   30.58
-223192.313   829.831    33.69   18.70
-222824.053   834.241    11.97   10.57
-222455.724   829.227   -13.61   15.77
-222087.328   812.855   -44.43   27.44
-221718.864   790.193   -61.49   33.09
-221350.332   761.146   -78.80   28.87
-220981.732   739.981   -57.41   23.50
-220613.064   719.130   -56.55   22.04
-220244.327   703.390   -42.68   23.26
-219875.523   688.546   -40.24   21.08
-219506.650   677.098   -31.03   15.49
-219137.709   669.278   -21.19    7.84
-218768.700   664.595   -12.69    3.66
-218399.623   661.279    -8.98    4.62
-218030.478   657.588   -10.00    5.13
-217661.264   655.036    -6.91    4.28
-217291.981   653.745    -3.50    3.87
-216922.630   652.826    -2.49    3.25
-216553.211   652.251    -1.56    3.04
-216183.723   652.349     0.27    3.50
-215814.167   653.651     3.52    4.44
-215444.542   656.402     7.44    5.82
-215074.849   663.526    19.27   13.41
-214705.086   677.609    38.08   28.24
-214335.256   721.669   119.12   73.42
-213965.356   767.774   124.62   83.38
-213595.388   811.626   118.51   60.80
-213225.350   826.781    40.95   43.45
-212855.244   804.934   -59.02   47.89
-212485.069   771.952   -89.08   38.19
-212114.825   743.108   -77.89   26.33
-211744.513   729.416   -36.97   15.96
-211374.131   731.156     4.70   22.57
-211003.680   748.483    46.77   44.32
-210633.160   762.387    37.52   60.96
-210262.571   767.530    13.87   75.39
-209891.913   758.854   -23.40   85.99
-209521.185   726.774   -86.52   82.91
-209150.389   697.717   -78.35   65.15
-208779.523   670.425   -73.58   24.64
-208408.587   663.404   -18.92    4.94
-208037.583   671.274    21.21   18.48
-207666.509   687.067    42.55   31.70
-207295.365   712.369    68.16   41.47
-206924.153   744.617    86.86   41.46
-206552.870   774.756    81.16   36.82
-206181.518   797.514    61.27   42.92
-205810.097   787.844   -26.03   54.54
-205438.606   764.887   -61.79   61.47
-205067.045   734.550   -81.64   53.23
-204695.414   726.325   -22.13   38.93
-204323.714   746.032    53.01   60.91
-203951.944   782.611    98.38   80.10
-203580.104   827.635   121.06   80.25
-203208.194   860.253    87.69   77.30
-202836.215   874.181    37.44   71.60
-202464.165   887.746    36.45   66.90
-202092.046   904.204    44.22   59.85
-201719.856   921.146    45.51   54.12
-201347.597   940.704    52.53   47.30
-200975.267   946.469    15.48   43.16
-200602.867   928.460   -48.35   54.17
-200230.397   898.986   -79.12   59.49
-199857.857   864.662   -92.12   53.79
-199485.246   852.867   -31.65   48.94
-199112.566   848.503   -11.71   45.61
-198739.814   847.669    -2.24   42.60
-198366.993   830.618   -45.73   55.99
-197994.101   793.602   -99.25   65.88
-197621.139   766.783   -71.90   50.03
-197248.106   768.123     3.59   57.17
-196875.003   788.867    55.59   75.55
-196501.829   822.776    90.85   69.16
-196128.584   857.791    93.80   65.54
-195755.269   895.750   101.67   74.26
-195381.883   961.012   174.76   97.27
-195008.427  1007.669   124.92   89.52
-194634.899  1037.611    80.15   72.19
-194261.301  1045.887    22.15   60.41
-193887.632  1042.088   -10.16   58.02
-193513.892  1039.670    -6.47   54.75
-193140.081  1037.349    -6.21   49.86
-192766.200  1034.030    -8.88   46.96
-192392.247  1019.507   -38.83   48.46
-192018.223   989.887   -79.18   46.60
-191644.128   956.097   -90.31   39.82
-191269.962   931.863   -64.76   42.67
-190895.724   898.710   -88.58   48.27
-190521.416   876.065   -60.49   44.06
-190147.036   870.286   -15.43   47.02
-189772.585   872.969     7.16   55.08
-189398.063   892.940    53.32   61.81
-189023.469   919.238    70.19   53.39
-188648.804   909.431   -26.17   61.37
-188274.067   894.669   -39.38   64.39
-187899.259   884.356   -27.51   56.99
-187524.380   891.669    19.51   56.44
-187149.428   927.365    95.19   64.33
-186774.405   960.761    89.04   70.70
-186399.311   983.490    60.59   76.49
-186024.145   999.134    41.69   77.68
-185648.907  1019.997    55.59   76.09
-185273.597  1045.823    68.80   79.78
-184898.215  1084.004   101.70   80.96
-184522.762  1113.136    77.58   88.58
-184147.237  1112.347    -2.10  120.28
-183771.639  1088.460   -63.59  141.82
-183395.970  1052.636   -95.35  123.54
-183020.229  1037.859   -39.32   97.64
-182644.416  1065.658    73.96  103.65
-182268.530  1104.576   103.52  101.41
-181892.572  1134.228    78.86   93.60
-181516.543  1153.356    50.86  110.19
-181140.440  1109.503  -116.58  117.39
-180764.266  1069.096  -107.40  111.73
-180388.019  1066.844    -5.98   93.96
-180011.700  1073.402    17.42   84.99
-179635.309  1062.147   -29.90  103.25
-179258.845  1049.146   -34.53  115.53
-178882.309  1048.569    -1.53  123.83
-178505.700  1038.337   -27.17  109.60
-178129.019  1001.018   -99.06  126.82
-177752.264   929.638  -189.44  160.40
-177375.438   806.250  -327.39  137.04
-176998.538   736.131  -186.02   73.77
-176621.566   731.400   -12.55   86.78
-176244.521   728.704    -7.15   97.22
-175867.404   721.079   -20.22  100.70
-175490.213   713.534   -20.00  102.32
-175112.949   698.687   -39.35  107.53
-174735.613   689.674   -23.88  121.32
-174358.204   670.078   -51.91  113.81
-173980.721   632.599   -99.27  101.56
-173603.166   590.704  -110.95   91.62
-173225.537   549.988  -107.81   77.09
-172847.835   518.170   -84.23   67.34
-172470.060   496.704   -56.81   61.37
-172092.212   486.659   -26.58   60.02
-171714.290   473.919   -33.71   59.00
-171336.296   460.786   -34.74   58.30
-170958.227   441.609   -50.72   52.87
-170580.086   414.297   -72.22   40.97
-170201.871   388.100   -69.26   37.47
-169823.582   361.645   -69.92   28.51
-169445.220   341.676   -52.77   11.84
-169066.784   348.400    17.77   34.94
-168688.275   390.969   112.45   77.90
-168309.692   448.319   151.47   95.37
-167931.035   512.011   168.18   82.91
-167552.305   556.265   116.83   67.09
-167173.501   573.319    45.02   72.67
-166794.623   591.466    47.89   75.08
-166415.671   605.607    37.31   76.60
-166036.645   620.609    39.58   74.72
-165657.545   641.331    54.65   71.67
-165278.371   664.328    60.64   76.95
-164899.123   707.284   113.25   79.30
-164519.801   759.363   137.28   44.43
-164140.405   785.147    67.95   41.10
-163760.935   802.728    46.33   41.92
-163381.390   816.636    36.64   40.86
-163001.772   829.004    32.58   40.71
-162622.079   837.423    22.17   38.97
-162242.311   842.300    12.84   37.93
-161862.469   840.020    -6.00   39.64
-161482.553   800.669  -103.57   74.59
-161102.562   743.604  -150.16   95.99
-160722.497   726.025   -46.25   88.24
-160342.357   746.852    54.78   97.54
-159962.143   803.565   149.14   85.93
-159581.854   843.146   104.07   44.23
-159201.490   828.500   -38.50   62.52
-158825.329   816.075   -33.03   65.80
-158459.166   803.100   -35.43   64.76
-158092.934   795.078   -21.90   71.75
-157726.635   782.646   -33.93   90.06
-157360.266   742.477  -109.63  102.67
-156993.829   699.621  -116.94   95.81
-156627.324   666.856   -89.39   89.87
-156260.750   632.687   -93.20   69.71
-155894.107   614.032   -50.87   58.62
-155527.395   603.192   -29.56   48.12
-155160.615   619.500    44.46   68.02
-154793.766   656.704   101.40  104.78
-154426.848   735.682   215.22  141.67
-154059.861   796.323   165.22  127.86
-153692.805   839.625   117.96  100.37
-153325.680   865.344    70.05   90.48
-152958.486   899.181    92.14  106.98
-152591.224   941.825   116.10  114.66
-152223.892  1006.572   176.24  109.34
-151856.491  1065.440   160.21  114.52
-151489.020  1130.089   175.91   98.87
-151121.481  1165.216    95.56   66.19
-150753.872  1170.204    13.57   49.28
-150386.194  1132.917  -101.40   67.56
-150018.447  1091.521  -112.55   58.30
-149650.631  1062.997   -77.54   45.78
-149282.745  1041.192   -59.27   37.35
-148914.789  1029.492   -31.79   37.09
-148546.764  1029.687     0.53   48.64
-148178.670  1038.630    24.29   63.30
-147810.506  1055.776    46.57   71.41
-147442.273  1062.284    17.67   69.12
-147073.969  1058.595   -10.01   66.07
-146705.597  1051.534   -19.17   61.78
-146337.154  1057.901    17.28   67.81
-145968.642  1062.613    12.79   61.09
-145600.060  1069.365    18.32   47.01
-145231.408  1073.728    11.83   32.83
-144862.686  1084.068    28.04   28.50
-144493.894  1093.169    24.67   25.16
-144125.033  1103.699    28.54   20.96
-143756.101  1103.546    -0.41   27.15
-143387.100  1079.238   -65.87   49.95
-143018.028  1058.058   -57.38   49.85
-142648.886  1042.653   -41.73   41.69
-142279.674  1046.436    10.25   43.17
-141910.392  1056.875    28.26   38.04
-141541.040  1045.728   -30.18   45.99
-141171.617  1029.193   -44.75   54.42
-140802.125  1021.609   -20.52   51.08
-140432.561  1030.363    23.69   51.74
-140062.928  1067.825   101.34   70.20
-139693.224  1136.051   184.52   80.97
-139323.449  1175.890   107.73   64.02
-138953.604  1194.068    49.15   51.51
-138583.689  1187.553   -17.61   67.63
-138213.703  1161.879   -69.39   86.26
-137843.646  1134.023   -75.27   93.71
-137473.519  1103.112   -83.50   75.99
-137103.320  1098.395   -12.74   55.22
-136733.052  1112.922    39.23   56.43
-136362.712  1161.852   132.11   76.41
-135992.302  1204.313   114.62   72.69
-135621.820  1220.883    44.72   66.92
-135251.268  1211.790   -24.54   71.30
-134880.645  1156.023  -150.45   92.78
-134509.951  1083.143  -196.58   91.22
-134139.185  1015.530  -182.34   74.01
-133768.349   965.741  -134.25   41.86
-133397.442   953.591   -32.75   25.99
-133026.463   961.840    22.23   30.69
-132655.414  1002.909   110.67   62.63
-132284.293  1064.983   167.25   87.68
-131913.101  1143.557   211.66   95.42
-131541.837  1178.147    93.16   73.21
-131170.502  1165.807   -33.23   83.93
-130799.096  1121.530  -119.20   77.73
-130427.618  1091.126   -81.84   63.39
-130056.069  1078.011   -35.29   75.66
-129684.448  1058.030   -53.76   84.27
-129312.756  1026.023   -86.10   78.45
-128940.992   984.390  -111.97   41.74
-128569.157   967.545   -45.30   14.43
-128197.250   983.066    41.73   41.12
-127825.271  1015.561    87.35   65.56
-127453.220  1035.565    53.76   63.67
-127081.098  1040.319    12.78   61.45
-126708.903  1024.997   -41.16   65.39
-126336.637   997.943   -72.67   51.59
-125964.299   971.995   -69.68   38.42
-125591.889   947.395   -66.05   36.39
-125219.407   915.460   -85.73   44.55
-124846.853   900.557   -40.00   41.82
-124474.226   900.514    -0.11   49.72
-124101.528   908.659    21.85   57.33
-123728.757   927.026    49.27   57.85
-123355.915   923.949    -8.25   61.30
-122983.000   906.497   -46.79   57.58
-122610.012   891.793   -39.42   50.03
-122236.952   874.216   -47.11   38.96
-121863.820   860.636   -36.39   31.93
-121490.616   844.851   -42.29   25.05
-121117.339   831.492   -35.79   23.13
-120743.989   826.326   -13.83   18.80
-120370.567   849.238    61.35   46.43
-119997.073   865.466    43.44   59.36
-119623.505   865.919     1.21   66.40
-119249.865   852.312   -36.41   67.62
-118876.153   827.704   -65.84   46.17
-118502.367   825.997    -4.57   44.82
-118128.509   826.306     0.82   47.38
-117754.578   819.204   -18.99   52.48
-117380.574   810.779   -22.53   42.41
-117006.497   802.407   -22.38   29.77
-116632.347   819.471    45.60   40.26
-116258.124   847.800    75.69   43.49
-115883.828   877.025    78.07   49.81
-115509.459   900.334    62.26   46.14
-115135.016   921.670    56.98   41.37
-114760.501   931.252    25.58   31.06
-114385.912   915.829   -41.17   39.31
-114011.250   891.334   -65.37   55.97
-113636.515   860.307   -82.79   49.63
-113261.706   851.078   -24.62   38.66
-112886.824   872.227    56.41   58.53
-112511.869   902.739    81.37   65.98
-112136.840   914.148    30.42   54.61
-111761.737   901.264   -34.35   60.93
-111386.561   851.000  -133.96   82.56
-111011.311   791.752  -157.88   72.76
-110635.988   736.454  -147.32   61.42
-110260.591   686.640  -132.69   46.67
-109885.120   618.849  -180.53   85.59
-109509.575   559.804  -157.21   86.17
-109133.957   515.114  -118.97   61.73
-108758.264   511.498    -9.62   59.23
-108382.498   561.409   132.81   71.62
-108006.658   615.062   142.74   66.45
-107630.744   673.216   154.69   57.84
-107254.755   708.927    94.97   42.72
-106878.693   721.135    32.46   30.87
-106502.556   714.769   -16.92   34.93
-106126.346   692.007   -60.50   36.62
-105750.061   670.385   -57.46   29.57
-105373.702   651.582   -49.96   30.07
-104997.268   636.662   -39.63   23.84
-104620.760   628.515   -21.64   18.58
-104244.178   622.397   -16.24   12.59
-103867.521   620.477    -5.10    9.35
-103490.790   619.790    -1.82    6.60
-103113.984   622.613     7.49    7.86
-102737.104   626.728    10.92    9.32
-102360.149   631.204    11.87    8.68
-101983.120   630.062    -3.03   13.39
-101606.015   615.015   -39.90   31.41
-101228.836   591.831   -61.46   38.28
-100851.583   576.193   -41.45   31.29
-100474.254   576.387     0.52   33.83
-100096.850   610.867    91.35   53.46
 -99719.372   653.169   112.05   45.92
 -99341.818   686.980    89.55   44.31
 -98964.190   713.204    69.44   33.45
 -98586.486   719.070    15.53   37.45
 -98208.708   717.460    -4.26   46.44
 -97830.854   706.418   -29.22   50.82
 -97452.925   695.078   -30.00   56.23
 -97074.921   692.360    -7.19   58.50
 -96696.841   682.607   -25.79   65.68
 -96318.687   677.373   -13.84   70.04
 -95940.456   668.101   -24.51   66.22
 -95562.151   659.227   -23.46   64.37
 -95183.770   657.829    -3.69   64.68
 -94805.313   660.452     6.93   67.52
 -94426.781   673.848    35.39   78.53
 -94048.173   699.750    68.41   86.80
 -93669.490   750.957   135.22   95.41
 -93290.731   814.500   167.75   89.81
 -92911.896   874.294   157.83   57.23
 -92532.986   905.273    81.75   39.83
 -92153.999   921.893    43.85   32.14
 -91774.937   914.526   -19.43   41.12
 -91395.799   900.527   -36.92   56.21
 -91016.585   878.722   -57.50   79.44
 -90637.295   831.307  -125.00  102.15
 -90257.929   785.960  -119.52  105.97
 -89878.487   745.699  -106.10  104.30
 -89498.968   702.839  -112.93   88.86
 -89119.374   674.215   -75.40   81.21
 -88739.703   638.752   -93.40   71.01
 -88359.956   618.325   -53.79   58.68
 -87980.132   600.573   -46.73   50.47
 -87600.233   584.952   -41.12   46.55
 -87220.257   580.007   -13.01   49.29
 -86840.204   592.755    33.54   75.58
 -86460.075   622.377    77.92  107.12
 -86079.869   653.586    82.08  124.54
 -85699.587   675.469    57.54  125.33
 -85319.228   675.362    -0.28  103.16
 -84938.793   676.704     3.53   65.09
 -84558.280   683.057    16.69   40.43
 -84177.691   690.848    20.47   36.09
 -83811.500   685.160   -15.53   37.28
 -83445.484   658.867   -71.83   55.11
 -83079.398   626.766   -87.68   70.36
 -82713.242   589.434  -101.95   77.89
 -82347.016   578.818   -28.99   75.55
 -81980.719   573.891   -13.45   73.81
 -81614.352   576.845     8.06   77.28
 -81247.915   586.978    27.65   78.30
 -80881.407   590.328     9.14   80.68
 -80514.829   596.952    18.07   83.00
 -80148.181   598.025     2.93   88.02
 -79781.462   622.938    67.93  102.09
 -79414.672   669.890   128.00  126.29
 -79047.812   728.777   160.51  136.39
 -78680.881   780.193   140.11  119.70
 -78313.879   806.871    72.69   89.03
 -77946.806   803.451    -9.32   67.24
 -77579.663   813.051    26.14   70.31
 -77212.449   822.356    25.34   73.76
 -76845.164   831.809    25.74   61.70
 -76477.809   825.751   -16.49   56.07
 -76110.382   790.182   -96.80   52.11
 -75742.884   758.641   -85.82   45.43
 -75375.316   722.092   -99.43   48.11
 -75007.676   673.771  -131.43   80.24
 -74639.965   611.327  -169.81   97.25
 -74272.183   577.149   -92.92   86.11
 -73904.330   565.409   -31.91   79.01
 -73536.406   577.582    33.08   74.34
 -73168.410   597.623    54.46   56.80
 -72800.343   592.384   -14.23   51.26
 -72432.205   559.990   -87.99   48.01
 -72063.995   524.306   -96.91   45.75
 -71695.714   492.062   -87.55   61.49
 -71327.361   457.732   -93.19   76.03
 -70958.937   431.906   -70.10   67.39
 -70590.441   408.159   -64.44   57.28
 -70221.874   397.908   -27.81   49.74
 -69853.235   379.049   -51.16   54.76
 -69484.525   355.654   -63.45   57.45
 -69115.742   324.216   -85.24   45.27
 -68746.888   303.058   -57.36   39.74
 -68377.962   283.875   -52.00   28.92
 -68008.965   271.347   -33.95   23.14
 -67639.895   262.227   -24.71   18.64
 -67270.754   255.302   -18.76   17.08
 -66901.540   248.264   -19.06   12.20
 -66532.254   244.915    -9.07    7.56
 -66162.897   242.133    -7.53    3.74
 -65793.467   243.474     3.63    3.38
 -65423.965   245.122     4.46    3.76
 -65054.391   245.800     1.83    4.76
 -64684.745   235.515   -27.82   30.75
 -64315.027   214.908   -55.73   46.61
 -63945.236   191.420   -63.51   51.76
 -63575.373   175.822   -42.17   48.83
 -63205.437   171.811   -10.84   42.88
 -62835.429   174.602     7.54   37.48
 -62465.349   187.935    36.02   29.55
 -62095.196   198.477    28.48   15.39
 -61724.970   199.395     2.48   17.11
 -61354.672   197.879    -4.10   19.73
 -60984.301   189.182   -23.48   26.58
 -60613.858   179.573   -25.94   27.56
 -60243.342   176.864    -7.31   28.83
 -59872.753   181.776    13.25   33.85
 -59502.091   192.846    29.86   34.56
 -59131.356   205.460    34.02   25.00
 -58760.549   212.941    20.17   11.35
 -58389.668   211.914    -2.77   10.67
 -58018.715   212.941     2.77   10.09
 -57647.688   214.763     4.91   10.00
 -57276.589   220.149    14.52    7.86
 -56905.416   225.066    13.25    7.06
 -56534.170   230.710    15.20    6.88
 -56162.851   235.182    12.04    7.83
 -55791.459   241.654    17.43   10.24
 -55419.993   246.935    14.22   11.85
 -55048.455   252.909    16.08   11.36
 -54676.842   256.126     8.66   10.23
 -54305.157   260.963    13.01    9.56
 -53933.397   265.260    11.56    9.67
 -53561.565   270.204    13.30    8.60
 -53189.659   273.957    10.09   10.10
 -52817.679   277.934    10.69   12.65
 -52445.625   279.460     4.10   14.92
 -52073.498   280.495     2.78   16.59
 -51701.297   278.820    -4.50   16.67
 -51329.023   273.240   -14.99   15.78
 -50956.674   267.183   -16.27   11.56
 -50584.252   261.879   -14.24    4.83
 -50211.756   260.389    -4.00    4.08
 -49839.186   260.228    -0.43    5.58
 -49466.542   260.215    -0.03    7.12
 -49093.824   260.581     0.98    8.14
 -48721.032   259.754    -2.22    8.93
 -48348.165   257.158    -6.96    9.14
 -47975.225   252.882   -11.46    8.56
 -47602.210   249.146   -10.02    6.95
 -47229.122   246.508    -7.07    4.49
 -46855.958   245.716    -2.12    3.66
 -46482.721   246.534     2.19    3.64
 -46109.409   247.354     2.20    4.96
 -45736.023   247.449     0.25    6.98
 -45362.562   247.352    -0.26    7.79
 -44989.027   246.960    -1.05    8.57
 -44615.417   245.575    -3.71   16.43
 -44241.733   212.927   -87.37   61.25
 -43867.974   171.160  -111.74   75.56
 -43494.140   138.571   -87.17   67.07
 -43120.231   122.126   -43.98   58.36
 -42746.248   130.407    22.14   65.44
 -42372.190   128.567    -4.92   64.79
 -41998.057   109.341   -51.39   51.62
 -41623.849    98.749   -28.30   39.50
 -41249.567    91.114   -20.40   34.06
 -40875.209    96.693    14.90   38.11
 -40500.776   109.633    34.56   53.94
 -40126.268   122.949    35.55   64.38
 -39751.685   138.946    42.71   70.51
 -39377.027   148.415    25.27   70.98
 -39002.293   150.782     6.32   68.10
 -38627.485   151.649     2.31   63.50
 -38252.601   144.727   -18.46   60.28
 -37877.641   139.743   -13.29   58.66
 -37502.607   128.595   -29.72   56.48
 -37127.496   119.391   -24.54   54.19
 -36752.311   104.425   -39.89   46.40
 -36377.049    98.715   -15.22   39.28
 -36001.713    94.925   -10.10   38.59
 -35626.300    98.541     9.63   43.84
 -35250.812   103.769    13.92   45.85
 -34875.248   103.327    -1.18   42.45
 -34499.609   105.239     5.09   39.02
 -34123.893   105.335     0.25   34.10
 -33748.102   105.124    -0.56   29.77
 -33372.235   106.534     3.75   31.75
 -32996.292   107.036     1.33   31.23
 -32620.272   110.204     8.43   34.98
 -32244.177   118.631    22.41   39.14
 -31868.006   129.389    28.60   39.22
 -31491.759   145.216    42.06   32.87
 -31115.435   154.908    25.75   24.11
 -30739.035   162.373    19.83   13.32
 -30362.559   165.897     9.36    7.27
 -29986.007   166.429     1.41    5.57
 -29609.378   167.018     1.56    3.54
 -29232.673   167.630     1.62    2.47
 -28855.892   167.313    -0.84    1.52
 -28479.034   166.344    -2.57    2.27
 -28102.099   164.952    -3.69    2.98
 -27725.088   164.204    -1.98    2.82
 -27348.000   164.849     1.71    2.64
 -26970.836   165.920     2.84    2.24
 -26593.595   165.871    -0.13    2.42
 -26216.277   165.607    -0.70    3.01
 -25838.882   164.204    -3.72    4.01
 -25461.410   161.929    -6.03    4.49
 -25083.862   160.018    -5.06    4.48
 -24706.236   157.363    -7.03    4.12
 -24328.534   154.699    -7.05    3.17
 -23950.754   151.938    -7.31    3.89
 -23572.897   150.655    -3.39    3.62
 -23194.964   150.578    -0.20    3.09
 -22816.953   152.004     3.77    3.31
 -22438.864   155.968    10.48    4.90
 -22060.699   159.927    10.47    6.14
 -21682.456   164.194    11.28    5.87
 -21304.136   167.527     8.81    3.78
 -20925.738   169.237     4.52    1.78
 -20547.263   169.249     0.03    1.88
 -20168.710   169.282     0.09    2.49
 -19790.080   169.493     0.56    2.94
 -19411.372   169.007    -1.29    3.53
 -19032.587   168.613    -1.04    4.23
 -18653.723   167.149    -3.86    5.58
 -18274.783   166.710    -1.16    7.25
 -17895.764   164.842    -4.93    8.88
 -17516.667   163.721    -2.96   10.13
 -17137.493   160.908    -7.42   10.55
 -16758.240   158.327    -6.81   10.62
 -16378.910   155.567    -7.27   10.19
 -15999.501   152.938    -6.93    9.95
 -15620.015   150.333    -6.86    9.63
 -15240.450   148.519    -4.78    9.44
 -14860.807   145.846    -7.04    8.99
 -14481.086   143.699    -5.65    8.25
 -14101.286   141.400    -6.05    7.82
 -13721.409   138.821    -6.79    7.37
 -13341.452   136.487    -6.14    7.11
 -12961.418   134.181    -6.07    6.60
 -12581.305   131.324    -7.52    6.73
 -12201.113   128.298    -7.96    7.46
 -11820.843   125.086    -8.45    8.39
 -11440.495   121.553    -9.29    8.44
 -11060.067   118.096    -9.09    8.83
 -10679.561   114.146   -10.38    8.55
 -10298.976   110.435    -9.75    8.18
  -9918.313   106.420   -10.55    7.02
  -9537.570   104.710    -4.49    6.13
  -9166.729   102.545    -5.84    5.64
  -8800.937   101.815    -2.00    5.97
  -8435.072    99.809    -5.48    6.49
  -8069.136    97.215    -7.09    7.16
  -7703.128    93.699    -9.61    6.87
  -7337.048    89.501   -11.47    7.53
  -6970.896    85.818   -10.06    8.17
  -6604.672    80.160   -15.45    9.43
  -6238.375    76.238   -10.71   10.62
  -5872.007    67.509   -23.83   15.48
  -5505.566    59.809   -21.01   19.55
  -5139.053    54.171   -15.38   21.05
  -4772.468    50.324   -10.49   22.20
  -4405.811    47.658    -7.27   24.92
  -4039.081    41.944   -15.58   28.15
  -3672.279    34.285   -20.88   28.60
  -3305.404    25.226   -24.69   28.51
  -2938.457    17.193   -21.89   25.50
  -2571.437    10.083   -19.37   21.65
  -2204.344     4.534   -15.12   16.89
  -1837.180    -0.448   -13.57   11.35
  -1469.942    -2.926    -6.75    6.80
  -1102.632    -4.718    -4.88    0.74
   -735.248    -4.796    -0.21    0.00
   -367.793    -4.796     0.00    0.00
     -0.264    -3.165     4.44    6.97
    367.338     1.319    12.20   14.10
    735.012    12.140    29.43   24.21
   1102.760    22.611    28.47   27.95
   1470.580    36.938    38.95   29.25
   1838.474    51.290    39.01   25.81
   2206.441    64.615    36.21   13.48
   2574.480    71.108    17.64    5.70
   2942.593    74.943    10.42    4.24
   3310.780    78.040     8.41    4.43
   3679.039    82.042    10.87    5.49
   4047.372    87.041    13.57    7.16
   4415.778    93.286    16.95    8.05
   4784.258   100.952    20.80    9.95
   5152.811   107.446    17.62    9.26
   5521.437   109.303     5.04    7.77
   5890.137   107.432    -5.08    9.34
   6258.911   100.787   -18.02   11.87
   6627.758    92.793   -21.67   11.19
   6996.679    84.813   -21.63    7.99
   7365.673    79.853   -13.44    6.96
   7734.742    75.512   -11.76    6.22
   8103.884    72.183    -9.02    6.50
   8473.100    67.845   -11.75    5.43
   8842.390    64.634    -8.69    4.24
   9211.753    61.867    -7.49    2.44
   9581.191    60.011    -5.02    1.76
   9950.703    58.443    -4.24    1.67
  10320.289    57.128    -3.56    1.63
  10689.949    55.879    -3.38    1.46
  11059.683    54.715    -3.15    1.31
  11429.491    53.849    -2.34    1.19
  11799.374    52.878    -2.62    1.09
  12169.330    52.248    -1.70    1.15
  12539.361    51.871    -1.02    1.38
  12909.467    51.726    -0.39    1.86
  13279.647    52.027     0.81    2.00
  13649.901    52.541     1.39    2.27
  14020.230    52.452    -0.24    5.85
  14390.633    51.495    -2.58    8.07
  14761.111    50.147    -3.64    9.75
  15131.664    48.645    -4.05    8.87
  15502.291    48.676     0.08    2.85
  15872.993    45.140    -9.54    5.29
  16243.770    44.593    -1.47    5.41
  16614.622    45.813     3.29    5.08
  16985.548    47.438     4.38    4.82
  17356.550    50.780     9.01    3.68
  17727.626    53.479     7.27    3.59
  18098.777    57.541    10.95    5.99
  18470.004    63.172    15.17   10.78
  18841.305    69.771    17.77   11.53
  19212.682    76.835    19.02   11.58
  19584.133    82.371    14.90    8.76
  19955.660    81.128    -3.35    9.49
  20327.263    80.935    -0.52   13.57
  20698.940    84.183     8.74   17.60
  21070.693    89.043    13.08   19.53
  21442.521    93.268    11.36   18.42
  21814.425    95.400     5.73   16.38
  22186.404    94.419    -2.64   14.46
  22558.459    93.630    -2.12   12.99
  22930.590    96.097     6.63   13.08
  23302.796    99.879    10.16   13.45
  23675.077   106.944    18.98   13.50
  24047.435   115.660    23.41   11.69
  24419.868   126.237    28.40   12.02
  24792.377   135.787    25.64   14.56
  25164.962   148.107    33.07   22.40
  25537.623   161.835    36.84   31.08
  25910.359   188.976    72.82   52.28
  26283.172   228.323   105.54   92.99
  26656.061   310.871   221.38  157.74
  27029.026   395.321   226.43  177.85
  27402.067   478.350   222.58  153.33
  27775.184   526.194   128.23  109.76
  28148.377   545.777    52.48   60.88
  28521.647   502.807  -115.12   73.52
  28894.993   441.474  -164.28   85.03
  29268.415   377.215  -172.08   82.98
  29641.914   306.966  -188.09   63.08
  30015.489   259.968  -125.81   51.58
  30389.141   227.354   -87.29   43.65
  30762.869   202.764   -65.80   28.66
  31136.674   191.503   -30.12   19.10
  31510.556   180.046   -30.64   21.26
  31884.514   168.023   -32.15   30.27
  32258.549   139.183   -77.10   40.68
  32632.661   111.250   -74.67   32.20
  33006.849    98.846   -33.15   23.48
  33381.115    94.912   -10.51   18.82
  33755.457   103.634    23.30   18.73
  34129.877   112.545    23.80   12.64
  34504.373   115.516     7.93    7.95
  34878.946   116.070     1.48    7.45
  35253.597   113.000    -8.19   10.54
  35628.325   109.501    -9.34   12.65
  36003.130   103.667   -15.57   14.43
  36378.012    99.860   -10.15   14.38
  36752.971    95.011   -12.93   13.49
  37128.008    92.804    -5.88   12.54
  37503.123    92.748    -0.15   13.48
  37878.314    95.009     6.03   15.90
  38253.583    98.867    10.28   20.40
  38628.930   105.570    17.86   25.16
  39004.354   111.715    16.37   27.72
  39379.856   116.688    13.24   27.72
  39755.436   119.476     7.42   23.30
  40131.093   122.495     8.04   18.37
  40506.829   126.886    11.69   15.31
  40882.642   135.581    23.14   17.56
  41258.532   147.418    31.49   18.07
  41634.501   154.850    19.77   16.53
  42010.548   158.508     9.73   15.91
  42386.673   155.419    -8.21   18.56
  42762.876   148.102   -19.45   17.80
  43139.157   136.151   -31.76   25.21
  43515.516   118.216   -47.66   27.79
  43891.953   103.066   -40.25   24.49
  44268.469    87.822   -40.49    9.66
  44645.063    83.789   -10.71    4.21
  45021.735    81.993    -4.77    1.67
  45398.485    81.462    -1.41    1.13
  45775.315    81.160    -0.80    0.92
  46152.222    80.871    -0.77    0.76
  46529.208    80.465    -1.08    0.69
  46906.273    79.925    -1.43    0.91
  47283.416    79.270    -1.74    0.94
  47660.639    78.527    -1.97    0.89
  48037.939    77.411    -2.96    1.54
  48415.319    75.476    -5.13    3.09
  48792.777    72.922    -6.77    3.37
  49170.315    70.989    -5.12    2.44
  49547.931    69.791    -3.17    1.13
  49925.626    69.194    -1.58    1.14
  50303.401    68.796    -1.05    1.91
  50681.254    68.796     0.00    2.52
  51059.187    69.933     3.01    4.22
  51437.198    72.117     5.78    5.10
  51815.289    75.107     7.91    4.68
  52193.460    77.835     7.21    3.61
  52571.709    80.022     5.78    2.17
  52950.038    81.270     3.30    1.50
  53328.447    82.085     2.15    1.29
  53706.934    82.741     1.73    1.53
  54085.502    83.271     1.40    1.69
  54464.149    83.783     1.35    1.92
  54842.875    84.993     3.19    2.28
  55221.682    86.545     4.10    2.77
  55600.568    89.260     7.17    3.30
  55979.534    91.957     7.12    3.32
  56358.579    94.930     7.84    3.21
  56737.705    97.323     6.31    2.91
  57116.910    99.704     6.28    2.74
  57496.195   101.344     4.32    2.47
  57875.561   102.857     3.99    2.38
  58255.006   103.764     2.39    2.37
  58634.532   104.811     2.76    2.30
  59014.138   105.846     2.73    2.00
  59393.824   106.864     2.68    1.54
  59773.590   107.715     2.24    1.32
  60153.437   108.481     2.02    1.08
  60533.364   108.863     1.01    0.98
  60913.371   108.914     0.13    1.12
  61293.459   108.238    -1.78    1.93
  61673.628   106.651    -4.18    3.00
  62053.877   104.292    -6.20    4.03
  62434.206   101.172    -8.20    4.68
  62814.617    97.688    -9.16    5.07
  63195.108    93.770   -10.30    4.78
  63575.679    89.845   -10.31    4.72
  63956.332    85.970   -10.18    4.54
  64337.066    82.480    -9.17    3.82
  64717.880    79.430    -8.01    3.35
  65098.776    76.646    -7.31    2.72
  65474.662    74.430    -5.90    2.35
  65840.227    73.083    -3.68    1.71
  66205.865    72.970    -0.31    1.68
  66571.577    73.396     1.16    2.08
  66937.363    74.548     3.15    2.13
  67303.223    75.141     1.62    2.14
  67669.156    75.563     1.15    2.12
  68035.163    76.087     1.43    1.69
  68401.244    76.239     0.41    1.21
  68767.399    75.591    -1.77    1.53
  69133.628    75.338    -0.69    1.76
  69499.931    74.899    -1.20    2.03
  69866.308    74.839    -0.16    2.08
  70232.759    75.085     0.67    2.04
  70599.284    75.268     0.50    1.90
  70965.883    76.194     2.52    1.49
  71332.556    76.911     1.96    1.41
  71699.304    77.894     2.68    1.26
  72066.126    78.871     2.66    1.15
  72433.022    79.791     2.51    0.93
  72799.992    80.604     2.22    1.05
  73167.037    81.355     2.04    1.00
  73534.157    82.150     2.17    0.78
  73901.351    82.619     1.28    0.66
  74268.619    82.726     0.29    0.91
  74635.963    82.301    -1.16    1.57
  75003.380    80.952    -3.67    2.76
  75370.873    78.204    -7.48    4.67
  75738.440    73.239   -13.51    7.94
  76106.082    66.850   -17.38    9.26
  76473.799    61.237   -15.26    7.57
  76841.591    56.470   -12.96    5.65
  77209.457    53.129    -9.08    4.31
  77577.399    49.378   -10.19    4.77
  77945.415    45.513   -10.50    5.52
  78313.507    39.645   -15.94    6.91
  78681.674    34.247   -14.66    7.45
  79049.916    28.609   -15.31    5.92
  79418.233    25.054    -9.65    5.08
  79786.625    22.286    -7.51    3.68
  80155.093    19.672    -7.09    5.54
  80523.636    14.358   -14.42   10.65
  80892.254     2.917   -31.04   17.07
  81260.948    -7.679   -28.74   17.39
  81629.717   -18.604   -29.63   11.65
  81998.562   -22.072    -9.40    9.50
  82367.482   -23.913    -4.99    8.21
  82736.478   -24.615    -1.90    5.95
  83105.549   -22.488     5.76    4.79
  83474.697   -19.689     7.58    3.56
  83843.920   -17.842     5.00    2.38
  84213.218   -16.570     3.44    1.81
  84582.593   -15.762     2.19    1.27
  84952.043   -15.785    -0.06    1.63
  85321.570   -16.622    -2.26    2.99
  85691.172   -19.338    -7.35    5.01
  86060.851   -21.143    -4.88    4.92
  86430.605   -22.381    -3.35    4.21
  86800.436   -22.741    -0.97    5.40
  87170.343   -20.581     5.84   10.78
  87540.326   -18.226     6.37   14.63
  87910.385   -16.873     3.65   17.12
  88280.520   -16.048     2.23   18.79
  88650.732   -15.751     0.80   19.71
  89021.020   -15.275     1.29   20.00
  89391.385   -14.696     1.56   19.89
  89761.826   -14.710    -0.04   21.36
  90132.344   -11.035     9.92   26.18
  90502.938    -9.966     2.88   31.32
  90873.609    -8.913     2.84   33.52
  91244.357   -13.774   -13.11   32.47
  91615.181   -17.668   -10.50   28.54
  91986.082   -22.996   -14.37   23.51
  92357.060   -27.211   -11.36   16.78
  92728.115   -30.111    -7.82   11.45
  93099.247   -30.891    -2.10    5.49
  93470.455   -30.034     2.31    5.06
  93841.741   -28.505     4.12    5.47
  94213.104   -26.493     5.42    5.21
  94584.544   -25.136     3.65    4.49
  94956.061   -24.637     1.34    3.59
  95327.655   -25.370    -1.97    4.30
  95699.326   -26.730    -3.66    5.37
  96071.075   -30.359    -9.76    7.69
  96442.901   -33.411    -8.21    7.39
  96814.804   -33.754    -0.92    7.79
  97186.785   -30.634     8.39   10.66
  97558.844    -9.519    56.76   39.35
  97930.980    15.960    68.47   46.22
  98303.193    43.312    73.49   41.05
  98675.484    63.577    54.44   29.84
  99047.853    73.885    27.69   17.77
  99420.299    76.752     7.70   15.05
  99792.824    74.567    -5.87   10.31
 100165.426    70.923    -9.78    9.63
 100538.106    64.216   -18.00   10.92
 100910.864    56.989   -19.39   10.84
 101283.700    51.078   -15.86    8.32
 101656.613    47.215   -10.36    5.39
 102029.605    44.930    -6.13    3.44
 102402.675    43.615    -3.52    4.12
 102775.824    42.161    -3.90    5.12
 103149.050    41.036    -3.02    5.86
 103522.355    40.581    -1.22    6.99
 103895.738    40.183    -1.06    7.39
 104269.199    39.813    -0.99    7.24
 104642.739    40.215     1.08    6.87
 105016.357    40.970     2.02    6.15
 105390.053    42.747     4.75    5.40
 105763.829    43.878     3.03    4.72
 106137.683    45.290     3.78    4.04
 106511.615    45.268    -0.06    4.21
 106885.626    45.677     1.10    3.96
 107259.716    46.089     1.10    3.56
 107633.885    45.415    -1.80    6.00
 108008.132    40.279   -13.73   17.15
 108382.459    29.147   -29.74   25.15
 108756.864    15.587   -36.22   26.45
 109131.349     6.920   -23.15   21.43
 109505.912    12.000    13.56   21.50
 109880.554    25.732    36.66   19.29
 110255.276    35.309    25.56   14.50
 110630.077    41.957    17.74   10.33
 111004.957    44.394     6.50    8.19
 111379.916    46.667     6.06    5.81
 111754.955    49.646     7.95    3.52
 112130.073    52.129     6.62    3.16
 112505.271    55.068     7.83    3.49
 112880.548    57.764     7.18    3.56
 113255.904    60.885     8.32    3.68
 113631.340    63.524     7.03    3.74
 114006.856    66.768     8.64    4.04
 114382.452    69.753     7.95    3.87
 114758.127    73.510    10.00    4.31
 115133.882    77.896    11.67    6.79
 115509.717    84.981    18.85    9.95
 115885.632    93.864    23.63   12.19
 116261.626   106.172    32.74   15.87
 116637.701   118.310    32.28   16.98
 117013.856   130.850    33.34   15.24
 117390.090   141.059    27.14   12.14
 117766.405   149.667    22.88    8.56
 118142.800   155.489    15.47    7.31
 118519.276   160.753    13.98    6.14
 118895.831   164.383     9.64    5.02
 119272.467   167.248     7.61    3.48
 119649.184   168.975     4.58    1.72
 120025.981   169.694     1.91    0.76
 120402.858   169.548    -0.39    0.93
 120779.816   169.075    -1.25    1.48
 121156.854   169.183     0.29    1.99
 121533.974   170.074     2.36    2.51
 121911.173   172.267     5.81    3.87
 122288.454   174.912     7.01    4.31
 122665.815   176.341     3.79    3.71
 123043.258   175.977    -0.96    3.09
 123420.781   175.436    -1.43    2.65
 123798.385   175.092    -0.91    2.71
 124176.070   176.100     2.67    3.47
 124553.836   178.060     5.19    3.47
 124931.683   179.679     4.28    2.99
 125309.612   179.782     0.27    2.61
 125687.622   180.173     1.03    2.32
 126065.713   180.811     1.69    2.78
 126443.885   183.470     7.03    4.05
 126822.138   185.434     5.19    3.24
 127200.473   186.194     2.01    2.94
 127578.890   186.538     0.91    2.08
 127957.388   186.256    -0.74    1.35
 128335.968   185.944    -0.83    1.01
 128714.629   185.619    -0.86    0.97
 129093.372   185.482    -0.36    0.91
 129472.196   185.517     0.09    0.81
 129851.103   185.773     0.67    0.78
 130230.091   186.172     1.06    0.94
 130609.161   186.572     1.05    1.01
 130988.313   187.141     1.50    1.11
 131367.547   187.604     1.22    1.07
 131746.864   188.173     1.50    1.11
 132126.262   188.726     1.46    1.33
 132505.742   189.602     2.31    1.83
 132885.305   190.860     3.31    2.16
 133264.950   192.621     4.64    2.70
 133644.677   194.659     5.37    2.79
 134024.486   196.321     4.38    2.77
 134404.378   197.977     4.36    2.40
 134784.353   199.548     4.13    2.58
 135164.410   201.127     4.15    2.59
 135544.549   203.278     5.66    2.92
 135924.771   205.118     4.84    3.30
 136305.076   206.648     4.02    3.55
 136685.464   207.413     2.01    3.01
 137065.934   206.986    -1.12    2.41
 137446.487   206.018    -2.54    2.45
 137827.123   204.328    -4.44    2.81
 138207.842   202.074    -5.92    3.34
 138588.644   198.931    -8.26    4.66
 138969.529   195.340    -9.43    6.29
 139350.498   191.446   -10.22    7.79
 139731.549   185.925   -14.49    8.97
 140112.683   181.297   -12.14    9.08
 140478.231   177.030   -11.67    8.52
 140843.639   174.562    -6.76    6.85
 141209.123   174.082    -1.31    5.30
 141574.682   175.349     3.47    4.81
 141940.317   178.109     7.55    5.00
 142306.028   182.256    11.34    5.91
 142671.813   187.489    14.31    6.96
 143037.675   194.602    19.45    8.58
 143403.612   202.131    20.58    9.61
 143769.625   209.085    19.00    7.65
 144135.713   214.021    13.48    5.18
 144501.878   217.007     8.16    2.37
 144868.118   218.298     3.53    1.97
 145234.434   218.773     1.30    2.00
 145600.826   218.689    -0.23    2.42
 145967.293   218.110    -1.58    2.79
 146333.837   217.248    -2.35    3.19
 146700.457   216.569    -1.85    3.35
 147067.153   216.148    -1.15    3.42
 147433.926   216.297     0.41    3.27
 147800.774   216.619     0.88    2.88
 148167.699   216.783     0.45    2.46
 148534.700   216.352    -1.18    2.56
 148901.777   215.300    -2.87    3.70
 149268.931   214.371    -2.53    4.82
 149636.161   215.162     2.15    6.68
 150003.467   218.730     9.72    8.32
 150370.851   223.304    12.45    5.40
 150738.310   223.267    -0.10    5.14
 151105.847   220.867    -6.53    6.77
 151473.460   215.771   -13.86    7.29
 151841.149   212.247    -9.59    6.67
 152208.916   212.683     1.19    9.61
 152576.759   217.226    12.35   11.62
 152944.679   222.107    13.27    9.06
 153312.677   216.871   -14.23   15.92
 153680.751   205.541   -30.78   20.63
 154048.902   198.235   -19.85   15.79
 154417.130   198.323     0.24   14.42
 154785.435   209.854    31.31   16.76
 155153.818   220.962    30.16   14.69
 155522.277   230.668    26.35    9.51
 155890.814   234.341     9.97    7.92
 156259.428   233.570    -2.09   11.27
 156628.120   228.349   -14.16   17.44
 156996.888   221.015   -19.89   24.41
 157365.735   212.359   -23.47   30.57
 157734.659   198.985   -36.26   37.12
 158103.660   182.923   -43.53   37.76
 158472.739   165.069   -48.38   33.00
 158841.895   153.864   -30.36   21.47
 159211.130   152.678    -3.21   21.73
 159580.442   163.368    28.95   30.64
 159949.832   174.392    29.85   34.10
 160319.299   188.054    36.98   39.76
 160688.845   197.204    24.76   42.47
 161058.468   202.636    14.70   43.22
 161428.169   202.699     0.17   44.65
 161797.949   202.776     0.21   44.14
 162167.806   202.579    -0.53   43.11
 162537.742   200.798    -4.82   43.61
 162907.756   197.868    -7.92   44.79
 163277.848   189.846   -21.68   45.38
 163648.018   183.306   -17.67   46.01
 164018.266   173.840   -25.57   44.51
 164388.593   163.925   -26.78   42.80
 164758.999   155.483   -22.79   41.03
 165129.483   147.927   -20.40   37.74
 165500.045   139.441   -22.90   32.53
 165870.686   132.346   -19.15   26.36
 166241.405   125.134   -19.46   17.36
 166612.204   121.531    -9.72   11.24
 166983.080   118.817    -7.32    6.25
 167354.036   117.625    -3.21    4.48
 167725.071   116.861    -2.06    3.11
 168096.184   116.415    -1.20    1.47
 168467.376   116.268    -0.40    0.62
 168838.647   116.236    -0.09    0.31
 169209.998   116.204    -0.08    0.00
 169581.427   116.441     0.64    1.19
 169952.935   117.563     3.02    4.14
 170324.523   119.012     3.90    6.62
 170696.190   122.338     8.95   10.67
 171067.936   125.621     8.83   13.86
 171439.761   130.835    14.02   16.65
 171811.666   137.607    18.21   20.31
