-128308.944   125.203     0.00    7.48
-127933.865   128.569     8.97    6.26
-127558.872   131.596     8.07    4.34
-127183.963   133.048     3.87    2.99
-126809.139   134.083     2.76    1.28
-126434.400   134.172     0.24    2.01
-126059.746   133.697    -1.27    3.54
-125685.177   133.750     0.14    3.61
-125310.692   134.717     2.58    5.50
-124936.292   137.540     7.54    7.57
-124561.977   140.758     8.60    8.67
-124187.746   144.313     9.50    8.29
-123813.599   147.093     7.43    6.68
-123439.537   148.472     3.69    5.35
-123065.559   147.240    -3.30    7.40
-122691.666   145.770    -3.93    8.85
-122317.856   145.481    -0.77    9.31
-121944.131   145.605     0.33   10.28
-121570.490   146.819     3.25   11.79
-121196.933   148.386     4.20   12.55
-120823.460   150.097     4.58   12.82
-120450.071   150.580     1.29   12.26
-120076.766   149.779    -2.15   11.36
-119703.545   147.867    -5.12   10.64
-119330.408   146.017    -4.96    8.46
-118957.354   144.745    -3.41    5.03
-118584.384   146.451     4.57    4.74
-118211.497   149.593     8.43    6.67
-117838.695   153.068     9.32    7.01
-117465.975   154.809     4.67    8.46
-117093.339   154.698    -0.30   10.03
-116720.787   153.382    -3.53   10.92
-116348.317   150.402    -8.00   11.78
-115975.931   146.237   -11.19   12.35
-115603.629   141.607   -12.44   11.58
-115231.409   137.250   -11.71   10.18
-114859.273   134.501    -7.39    8.17
-114487.219   132.732    -4.76    5.37
-114115.249   131.103    -4.38    2.47
-113743.362   130.541    -1.51    3.21
-113371.557   130.511    -0.08    4.65
-112999.836   129.986    -1.41    6.16
-112628.197   126.807    -8.56    8.32
-112256.641   122.058   -12.78    8.14
-111885.167   117.387   -12.58    6.92
-111513.776   109.432   -21.42   16.60
-111142.468    94.846   -39.28   27.38
-110771.242    81.093   -37.05   30.16
-110400.099    62.907   -49.00   20.99
-110029.038    58.368   -12.23   10.94
-109658.059    69.672    30.47   18.63
-109287.163    84.730    40.60   20.74
-108916.349    97.866    35.43   15.84
-108545.617   108.125    27.67    6.19
-108174.968   110.717     6.99    3.86
-107804.400   111.478     2.05    3.95
-107433.915   111.119    -0.97    6.12
-107063.511   112.698     4.26    7.97
-106693.189   117.848    13.91    8.71
-106322.950   122.365    12.20    7.80
-105952.792   125.897     9.54    7.39
-105582.715   126.835     2.54    8.20
-105212.721   127.319     1.31    7.96
-104842.808   127.807     1.32    7.37
-104472.977   129.611     4.88    7.07
-104103.227   132.907     8.91    7.79
-103733.559   138.433    14.95    8.83
-103363.972   144.877    17.44    8.95
-102994.466   151.469    17.84    8.55
-102625.042   157.075    15.18    9.04
-102255.700   162.009    13.36    8.57
-101886.438   167.567    15.05    7.40
-101517.258   171.957    11.89    6.61
-101148.158   176.715    12.89    6.42
-100779.140   180.537    10.36    5.97
-100410.203   183.507     8.05    5.80
-100041.347   185.662     5.84    6.08
 -99672.571   186.928     3.43    6.02
 -99303.877   187.727     2.17    6.17
 -98935.263   187.837     0.30    6.93
 -98566.730   187.877     0.11    6.98
 -98198.278   188.234     0.97    6.28
 -97829.906   189.957     4.68    5.09
 -97461.615   191.739     4.84    4.57
 -97093.405   194.005     6.15    3.84
 -96725.275   194.260     0.69    4.48
 -96357.226   191.907    -6.39    6.30
 -95989.256   184.267   -20.76   11.62
 -95621.368   175.337   -24.28   13.38
 -95253.559   164.267   -30.10   11.83
 -94885.831   155.907   -22.74   10.77
 -94518.183   147.957   -21.62    8.63
 -94150.615   141.642   -17.18    7.19
 -93783.127   137.024   -12.57    5.54
 -93415.719   133.647    -9.19    4.59
 -93048.391   131.631    -5.49    3.95
 -92681.143   130.107    -4.15    4.47
 -92313.975   130.132     0.07    5.80
 -91946.886   130.223     0.25    6.58
 -91579.878   129.748    -1.29    6.26
 -91212.949   128.688    -2.89    5.48
 -90846.100   126.777    -5.21    5.23
 -90479.330   124.337    -6.65    4.86
 -90112.640   122.347    -5.43    4.76
 -89746.030   121.471    -2.39    5.32
 -89379.498   120.474    -2.72    5.33
 -89013.047   119.243    -3.36    5.05
 -88646.674   117.566    -4.58    4.15
 -88280.381   114.685    -7.87    5.21
 -87914.168   110.846   -10.48    5.65
 -87548.033   106.217   -12.64    5.22
 -87181.978   102.817    -9.29    4.68
 -86816.001   100.028    -7.62    3.57
 -86450.104    98.067    -5.36    2.90
 -86084.286    96.298    -4.84    2.46
 -85718.546    95.437    -2.36    2.06
 -85352.886    96.468     2.82    3.62
 -84987.304    98.257     4.89    4.90
 -84621.801   101.214     8.09    5.44
 -84256.377   104.896    10.08    5.32
 -83891.032   108.387     9.55    5.95
 -83525.765   112.002     9.90    6.67
 -83160.577   116.412    12.08    6.94
 -82795.467   120.637    11.57    6.86
 -82430.436   124.825    11.47    6.28
 -82054.199   127.987     8.40    5.76
 -81672.745   130.037     5.37    5.26
 -81291.379   130.027    -0.03    5.80
 -80910.100   127.835    -5.75    9.01
 -80528.908   124.387    -9.05   12.57
 -80147.803   119.627   -12.49   16.36
 -79766.785   114.707   -12.91   19.65
 -79385.853   108.356   -16.67   21.25
 -79005.009   102.267   -15.99   19.72
 -78624.251    98.277   -10.48   17.22
 -78243.580    93.487   -12.58   10.42
 -77862.996    91.386    -5.52    3.28
 -77482.498    91.758     0.98    2.21
 -77102.087    92.223     1.22    3.00
 -76721.762    92.721     1.31    3.19
 -76341.524    93.020     0.79    3.34
 -75961.372    93.758     1.94    3.17
 -75581.306    94.713     2.51    2.68
 -75201.327    95.711     2.63    2.26
 -74821.434    96.988     3.36    1.40
 -74441.627    97.877     2.34    0.98
 -74061.906    98.594     1.89    0.99
 -73682.271    99.319     1.91    0.98
 -73302.722   100.082     2.01    0.90
 -72923.259   100.846     2.01    1.08
 -72543.882   101.844     2.63    1.34
 -72164.590   102.986     3.01    1.65
 -71785.385   104.728     4.59    2.07
 -71406.265   107.087     6.22    3.26
 -71027.230   110.133     8.04    4.42
 -70648.281   113.392     8.60    5.20
 -70269.418   116.094     7.13    5.49
 -69890.640   117.657     4.13    5.48
 -69511.948   119.157     3.96    5.96
 -69133.340   121.083     5.09    6.47
 -68754.819   123.188     5.56    6.38
 -68376.382   126.267     8.14    6.18
 -67998.030   128.429     5.71    5.95
 -67619.764   131.523     8.18    5.98
 -67241.583   136.128    12.18    5.36
 -66863.486   139.664     9.35    5.58
 -66485.475   143.117     9.13    6.28
 -66107.548   145.087     5.21    7.13
 -65729.706   145.694     1.61    8.12
 -65351.949   146.816     2.97    8.02
 -64974.277   149.784     7.86    8.37
 -64596.690   154.580    12.70    8.88
 -64219.187   159.469    12.95    7.84
 -63841.768   159.806     0.89    7.77
 -63464.434   154.887   -13.04   12.81
 -63087.185   145.703   -24.35   13.85
 -62710.019   138.742   -18.46    9.61
 -62332.939   135.927    -7.47    4.99
 -61955.942   137.654     4.58    5.19
 -61579.030   142.459    12.75    6.46
 -61202.201   147.335    12.94    7.29
 -60825.457   152.846    14.63    7.18
 -60448.797   156.427     9.51    6.20
 -60072.221   159.036     6.93    5.17
 -59695.729   159.462     1.13    5.15
 -59319.321   159.056    -1.08    5.13
 -58942.996   157.677    -3.66    5.18
 -58566.755   155.719    -5.20    5.12
 -58190.598   152.321    -9.03    4.56
 -57814.525   149.950    -6.30    3.17
 -57438.535   149.417    -1.42    3.49
 -57062.629   151.002     4.22    5.71
 -56686.806   156.917    15.74    8.95
 -56311.067   164.855    21.13    9.86
 -55935.411   172.647    20.74    9.44
 -55559.839   179.031    17.00    9.60
 -55184.349   185.230    16.51    8.35
 -54808.943   190.499    14.03    6.46
 -54433.620   193.824     8.86    5.52
 -54058.381   194.137     0.83    6.05
 -53683.224   189.807   -11.54    9.88
 -53308.150   182.765   -18.77   13.92
 -52933.159   172.927   -26.24   13.21
 -52558.251   165.095   -20.89   10.32
 -52183.426   158.480   -17.65    6.67
 -51808.684   154.227   -11.35    5.96
 -51434.024   150.423   -10.15    4.38
 -51059.447   152.432     5.36    6.36
 -50684.953   156.971    12.12    8.39
 -50310.541   163.137    16.47    8.16
 -49936.212   168.556    14.48    5.54
 -49561.965   172.675    11.01    4.73
 -49187.801   175.810     8.38    4.17
 -48813.719   179.109     8.82    5.01
 -48439.719   185.664    17.53   11.90
 -48065.802   196.529    29.06   17.45
 -47691.967   203.855    19.60   17.05
 -47318.213   210.058    16.60   14.87
 -46944.542   207.543    -6.73   17.14
 -46570.953   199.004   -22.86   18.69
 -46197.446   189.927   -24.30   17.45
 -45824.021   180.098   -26.32   11.78
 -45450.678   174.987   -13.69    9.17
 -45077.416   171.226   -10.08    7.76
 -44704.237   167.305   -10.51    5.37
 -44331.139   165.183    -5.69    3.34
 -43958.123   164.356    -2.22    2.69
 -43585.188   165.783     3.83    5.07
 -43212.335   170.392    12.36    8.53
 -42839.563   177.771    19.80   12.45
 -42466.873   188.742    29.44   15.78
 -42094.264   195.111    17.09   13.95
 -41721.736   198.360     8.72   14.21
 -41349.290   194.448   -10.51   15.77
 -40976.925   187.803   -17.85   13.04
 -40604.642   181.937   -15.76    9.57
 -40232.439   180.423    -4.07   11.68
 -39860.317   174.247   -16.60   16.03
 -39488.277   166.961   -19.58   16.94
 -39116.317   159.604   -19.78   14.88
 -38744.439   152.767   -18.38    9.61
 -38372.641   149.371    -9.13    4.95
 -38000.924   148.230    -3.07    2.47
 -37629.288   148.011    -0.59    1.55
 -37257.732   148.755     2.00    1.69
 -36886.257   149.601     2.28    2.10
 -36514.863   150.513     2.46    2.42
 -36143.549   151.337     2.22    2.53
 -35772.316   151.474     0.37    2.82
 -35401.163   150.950    -1.41    3.23
 -35030.091   151.109     0.43    3.61
 -34659.099   154.251     8.47    9.81
 -34288.188   171.177    45.64   28.01
 -33917.356   186.615    41.63   31.46
 -33546.605   202.659    43.28   27.51
 -33175.934   209.560    18.62   27.14
 -32805.343   211.305     4.71   27.63
 -32434.832   218.092    18.32   25.36
 -32064.401   228.886    29.14   20.85
 -31694.050   239.397    28.38   16.78
 -31323.779   248.311    24.08   10.84
 -30953.588   253.539    14.12    8.98
 -30583.476   254.261     1.95   11.53
 -30213.444   246.080   -22.11   19.28
 -29843.492   229.907   -43.72   30.14
 -29473.620   217.713   -32.97   30.76
 -29103.827   223.876    16.67   32.87
 -28734.114   240.407    44.71   33.58
 -28364.480   255.927    41.99   23.48
 -27994.925   266.744    29.27    5.36
 -27625.450   266.755     0.03    5.46
 -27256.055   267.352     1.62    6.20
 -26886.738   268.967     4.37    7.96
 -26517.501   271.423     6.65    9.38
 -26148.343   272.978     4.21   10.01
 -25779.264   270.784    -5.94   12.04
 -25410.264   268.834    -5.29   12.48
 -25041.343   266.611    -6.03   11.58
 -24672.501   266.917     0.83   10.17
 -24303.739   272.644    15.53   11.53
 -23935.054   281.526    24.09   12.64
 -23566.449   294.351    34.79   17.10
 -23197.923   308.773    39.13   18.70
 -22829.475   323.144    39.01   18.33
 -22461.106   327.614    12.13   16.62
 -22092.816   325.855    -4.78   21.61
 -21724.604   315.667   -27.67   26.15
 -21356.470   296.549   -51.93   26.59
 -20988.416   276.041   -55.72   20.42
 -20620.439   263.149   -35.04   12.96
 -20252.541   259.172   -10.81   12.36
 -19884.721   262.682     9.54   15.87
 -19516.980   275.281    34.26   23.44
 -19149.317   291.350    43.71   27.63
 -18781.732   312.121    56.51   25.75
 -18414.225   328.594    44.82   19.08
 -18046.796   335.722    19.40   13.52
 -17679.445   327.494   -22.40   22.56
 -17312.173   319.205   -22.57   23.17
 -16944.978   314.021   -14.12   20.59
 -16577.861   318.185    11.34   20.04
 -16210.821   330.382    33.23   19.31
 -15843.860   337.886    20.45   15.74
 -15476.976   331.835   -16.49   26.27
 -15110.171   307.315   -66.85   53.34
 -14743.442   262.961  -120.95   72.22
 -14376.791   208.060  -149.74   73.65
 -14010.218   158.422  -135.41   64.52
 -13643.723   116.690  -113.87   46.88
 -13277.304    88.773   -76.19   25.19
 -12910.963    73.009   -43.03   13.79
 -12544.700    64.080   -24.38    7.43
 -12178.514    58.775   -14.49    5.32
 -11812.405    54.536   -11.58    4.70
 -11446.373    51.726    -7.68    4.16
 -11080.418    49.397    -6.37    3.60
 -10714.541    47.119    -6.23    2.80
 -10348.740    45.271    -5.05    2.49
  -9983.017    43.835    -3.93    1.52
  -9617.370    42.864    -2.65    0.94
  -9251.801    42.281    -1.60    0.88
  -8886.308    41.984    -0.81    0.78
  -8520.892    41.652    -0.91    1.29
  -8155.553    41.448    -0.56    1.62
  -7790.291    41.549     0.27    2.15
  -7419.098    41.721     0.46    2.53
  -7037.810    36.633   -13.34   11.81
  -6656.608    27.927   -22.84   17.61
  -6275.491    23.917   -10.52   17.91
  -5894.458    22.178    -4.56   17.89
  -5513.511    24.033     4.87   18.60
  -5132.648    27.402     8.84   17.42
  -4751.869    32.309    12.89   14.50
  -4371.175    35.328     7.93   11.25
  -3990.566    38.157     7.43    7.58
  -3610.041    38.515     0.94    7.99
  -3229.601    33.349   -13.58   14.58
  -2849.245    24.639   -22.90   18.87
  -2468.973    14.823   -25.81   18.36
  -2088.786     6.328   -22.35   12.81
  -1708.682     0.782   -14.59    3.65
  -1328.663    -0.093    -2.30    0.00
   -948.728    -0.093     0.00    0.00
   -568.877    -0.093     0.00    0.00
   -189.110    -0.093     0.00    0.00
    190.573    -0.093     0.00    0.00
    570.172    -0.093     0.00    0.00
    949.687    -0.093     0.00    0.00
   1329.119     0.371     1.22    1.93
   1708.467     2.144     4.67    5.43
   2087.731     5.740     9.48   11.01
   2466.912    11.138    14.24   15.98
   2846.009    17.136    15.82   18.78
   3225.022    22.464    14.06   19.49
   3603.953    26.886    11.67   18.61
   3982.799    29.469     6.82   16.53
   4361.563    31.448     5.23   14.98
   4740.243    36.605    13.62   14.13
   5118.840    41.437    12.76   13.60
   5497.354    47.094    14.94   10.48
   5875.785    49.717     6.93    8.81
   6254.132    51.237     4.02    8.50
   6632.397    53.181     5.14    7.54
   7010.579    55.897     7.18    6.79
   7388.677    58.146     5.95    6.57
   7766.693    60.152     5.30    6.10
   8144.626    62.349     5.81    5.15
   8522.477    63.824     3.90    4.93
   8900.245    64.649     2.18    4.98
   9277.930    65.330     1.80    5.38
   9655.532    65.490     0.43    5.84
  10033.052    65.876     1.02    5.91
  10410.490    66.744     2.30    5.75
  10787.845    67.680     2.48    5.82
  11165.118    69.026     3.57    6.07
  11542.308    70.835     4.80    6.46
  11919.416    72.566     4.59    6.68
  12296.442    74.185     4.29    5.98
  12673.386    74.995     2.15    5.39
  13050.248    75.773     2.06    4.34
  13427.028    76.273     1.33    3.31
  13803.725    76.412     0.37    2.59
  14180.341    76.722     0.82    2.71
  14556.875    76.735     0.03    3.22
  14933.327    76.983     0.66    4.02
  15309.697    77.371     1.03    4.63
  15685.986    77.154    -0.58    5.04
  16062.193    76.319    -2.22    4.77
  16438.318    74.789    -4.07    3.72
  16814.362    72.813    -5.25    1.94
  17190.324    70.678    -5.68    3.81
  17566.205    68.134    -6.77    4.75
  17942.004    65.821    -6.15    4.74
  18317.722    63.709    -5.62    4.49
  18693.359    62.496    -3.23    4.16
  19068.914    61.657    -2.24    4.45
  19444.388    61.733     0.20    5.08
  19819.781    61.107    -1.67    6.38
  20195.093    61.181     0.20    7.79
  20570.324    61.454     0.73    8.30
  20945.474    63.391     5.16    7.73
  21320.543    65.170     4.74    6.83
  21695.531    66.356     3.16    5.70
  22070.438    67.429     2.86    4.20
  22445.264    69.247     4.85    3.97
  22820.010    73.961    12.58    6.59
  23194.675    79.855    15.73    8.88
  23569.259    86.896    18.80    9.24
  23943.763    95.509    23.00   10.33
  24318.186   102.796    19.46    9.99
  24692.529   110.349    20.18   11.64
  25066.791   119.547    24.58   13.82
  25440.973   134.134    38.98   20.66
  25815.074   149.498    41.07   23.16
  26189.096   166.612    45.76   25.23
  26563.037   178.469    31.71   21.72
  26936.898   181.509     8.13   17.95
  27310.679   183.800     6.13   16.90
  27684.379   194.284    28.05   22.93
  28058.000   204.969    28.60   23.16
  28431.541   211.003    16.15   19.24
  28805.001   204.730   -16.80   23.27
  29178.382   192.633   -32.40   25.15
  29551.683   185.082   -20.23   23.30
  29924.905   176.790   -22.22   22.26
  30298.046   171.928   -13.03   19.52
  30671.108   165.146   -18.18   15.21
  31044.091   157.521   -20.44   14.15
  31416.993   151.973   -14.88   13.98
  31789.817   146.300   -15.22   14.55
  32162.560   139.840   -17.33   13.10
  32535.225   132.958   -18.47   11.02
  32907.810   128.633   -11.61    8.66
  33280.315   125.412    -8.65    8.23
  33652.742   122.507    -7.80    7.78
  34025.089   119.075    -9.22    6.00
  34397.357   116.970    -5.66    4.03
  34769.546   115.448    -4.09    1.62
  35141.656   115.042    -1.09    0.69
  35513.686   115.176     0.36    0.93
  35885.638   115.154    -0.06    0.91
  36257.511   115.072    -0.22    0.73
  36629.305   115.165     0.25    0.96
  37001.020   115.985     2.21    2.57
  37372.657   118.543     6.88    5.96
  37744.215   124.972    17.30   13.59
  38115.694   138.690    36.93   24.52
  38487.094   158.048    52.12   33.01
  38858.416   179.812    58.61   35.08
  39229.659   197.370    47.29   34.78
  39600.824   208.433    29.81   33.07
  39971.911   210.391     5.28   32.20
  40342.919   204.128   -16.88   34.02
  40713.849   194.376   -26.29   33.50
  41084.700   179.255   -40.77   28.23
  41455.473   171.340   -21.35   23.31
  41826.168   164.526   -18.38   18.92
  42196.785   160.139   -11.84   18.92
  42567.324   156.296   -10.37   17.36
  42937.785   148.792   -20.25   19.08
  43308.168   140.222   -23.14   18.91
  43678.473   133.191   -18.99   16.42
  44048.700   134.513     3.57   20.91
  44418.849   146.054    31.18   34.92
  44788.921   160.146    38.08   42.29
  45158.914   175.317    41.00   44.72
  45528.830   183.330    21.66   43.30
  45898.669   189.204    15.88   38.62
  46268.429   189.824     1.68   32.55
  46638.113   194.113    11.60   26.50
  47007.718   200.288    16.71   24.03
  47377.246   206.961    18.06   21.39
  47746.697   211.615    12.60   19.37
  48116.071   214.770     8.54   16.76
  48485.367   217.761     8.10   10.64
  48854.586   219.864     5.70    7.73
  49223.728   218.056    -4.90    6.80
  49592.792   217.195    -2.33    6.68
  49961.780   218.687     4.04    6.44
  50330.690   222.709    10.90    7.24
  50699.523   226.518    10.33    5.15
  51068.280   224.979    -4.17    7.00
  51436.959   220.854   -11.19    9.19
  51805.562   216.465   -11.91    8.92
  52174.088   210.024   -17.48    7.92
  52542.537   204.896   -13.92    8.45
  52910.909   196.175   -23.67   12.87
  53279.204   183.386   -34.72   16.60
  53647.423   171.209   -33.07   17.03
  54015.566   159.356   -32.19   13.64
  54383.632   147.843   -31.28   11.68
  54751.621   138.657   -24.96   10.10
  55119.534   130.584   -21.94    8.73
  55487.370   124.186   -17.39    5.57
  55855.130   118.759   -14.76    5.08
  56222.814   114.559   -11.42    5.59
  56590.422   109.412   -14.00    6.03
  56957.953   105.584   -10.42    4.93
  57325.408   103.151    -6.62    3.25
  57692.787   101.646    -4.10    2.77
  58060.090   100.494    -3.14    3.33
  58427.317    98.854    -4.46    3.92
  58794.468    96.189    -7.26    2.84
  59161.543    93.654    -6.91    2.82
  59528.542    91.449    -6.01    2.63
  59895.466    89.149    -6.27    2.60
  60262.313    87.328    -4.96    2.25
  60629.085    85.602    -4.70    2.01
  60995.781    83.854    -4.77    1.77
  61362.401    82.418    -3.92    1.55
  61728.946    79.980    -6.65    3.79
  62095.415    77.244    -7.47    4.79
  62461.809    75.534    -4.66    4.35
  62828.128    74.800    -2.00    3.97
  63194.370    75.896     2.99    3.97
  63560.538    77.146     3.41    3.71
  63926.630    77.985     2.29    3.59
  64292.647    78.770     2.15    3.32
  64658.589    79.685     2.50    2.76
  65024.455    80.402     1.96    1.63
  65390.246    80.822     1.15    0.70
  65755.963    81.126     0.83    1.27
  66121.604    81.715     1.61    1.91
  66487.170    82.186     1.29    2.20
  66852.661    82.865     1.86    2.18
  67219.200    83.276     1.12    2.07
  67600.320    83.989     1.87    1.72
  67981.358    84.841     2.23    1.23
  68362.313    85.475     1.67    1.08
  68743.185    86.039     1.48    1.22
  69123.975    86.730     1.81    1.35
  69504.682    87.500     2.02    1.42
  69885.307    88.146     1.70    1.53
  70265.850    88.939     2.08    1.71
  70646.310    89.907     2.54    1.83
  71026.687    91.120     3.19    1.93
  71406.983    92.612     3.92    1.83
  71787.197    93.983     3.61    1.45
  72167.328    94.844     2.26    0.95
  72547.377    95.375     1.40    0.65
  72927.344    95.396     0.06    0.70
  73307.229    95.283    -0.30    0.67
  73687.033    95.141    -0.37    0.59
  74066.754    94.928    -0.56    0.57
  74446.394    94.577    -0.92    0.92
  74825.952    94.090    -1.28    1.25
  75205.428    93.247    -2.22    1.69
  75584.822    92.004    -3.28    1.95
  75964.135    90.800    -3.17    1.89
  76343.367    89.208    -4.20    1.95
  76722.517    87.566    -4.33    2.09
  77101.585    85.098    -6.51    3.13
  77480.572    82.556    -6.71    3.19
  77859.478    80.056    -6.60    2.29
  78238.302    78.481    -4.16    1.47
  78617.045    77.326    -3.05    1.23
  78995.707    76.449    -2.32    1.25
  79374.288    75.665    -2.07    1.16
  79752.788    75.128    -1.42    0.99
  80131.206    74.630    -1.31    0.82
  80509.544    74.503    -0.34    0.71
  80887.801    74.269    -0.62    0.50
  81265.977    74.152    -0.31    0.43
  81644.072    74.045    -0.28    0.63
  82022.086    73.971    -0.20    1.19
  82400.020    73.854    -0.31    1.74
  82777.873    73.588    -0.70    2.19
  83155.645    72.864    -1.91    2.12
  83533.337    71.886    -2.59    1.71
  83910.948    70.917    -2.56    1.56
  84288.478    70.144    -2.05    0.98
  84665.929    69.960    -0.49    1.08
  85043.299    68.992    -2.57    3.58
  85420.588    67.790    -3.19    4.83
  85797.797    67.045    -1.97    5.46
  86174.926    65.673    -3.64    5.67
  86551.975    65.237    -1.16    5.25
  86928.944    64.875    -0.96    4.94
  87305.833    64.477    -1.06    4.65
  87682.642    64.077    -1.06    4.21
  88059.370    64.170     0.25    4.00
  88436.019    64.733     1.49    4.61
  88812.588    66.170     3.82    4.70
  89189.077    67.279     2.95    5.04
  89565.486    68.938     4.41    5.06
  89941.816    70.483     4.10    5.90
  90318.066    73.498     8.01    5.56
  90694.236    76.621     8.30    3.14
  91070.327    77.811     3.16    2.20
  91446.338    78.797     2.62    1.12
  91822.270    78.969     0.46    0.68
  92198.123    78.839    -0.35    0.42
  92573.896    78.609    -0.61    0.58
  92949.589    78.233    -1.00    0.96
  93325.204    77.665    -1.51    1.18
  93700.739    77.307    -0.95    1.16
  94076.195    77.226    -0.21    1.14
  94451.572    77.629     1.07    1.42
  94826.870    78.020     1.04    1.45
  95202.088    78.340     0.85    1.41
  95577.228    78.338    -0.00    1.26
  95952.289    78.305    -0.09    1.17
  96327.271    78.673     0.98    1.20
  96702.174    79.127     1.21    1.31
  97076.999    80.021     2.39    1.11
  97451.745    80.775     2.01    0.73
  97826.412    81.226     1.20    0.72
  98201.000    81.584     0.96    0.71
  98575.510    82.086     1.34    0.86
  98949.941    82.588     1.34    1.01
  99324.294    83.265     1.81    1.03
  99698.568    83.842     1.54    0.86
 100072.764    84.300     1.23    1.01
 100446.882    84.776     1.27    1.02
 100820.921    85.439     1.77    0.88
 101194.882    85.992     1.48    0.81
 101568.765    86.520     1.41    0.57
 101942.570    86.960     1.18    0.66
 102316.297    87.588     1.68    0.84
 102689.945    88.338     2.01    1.14
 103063.516    89.302     2.58    1.32
 103437.009    90.417     2.99    1.46
 103810.423    91.525     2.97    1.31
 104183.760    92.705     3.16    1.49
 104557.020    94.089     3.71    1.71
 104930.201    96.057     5.28    2.56
 105303.305    98.332     6.10    2.86
 105676.331   100.705     6.36    2.80
 106049.279   102.570     5.00    1.77
 106422.150   104.159     4.26    1.82
 106794.943   105.819     4.45    2.50
 107167.659   107.713     5.08    2.80
 107540.297   109.326     4.33    2.15
 107912.858   110.598     3.41    0.59
 108285.342   110.864     0.71    0.36
 108657.749   111.396     1.43    0.94
 109030.078   112.205     2.17    1.53
 109402.330   113.584     3.71    1.97
 109774.505   114.939     3.64    1.79
 110146.603   116.498     4.19    1.76
 110518.623   118.229     4.65    2.89
 110890.567   120.996     7.44    4.09
 111262.434   124.715    10.00    5.37
 111634.224   129.085    11.75    5.61
 112005.937   133.990    13.20    5.39
 112377.573   137.964    10.69    4.14
 112749.133   140.630     7.18    3.12
 113120.616   143.050     6.51    3.29
 113492.022   145.724     7.20    3.94
 113863.351   148.516     7.52    4.40
 114234.604   152.088     9.62    4.71
 114605.781   155.226     8.45    4.45
 114976.881   158.320     8.34    3.54
 115347.904   159.343     2.76    3.19
 115718.851   160.356     2.73    3.64
 116089.722   162.486     5.74    4.55
 116460.517   165.577     8.34    5.06
 116831.235   169.444    10.43    4.74
 117201.877   172.673     8.71    3.83
 117572.443   174.896     6.00    3.99
 117942.933   177.361     6.65    4.15
 118313.346   179.428     5.58    4.27
 118683.684   181.714     6.17    3.98
 119053.946   184.633     7.88    3.40
 119424.132   187.764     8.46    4.73
 119794.242   193.272    14.88    7.17
 120164.276   199.251    16.16    8.13
 120534.235   205.646    17.28    6.66
 120904.117   209.949    11.63    4.25
 121273.924   212.907     8.00    2.02
 121643.656   214.154     3.37    2.05
 122013.311   215.302     3.11    1.79
 122382.891   216.056     2.04    1.41
 122752.396   216.711     1.77    0.87
 123121.825   216.799     0.24    1.01
 123491.179   217.045     0.66    0.97
 123860.458   217.359     0.85    0.88
 124229.661   217.753     1.07    1.07
 124598.789   218.810     2.86    1.28
 124967.841   219.810     2.71    1.55
 125336.819   221.255     3.91    1.49
 125705.721   222.354     2.98    1.46
 126074.548   223.613     3.42    1.43
 126443.301   224.744     3.07    1.38
 126811.978   225.873     3.06    1.13
 127180.580   226.649     2.10    0.91
 127549.107   227.174     1.43    0.69
 127917.560   227.477     0.82    0.56
 128285.937   227.596     0.32    0.51
 128654.240   227.545    -0.14    0.65
 129022.468   227.444    -0.27    0.76
 129390.622   227.189    -0.69    0.82
 129758.701   226.885    -0.83    0.72
 130126.705   226.654    -0.63    0.69
 130494.635   226.401    -0.69    0.60
 130862.490   226.149    -0.69    0.52
 131230.270   226.034    -0.31    0.55
 131597.977   225.941    -0.25    0.64
 131965.609   225.982     0.11    0.66
 132333.166   225.884    -0.27    0.75
 132700.650   225.524    -0.98    0.76
 133068.059   225.219    -0.83    0.59
 133435.394   224.951    -0.73    0.21
 133802.654   224.842    -0.30    0.25
 134169.841   224.702    -0.38    0.43
 134536.954   224.630    -0.20    0.54
 134903.992   224.547    -0.23    0.55
 135270.957   224.315    -0.63    0.78
 135637.847   224.077    -0.65    0.89
 136004.664   223.552    -1.43    1.14
 136371.407   222.840    -1.94    1.08
 136738.076   222.229    -1.67    0.92
 137104.672   221.588    -1.75    1.10
 137471.193   220.863    -1.98    0.99
 137837.641   220.449    -1.13    0.86
 138204.016   220.083    -1.00    0.46
 138570.317   220.315     0.64    0.66
 138936.544   220.566     0.68    0.69
 139302.698   220.854     0.79    0.63
 139668.778   221.244     1.06    0.52
 140034.785   221.598     0.97    0.69
 140400.719   222.100     1.37    0.91
 140766.580   222.885     2.15    1.06
 141132.367   223.657     2.11    1.09
 141498.081   224.483     2.26    1.13
 141863.721   225.262     2.13    1.07
 142241.257   226.185     2.44    1.10
 142622.131   227.113     2.44    1.01
 143002.925   228.146     2.71    1.19
 143383.639   229.113     2.54    1.39
 143764.272   230.489     3.61    1.73
 144144.826   232.079     4.18    2.43
 144525.298   234.873     7.34    4.62
 144905.691   238.694    10.04    7.76
 145286.003   242.085     8.91    8.15
 145666.235   243.679     4.19    7.07
 146046.388   243.618    -0.16    5.73
 146426.460   237.520   -16.04   20.17
 146806.452   206.973   -80.38   54.05
 147186.364   168.315  -101.74   63.52
 147566.196   134.017   -90.29   49.82
 147945.949   139.068    13.30   54.40
 148325.621   169.081    79.04   62.60
 148705.214   192.670    62.14   54.29
 149084.728   217.689    65.92   37.37
 149464.161   224.570    18.13   36.55
 149843.515   233.950    24.72   33.54
 150222.790   248.351    37.97   16.50
 150601.985   252.798    11.73    3.33
 150981.100   253.951     3.04    5.54
 151360.137   257.700     9.89    8.30
 151739.094   262.244    11.99    8.54
 152117.971   268.276    15.92    6.25
 152496.769   272.705    11.69    3.89
 152875.489   276.592    10.26    4.52
 153254.129   280.999    11.64    5.02
 153632.690   287.197    16.37    7.97
 154011.171   294.436    19.12    9.45
 154389.574   302.552    21.44   11.21
 154767.898   311.010    22.35   10.91
 155146.143   318.746    20.45   11.52
 155524.309   326.068    19.36   10.11
 155902.397   330.516    11.76    8.49
 156280.405   333.746     8.54    5.56
 156658.335   334.251     1.34    5.05
 157036.187   333.168    -2.87    4.54
 157413.959   331.717    -3.84    3.43
 157791.653   330.805    -2.42    3.67
 158169.269   328.896    -5.05    5.63
 158546.806   324.032   -12.88    8.74
 158924.265   315.686   -22.11   12.75
 159301.645   304.543   -29.52   16.42
 159678.947   290.375   -37.55   17.66
 160056.171   278.486   -31.51   14.70
 160433.317   278.767     0.74   23.01
 160810.384   290.011    29.82   32.19
 161187.373   309.219    50.94   35.00
 161564.285   341.384    85.33   38.23
 161941.118   367.907    70.38   44.59
 162317.873   397.814    79.37   32.37
 162694.550   414.472    44.22    7.46
 163071.150   417.709     8.59    2.31
 163447.671   417.852     0.38    2.05
 163824.115   417.686    -0.44    2.65
 164200.481   417.208    -1.27    3.15
 164576.769   415.628    -4.20    4.15
 164952.980   415.649     0.06    4.65
 165329.113   415.953     0.81    7.13
 165705.168   404.832   -29.57   27.89
 166081.146   390.342   -38.53   36.19
 166457.047   388.885    -3.88   38.31
 166832.870   395.366    17.24   40.55
 167208.616   410.552    40.41   42.07
 167584.284   421.918    30.25   38.60
 167959.876   421.048    -2.32   38.93
 168335.390   425.619    12.17   41.75
 168710.826   438.385    34.00   56.28
 169086.186   450.486    32.24   65.22
 169461.469   455.831    14.24   60.53
 169836.674   464.828    23.98   57.50
 170211.803   492.450    73.62   70.83
 170586.855   536.525   117.50   69.79
 170961.829   580.298   116.72   45.78
 171336.727   609.429    77.69   42.30
 171711.548   618.885    25.22   42.95
 172086.293   624.851    15.92   44.96
 172460.960   637.179    32.90   47.04
 172835.551   646.839    25.79   45.76
 173210.066   668.189    57.00   30.54
 173584.504   682.907    39.30   21.35
 173958.865   692.516    25.66   25.86
 174333.150   700.285    20.75   23.10
 174707.358   703.764     9.30   21.57
 175081.490   694.559   -24.60   32.22
 175455.546   671.874   -60.64   37.68
 175829.525   648.679   -62.01   35.90
 176203.429   634.100   -38.98   28.23
 176577.256   629.940   -11.13   18.68
 176951.006   638.971    24.16   19.80
 177324.681   655.094    43.14   27.22
 177698.280   679.522    65.38   31.19
 178071.802   704.313    66.36   34.47
 178445.249   728.996    66.08   34.07
 178818.620   745.950    45.40   33.87
 179191.915   753.738    20.86   38.61
 179565.134   752.374    -3.65   40.97
 179938.277   746.151   -16.68   37.81
 180311.345   740.635   -14.78   25.31
 180684.337   743.151     6.74   17.47
 181057.253   756.679    36.27   23.98
 181430.094   771.430    39.56   24.39
 181802.859   783.972    33.64   27.07
 182175.548   799.091    40.56   30.53
 182548.162   820.342    57.02   37.41
 182920.701   839.581    51.64   32.48
 183293.164   838.396    -3.18   33.64
 183665.552   836.390    -5.39   40.40
 184037.865   830.396   -16.10   49.62
 184410.103   822.305   -21.73   51.78
 184782.265   811.340   -29.46   50.92
 185154.352   797.584   -36.96   51.36
 185526.364   763.385   -91.92   53.15
 185898.301   732.363   -83.39   52.63
 186270.163   700.469   -85.76   40.00
 186641.950   678.500   -59.08   18.65
 187013.662   662.100   -44.11   14.77
 187385.299   649.797   -33.10   17.35
 187756.862   640.367   -25.38   16.64
 188128.349   639.852    -1.38   17.21
 188499.762   642.942     8.32   18.94
 188871.100   655.724    34.42   18.11
 189242.364   670.095    38.70   14.67
 189613.553   683.500    36.11   18.52
 189984.667   696.942    36.22   16.09
 190355.707   708.090    30.04   13.09
 190726.672   716.316    22.17    9.90
 191097.563   721.385    13.67    8.72
 191468.380   725.154    10.16    7.53
 191839.122   728.676     9.50    6.33
 192209.790   732.222     9.57    6.78
 192580.384   738.451    16.81    8.91
 192950.903   744.874    17.33    9.07
 193321.348   751.278    17.28    7.80
 193691.720   755.753    12.08    6.42
 194062.017   759.918    11.25    4.37
 194432.240   762.313     6.47    3.51
 194802.389   765.232     7.88    3.00
 195172.464   767.985     7.44    3.51
 195542.465   771.604     9.78    4.45
 195912.393   775.896    11.60    5.53
 196282.246   780.628    12.79    5.77
 196652.026   785.707    13.73    6.20
 197021.732   790.907    14.06    6.30
 197391.365   797.302    17.30    7.83
 197760.923   804.677    19.95   10.12
 198130.408   815.599    29.56   13.26
 198499.820   827.020    30.91   15.38
 198869.158   841.140    38.22   16.44
 199238.423   854.516    36.22   17.12
 199607.614   870.010    41.96   18.02
 199976.732   884.657    39.67   19.75
 200345.777   897.033    33.53   21.35
 200714.748   895.776    -3.41   32.82
 201083.646   887.848   -21.49   44.42
 201452.471   870.700   -46.49   48.28
 201821.222   849.732   -56.85   44.19
 202189.901   826.329   -63.47   35.56
 202558.506   804.093   -60.32   40.21
 202927.039   787.489   -45.05   35.77
 203295.498   781.020   -17.55   28.81
 203663.885   784.632     9.80   25.20
 204032.198   790.951    17.15   26.52
 204400.439   802.885    32.40   26.74
 204768.607   811.039    22.14   28.58
 205136.702   820.525    25.77   35.14
 205504.725   822.566     5.55   31.89
 205872.674   824.523     5.32   24.66
 206240.551   823.665    -2.33   16.92
 206608.356   825.824     5.87   11.67
 206976.088   828.182     6.41   11.20
 207343.747   832.174    10.86   12.16
 207711.334   838.489    17.18   13.99
 208078.849   844.464    16.25   15.88
 208446.291   851.544    19.27   18.27
 208813.661   858.029    17.65   19.50
 209180.958   868.660    28.94   31.32
 209548.184   881.775    35.71   44.44
 209915.337   903.040    57.91   62.87
 210282.417   924.874    59.47   74.81
 210649.426   953.779    78.75   88.09
 211016.363   974.236    55.74   90.64
 211383.227  1003.442    79.60  109.43
 211750.020  1033.766    82.66  128.79
 212116.741  1073.022   107.03  148.97
 212483.389  1097.273    66.13  162.08
 212849.966  1082.362   -40.67  149.57
 213216.471  1057.787   -67.04  132.79
 213582.904  1048.829   -24.44  121.82
 213949.266  1050.221     3.80  134.48
 214315.555  1072.059    59.61  148.08
 214681.774  1083.151    30.28  155.86
 215047.920  1076.385   -18.48  138.99
 215413.995  1079.849     9.46  131.72
 215779.998  1091.566    32.01  130.73
 216145.930  1106.202    39.99  127.36
 216511.790  1137.618    85.85  125.10
 216884.973  1162.543    66.78  121.29
 217265.688  1204.007   108.89  127.14
 217646.325  1250.677   122.59  130.74
 218026.883  1295.698   118.28  126.64
 218407.363  1340.066   116.59  120.43
 218787.764  1418.143   205.22  125.32
 219168.088  1481.674   167.02  121.74
 219548.333  1488.829    18.81  118.39
 219928.501  1475.884   -34.05  127.47
 220308.590  1444.698   -82.03  122.25
 220688.601  1448.389     9.71  126.65
 221068.535  1536.762   232.56  142.72
 221448.390  1608.990   190.11  143.33
 221828.168  1649.516   106.69  123.75
 222207.868  1681.070    83.09  106.64
 222587.490  1675.526   -14.60  113.46
 222967.035  1658.079   -45.96  115.40
 223346.501  1649.494   -22.62  107.84
 223725.891  1631.918   -46.32   91.23
 224105.202  1631.401    -1.36   87.24
 224484.436  1633.435     5.36  100.64
 224863.593  1635.489     5.42  105.81
 225242.672  1624.305   -29.50  113.72
 225621.674  1627.522     8.49  108.94
 226000.599  1626.470    -2.78  106.11
 226379.446  1585.585  -107.90  131.38
 226758.216  1515.907  -183.93  176.71
 227136.909  1421.929  -248.12  144.02
 227515.525  1366.129  -147.35   79.86
 227894.064  1378.491    32.65   83.96
 228272.525  1406.407    73.75   94.12
 228650.910  1411.851    14.39  104.57
 229029.218  1388.087   -62.81  103.44
 229407.449  1346.941  -108.77   89.08
 229785.602  1326.007   -55.35  109.39
 230163.680  1306.861   -50.63  131.12
 230541.680  1261.017  -121.26  130.97
 230919.604  1217.055  -116.31   95.48
 231297.451  1183.818   -87.95   44.19
 231675.221  1178.677   -13.61   21.72
 232052.915  1207.116    75.28   53.17
 232430.532  1269.010   163.88  105.25
 232808.073  1396.207   336.85  176.32
 233185.537  1528.634   350.77  174.03
 233562.925  1611.083   218.43  116.48
 233940.237  1662.188   135.42   90.24
 234317.472  1696.797    91.73  133.55
 234694.631  1713.469    44.20  152.27
 235071.714  1769.973   149.82  139.28
 235448.721  1784.300    38.00  132.63
 235825.651  1732.676  -136.93  160.70
 236202.506  1667.723  -172.33  181.38
 236579.284  1586.785  -214.78  148.17
 236955.987  1509.453  -205.25  144.92
 237332.613  1464.469  -119.42  127.63
 237709.164  1452.566   -31.60  111.33
 238085.639  1511.941   157.68  159.69
 238462.038  1620.291   287.81  179.83
 238838.361  1711.440   242.17  138.55
 239214.608  1726.674    40.48  135.62
 239590.780  1650.324  -202.93  167.89
 239966.876  1581.966  -181.73  131.25
 240342.897  1601.951    53.14  149.13
 240718.842  1652.596   134.69  156.60
 241094.712  1747.798   253.24  170.89
 241470.506  1805.976   154.78  170.34
 241846.225  1829.039    61.37  163.56
 242221.869  1842.672    36.29  162.00
 242597.437  1843.105     1.15  136.32
 242972.930  1839.209   -10.37  115.03
 243348.347  1769.185  -186.49  164.61
 243723.690  1637.672  -350.32  168.71
 244098.957  1549.716  -234.34  132.13
 244474.150  1521.695   -74.67  103.28
 244849.267  1573.536   138.17  134.34
 245224.309  1656.000   219.84  135.26
 245599.277  1717.462   163.88  125.08
 245974.169  1771.430   143.93  133.35
 246348.987  1862.533   243.02  163.84
 246723.729  1941.725   211.28  159.10
 247098.397  1976.770    93.52  140.24
 247472.991  1982.691    15.80  132.65
 247847.509  1945.160  -100.19  128.45
 248221.953  1893.623  -137.61  142.03
 248596.323  1811.851  -218.38  151.14
 248970.618  1759.240  -140.53  116.85
 249344.838  1806.654   126.68  160.52
 249718.984  1865.010   155.94  156.76
 250093.055  1906.716   111.47  117.95
 250467.052  1900.642   -16.24  116.63
 250840.975  1848.401  -139.69  106.96
 251214.824  1809.645  -103.65  110.11
 251588.598  1767.794  -111.95  106.15
 251962.298  1708.430  -158.83  117.25
 252335.924  1601.140  -287.10  127.81
 252709.476  1510.828  -241.72  114.29
 253082.953  1442.751  -182.24   92.41
 253456.357  1418.154   -65.86   71.92
 253829.687  1432.089    37.32  108.43
 254202.943  1444.536    33.34  116.12
 254576.125  1452.543    21.45  118.72
 254949.233  1451.829    -1.91  126.55
 255322.267  1432.676   -51.33  134.90
 255695.227  1416.440   -43.52  137.58
 256068.114  1394.975   -57.55  116.45
 256440.927  1368.385   -71.31  114.22
 256813.667  1370.779     6.42  134.57
 257186.333  1356.487   -38.34  144.93
 257558.925  1327.318   -78.27  129.32
