# NaN NaN NaN ;Mean Elev.(m), Avg Gradient(m/km), RMS Gradient(m/km) - SRTM1     
#   45.933  -2.970  15.103 ;Mean Elev.(m), Avg Gradient(m/km), RMS Gradient(m/km) - ASTER GDEM
#   61.000  -3.631  13.275 ;Mean Elev.(m), Avg Gradient(m/km), RMS Gradient(m/km) - GMTED2010 
  7 235.094871  64.652253    54.326    54.352  3 52446.21259784 46.658
  8 235.103551  64.654973    53.396    53.453  3 52481.21258922 44.904
  9 235.112991  64.662968    52.321    52.320  4 52516.21254212 51.555
 10 235.092212  64.650214    51.257    51.302  4 52551.21258802 38.314
 11 235.108721  64.662254    50.913    50.929  3 52586.21256244 46.531
 12 235.108807  64.661011   125.426   125.476  3 52621.21254031 15.701
 15 235.104030  64.656242   123.412   123.232  3 52726.21256961  9.976
 16 235.102591  64.658613   126.428   126.948  3 52761.21258646 13.217
 17 235.098489  64.655892    54.866    54.879  3 52796.21254487 48.235
 18 235.098916  64.656104    54.216    54.182  3 52831.21261185 48.705
 19 235.106994  64.658192    51.957    51.974  3 52866.21265560 37.316
 20 235.105766  64.658536    51.340    51.340  2 52901.21268358 52.314
 21 235.110016  64.662973    50.876    50.850  3 52936.21262527 49.683
 22 235.099551  64.653394    56.685    58.795  3 52971.21264795 12.676
 23 235.099736  64.655780   123.249   123.466  3 53006.21266211  9.627
 24 235.092587  64.649758   122.755   122.565  3 53041.21261328  8.775
 25 235.105349  64.655239    71.331    71.331  2 53076.21264657  7.406
 26 235.089899  64.650496   122.587   122.406  4 53111.21261637  5.029
 27 235.098781  64.654429    59.647    59.671  4 53146.21265971 40.120
 28 235.105786  64.658744    53.384    53.387  3 53181.21266771 51.101
 29 235.102358  64.656734    76.110    54.818  3 53216.21269024 14.399
 30 235.108405  64.660756    50.784    50.775  3 53251.21266939 51.277
 31 235.091018  64.651005    50.554    50.566  3 53286.21266124 50.664
 32 235.107310  64.659943   123.250   123.588  3 53321.21263865 13.877
 34 235.093863  64.652840   122.444   122.384  3 53391.21261972  7.359
 36 235.099704  64.653943   124.399   124.934  3 53461.21262697  7.299
 37 235.095487  64.653775    58.711    58.717  3 53496.21270653 53.456
 38 235.107306  64.661348    55.031    54.960  3 53531.21268540 32.125
 39 235.102707  64.656645    53.384    53.387  3 53566.21271019 51.318
 40 235.109672  64.662849    52.273    52.226  3 53601.21265468 49.100
 41 235.093940  64.651834    52.485    52.472  3 53636.21265035 49.072
 42 235.098148  64.654539   123.155   122.812  3 53671.21267170 13.199
 43 235.112775  64.663610   125.138   125.283  4 53706.21260517 10.858
 44 235.117599  64.668795   125.274   125.305  6 53741.21251906 13.025
 45 235.104909  64.657543   124.457   124.456  3 53776.21254020 10.623
 46 235.114549  64.665343   125.422   125.356  4 53811.21252110  9.879
 47 235.095833  64.652704   123.424   123.330  4 53846.21256756  5.462
 48 235.102227  64.657891    54.884    54.889  3 53881.21259247 53.451
 49 235.097499  64.655236   121.691   122.031  3 53916.21265156 11.817
 50 235.099136  64.655047    52.170    52.165  3 53951.21265842 47.599
 52 235.099004  64.652932    51.641    50.905  3 54021.21263449 52.614
 53 235.106710  64.660052   122.952   123.180  3 54056.21262707 16.160
 54 235.111035  64.660738   124.987   125.124  3 54091.21261243  9.457
 55 235.095945  64.651990   123.052   122.775  3 54126.21254217  6.424
 56 235.104845  64.656597   125.167   125.617  3 54161.21257978  6.626
 57 235.096954  64.653864   123.070   122.712  3 54196.21254435  4.908
 58 235.102399  64.655942    54.241    54.232  3 54231.21259276 50.008
 59 235.103519  64.657244    54.999    55.039  3 54266.21261034 23.516
 60 235.105846  64.656932    54.016    53.976  3 54301.21261494 33.765
 61 235.107256  64.660315    50.949    48.778  3 54336.21260342 22.850
 62 235.099786  64.653925    52.205    52.232  3 54371.21254675 39.623
 63 235.104237  64.659504    51.666    51.664  3 54406.21254798 47.549
 64 235.094307  64.651308   122.545   122.459  4 54441.21250479  8.976
 65 235.104348  64.656650   124.014   124.295  3 54476.21253521 10.141
 66 235.096612  64.652277   122.939   122.846  3 54511.21252080  9.480
 67 235.106108  64.658700   124.604   124.613  3 54546.21254982  8.766
 68 235.102722  64.657412   125.024   125.139  3 54581.21251737  7.034
 69 235.105444  64.657080    55.179    55.236  3 54616.21253865 39.584
 70 235.101450  64.656545    54.673    54.735  3 54651.21255157 34.960
 71 235.107362  64.660004    53.524    52.104  3 54686.21254453 35.605
 72 235.096403  64.652286    52.189    51.679  3 54721.21249623 27.759
 73 235.104448  64.656821    50.983    51.037  3 54756.21251861 40.374
 74 235.095237  64.651041   122.557   122.520  3 54791.21248934  9.594
 75 235.102591  64.654797   122.911   123.391  3 54826.21251523  9.169
 76 235.097916  64.652519   122.965   123.113  3 54861.21248318  7.438
 77 235.104600  64.658813   123.738   124.277  3 54896.21251651  6.480
 78 235.096360  64.654201   122.985   122.925  3 54931.21248092  3.891
 79 235.104339  64.655844    64.293    64.313  3 54966.21251683 52.032
 80 235.102235  64.655543    55.582    55.573  3 55001.21253674 52.774
 81 235.104280  64.656849    53.316    53.312  3 55036.21252281 51.905
 82 235.108611  64.660417    53.125    53.105  3 55071.21251188 46.059
 83 235.095963  64.652592    51.928    51.876  3 55106.21245422 32.512
 84 235.103526  64.659400    51.029    51.035  3 55141.21246139 48.917
 85 235.095163  64.652651    51.498    51.560  3 55176.21242317 44.244
 86 235.103454  64.656292   123.467   123.440  3 55211.21245549 11.156
 87 235.097102  64.655479    59.060    60.118  3 55246.21242798 10.322
 88 235.105375  64.659343    79.673    79.449  3 55281.21244978  7.967
 89 235.103334  64.655748    55.291    55.287  3 55316.21241646 49.981
 90 235.105389  64.660070    52.735    52.740  3 55351.21242175 46.414
 91 235.096560  64.652581    53.687    53.721  3 55386.21241537 45.819
 92 235.105223  64.656593    52.346    52.328  3 55421.21243943 52.617
 93 235.110198  64.660128    51.879    51.845  3 55456.21241518 50.952
