-134397.440   221.002     0.00   15.44
-134021.766   222.976     5.26   12.78
-133646.170   223.816     2.24    8.17
-133270.654   224.663     2.26    4.70
-132895.217   225.535     2.32    4.67
-132519.859   226.837     3.47    4.73
-132144.581   227.187     0.93    4.47
-131769.381   226.172    -2.71    4.74
-131394.261   223.656    -6.71    4.10
-131019.220   220.922    -7.29    3.23
-130644.257   219.574    -3.60    2.70
-130269.374   219.546    -0.07    2.87
-129894.570   220.826     3.42    4.38
-129519.844   223.581     7.35    5.18
-129145.197   226.857     8.75    5.04
-128770.629   230.965    10.97    4.55
-128396.140   234.079     8.32    5.34
-128021.729   239.477    14.42    6.50
-127647.397   244.352    13.03    6.73
-127273.143   249.357    13.37    5.89
-126898.968   253.629    11.42    7.47
-126524.872   257.246     9.67   10.94
-126150.854   261.126    10.38   15.21
-125776.914   263.112     5.31   15.94
-125403.052   267.456    11.62   18.95
-125029.269   270.216     7.38   19.35
-124655.564   269.868    -0.93   17.87
-124281.937   270.140     0.73   14.47
-123908.388   269.773    -0.98    9.41
-123534.917   269.362    -1.10    7.61
-123161.525   270.142     2.09    8.36
-122788.210   270.890     2.00   10.83
-122414.973   272.629     4.66   12.13
-122041.814   274.251     4.35   13.60
-121668.733   277.070     7.56   13.28
-121295.729   279.857     7.47   13.09
-120922.804   282.570     7.28   12.82
-120549.956   285.741     8.50   13.44
-120177.185   289.481    10.04   15.49
-119804.492   292.283     7.52   15.69
-119431.877   291.835    -1.20   15.33
-119059.339   289.868    -5.28   13.97
-118686.879   284.890   -13.37   11.19
-118314.496   280.421   -12.00    8.33
-117942.191   275.234   -13.93    8.14
-117569.962   269.689   -14.90   10.25
-117197.811   262.057   -20.51   12.25
-116825.737   260.489    -4.21   13.74
-116453.741   264.034     9.53   18.33
-116081.821   273.524    25.52   24.38
-115709.978   285.234    31.49   24.08
-115338.213   295.031    26.36   25.20
-114966.524   300.102    13.64   27.68
-114594.913   295.718   -11.80   29.83
-114223.378   285.347   -27.92   32.54
-113851.920   266.956   -49.51   28.51
-113480.539   252.595   -38.67   20.01
-113109.234   241.477   -29.95    8.26
-112738.006   235.965   -14.85    5.15
-112366.855   232.243   -10.03    3.96
-111995.780   230.546    -4.57    3.96
-111624.782   230.623     0.21    4.85
-111253.861   234.177     9.58    7.16
-110883.016   241.281    19.16   13.27
-110512.247   249.134    21.18   20.10
-110141.555   255.011    15.85   23.25
-109770.938   259.083    10.99   23.18
-109400.399   261.028     5.25   22.07
-109029.935   260.081    -2.56   18.23
-108659.548   257.651    -6.56   15.63
-108289.236   246.868   -29.12   18.09
-107919.001   238.653   -22.19   18.33
-107548.842   232.670   -16.16   16.49
-107178.758   231.890    -2.11   16.57
-106808.751   232.706     2.21   15.69
-106438.820   232.201    -1.37   16.71
-106068.964   225.049   -19.34   19.01
-105699.184   215.070   -26.99   18.63
-105329.480   214.034    -2.80   21.23
-104959.852   216.262     6.03   25.43
-104590.299   215.923    -0.92   27.50
-104220.822   211.283   -12.56   30.29
-103851.420   200.461   -29.30   33.79
-103482.094   176.438   -65.05   32.44
-103112.844   158.890   -47.53   28.87
-102743.669   142.023   -45.69   17.34
-102374.569   131.145   -29.48   10.42
-102005.545   124.844   -17.07    7.83
-101636.595   117.124   -20.93   12.67
-101267.722   105.328   -31.98   16.58
-100898.923    95.610   -26.35   16.12
-100530.199    90.234   -14.58   12.08
-100161.551    96.332    16.54   18.68
 -99792.977   106.789    28.37   19.73
 -99424.479   117.049    27.84   17.46
 -99056.056   127.314    27.86   16.63
 -98687.707   137.309    27.14   19.97
 -98319.434   148.672    30.86   19.55
 -97951.235   161.823    35.72   17.09
 -97583.111   172.230    28.27   21.74
 -97215.062   179.699    20.30   22.86
 -96847.087   184.019    11.74   21.67
 -96479.187   186.186     5.89   19.22
 -96111.362   182.943    -8.82   17.24
 -95743.611   180.538    -6.54   14.07
 -95375.935   182.685     5.84   12.14
 -95008.333   186.944    11.59   11.32
 -94640.806   194.857    21.53   10.37
 -94273.353   201.363    17.71    8.04
 -93905.974   206.333    13.53    4.03
 -93538.670   207.062     1.98    3.27
 -93171.440   204.549    -6.84    6.16
 -92804.284   199.728   -13.13    8.22
 -92437.203   195.307   -12.04    7.51
 -92070.195   191.390   -10.68    4.04
 -91703.262   190.439    -2.59    1.33
 -91336.402   192.126     4.60    3.02
 -90969.617   195.085     8.07    4.76
 -90602.905   199.395    11.75    5.33
 -90236.267   204.241    13.22    6.59
 -89869.704   210.316    16.57    8.57
 -89503.214   214.782    12.19    8.12
 -89136.797   217.003     6.06    6.87
 -88770.455   216.629    -1.02    6.63
 -88404.186   214.244    -6.51    4.38
 -88037.991   212.390    -5.07    1.89
 -87671.869   211.835    -1.51    1.07
 -87305.821   211.075    -2.08    1.76
 -86939.846   209.932    -3.12    2.40
 -86573.945   208.530    -3.83    2.50
 -86208.117   207.770    -2.08    2.02
 -85842.363   208.061     0.79    2.94
 -85476.682   209.092     2.82    3.15
 -85098.643   210.593     3.97    3.30
 -84717.696   212.890     6.03    3.48
 -84336.829   214.990     5.52    3.10
 -83956.044   217.049     5.41    2.19
 -83575.338   218.629     4.15    3.17
 -83194.713   220.794     5.69    4.18
 -82814.169   224.442     9.59    4.67
 -82433.705   228.666    11.10    5.21
 -82053.321   233.743    13.35    7.00
 -81673.018   241.645    20.78   11.24
 -81292.795   253.304    30.67   17.01
 -80912.652   269.602    42.88   21.73
 -80532.589   286.615    44.76   20.91
 -80152.606   311.879    66.49   29.51
 -79772.704   337.912    68.53   34.35
 -79392.881   367.416    77.68   36.73
 -79013.139   399.081    83.39   33.87
 -78633.476   419.922    54.90   43.34
 -78253.893   436.710    44.23   49.76
 -77874.390   451.793    39.75   52.15
 -77494.967   466.626    39.10   49.42
 -77115.623   483.234    43.78   43.65
 -76736.359   508.846    67.54   45.06
 -76357.175   545.498    96.67   57.59
 -75978.070   584.085   101.79   51.99
 -75599.045   569.105   -39.53   66.42
 -75220.099   532.433   -96.78   85.40
 -74841.233   483.270  -129.77   70.30
 -74462.446   436.352  -123.87   28.31
 -74083.738   415.933   -53.92   32.86
 -73705.109   393.072   -60.38   41.06
 -73326.560   369.585   -62.05   38.82
 -72948.090   343.395   -69.20   31.58
 -72569.699   320.593   -60.26   22.48
 -72191.387   302.976   -46.57   21.42
 -71813.154   295.012   -21.06   16.88
 -71435.001   293.664    -3.57   14.47
 -71056.926   296.434     7.33   14.42
 -70678.929   303.836    19.58   12.26
 -70301.012   311.457    20.17    5.21
 -69923.174   314.857     9.00    3.53
 -69545.414   316.901     5.41    3.85
 -69167.733   319.640     7.25    5.19
 -68790.130   323.901    11.29    8.21
 -68412.606   331.727    20.73   12.19
 -68035.161   339.813    21.42   13.83
 -67657.794   347.977    21.63   14.31
 -67280.506   351.716     9.91   15.80
 -66903.296   353.320     4.25   19.04
 -66526.164   351.357    -5.20   19.67
 -66149.110   344.664   -17.75   20.45
 -65772.135   336.498   -21.66   20.46
 -65395.238   325.727   -28.58   24.23
 -65018.419   318.977   -17.91   25.46
 -64641.679   311.066   -21.00   28.26
 -64265.016   304.988   -16.14   31.77
 -63888.431   301.143   -10.21   37.15
 -63511.924   294.825   -16.78   38.48
 -63135.496   291.780    -8.09   35.35
 -62759.145   291.698    -0.22   30.42
 -62382.871   293.779     5.53   29.30
 -62006.676   300.826    18.73   29.83
 -61630.558   308.501    20.41   24.81
 -61254.518   308.358    -0.38   19.75
 -60878.556   305.744    -6.95   13.87
 -60502.671   304.390    -3.60   11.63
 -60126.864   304.538     0.39   12.63
 -59751.134   299.115   -14.43   15.77
 -59375.481   290.402   -23.20   18.32
 -58999.906   283.814   -17.54   18.07
 -58624.409   279.095   -12.57   17.97
 -58248.988   276.610    -6.62   17.07
 -57873.645   273.674    -7.82   14.12
 -57498.379   266.314   -19.62   16.04
 -57123.190   256.027   -27.42   16.45
 -56748.079   248.009   -21.37   15.73
 -56373.044   237.004   -29.35   16.15
 -55998.086   231.955   -13.47   18.22
 -55623.206   222.074   -26.36   22.12
 -55248.402   208.296   -36.76   24.62
 -54873.675   204.981    -8.85   23.09
 -54499.025   204.516    -1.24   20.93
 -54124.451   206.787     6.06   16.99
 -53749.955   210.064     8.75   13.50
 -53375.535   208.640    -3.80   14.04
 -53001.191   200.687   -21.25   18.94
 -52626.925   196.118   -12.21   18.68
 -52252.735   191.432   -12.52   17.35
 -51878.621   182.511   -23.85   20.38
 -51504.584   181.604    -2.42   21.65
 -51130.623   176.704   -13.10   22.85
 -50756.738   178.428     4.61   22.29
 -50382.930   188.470    26.86   19.64
 -50009.198   197.318    23.68   21.50
 -49635.542   206.368    24.22   20.97
 -49261.963   218.320    31.99   14.39
 -48888.459   223.277    13.27    9.45
 -48515.032   218.793   -12.01   12.11
 -48141.681   206.970   -31.67   19.82
 -47768.405   190.352   -44.52   23.38
 -47395.206   177.351   -34.84   18.56
 -47022.083   167.055   -27.60   11.99
 -46649.035   161.212   -15.66   12.21
 -46276.063   159.234    -5.30   12.71
 -45903.167   159.534     0.81   13.83
 -45530.346   164.019    12.03   16.46
 -45157.602   169.472    14.63   14.14
 -44784.933   171.747     6.10   13.43
 -44412.339   170.664    -2.91   13.69
 -44039.821   169.868    -2.14   12.77
 -43667.379   170.115     0.67   11.06
 -43295.011   171.454     3.59    8.40
 -42922.720   169.814    -4.41    9.45
 -42550.503   160.530   -24.94   21.17
 -42178.362   144.770   -42.35   28.27
 -41806.296   124.914   -53.37   27.05
 -41434.306   108.781   -43.37   17.23
 -41062.390   100.971   -21.00    6.94
 -40690.550    99.460    -4.06    5.65
 -40318.785    99.134    -0.87    6.30
 -39947.095   117.132    48.42   41.36
 -39575.479   160.121   115.68   77.84
 -39203.939   208.044   128.99   78.74
 -38832.474   238.575    82.19   52.78
 -38461.083   251.285    34.23   32.11
 -38089.767   237.079   -38.26   26.15
 -37718.526   225.879   -30.17    7.45
 -37347.360   226.944     2.87    4.90
 -36976.269   229.800     7.70    4.43
 -36605.252   232.770     8.01    4.17
 -36234.309   236.733    10.68    4.66
 -35863.441   242.205    14.76    8.06
 -35492.648   251.298    24.52   13.37
 -35121.929   266.857    41.97   21.64
 -34751.285   285.984    51.60   24.05
 -34380.714   307.503    58.07   23.75
 -34010.219   327.822    54.85   20.97
 -33639.797   359.325    85.05   45.07
 -33269.450   411.146   139.93   86.42
 -32899.176   492.362   219.35  117.00
 -32528.977   582.008   242.16  119.08
 -32158.852   665.112   224.54   76.46
 -31788.802   695.172    81.23   43.13
 -31418.825   680.046   -40.89   43.63
 -31048.922   647.943   -86.79   41.43
 -30679.093   616.368   -85.38   28.48
 -30309.338   602.955   -36.27   23.83
 -29939.656   591.437   -31.16   23.35
 -29570.049   582.123   -25.20   23.14
 -29200.515   568.079   -38.01   22.25
 -28831.055   550.105   -48.65   25.09
 -28461.668   534.635   -41.88   28.18
 -28092.356   510.879   -64.33   38.73
 -27723.116   479.925   -83.83   40.52
 -27353.951   451.956   -75.77   40.25
 -26984.858   433.277   -50.61   34.04
 -26615.839   413.912   -52.48   29.75
 -26246.894   399.598   -38.80   29.84
 -25878.022   381.668   -48.61   30.75
 -25509.223   361.716   -54.10   31.97
 -25140.498   338.590   -62.72   29.80
 -24771.845   319.814   -50.93   27.01
 -24403.266   301.477   -49.75   22.50
 -24034.760   283.531   -48.70   20.29
 -23666.327   268.949   -39.58   18.39
 -23297.967   257.694   -30.55   18.07
 -22929.681   247.135   -28.67   14.35
 -22561.467   232.571   -39.55   18.14
 -22193.326   218.561   -38.06   19.97
 -21825.258   204.115   -39.25   17.94
 -21457.262   192.990   -30.23   13.82
 -21089.340   183.610   -25.49    7.87
 -20721.490   178.079   -15.04    5.87
 -20353.713   173.357   -12.84    4.54
 -19986.009   169.325   -10.97    4.71
 -19618.377   165.396   -10.69    3.68
 -19250.818   161.640   -10.22    4.63
 -18883.331   158.135    -9.54    4.79
 -18515.917   155.922    -6.02    4.15
 -18148.575   154.515    -3.83    3.17
 -17781.306   154.509    -0.02    3.26
 -17414.109   155.606     2.99    3.50
 -17046.984   157.923     6.31    4.11
 -16679.932   160.634     7.39    3.73
 -16312.951   162.648     5.49    2.86
 -15946.043   163.351     1.92    3.01
 -15579.208   163.686     0.91    3.92
 -15212.444   169.194    15.02   12.57
 -14845.752   186.693    47.72   29.52
 -14479.133   237.553   138.73   80.42
 -14112.585   319.182   222.70  121.87
 -13746.109   405.813   236.39  116.95
 -13379.705   464.064   158.98   74.81
 -13013.373   472.646    23.43   35.98
 -12647.113   445.461   -74.22   42.40
 -12280.925   408.327  -101.41   40.66
 -11914.808   378.096   -82.57   33.51
 -11548.763   351.181   -73.53   26.05
 -11182.790   332.683   -50.55   22.61
 -10816.888   312.449   -55.30   22.62
 -10443.124   281.433   -82.98   40.67
 -10062.337   242.670  -101.80   49.54
  -9681.629   198.140  -116.97   51.21
  -9300.999   157.670  -106.32   33.29
  -8920.447   130.314   -71.89   24.29
  -8539.974   105.856   -64.28   24.11
  -8159.579    83.044   -59.97   28.48
  -7779.262    60.407   -59.52   22.02
  -7399.024    46.725   -35.98   13.11
  -7018.864    37.981   -23.00    6.13
  -6638.782    32.825   -13.57    6.30
  -6258.778    27.005   -15.31    7.28
  -5878.852    20.634   -16.77    8.03
  -5499.005    14.424   -16.35    7.40
  -5119.235    10.790    -9.57    4.68
  -4739.543    11.279     1.29    5.75
  -4359.929    15.527    11.19    8.80
  -3980.393    22.401    18.11    9.07
  -3600.934    28.055    14.90    6.70
  -3221.554    29.546     3.93    6.74
  -2842.250    23.712   -15.38   13.50
  -2463.025    13.329   -27.38   15.00
  -2083.877     4.810   -22.47   10.05
  -1704.807     2.340    -6.51    4.29
  -1325.814     4.235     5.00    4.60
   -946.899     4.989     1.99    4.39
   -568.061     4.204    -2.07    4.50
   -189.300     1.357    -7.52    2.87
    189.383    -0.016    -3.63    0.69
    567.989    -0.121    -0.28    0.00
    946.518    -0.121     0.00    0.00
   1324.970    -0.121     0.00    0.00
   1703.345    -0.121     0.00    0.00
   2081.642     1.538     4.39    6.98
   2459.863     6.807    13.93   13.41
   2838.006    18.242    30.24   20.51
   3216.073    32.044    36.51   20.55
   3594.063    42.379    27.34   17.32
   3971.976    49.507    18.86   14.68
   4349.812    54.640    13.59   17.49
   4727.571    60.077    14.39   20.63
   5105.254    64.825    12.57   19.43
   5482.860    73.232    22.26   18.76
   5860.389    84.055    28.67   15.82
   6237.842    92.736    23.00   10.76
   6615.219    98.933    16.42    4.23
   6992.518   101.415     6.58    1.40
   7369.742   102.401     2.62    1.64
   7746.889   103.302     2.39    1.97
   8123.960   103.879     1.53    2.62
   8500.954   103.973     0.25    3.26
   8877.873   103.501    -1.25    3.59
   9254.715   102.891    -1.62    3.36
   9631.481   102.912     0.06    2.93
  10008.171   104.350     3.82    4.02
  10384.784   107.044     7.15    5.79
  10761.322   110.155     8.26    5.90
  11137.784   113.560     9.05    6.01
  11514.170   119.407    15.53    9.03
  11890.480   126.727    19.45   10.93
  12266.714   135.834    24.21    9.33
  12642.873   142.967    18.96    7.08
  13018.955   149.027    16.11    7.08
  13394.962   156.560    20.04   10.03
  13770.894   165.146    22.84   11.30
  14146.749   173.012    20.93   10.59
  14522.530   179.553    17.41    7.11
  14898.234   183.081     9.39    6.70
  15273.864   187.415    11.54    8.01
  15649.417   195.115    20.50   11.26
  16024.896   206.367    29.97   13.99
  16400.299   218.168    31.43   14.87
  16775.627   228.856    28.48   11.58
  17150.879   233.582    12.59    7.37
  17526.057   231.961    -4.32    8.52
  17901.159   224.516   -19.85   18.71
  18276.186   211.373   -35.05   29.84
  18651.138   193.955   -46.45   43.96
  19026.016   177.173   -44.77   53.27
  19400.818   159.758   -46.46   54.30
  19775.545   143.867   -42.41   53.06
  20150.197   135.712   -21.77   53.82
  20524.775   132.279    -9.17   56.87
  20899.277   123.688   -22.94   52.60
  21273.705   120.760    -7.82   48.69
  21648.058   117.699    -8.18   39.78
  22022.337   120.653     7.89   36.81
  22396.541   128.137    20.00   39.15
  22770.670   137.224    24.29   43.12
  23144.725   144.323    18.98   47.89
  23518.706   152.117    20.84   49.07
  23892.612   157.538    14.50   46.66
  24266.443   164.867    19.60   38.72
  24640.200   170.346    14.66   29.82
  25013.883   176.460    16.36   24.15
  25387.492   185.088    23.09   23.05
  25761.026   194.396    24.92   14.28
  26134.487   198.434    10.81    7.94
  26507.873   198.902     1.25    8.17
  26881.185   199.980     2.89    9.37
  27254.423   198.867    -2.98   12.12
  27627.587   181.160   -47.45   37.77
  28000.677   155.603   -68.50   48.77
  28373.693   122.205   -89.53   43.48
  28746.635    97.603   -65.97   22.05
  29119.504    94.733    -7.70   13.67
  29492.298   109.497    39.60   28.67
  29865.019   136.379    72.12   37.67
  30237.666   164.452    75.33   35.21
  30610.240   196.779    86.76   27.15
  30982.740   213.879    45.90   24.24
  31355.166   229.015    40.64   17.86
  31727.519   235.534    17.51    8.79
  32099.798   236.419     2.38    3.06
  32472.004   235.334    -2.91    2.97
  32844.137   236.429     2.94    8.52
  33216.196   245.385    24.07   14.53
  33588.182   258.333    34.81   17.48
  33960.095   274.846    44.40   19.92
  34331.934   296.204    57.44   24.21
  34703.700   319.789    63.44   31.26
  35075.394   351.674    85.78   38.08
  35447.014   395.699   118.46   55.95
  35818.561   438.736   115.83   49.90
  36190.034   478.777   107.79   40.75
  36561.435   514.105    95.12   33.37
  36932.764   526.780    34.13   45.82
  37304.019   527.425     1.74   55.16
  37675.201   538.620    30.16   73.89
  38046.311   568.833    81.41  107.29
  38417.348   622.587   144.87  125.39
  38788.312   676.994   146.66  103.88
  39159.203   721.115   118.96   61.81
  39530.022   717.015   -11.06   50.81
  39900.768   685.463   -85.10   41.90
  40271.442   667.201   -49.27   42.01
  40642.043   656.446   -29.02   42.51
  41012.572   655.980    -1.26   45.01
  41383.028   675.005    51.35   45.93
  41753.412   701.990    72.85   45.21
  42123.724   733.077    83.94   34.01
  42493.963   757.261    65.32   25.47
  42864.131   777.248    53.99   21.32
  43234.225   792.688    41.72   20.43
  43604.248   807.349    39.62   19.50
  43974.199   816.934    25.91   19.48
  44344.077   823.950    18.97   20.96
  44713.884   829.307    14.49   19.53
  45083.619   835.595    17.00   17.85
  45453.281   844.901    25.17   17.78
  45822.872   855.396    28.40   20.82
  46192.391   871.328    43.11   24.82
  46561.838   888.373    46.13   28.91
  46931.213   895.572    19.49   28.73
  47300.517   898.723     8.53   33.06
  47669.748   902.340     9.79   41.27
  48038.908   908.508    16.71   46.74
  48407.997   919.327    29.31   43.33
  48777.014   924.823    14.89   38.36
  49145.959   924.843     0.06   35.89
  49514.833   928.576    10.12   33.68
  49883.636   940.457    32.22   33.17
  50252.367   970.856    82.44   45.97
  50621.026  1005.153    93.03   71.21
  50989.615  1082.296   209.29  119.27
  51358.132  1159.120   208.46  109.59
  51726.578  1195.913    99.86   78.06
  52094.952  1172.407   -63.81  103.74
  52463.256  1091.767  -218.94  115.38
  52831.488  1031.311  -164.17   93.48
  53199.649  1002.686   -77.75   64.05
  53567.740  1037.112    93.52   96.73
  53935.759  1078.788   113.24   93.29
  54303.707  1085.261    17.59   84.47
  54671.584  1048.982   -98.61   89.76
  55039.391  1002.845  -125.43   61.67
  55407.127  1008.011    14.05   77.74
  55774.791  1062.061   147.00  102.21
  56142.385  1099.469   101.76   81.89
  56509.909  1093.856   -15.27   78.34
  56877.362  1065.298   -77.72   65.43
  57244.744  1059.765   -15.06   64.57
  57612.055  1109.672   135.86  100.17
  57979.296  1185.557   206.63  123.28
  58346.466  1266.752   221.13  146.96
  58713.566  1356.350   244.06  152.32
  59080.596  1371.205    40.47  128.17
  59447.555  1333.028  -104.03  143.71
  59814.444  1238.368  -258.00  168.85
  60181.262  1118.141  -327.74  115.88
  60548.010  1068.357  -135.74   76.38
  60914.688  1095.132    73.02  123.30
  61281.296  1182.652   238.72  153.18
  61647.834  1268.251   233.52  138.80
  62014.301  1300.171    87.10  111.05
  62380.699  1256.890  -118.12  130.60
  62747.026  1157.458  -271.42  150.44
  63113.284  1091.767  -179.35  126.35
  63479.471  1044.592  -128.82   87.07
  63845.589  1013.070   -86.09   96.69
  64215.422   983.046   -81.18  111.86
  64596.051   928.778  -142.57   91.91
  64976.603   887.309  -108.96   29.85
  65357.079   889.129     4.78   31.92
  65737.479   890.182     2.77   33.82
  66117.802   885.868   -11.34   32.35
  66498.049   882.493    -8.88   23.91
  66878.220   894.481    31.53   35.95
  67258.314   919.194    65.01   48.84
  67638.332   943.190    63.14   50.94
  68018.275   969.025    67.99   49.50
  68398.141   978.408    24.70   44.53
  68777.931   986.014    20.03   38.14
  69157.646   989.761     9.87   32.85
  69537.284  1010.474    54.56   39.20
  69916.846  1040.331    78.66   43.05
  70296.333  1077.212    97.18   47.60
  70675.744  1113.938    96.79   43.80
  71055.079  1142.757    75.97   39.18
  71434.339  1172.050    77.23   32.03
  71813.523  1199.264    71.77   35.21
  72192.631  1228.915    78.21   40.45
  72571.664  1262.844    89.51   35.50
  72950.621  1284.915    58.24   20.89
  73329.503  1290.823    15.59   17.14
  73708.309  1285.114   -15.07   25.93
  74087.040  1274.452   -28.15   34.49
  74465.695  1259.542   -39.37   48.40
  74844.276  1238.654   -55.17   60.17
  75222.781  1211.561   -71.58   67.15
  75601.211  1186.441   -66.38   67.69
  75979.566  1162.924   -62.15   72.22
  76357.845  1140.603   -59.00   70.45
  76736.050  1117.277   -61.67   69.23
  77114.179  1083.867   -88.35   77.85
  77492.234  1016.452  -178.31  102.45
  77870.214   961.958  -144.16   96.10
  78248.118   918.385  -115.30   53.53
  78625.948   920.425     5.40   48.25
  79003.703   946.718    69.60   60.09
  79381.384   960.465    36.40   58.74
  79758.990   971.606    29.50   57.13
  80136.521   977.373    15.27   54.98
  80513.977  1001.418    63.70   58.55
  80891.359  1027.239    68.42   62.31
  81268.666  1038.340    29.42   69.54
  81645.899  1040.138     4.77   70.91
  82023.057  1029.015   -29.49   57.61
  82400.141  1016.712   -32.62   32.46
  82777.151  1018.470     4.66   19.38
  83154.086  1027.938    25.12   17.46
  83530.947  1042.560    38.80   22.29
  83907.734  1063.023    54.31   28.03
  84284.446  1083.712    54.92   32.78
  84661.085  1106.662    60.93   38.20
  85037.649  1134.741    74.56   51.89
  85414.139  1155.964    56.37   61.82
  85790.556  1178.534    59.96   67.28
  86166.898  1206.501    74.31   78.37
  86543.166  1256.981   134.15  107.30
  86919.361  1327.177   186.58  112.91
  87295.482  1412.323   226.37  101.86
  87671.529  1482.700   187.14   74.49
  88047.502  1539.640   151.44   62.91
  88423.401  1582.159   113.11   58.85
  88799.227  1612.345    80.31   56.50
  89174.979  1628.233    42.28   63.25
  89550.658  1647.527    51.35   64.09
  89926.263  1665.450    47.72   47.03
  90301.794  1658.527   -18.43   40.05
  90677.252  1630.783   -73.89   64.24
  91052.637  1566.549  -171.10   96.44
  91427.948  1493.172  -195.50   92.65
  91803.186  1416.493  -204.33   84.68
  92178.351  1345.574  -189.02   79.40
  92553.442  1286.454  -157.60   99.73
  92928.461  1207.530  -210.44   98.97
  93303.406  1133.857  -196.48   90.62
  93678.278  1069.891  -170.62   69.14
  94053.077  1028.845  -109.51   47.70
  94427.803  1007.842   -56.04   26.06
  94802.455  1004.327    -9.38   23.93
  95177.035  1016.330    32.04   30.10
  95551.543  1040.764    65.24   41.08
  95925.977  1065.659    66.48   40.96
  96300.338  1084.969    51.58   37.45
  96674.627  1100.867    42.47   34.14
  97048.843  1116.023    40.50   33.71
  97422.986  1140.355    65.03   27.98
  97797.057  1168.856    76.19   44.61
  98171.055  1219.817   136.25   99.40
  98544.980  1298.615   210.71  136.89
  98918.833  1382.623   224.69  129.19
  99292.613  1414.402    85.01   96.08
  99666.321  1372.452  -112.24  122.49
 100039.957  1261.834  -296.04  172.83
 100413.520  1144.391  -314.36  167.65
 100787.011  1046.867  -261.09  126.00
 101160.430   975.562  -190.94   46.43
 101533.776   962.856   -34.03   18.23
 101907.050   976.586    36.78   35.18
 102280.253  1014.935   102.75   65.81
 102653.383  1081.361   178.01  116.24
 103026.441  1190.901   293.61  176.44
 103399.426  1301.526   296.57  158.11
 103772.340  1381.527   214.51  117.52
 104145.182  1420.819   105.38  112.24
 104517.953  1421.640     2.20  126.34
 104890.651  1424.739     8.31  132.11
 105263.277  1464.856   107.65  138.14
 105635.832  1469.738    13.10  139.66
 106008.315  1431.265  -103.28  167.86
 106380.726  1355.879  -202.41  187.39
 106753.066  1251.061  -281.49  124.33
 107125.334  1221.809   -78.57   73.91
 107497.530  1259.005    99.93   94.93
 107869.655  1324.595   176.24  102.38
 108241.709  1374.025   132.85   72.22
 108613.691  1367.188   -18.38   86.08
 108985.601  1309.508  -155.08  108.09
 109357.441  1260.538  -131.69   77.75
 109729.208  1237.549   -61.83   38.45
 110100.905  1255.083    47.17   40.18
 110472.530  1301.350   124.49   57.75
 110844.085  1357.391   150.81   91.41
 111215.568  1439.344   220.59  112.64
 111586.980  1526.902   235.72  122.43
 111958.321  1617.419   243.74  108.78
 112329.590  1628.515    29.88  106.79
 112700.789  1593.455   -94.44  137.60
 113071.917  1530.458  -169.73  130.54
 113442.974  1488.677  -112.59   81.29
 113813.960  1528.106   106.27  121.64
 114184.875  1608.159   215.81  146.70
 114555.720  1642.316    92.10  142.90
 114926.494  1633.867   -22.79  158.25
 115297.197  1579.746  -145.98  142.79
 115667.829  1542.915   -99.36   80.96
 116038.391  1592.936   134.97  118.32
 116408.882  1667.208   200.45  136.79
 116779.302  1741.580   200.76  129.04
 117149.652  1793.534   140.27  113.21
 117519.932  1786.788   -18.22  109.63
 117890.141  1755.688   -84.00  137.02
 118260.280  1702.833  -142.79  152.96
 118630.348  1634.600  -184.36  125.05
 119000.347  1585.809  -131.86   85.08
 119370.274  1591.580    15.60   81.37
 119740.132  1632.653   111.04  112.87
 120109.919  1696.576   172.85  141.44
 120479.637  1754.385   156.35  129.95
 120849.284  1797.132   115.63  114.43
 121218.861  1838.309   111.41  112.17
 121588.368  1891.646   144.33  108.18
 121957.805  1914.605    62.14   98.82
 122327.172  1894.663   -53.98  137.28
 122696.469  1852.355  -114.55  158.56
 123065.697  1801.396  -138.00  145.42
 123434.854  1784.397   -46.04  164.24
 123803.942  1831.270   126.98  187.44
 124172.960  1876.476   122.49  176.81
 124541.908  1904.515    75.99  146.34
 124910.787  1908.180     9.93  126.76
 125279.596  1869.890  -103.81  142.09
 125648.335  1819.681  -136.15  158.23
 126017.005  1698.500  -328.67  187.85
 126385.605  1592.263  -288.19  176.61
 126754.136  1503.661  -240.40  120.49
 127122.597  1478.915   -67.15   98.91
 127490.989  1522.431   118.11  153.73
 127859.311  1593.158   192.01  165.81
 128227.565  1682.220   241.83  142.74
 128595.749  1724.158   113.89  122.02
 128963.863  1696.844   -74.19  137.18
 129331.909  1610.684  -234.08  174.17
 129699.885  1496.546  -310.15  190.93
 130067.792  1396.042  -273.15  180.10
 130435.630  1354.818  -112.06  173.09
 130803.400  1307.534  -128.56  190.53
 131171.100  1247.385  -163.57  211.26
 131538.731  1130.088  -319.03  233.91
 131906.293   989.208  -383.24  201.43
 132273.786   858.017  -356.95  147.33
 132641.210   767.879  -245.30  107.33
 133008.566   685.146  -225.19   78.00
 133375.853   637.510  -129.69   65.34
 133743.071   597.414  -109.18   42.42
 134110.220   578.646   -51.11   26.37
 134477.301   568.373   -27.98    9.13
 134844.313   566.775    -4.35    5.56
 135211.256   568.385     4.39    7.44
 135578.131   575.741    20.05   20.59
 135944.938   592.341    45.25   37.21
 136311.676   612.615    55.27   47.96
 136678.345   630.939    49.97   51.69
 137044.946   650.005    52.00   57.62
 137411.479   674.722    67.43   71.46
 137777.943   714.856   109.50   92.81
 138144.340   756.580   113.87   95.34
 138510.667   800.252   119.20   80.99
 138876.927   802.017     4.82   76.67
 139257.360   773.083   -76.05   88.42
 139637.759   731.036  -110.52   79.24
 140018.084   720.129   -28.67   70.04
 140398.334   764.251   116.02  125.87
 140778.511   868.166   273.30  158.10
 141158.612   981.855   299.07  165.73
 141538.640  1082.809   265.62  149.65
 141918.593  1182.001   261.03  166.24
 142298.473  1273.212   240.08  155.83
 142678.278  1334.233   160.64  148.09
 143058.009  1335.291     2.79  145.10
 143437.666  1311.015   -63.93  116.53
 143817.249  1295.293   -41.41   91.16
 144196.758  1281.940   -35.18   73.58
 144576.194  1261.914   -52.77   61.06
 144955.555  1230.617   -82.49   57.29
 145334.843  1193.419   -98.06   64.23
 145714.057  1144.263  -129.61   77.52
 146093.198  1079.414  -171.02  102.74
 146472.264  1003.523  -200.18  101.36
 146851.258   968.061   -93.56   93.31
 147230.177   974.760    17.68  119.91
 147609.023  1033.615   155.33  142.34
 147987.796  1065.424    83.97  117.39
 148366.495  1067.517     5.53  113.15
 148745.120  1027.600  -105.42  132.42
 149123.673   965.495  -164.04  136.40
 149502.152   891.511  -195.45  144.27
 149880.557   851.915  -104.63  122.04
 150258.890   856.449    11.98  118.42
 150637.149   879.367    60.58  142.57
 151015.335   969.948   239.49  177.88
 151393.448  1061.990   243.40  167.96
 151771.488  1165.620   274.09  149.33
 152149.455  1236.184   186.67   98.23
 152527.349  1264.120    73.92   88.93
 152905.170  1269.249    13.57   82.94
 153282.919  1252.005   -45.64   64.46
 153660.594  1244.156   -20.78   55.93
 154038.196  1208.316   -94.90   56.54
 154415.726  1164.462  -116.15   57.26
 154793.183  1141.173   -61.69   47.52
 155170.567  1139.659    -4.01   43.53
 155547.879  1166.391    70.84   53.68
 155925.118  1215.030   128.92   51.48
 156302.285  1261.018   121.92   54.61
 156679.379  1312.773   137.23   57.35
 157056.400  1357.661   119.04   58.07
 157433.349  1404.144   123.30   54.21
 157810.226  1416.239    32.09   69.40
 158187.030  1420.086    10.21   91.13
 158563.762  1418.542    -4.10   91.37
 158940.422  1424.936    16.98   78.47
 159317.010  1438.193    35.20   61.57
 159693.525  1446.141    21.11   41.61
 160069.968  1452.444    16.74   37.50
 160446.339  1437.603   -39.43   63.89
 160822.638  1381.734  -148.45  108.41
 161198.865  1284.495  -258.43  139.37
 161575.020  1215.646  -183.01  114.65
 161951.103  1163.695  -138.12   78.06
 162327.115  1160.096    -9.57   92.47
 162703.054  1206.314   122.93  105.95
 163078.922  1238.736    86.25   99.47
 163454.717  1273.042    91.28   98.48
 163830.441  1327.605   145.20  113.81
 164206.094  1384.936   152.60  122.59
 164581.674  1422.367    99.65  117.81
 164957.183  1461.321   103.72  126.65
 165332.621  1472.940    30.94  148.43
 165707.987  1417.821  -146.82  178.77
 166083.281  1321.792  -255.84  245.77
 166458.504  1196.321  -334.35  231.33
 166833.656  1098.341  -261.14  123.16
 167208.736  1147.949   132.24  153.94
 167583.745  1266.704   316.63  193.51
 167958.682  1346.739   213.44  220.07
 168333.549  1415.041   182.18  258.30
 168708.344  1408.810   -16.62  275.05
 169083.068  1367.741  -109.58  273.35
 169457.721  1298.530  -184.71  260.77
 169832.303  1249.379  -131.20  244.47
 170206.813  1180.479  -183.95  226.03
 170581.253  1146.041   -91.96  223.14
 170955.622  1104.765  -110.24  212.70
 171329.920  1077.591   -72.59  203.15
 171704.147  1053.984   -63.08  194.83
 172078.303  1059.074    13.60  210.93
 172452.388  1061.749     7.15  206.10
 172826.403  1042.422   -51.67  182.19
 173200.346  1033.083   -24.97  148.28
 173574.220  1039.794    17.95  154.67
 173948.022  1062.879    61.75  185.35
 174321.754  1096.123    88.94  207.35
 174695.415  1065.597   -81.68  189.20
 175069.006  1012.464  -142.20  137.18
 175442.526   985.809   -71.35  115.86
 175815.976   962.829   -61.53  103.17
 176189.356   955.856   -18.67   96.48
 176562.665   943.341   -33.52   74.14
 176935.903   938.373   -13.31   50.64
 177309.072   933.641   -12.68   35.32
 177682.170   938.655    13.44   33.58
 178055.198   952.604    37.39   40.65
 178428.156   964.111    30.85   36.76
 178801.044   986.866    61.02   43.45
 179173.861  1026.577   106.50   67.54
 179546.609  1075.941   132.42   81.55
 179919.287  1154.597   211.02  118.94
 180291.894  1242.779   236.63  141.68
 180664.432  1345.577   275.90  175.74
 181036.900  1471.546   338.15  187.44
 181409.297  1560.739   239.48  175.75
 181781.626  1647.274   232.38  182.55
 182153.884  1676.274    77.89  173.93
 182526.072  1695.566    51.82  169.94
 182898.191  1733.189   101.09  162.61
 183270.241  1735.891     7.26  159.80
 183642.220  1746.165    27.61  148.61
 184014.130  1742.940    -8.67  146.14
 184385.971  1679.982  -169.29  151.48
 184757.742  1645.123   -93.75  151.15
 185129.443  1628.891   -43.66  129.75
 185501.075  1652.795    64.31  148.74
 185872.638  1733.204   216.38  175.64
 186244.131  1769.770    98.42  158.91
 186615.555  1795.749    69.93  131.81
 186986.910  1804.832    24.46  128.38
 187358.196  1807.100     6.11  146.03
 187729.412  1817.903    29.10  179.66
 188100.559  1808.170   -26.22  210.70
 188471.637  1745.856  -167.90  202.34
 188842.646  1711.939   -91.40  202.19
 189213.586  1684.141   -74.93  195.97
 189584.457  1661.414   -61.27  176.69
 189955.259  1648.677   -34.35  150.60
 190325.993  1648.672    -0.01  119.49
 190696.657  1675.356    71.98  117.15
 191067.252  1746.050   190.73  135.14
 191437.779  1843.123   261.95  181.47
 191808.236  1945.704   276.86  158.33
 192178.625  2001.626   150.96  122.55
 192548.946  2004.614     8.07  136.68
 192919.198  1968.949   -96.31  158.09
 193289.381  1940.196   -77.66  161.95
 193659.495  1931.948   -22.28  135.73
 194029.541  1929.107    -7.68  106.40
 194399.519  1877.774  -138.72  135.30
 194769.427  1791.716  -232.61  143.72
 195139.268  1680.914  -299.55  146.02
 195509.040  1584.141  -261.67  115.03
 195878.744  1502.949  -219.58  117.17
 196248.380  1448.459  -147.39   88.56
 196617.947  1443.114   -14.46   84.43
 196987.446  1460.126    46.03  113.05
 197356.877  1494.143    92.07  131.40
 197726.239  1505.831    31.64  127.11
 198095.534  1499.961   -15.89  119.71
 198464.760  1497.180    -7.53  105.43
 198833.918  1523.526    71.36  111.53
 199203.009  1570.135   126.26  118.77
 199572.031  1647.427   209.42  113.55
 199940.986  1703.855   152.92  106.29
 200309.872  1749.251   123.04  101.77
 200678.691  1782.514    90.17  111.09
 201047.442  1786.635    11.17  140.05
 201416.125  1761.534   -68.07  170.98
 201784.740  1724.457  -100.57  149.42
 202153.288  1744.775    55.12  129.83
 202521.768  1832.249   237.35  174.26
 202890.180  1934.331   277.04  170.75
 203258.524  1984.404   135.92  126.54
 203626.802  1930.821  -145.47  166.34
 203995.011  1791.254  -378.98  186.16
 204363.153  1627.007  -446.08  187.03
 204731.228  1491.166  -369.00  144.52
 205099.235  1395.832  -259.01  109.06
 205467.175  1346.903  -132.96   64.71
 205835.048  1372.890    70.63  106.85
 206202.853  1450.915   212.10  152.31
 206570.591  1581.414   354.81  164.38
 206938.261  1675.228   255.12  133.71
 207305.865  1725.093   135.63  156.77
 207673.401  1762.661   102.20  179.30
 208040.870  1768.623    16.22  185.29
 208408.273  1757.761   -29.56  170.48
 208775.608  1749.665   -22.04  138.11
 209142.876  1768.843    52.21  122.11
 209510.077  1798.966    82.02  125.96
 209877.211  1860.126   166.56  135.11
 210244.278  1920.341   164.02  115.11
 210611.279  1918.232    -5.75  123.05
 210978.212  1860.041  -158.56  162.61
 211345.079  1738.665  -330.79  174.53
 211711.879  1635.990  -279.87  127.65
 212078.612  1610.994   -68.15   97.62
 212445.279  1620.987    27.25  100.59
 212811.879  1634.961    38.11   91.86
 213178.412  1598.590   -99.21  128.74
 213544.879  1477.177  -331.25  191.10
 213921.627  1329.995  -390.60  176.47
 214301.873  1214.915  -302.60  111.30
 214682.047  1155.867  -155.29   52.04
 215062.148  1123.510   -85.11   33.44
 215442.177  1111.469   -31.68   30.42
 215822.134  1114.465     7.88   32.27
 216202.019  1138.790    64.02   55.79
 216581.831  1203.938   171.50   95.48
 216961.571  1296.041   242.50  118.18
 217341.239  1420.716   328.32  152.38
 217720.835  1531.867   292.76  128.68
 218100.359  1587.891   147.59  102.90
 218479.811  1613.001    66.16  104.53
 218859.191  1646.455    88.17  124.19
 219238.499  1693.495   123.99  143.68
 219617.735  1733.427   105.28  142.43
 219996.899  1783.301   131.51  118.00
 220375.992  1788.402    13.45  112.99
 220755.013  1740.962  -125.14  131.43
 221133.962  1663.758  -203.70  142.65
 221512.839  1574.522  -235.49  128.68
 221891.645  1529.786  -118.08  101.25
 222270.379  1526.670    -8.23  132.65
 222649.041  1541.291    38.61  149.99
 223027.632  1527.289   -36.98  145.67
 223406.152  1451.740  -199.56  147.65
 223784.600  1336.479  -304.51  181.99
 224162.977  1203.056  -352.56  152.23
 224541.282  1109.200  -248.05   92.76
 224919.516  1073.779   -93.63   53.24
 225297.679  1106.197    85.71   99.19
 225675.771  1166.757   160.15  138.38
 226053.791  1203.216    96.43  154.85
 226431.740  1204.755     4.07  160.43
 226809.618  1161.557  -114.30  154.41
 227187.425  1091.197  -186.20  112.54
 227565.161  1041.212  -132.30   91.82
 227942.826   985.252  -148.15   58.03
 228320.420   964.030   -56.19   50.89
 228697.944   956.252   -20.60   44.84
 229075.396   962.421    16.34   55.71
 229452.777   997.915    94.04   84.86
 229830.088  1040.385   112.54   95.76
 230207.328  1091.444   135.32   97.62
 230584.497  1133.422   111.28   99.19
 230961.595  1187.081   142.27  119.83
 231338.623  1246.780   158.31  135.16
 231715.581  1314.810   180.44  131.90
 232092.467  1394.954   212.61  127.14
 232469.284  1507.807   299.44  166.57
 232846.029  1640.094   351.07  179.12
 233222.705  1741.408   268.92  130.78
 233599.309  1777.058    94.64  104.44
 233975.844  1779.212     5.72  115.92
 234352.308  1735.651  -115.69  114.77
 234728.702  1671.185  -171.24  117.10
 235105.026  1604.279  -177.76  128.16
 235481.279  1520.444  -222.77  114.96
 235857.463  1470.208  -133.51   80.30
 236233.576  1482.403    32.42   87.57
 236609.619  1528.891   123.60   91.57
 236985.592  1527.553    -3.56   93.39
 237361.495  1503.669   -63.53  110.81
 237737.328  1447.617  -149.11  108.96
 238113.091  1387.276  -160.55   85.50
 238488.784  1364.843   -59.70   86.70
 238864.408  1347.379   -46.48   83.65
 239239.961  1324.688   -60.41   64.07
 239615.445  1312.135   -33.43   47.06
 239990.859  1307.481   -12.39   40.46
 240366.204  1304.445    -8.09   32.51
 240741.478  1302.569    -5.00   27.54
 241116.684  1302.650     0.21   20.75
 241491.819  1304.013     3.63   16.36
 241866.885  1315.867    31.60   20.76
 242241.882  1339.722    63.60   38.90
 242616.809  1386.554   124.88   70.62
 242991.666  1450.989   171.86   97.22
 243366.454  1547.264   256.83  120.55
 243741.173  1605.537   155.48   97.73
 244115.823  1665.526   160.09   84.50
 244490.403  1678.554    34.77   79.83
 244864.914  1649.427   -77.76   93.46
 245239.356  1607.479  -112.01  118.34
 245613.729  1556.549  -136.01  112.80
 245988.032  1525.331   -83.39  101.23
 246362.267  1506.373   -50.65  108.19
 246736.432  1497.204   -24.50  113.82
 247110.529  1438.963  -155.65  114.39
 247484.556  1384.688  -145.08   81.84
 247858.515  1386.738     5.48   72.53
 248232.404  1418.249    84.26   85.34
 248606.225  1480.975   167.76   92.86
 248979.977  1532.050   136.63   98.47
 249353.660  1546.538    38.76   91.12
 249727.275  1574.052    73.63   85.29
 250100.821  1583.794    26.07   98.27
 250474.298  1564.891   -50.60  126.42
 250847.706  1551.379   -36.18  146.19
 251221.046  1512.816  -103.27  134.71
 251594.318  1486.013   -71.79   97.37
 251967.521  1512.867    71.94  112.97
 252340.655  1581.005   182.58  136.59
 252713.721  1651.175   188.05  132.68
 253086.718  1687.062    96.19  105.44
 253459.648  1681.929   -13.76  101.20
 253832.508  1665.391   -44.35   94.44
 254205.301  1645.916   -52.23   88.91
 254578.025  1635.855   -26.99   83.41
 254950.681  1640.666    12.91   95.95
 255323.269  1660.891    54.27  110.54
 255695.789  1675.978    40.49  121.89
 256068.241  1653.156   -61.26  108.17
 256440.625  1635.441   -47.56   99.10
 256812.940  1611.291   -64.85   88.07
 257185.188  1610.989    -0.81   93.10
 257557.367  1661.677   136.16  132.68
 257929.479  1714.779   142.68  135.19
 258301.523  1774.891   161.54  112.50
 258673.499  1808.471    90.26   96.68
 259045.407  1787.998   -55.04   84.08
 259417.248  1764.804   -62.36   88.43
 259789.021  1733.373   -84.53   95.09
 260160.726  1692.153  -110.87   78.96
 260532.363  1658.486   -90.57   71.79
 260903.933  1650.641   -21.11   75.86
 261275.435  1640.144   -28.25   75.03
 261646.870  1614.168   -69.92   63.95
 262018.237  1584.338   -80.31   54.08
 262389.537  1556.113   -76.00   40.28
 262760.769  1536.385   -53.13   33.25
 263131.934  1521.168   -40.99   36.33
 263503.031  1502.349   -50.70   41.92
 263874.062  1481.172   -57.06   40.81
 264245.025  1459.248   -59.09   32.30
 264615.920  1443.710   -41.88   13.31
 264986.749  1439.758   -10.65    6.71
 265357.510  1443.428     9.89   12.18
 265728.204  1451.578    21.98   18.32
 266098.831  1452.578     2.70   20.33
 266469.391  1443.156   -25.42   30.66
 266839.884  1424.373   -50.69   37.11
 267210.310  1398.796   -69.03   32.25
 267580.669  1379.474   -52.16   20.42
 267950.961  1364.987   -39.11   12.97
 268321.186  1356.760   -22.22   10.53
 268691.345  1349.498   -19.61    7.98
 269061.436  1344.617   -13.19    7.78
 269431.461  1339.246   -14.51    9.69
 269801.419  1331.951   -19.71   13.15
 270171.310  1321.879   -27.22   13.89
 270541.135  1312.962   -24.11   12.15
 270910.893  1304.416   -23.11    9.36
 271280.584  1298.057   -17.20    8.12
 271650.209  1290.866   -19.45    8.70
 272019.767  1282.608   -22.34   10.96
 272389.259  1275.494   -19.25   10.16
 272758.685  1270.342   -13.94    7.20
 273128.044  1267.764    -6.98    3.24
 273497.336  1267.915     0.41    3.91
 273866.562  1269.622     4.62    5.12
 274235.722  1271.769     5.81    5.68
 274604.816  1274.379     7.07    6.05
 274973.844  1275.526     3.11    5.97
 275342.805  1276.531     2.72    6.37
 275711.700  1277.271     2.01    6.71
