-149821.554   172.418     0.00   15.58
-149452.704   172.370    -0.13   14.59
-149083.935   173.754     3.75   13.84
-148715.247   177.565    10.34   14.49
-148346.640   184.287    18.24   16.28
-147978.114   191.960    20.82   19.46
-147609.668   200.485    23.14   20.80
-147241.304   205.713    14.19   14.15
-146873.020   205.949     0.64   10.13
-146504.817   204.267    -4.57    6.80
-146136.694   201.916    -6.39    5.75
-145768.653   198.713    -8.71    5.28
-145400.691   195.677    -8.25    4.51
-145032.810   192.990    -7.30    3.43
-144665.010   192.780    -0.57    4.11
-144297.290   194.729     5.30    6.43
-143929.650   198.930    11.43    8.49
-143562.091   204.173    14.27    8.48
-143194.611   209.713    15.07    9.65
-142827.212   213.363     9.94   10.35
-142459.893   216.860     9.52    9.49
-142092.654   218.237     3.75    9.60
-141725.495   217.041    -3.26    9.94
-141358.416   212.188   -13.22    9.19
-140991.417   206.207   -16.30    8.45
-140624.498   199.019   -19.59    8.93
-140257.659   192.170   -18.67   10.68
-139890.899   183.870   -22.63   12.12
-139524.219   175.820   -21.96   13.93
-139157.618   165.469   -28.24   16.04
-138791.098   155.614   -26.89   17.30
-138424.656   145.063   -28.80   18.94
-138058.295   136.772   -22.63   19.58
-137692.012   129.737   -19.21   19.42
-137325.810   125.110   -12.64   16.09
-136959.686   120.610   -12.29   12.32
-136593.642   116.398   -11.51    8.34
-136227.677   112.901    -9.56    6.18
-135861.791   110.358    -6.95    7.43
-135495.984   107.643    -7.42    8.65
-135130.256   104.000    -9.96    7.76
-134764.608   100.690    -9.05    5.60
-134399.038    98.790    -5.20    2.62
-134033.547    98.969     0.49    1.48
-133668.136    99.860     2.44    1.59
-133302.803   101.153     3.54    1.52
-132937.548   102.370     3.33    1.64
-132572.373   103.337     2.65    1.64
-132207.276   104.092     2.07    2.25
-131842.258   103.138    -2.61    6.32
-131464.859    98.877   -11.29   12.07
-131083.388    96.919    -5.13   12.21
-130702.004    95.261    -4.35   11.84
-130320.708    94.660    -1.58   10.58
-129939.499    95.306     1.70    9.61
-129558.377    96.394     2.85    9.83
-129177.342    98.650     5.92   10.01
-128796.394   102.940    11.26    8.29
-128415.534   107.388    11.68    7.11
-128034.760   111.910    11.88    7.07
-127654.073   116.000    10.75    7.23
-127273.473   119.090     8.12    6.40
-126892.960   121.755     7.01    5.41
-126512.533   123.700     5.11    4.82
-126132.193   124.907     3.18    4.64
-125751.940   125.750     2.22    4.61
-125371.773   126.042     0.77    5.21
-124991.693   125.740    -0.80    6.15
-124611.699   125.784     0.12    6.15
-124231.792   126.172     1.02    5.74
-123851.970   126.596     1.12    4.91
-123472.236   126.560    -0.10    3.86
-123092.587   126.636     0.20    3.22
-122713.024   127.030     1.04    2.95
-122333.548   127.772     1.96    3.47
-121954.157   129.812     5.38    4.00
-121574.852   132.719     7.67    5.02
-121195.634   135.960     8.55    5.43
-120816.501   139.207     8.57    5.26
-120437.454   142.109     7.66    4.34
-120058.492   144.521     6.37    3.46
-119679.617   148.200     9.71    5.07
-119300.827   151.196     7.91    5.17
-118922.122   153.800     6.88    4.50
-118543.503   155.917     5.59    2.75
-118164.970   156.600     1.80    2.56
-117786.521   157.748     3.03    2.92
-117408.159   161.350     9.52    6.11
-117029.881   168.042    17.69   10.78
-116651.689   178.727    28.25   15.59
-116273.581   191.265    33.16   17.30
-115895.559   203.576    32.57   15.15
-115517.622   211.949    22.16   10.36
-115139.770   216.710    12.60    4.95
-114762.003   217.290     1.54    2.86
-114384.321   215.210    -5.51    3.28
-114006.723   212.567    -7.00    3.21
-113629.211   209.700    -7.60    3.07
-113251.783   207.707    -5.28    3.98
-112874.439   205.898    -4.79    5.83
-112497.181   204.780    -2.96    7.98
-112120.006   205.622     2.23    9.09
-111742.917   208.415     7.41    7.15
-111365.911   208.418     0.01    9.52
-110988.990   205.091    -8.83   16.31
-110612.154   199.863   -13.87   21.84
-110235.401   192.510   -19.52   26.35
-109858.733   189.703    -7.45   26.30
-109482.149   189.690    -0.03   22.38
-109105.649   187.642    -5.44   17.68
-108729.234   185.148    -6.63   16.60
-108352.902   181.823    -8.84   16.55
-107976.654   181.828     0.01   17.35
-107600.490   182.351     1.39   18.24
-107224.409   181.730    -1.65   16.64
-106848.413   182.522     2.11   15.10
-106472.500   182.131    -1.04   12.36
-106096.671   179.847    -6.08   10.20
-105720.925   178.140    -4.54    9.37
-105345.263   177.438    -1.87    8.99
-104969.685   179.440     5.33   10.01
-104594.190   184.020    12.20   11.02
-104218.778   188.958    13.16    9.90
-103843.449   192.343     9.02    7.47
-103468.204   196.000     9.75    4.64
-103093.042   198.600     6.93    4.08
-102717.964   201.306     7.21    3.54
-102342.968   202.576     3.39    3.31
-101968.055   203.066     1.31    3.35
-101593.226   202.200    -2.31    6.02
-101218.479   199.511    -7.18    8.49
-100843.815   196.500    -8.04    8.72
-100469.234   194.809    -4.51    8.02
-100094.736   192.828    -5.29    6.29
 -99720.320   191.813    -2.71    4.90
 -99345.987   192.090     0.74    3.99
 -98971.737   194.161     5.54    5.08
 -98597.570   197.704     9.47    5.82
 -98223.484   201.525    10.22    5.72
 -97849.482   206.110    12.26    5.44
 -97475.561   210.051    10.54    5.41
 -97101.723   214.432    11.72    4.97
 -96727.968   217.570     8.40    4.03
 -96354.294   220.106     6.79    2.41
 -95980.703   221.230     3.01    1.55
 -95607.194   221.139    -0.24    2.29
 -95233.767   219.828    -3.51    3.61
 -94860.422   217.463    -6.34    4.91
 -94487.159   214.980    -6.65    5.19
 -94113.978   212.680    -6.16    5.00
 -93740.878   210.730    -5.23    4.31
 -93367.861   209.667    -2.85    3.94
 -92994.925   209.093    -1.54    4.41
 -92622.071   208.677    -1.12    4.92
 -92249.299   208.337    -0.91    5.44
 -91876.608   207.303    -2.77    6.29
 -91503.999   206.500    -2.15    7.23
 -91131.471   204.070    -6.52    8.56
 -90759.025   200.355    -9.97   10.51
 -90386.660   196.930    -9.20   10.53
 -90014.376   194.175    -7.40    8.92
 -89642.174   192.540    -4.39    6.73
 -89270.053   193.710     3.15    7.29
 -88898.013   198.071    11.72    9.19
 -88526.054   203.190    13.76    8.65
 -88154.177   209.622    17.30    7.43
 -87782.380   214.867    14.11    5.56
 -87410.664   218.939    10.95    4.15
 -87039.030   221.740     7.54    3.31
 -86667.476   224.681     7.92    3.33
 -86296.003   226.786     5.67    4.21
 -85924.610   229.316     6.81    4.67
 -85553.299   232.780     9.33    6.86
 -85182.068   234.611     4.93    8.16
 -84810.917   234.130    -1.30   11.10
 -84439.847   232.813    -3.55   12.80
 -84068.858   233.247     1.17   13.05
 -83697.949   237.636    11.83   15.26
 -83327.121   245.646    21.60   15.50
 -82956.372   255.316    26.08   13.11
 -82585.704   264.115    23.74    9.76
 -82215.117   270.576    17.44    8.43
 -81844.609   275.914    14.41    8.34
 -81474.182   281.390    14.78    7.43
 -81103.835   285.590    11.34    5.50
 -80733.568   285.300    -0.78    8.43
 -80363.380   278.458   -18.48   16.06
 -79993.273   273.051   -14.61   16.58
 -79623.246   273.469     1.13   15.94
 -79253.298   276.660     8.62   15.10
 -78883.430   281.735    13.72   10.69
 -78513.642   284.554     7.62    5.50
 -78143.934   283.232    -3.57    5.95
 -77774.305   280.628    -7.05    8.99
 -77404.756   275.252   -14.55   18.77
 -77035.286   265.969   -25.13   30.06
 -76665.896   252.485   -36.51   37.81
 -76296.585   231.454   -56.95   48.24
 -75927.354   208.540   -62.06   47.87
 -75558.202   196.786   -31.84   39.59
 -75189.129   192.085   -12.74   37.92
 -74820.135   208.546    44.61   44.98
 -74451.221   234.598    70.62   49.38
 -74082.386   261.687    73.45   46.82
 -73713.629   287.938    71.19   31.18
 -73344.952   301.949    38.01   12.83
 -72976.354   302.646     1.89    7.90
 -72607.834   298.240   -11.96    8.27
 -72239.394   294.333   -10.60    7.51
 -71871.032   290.937    -9.22    6.80
 -71502.749   288.600    -6.35    5.83
 -71134.545   286.272    -6.32    4.10
 -70766.420   285.377    -2.43    3.59
 -70398.373   283.968    -3.83    4.36
 -70030.404   282.515    -3.95    5.04
 -69662.515   281.959    -1.51    5.45
 -69294.703   283.032     2.92    4.71
 -68926.970   284.633     4.35    3.74
 -68559.316   286.032     3.81    3.18
 -68191.740   287.060     2.80    2.45
 -67824.242   287.506     1.21    2.29
 -67456.822   287.939     1.18    2.09
 -67089.480   288.156     0.59    2.13
 -66722.217   288.194     0.10    2.44
 -66355.031   288.388     0.53    3.03
 -65987.924   288.625     0.65    3.89
 -65620.895   288.897     0.74    4.84
 -65253.943   289.207     0.85    5.91
 -64887.069   289.784     1.57    6.57
 -64520.274   291.044     3.44    7.01
 -64153.556   292.714     4.56    6.80
 -63786.915   294.444     4.72    6.42
 -63420.353   295.527     2.95    5.79
 -63053.868   297.306     4.86    5.66
 -62687.460   299.734     6.63    5.44
 -62321.131   302.440     7.39    5.07
 -61954.878   305.370     8.00    4.42
 -61588.703   307.949     7.04    2.84
 -61222.606   309.229     3.50    1.97
 -60856.585   309.938     1.94    1.57
 -60490.642   310.082     0.39    1.72
 -60124.777   309.842    -0.65    2.18
 -59758.988   309.694    -0.41    2.60
 -59393.277   309.533    -0.44    2.95
 -59027.643   309.602     0.19    2.94
 -58662.085   309.732     0.35    2.89
 -58296.605   309.629    -0.28    2.94
 -57931.202   309.875     0.67    3.07
 -57565.876   310.042     0.46    3.30
 -57200.626   310.434     1.07    3.25
 -56828.031   310.946     1.37    2.90
 -56446.727   311.121     0.46    2.32
 -56065.508   310.522    -1.57    2.88
 -55684.375   309.673    -2.23    3.74
 -55303.327   309.210    -1.22    4.63
 -54922.363   310.153     2.48    4.75
 -54541.484   311.575     3.73    4.13
 -54160.690   312.959     3.63    2.42
 -53779.981   312.990     0.08    1.80
 -53399.357   312.357    -1.66    2.51
 -53018.817   311.742    -1.62    2.75
 -52638.362   311.500    -0.64    3.06
 -52257.991   311.628     0.34    3.42
 -51877.705   312.122     1.30    3.59
 -51497.503   313.312     3.13    3.43
 -51117.386   314.531     3.21    2.57
 -50737.353   315.394     2.27    1.07
 -50357.404   315.093    -0.79    1.39
 -49977.540   314.171    -2.43    1.80
 -49597.759   313.071    -2.90    2.17
 -49218.063   312.175    -2.36    2.26
 -48838.450   311.949    -0.59    2.52
 -48458.922   312.600     1.72    2.64
 -48079.478   313.448     2.23    2.36
 -47700.117   312.947    -1.32    4.21
 -47320.841   310.969    -5.21    6.87
 -46941.648   307.653    -8.75    9.93
 -46562.538   303.258   -11.59   13.25
 -46183.513   296.500   -17.83   17.38
 -45804.571   288.897   -20.07   20.39
 -45425.712   277.585   -29.86   26.53
 -45046.937   259.173   -48.61   33.62
 -44668.246   239.737   -51.33   31.93
 -44289.638   224.969   -39.01   21.64
 -43911.113   221.297    -9.70   13.04
 -43532.672   230.869    25.29   18.36
 -43154.313   244.707    36.58   19.43
 -42776.038   259.377    38.78   18.33
 -42397.846   271.660    32.48   15.23
 -42019.737   281.792    26.80    8.32
 -41641.711   287.556    15.25    3.59
 -41263.768   289.172     4.27    5.13
 -40885.908   291.164     5.27    8.41
 -40508.131   293.242     5.50   12.33
 -40130.436   295.155     5.06   15.33
 -39752.825   295.979     2.18   15.25
 -39375.296   298.418     6.46   14.56
 -38997.849   303.474    13.40   12.83
 -38620.485   308.734    13.94   10.56
 -38243.204   312.898    11.04    5.61
 -37866.005   311.603    -3.43    7.43
 -37488.889   302.153   -25.06   17.69
 -37111.855   287.435   -39.04   26.06
 -36734.903   270.551   -44.79   25.48
 -36358.034   263.406   -18.96   21.10
 -35981.246   264.052     1.71   24.88
 -35604.541   275.139    29.43   27.76
 -35227.918   281.969    18.14   27.82
 -34851.377   286.116    11.01   29.00
 -34474.918   284.443    -4.44   27.14
 -34098.541   284.755     0.83   23.23
 -33722.246   285.750     2.64   17.79
 -33346.032   291.313    14.79   17.03
 -32969.901   302.557    29.89   18.30
 -32593.851   313.330    28.65   18.76
 -32217.883   323.474    26.98   15.13
 -31841.996   328.196    12.56   10.08
 -31466.191   328.421     0.60    7.51
 -31090.468   325.598    -7.51    8.20
 -30714.826   320.351   -13.97    9.31
 -30339.265   314.740   -14.94   11.03
 -29963.786   307.277   -19.88   13.85
 -29588.388   299.592   -20.47   15.18
 -29213.071   294.056   -14.75   15.26
 -28837.836   291.947    -5.62   15.81
 -28462.682   293.590     4.38   17.25
 -28087.608   298.255    12.44   19.43
 -27712.616   302.696    11.84   19.13
 -27337.705   303.021     0.87   15.44
 -26962.875   299.183   -10.24   12.86
 -26588.125   290.124   -24.18   14.96
 -26213.457   281.990   -21.71   13.17
 -25838.869   280.867    -3.00   10.98
 -25464.362   283.969     8.28   11.16
 -25089.936   284.804     2.23   11.01
 -24715.590   278.979   -15.56   15.23
 -24341.325   266.211   -34.12   17.26
 -23967.141   255.156   -29.54   12.51
 -23593.037   251.660    -9.35   11.64
 -23219.013   255.275     9.67   16.28
 -22845.070   261.689    17.15   18.16
 -22471.207   268.381    17.90   17.63
 -22097.425   275.479    18.99   15.18
 -21723.722   277.711     5.97   13.41
 -21350.100   279.957     6.01   10.85
 -20976.558   276.245    -9.94   11.24
 -20603.096   269.056   -19.25   13.78
 -20229.714   259.281   -26.18   15.47
 -19856.412   249.690   -25.69   14.85
 -19483.190   241.255   -22.60   14.59
 -19110.047   236.758   -12.05   13.61
 -18736.985   232.632   -11.06   13.16
 -18364.002   231.261    -3.68   13.74
 -17991.099   230.841    -1.13   12.34
 -17618.276   227.358    -9.34   12.47
 -17245.533   220.786   -17.63   14.00
 -16872.868   214.823   -16.00   14.46
 -16500.284   206.280   -22.93   11.62
 -16127.779   202.021   -11.43    8.27
 -15755.353   200.479    -4.14    8.58
 -15383.007   203.732     8.74   13.44
 -15010.740   210.275    17.58   17.03
 -14638.552   216.949    17.93   18.38
 -14266.444   222.392    14.63   15.57
 -13894.414   222.299    -0.25   13.22
 -13522.464   218.120   -11.24   13.07
 -13150.593   206.823   -30.38   15.76
 -12778.801   196.617   -27.45   14.50
 -12407.087   188.234   -22.55   11.67
 -12035.453   184.895    -8.99   11.95
 -11663.898   186.758     5.01   14.29
 -11292.421   193.188    17.31   15.22
 -10921.023   202.107    24.02   16.65
 -10549.704   206.537    11.93   17.69
 -10178.464   209.809     8.81   19.04
  -9807.302   210.247     1.18   19.88
  -9436.219   206.345   -10.52   19.24
  -9065.214   199.032   -19.71   17.62
  -8694.288   191.912   -19.20   19.77
  -8323.440   181.418   -28.30   19.27
  -7952.670   171.116   -27.79   15.86
  -7581.979   161.278   -26.54   14.03
  -7211.366   150.074   -30.23   18.16
  -6840.832   134.766   -41.31   25.59
  -6470.375   119.844   -40.28   25.81
  -6099.997   110.146   -26.18   19.30
  -5729.697   110.500     0.96   17.51
  -5359.474   122.429    32.22   20.98
  -4989.330   140.427    48.62   20.51
  -4619.264   157.183    45.28   19.58
  -4249.275   175.604    49.79   21.78
  -3879.365   188.783    35.63   20.14
  -3509.532   198.886    27.32   18.33
  -3139.777   203.042    11.24   17.38
  -2770.099   201.469    -4.26   18.61
  -2400.500   193.064   -22.74   22.20
  -2030.977   169.937   -62.59   43.68
  -1661.533   129.611  -109.15   61.73
  -1292.166    86.479  -116.77   60.12
   -922.876    43.438  -116.55   40.03
   -553.664    17.579   -70.04   19.47
   -184.529     6.284   -30.60   12.70
    184.529    -0.162   -17.47    3.34
    553.509    -1.010    -2.30    0.00
    922.412    -1.010     0.00    0.00
   1291.238    -1.010     0.00    0.00
   1659.987    -1.010     0.00    0.00
   2028.659    -1.010     0.00    0.00
   2397.254    -1.010     0.00    0.00
   2765.772    -0.795     0.58    1.07
   3134.213     3.788    12.44    8.47
   3502.577    11.312    20.43   11.96
   3870.864    20.386    24.64   12.09
   4239.074    27.175    18.44    6.56
   4607.208    26.277    -2.44    7.49
   4975.265    24.351    -5.23    9.41
   5343.246    24.437     0.23   10.73
   5711.150    25.175     2.01   12.12
   6078.977    29.098    10.67   12.34
   6446.728    31.684     7.03   10.92
   6814.402    32.690     2.73   10.62
   7182.000    32.136    -1.51   12.62
   7549.522    32.334     0.54   13.71
   7916.967    35.463     8.52   12.89
   8284.336    39.862    11.97   11.96
   8651.629    46.253    17.40    8.41
   9018.846    49.875     9.86    8.54
   9385.986    52.677     7.63    8.42
   9753.051    55.271     7.07    8.60
  10120.039    55.690     1.14   14.40
  10486.952    58.569     7.85   14.43
  10853.788    59.001     1.18   15.05
  11220.549    61.348     6.40   15.29
  11587.234    59.798    -4.23   20.02
  11953.843    52.632   -19.55   27.06
  12320.376    46.177   -17.61   31.08
  12686.834    40.370   -15.85   30.66
  13053.216    39.884    -1.33   29.58
  13419.522    40.012     0.35   27.05
  13785.753    44.573    12.45   26.76
  14151.908    49.298    12.90   25.99
  14517.988    47.990    -3.57   26.24
  14883.993    47.537    -1.24   28.38
  15249.922    50.841     9.03   28.55
  15615.776    49.653    -3.25   29.68
  15981.554    54.205    12.44   31.75
  16347.257    61.707    20.51   33.72
  16712.885    69.168    20.40   33.43
  17078.438    80.854    31.97   32.30
  17443.916    92.979    33.17   30.67
  17812.086   110.842    48.52   25.79
  18193.220   125.211    37.70   19.17
  18574.272   137.146    31.32   11.07
  18955.241   142.266    13.44    8.12
  19336.127   145.979     9.75    7.25
  19716.931   149.054     8.07    5.38
  20097.651   151.548     6.55    3.44
  20478.289   152.664     2.93    2.35
  20858.845   153.011     0.91    1.91
  21239.318   152.685    -0.85    1.52
  21619.709   151.261    -3.75    1.93
  22000.017   149.627    -4.30    2.27
  22380.243   147.000    -6.91    3.27
  22760.387   143.968    -7.98    3.87
  23140.448   140.196    -9.92    4.55
  23520.427   136.689    -9.23    3.89
  23900.325   133.821    -7.55    3.10
  24280.140   131.396    -6.38    2.38
  24659.873   128.813    -6.80    3.13
  25039.524   126.137    -7.05    3.45
  25419.093   122.874    -8.60    3.99
  25798.580   119.319    -9.37    3.95
  26177.985   113.916   -14.24    7.03
  26557.309   107.226   -17.64    8.88
  26936.551    99.833   -19.49    9.32
  27315.711    93.101   -17.76    5.91
  27694.790    89.337    -9.93    3.33
  28073.787    87.155    -5.76    1.91
  28452.703    86.052    -2.91    2.17
  28831.537    84.556    -3.95    2.67
  29210.289    81.968    -6.83    3.53
  29588.961    78.553    -9.02    4.17
  29967.551    75.617    -7.75    3.54
  30346.060    73.840    -4.69    2.44
  30724.488    73.213    -1.66    2.02
  31102.834    72.968    -0.65    2.62
  31481.099    72.281    -1.81    3.13
  31859.284    70.913    -3.62    3.40
  32237.387    69.163    -4.63    2.63
  32615.410    68.056    -2.93    1.48
  32993.351    67.438    -1.64    0.69
  33371.212    67.319    -0.31    0.50
  33748.992    67.798     1.27    1.31
  34126.691    68.399     1.59    1.49
  34504.310    68.779     1.01    1.32
  34881.848    68.886     0.28    1.25
  35259.305    68.253    -1.68    1.18
  35636.682    67.390    -2.29    1.05
  36013.978    66.600    -2.09    1.20
  36391.194    65.613    -2.62    1.46
  36768.329    64.537    -2.85    1.70
  37145.385    63.231    -3.46    1.76
  37522.360    61.895    -3.55    1.58
  37899.254    60.827    -2.83    1.29
  38276.069    59.875    -2.53    0.94
  38652.803    59.286    -1.56    0.72
  39029.457    58.906    -1.01    0.52
  39406.032    58.642    -0.70    0.64
  39782.526    58.458    -0.49    0.83
  40158.940    58.653     0.52    1.04
  40535.275    59.021     0.98    1.22
  40911.530    59.707     1.82    1.31
  41287.705    60.653     2.51    1.18
  41663.800    61.388     1.95    1.19
  42039.815    62.181     2.11    0.91
  42415.751    62.841     1.75    0.67
  42791.608    63.468     1.67    0.69
  43167.384    64.011     1.45    0.88
  43543.082    64.818     2.15    1.02
  43918.700    65.543     1.93    0.97
  44294.238    66.160     1.64    0.89
  44669.698    66.490     0.88    0.91
  45045.077    66.798     0.82    0.85
  45420.378    67.085     0.77    0.82
  45795.600    67.323     0.63    0.77
  46170.742    67.490     0.44    0.74
  46545.806    67.689     0.53    0.79
  46920.790    67.916     0.61    0.78
  47295.695    68.275     0.96    0.69
  47670.522    68.706     1.15    0.63
  48045.269    69.175     1.25    0.65
  48419.938    69.706     1.42    0.77
  48794.528    70.268     1.50    0.78
  49169.039    70.761     1.32    0.84
  49543.472    71.192     1.15    1.00
  49917.825    71.022    -0.45    1.20
  50292.101    70.576    -1.19    1.21
  50666.298    69.958    -1.65    1.26
  51040.416    69.399    -1.49    1.07
  51414.456    68.968    -1.15    0.99
  51788.417    68.590    -1.01    0.82
  52162.300    68.320    -0.72    0.58
  52536.105    68.022    -0.79    0.50
  52909.832    67.564    -1.23    0.66
  53283.480    67.134    -1.15    0.87
  53657.050    66.474    -1.77    0.95
  54030.543    65.858    -1.65    0.96
  54403.957    64.979    -2.35    1.08
  54777.293    64.245    -1.97    1.09
  55150.551    63.560    -1.84    0.71
  55523.731    63.274    -0.77    0.48
  55896.834    63.023    -0.67    0.51
  56269.858    62.811    -0.57    0.56
  56642.805    62.818     0.02    0.64
  57015.674    63.000     0.49    0.91
  57388.466    63.715     1.92    1.18
  57761.179    64.256     1.45    1.03
  58133.816    64.615     0.96    0.83
  58506.374    64.678     0.17    0.77
  58878.856    64.001    -1.82    1.24
  59251.260    63.160    -2.26    1.49
  59623.586    62.656    -1.35    1.51
  59995.835    62.716     0.16    1.45
  60368.007    63.022     0.82    1.62
  60740.102    63.394     1.00    1.60
  61112.119    63.777     1.03    1.39
  61484.059    63.703    -0.20    1.24
  61855.923    63.196    -1.36    1.37
  62227.709    62.474    -1.94    1.47
  62599.418    61.807    -1.79    1.16
  62971.050    61.484    -0.87    1.00
  63342.606    61.830     0.93    1.45
  63714.084    62.407     1.55    1.63
  64085.486    63.149     2.00    1.77
  64456.811    64.068     2.48    1.89
  64828.059    65.186     3.01    1.74
  65199.230    66.113     2.50    1.51
  65570.325    66.769     1.77    1.25
  65941.344    67.089     0.86    1.22
  66312.286    67.266     0.48    1.18
  66683.151    67.392     0.34    1.11
  67053.940    67.527     0.36    0.86
  67424.652    67.617     0.24    0.85
  67795.289    67.656     0.11    0.77
  68165.848    67.681     0.07    0.55
  68536.332    67.507    -0.47    0.66
  68906.740    67.095    -1.11    1.01
  69277.071    66.495    -1.62    1.56
  69647.326    66.291    -0.55    2.30
  70017.505    66.686     1.07    2.99
  70387.608    67.871     3.20    3.44
  70757.636    69.467     4.31    3.27
  71127.587    71.213     4.72    2.20
  71497.462    72.434     3.30    1.63
  71867.262    73.224     2.14    1.45
  72236.986    73.818     1.61    1.18
  72606.634    74.097     0.76    0.90
  72976.206    74.117     0.05    0.75
  73345.703    73.968    -0.40    0.91
  73715.124    73.851    -0.31    1.18
  74084.469    73.913     0.17    1.42
  74453.740    74.309     1.07    1.59
  74822.934    75.036     1.97    1.62
  75192.053    76.162     3.05    1.41
  75561.097    77.254     2.96    1.07
  75930.066    78.128     2.37    1.07
  76298.959    78.946     2.22    1.06
  76667.777    79.990     2.83    1.16
  77036.520    80.925     2.54    1.20
  77405.187    82.251     3.59    1.59
  77773.780    84.149     5.15    2.96
  78142.298    86.533     6.47    3.44
  78510.740    88.892     6.40    3.22
  78879.108    91.113     6.03    1.89
  79247.400    92.130     2.76    1.37
  79615.618    93.001     2.37    1.43
  79983.761    94.388     3.77    2.22
  80351.829    96.473     5.67    3.02
  80719.823   100.256    10.28    4.72
  81087.742   104.033    10.27    5.30
  81455.586   108.392    11.85    4.35
  81823.356   111.128     7.44    2.71
  82191.051   112.794     4.53    2.68
  82558.671   115.294     6.80    5.41
  82926.217   120.113    13.11    8.21
  83293.689   126.362    17.00    8.95
  83661.086   133.220    18.66    5.64
  84028.409   137.734    12.29    4.37
  84395.658   141.177     9.37    3.51
  84762.832   144.216     8.28    3.43
  85129.932   147.173     8.05    3.75
  85496.959   151.023    10.49    4.75
  85863.911   154.863    10.47    5.36
  86230.788   159.396    12.35    5.18
  86597.592   163.549    11.32    5.14
  86964.322   167.831    11.67    5.13
  87330.978   172.742    13.40    5.80
  87697.561   177.472    12.90    5.34
  88064.069   181.732    11.62    4.53
  88430.503   185.142     9.31    3.72
  88796.864   188.066     7.98    3.18
  89163.151   190.729     7.27    3.09
  89529.365   193.603     7.85    3.42
  89895.505   196.820     8.78    4.31
  90261.571   200.112     8.99    4.09
  90627.563   202.190     5.68    2.96
  90993.483   203.160     2.65    2.10
  91359.328   202.269    -2.43    2.59
  91725.101   201.078    -3.26    2.14
  92090.800   199.905    -3.21    1.22
  92456.426   199.348    -1.52    0.88
  92835.847   198.926    -1.11    1.06
  93216.736   197.183    -4.57    3.96
  93597.544   192.109   -13.32    9.03
  93978.271   184.925   -18.87   11.78
  94358.918   178.870   -15.91    9.07
  94739.485   176.022    -7.48    5.03
  95119.971   176.226     0.54    3.75
  95500.376   178.056     4.81    1.97
  95880.702   178.000    -0.15    1.47
  96260.946   178.078     0.20    1.08
  96641.111   178.373     0.78    1.15
  97021.196   178.645     0.72    1.32
  97401.200   178.649     0.01    1.46
  97781.124   178.581    -0.18    1.51
  98160.969   178.394    -0.49    1.38
  98540.733   178.197    -0.52    1.22
  98920.417   177.990    -0.54    1.22
  99300.022   177.840    -0.39    1.19
  99679.546   177.764    -0.20    0.99
 100058.991   177.797     0.09    0.81
 100438.356   177.947     0.40    0.82
 100817.641   178.103     0.41    0.86
 101196.847   178.194     0.24    0.79
 101575.973   178.381     0.49    0.83
 101955.020   178.495     0.30    0.97
 102333.987   178.691     0.52    1.13
 102712.874   178.818     0.33    1.27
 103091.683   179.058     0.63    1.43
 103470.411   179.302     0.64    1.68
 103849.061   179.717     1.10    1.87
 104227.631   180.259     1.43    2.12
 104606.122   180.743     1.28    2.23
 104984.534   181.431     1.82    2.22
 105362.867   182.081     1.72    2.42
 105741.121   182.689     1.61    2.82
 106119.296   183.338     1.72    3.21
 106497.392   184.109     2.04    3.66
 106875.409   184.879     2.03    4.24
 107253.347   185.577     1.85    4.36
 107631.206   186.134     1.48    4.71
 108008.987   186.533     1.06    4.61
 108386.688   186.745     0.56    4.52
 108764.312   186.425    -0.85    4.12
 109141.856   185.956    -1.24    3.84
 109519.322   185.175    -2.07    3.63
 109896.710   184.223    -2.52    3.37
 110274.018   182.990    -3.27    2.86
 110651.249   181.579    -3.74    2.29
 111028.401   180.218    -3.61    2.16
 111405.475   178.634    -4.20    1.81
 111782.471   177.431    -3.19    1.39
 112159.388   176.523    -2.41    0.72
 112536.227   176.724     0.53    1.64
 112912.988   178.845     5.63    5.02
 113289.671   183.291    11.80    8.34
 113666.276   189.572    16.68    9.48
 114042.803   196.000    17.07    9.51
 114419.252   201.572    14.80    7.93
 114795.623   205.798    11.23    7.74
 115171.916   210.781    13.24    7.86
 115548.132   215.820    13.39    8.24
 115924.270   222.913    18.86    7.94
 116300.330   228.990    16.16    8.89
 116676.312   236.368    19.62   10.12
 117052.217   243.305    18.45   12.50
 117428.044   253.035    25.89   14.24
 117803.794   261.414    22.30   14.91
 118179.466   270.530    24.26   11.37
 118555.061   276.935    17.05    9.55
 118930.578   282.094    13.74    6.13
 119306.018   285.283     8.49    5.17
 119681.381   287.746     6.56    4.45
 120056.666   289.164     3.78    4.40
 120431.875   289.897     1.95    4.22
 120807.006   289.414    -1.29    4.19
 121182.060   289.071    -0.91    6.08
 121557.038   289.925     2.28   12.20
 121931.938   292.304     6.34   18.23
 122306.761   291.119    -3.16   19.00
 122681.507   288.909    -5.90   17.66
 123056.177   291.957     8.13   15.58
 123430.769   299.751    20.80   19.44
 123805.285   316.979    46.00   25.45
 124179.725   324.293    19.53   29.56
 124554.087   328.033     9.99   31.93
 124928.373   334.568    17.46   33.43
 125302.582   345.490    29.18   36.34
 125676.715   363.412    47.90   38.00
 126050.771   388.388    66.76   29.54
 126424.751   405.968    47.00   21.16
 126798.655   413.033    18.89   20.45
 127172.482   405.183   -21.00   32.14
 127546.233   397.501   -20.55   36.18
 127919.908   397.142    -0.96   37.75
 128293.506   410.370    35.40   41.29
 128667.028   433.631    62.27   38.32
 129040.474   454.102    54.81   30.66
 129413.845   470.111    42.87   23.38
 129787.139   484.149    37.60   10.01
 130160.357   488.946    12.85    6.19
 130533.499   492.444     9.37    4.88
 130906.565   493.609     3.12    4.49
 131279.556   495.147     4.12    3.50
 131652.470   494.664    -1.30    4.62
 132025.309   490.587   -10.93    9.75
 132398.073   483.544   -18.89   15.56
 132770.760   475.190   -22.41   21.16
 133143.372   470.185   -13.43   25.03
 133515.909   462.908   -19.53   27.84
 133888.370   453.761   -24.56   31.49
 134260.755   445.548   -22.05   37.12
 134633.065   418.550   -72.51   64.98
 135005.300   385.217   -89.54   75.42
 135377.459   346.583  -103.80   68.15
 135749.543   324.059   -60.53   48.43
 136121.552   334.229    27.34   54.08
 136493.485   361.694    73.84   61.38
 136865.344   413.409   139.06   59.32
 137237.127   453.558   107.98   43.86
 137608.836   478.078    65.96   26.41
 137980.469   486.745    23.32   16.70
 138352.027   486.775     0.08   20.45
 138723.510   481.445   -14.34   32.75
 139094.919   475.022   -17.29   42.58
 139466.253   471.468    -9.57   44.85
 139837.511   472.801     3.59   43.30
 140208.696   471.914    -2.39   42.64
 140579.805   474.852     7.92   39.06
 140950.840   473.979    -2.35   39.98
 141321.800   473.629    -0.94   40.05
 141692.685   475.935     6.22   37.01
 142063.496   477.025     2.94   33.98
 142434.233   478.979     5.27   29.52
 142804.895   482.134     8.51   27.55
 143175.483   484.319     5.90   26.00
 143545.996   487.726     9.19   26.48
 143916.435   492.418    12.67   25.43
 144286.800   496.979    12.31   24.28
 144657.091   501.034    10.95   25.80
 145027.307   508.957    21.40   22.90
 145397.450   519.271    27.86   21.40
 145767.518   528.435    24.76   23.08
 146137.512   535.967    20.35   23.04
 146507.432   543.446    20.22   22.88
 146877.279   549.725    16.98   26.05
 147247.051   558.882    24.76   32.03
 147616.749   573.618    39.85   42.74
 147986.374   595.022    57.90   51.81
 148355.925   623.327    76.58   63.65
 148725.402   654.077    83.22   64.49
 149094.806   685.656    85.48   65.71
 149464.136   720.715    94.91   62.82
 149833.392   731.613    29.51   52.32
 150202.575   709.334   -60.34   74.35
 150571.684   667.264  -113.96   87.15
 150940.720   610.967  -152.54   64.03
 151309.682   578.119   -89.02   34.29
 151678.571   563.876   -38.61   12.44
 152047.387   562.779    -2.98    7.62
 152416.129   563.490     1.93    5.94
 152784.798   564.098     1.65    6.34
 153153.394   563.746    -0.96    7.97
 153521.916   563.627    -0.32    9.46
 153890.366   565.013     3.76   11.46
 154258.743   567.088     5.63   12.93
 154627.046   570.162     8.35   13.55
 154995.276   571.664     4.08   14.08
 155363.434   574.734     8.34   13.79
 155731.519   576.626     5.14   13.15
 156099.530   579.089     6.69   13.01
 156467.469   580.082     2.70   12.84
 156835.336   581.825     4.74   13.19
 157203.129   583.731     5.18   14.05
 157570.850   586.392     7.24   14.47
 157938.498   589.849     9.40   15.18
 158306.073   594.101    11.57   14.75
 158673.576   597.013     7.92   14.51
 159041.007   598.305     3.52   13.09
 159408.365   599.547     3.38   11.74
 159775.650   598.583    -2.62   11.36
 160142.863   598.379    -0.56   11.66
 160510.004   599.803     3.88   12.35
 160877.073   605.495    15.51   13.71
 161244.069   615.501    27.26   16.43
 161610.993   630.098    39.78   17.97
 161977.845   646.097    43.60   17.61
 162344.624   661.441    41.83   18.22
 162711.332   675.978    39.64   15.27
 163077.967   686.210    27.90   10.56
 163444.531   692.137    16.17    7.80
 163811.022   697.923    15.78    6.73
 164177.442   702.812    13.34    6.67
 164543.790   706.764    10.79    5.32
 164910.066   707.290     1.44    5.79
 165276.270   699.552   -21.13   23.07
 165642.402   693.283   -17.12   26.76
 166008.463   691.118    -5.92   28.50
 166374.452   713.297    60.59   42.98
 166740.369   763.641   137.57   84.12
 167106.215   866.902   282.22  152.37
 167481.480   957.410   241.16  151.35
 167862.207  1022.859   171.88  104.81
 168242.857  1038.714    41.65   97.21
 168623.427  1004.924   -88.78  113.30
 169003.920   992.385   -32.95  118.98
 169384.334   986.768   -14.77  125.95
 169764.669  1001.672    39.18  139.67
 170144.927  1024.417    59.81  139.04
 170525.106  1059.525    92.34  152.09
 170905.207  1085.290    67.77  152.50
 171285.229  1104.731    51.15  159.69
 171665.174  1124.913    53.11  160.08
 172045.041  1136.571    30.69  163.74
 172424.829  1139.240     7.03  166.51
 172804.540  1108.392   -81.23  155.67
 173184.173  1056.528  -136.60  121.09
 173563.728  1030.922   -67.45   81.20
 173943.205  1026.256   -12.29   72.83
 174322.604  1066.572   106.25   98.88
 174701.926  1128.068   162.10  124.07
 175081.170  1162.420    90.57  125.64
 175460.336  1207.012   117.59   97.75
 175839.425  1237.913    81.50  112.53
 176218.437  1260.290    59.03  139.85
 176597.370  1275.012    38.85  159.97
 176976.227  1248.410   -70.21  175.35
 177355.006  1166.290  -216.77  146.75
 177733.708  1129.641   -96.76   98.75
 178112.332  1150.823    55.94  109.84
 178490.879  1214.297   167.66  131.68
 178869.349  1320.123   279.58  131.86
 179247.742  1409.345   235.76  135.51
 179626.058  1478.801   183.57  121.75
 180004.296  1503.825    66.15  126.03
 180382.458  1478.440   -67.12  151.51
 180760.543  1419.507  -155.85  145.41
 181138.551  1396.946   -59.68  101.43
 181516.482  1412.725    41.75  103.91
 181894.336  1468.221   146.85  124.49
 182272.113  1513.484   119.80  127.28
 182649.814  1567.901   144.05  134.29
 183027.438  1604.437    96.74  126.35
 183404.985  1672.765   180.95  141.89
 183782.456  1726.272   141.73  129.00
 184159.850  1743.990    46.94  116.84
 184537.167  1751.001    18.58  115.60
 184914.409  1727.858   -61.34  130.98
 185291.573  1709.246   -49.34  141.12
 185668.662  1716.660    19.66  141.65
 186045.674  1708.228   -22.36  132.01
 186422.610  1693.451   -39.20   97.08
 186799.470  1676.676   -44.51   81.09
 187176.253  1614.261  -165.63  100.31
 187552.960  1537.455  -203.86   93.92
 187929.592  1472.772  -171.72   82.18
 188306.147  1431.323  -110.06   77.98
 188682.626  1456.253    66.21  116.29
 189059.029  1513.799   152.86  154.14
 189435.357  1539.231    67.57  166.44
 189811.608  1577.895   102.74  159.31
 190187.784  1601.158    61.83  143.61
 190563.884  1572.025   -77.45  136.42
 190939.908  1549.967   -58.65  147.95
 191315.857  1538.026   -31.76  147.29
 191691.730  1566.383    75.43  146.96
 192067.527  1592.002    68.16  133.53
 192443.249  1586.445   -14.79  142.27
 192818.895  1535.228  -136.33  159.27
 193194.466  1517.506   -47.18  151.92
 193569.961  1527.606    26.89  150.97
 193945.381  1570.729   114.85  129.35
 194320.726  1586.187    41.18  103.65
 194695.996  1524.316  -164.85  134.29
 195071.190  1424.395  -266.28  164.82
 195446.309  1258.605  -441.90  219.10
 195821.353  1074.096  -491.90  219.21
 196196.322   906.468  -446.98  189.99
 196571.216   774.802  -351.16  100.11
 196946.034   716.934  -154.37   39.34
 197320.778   697.490   -51.88   10.95
 197695.447   721.282    63.49   64.48
 198070.041   783.780   166.82  133.23
 198444.560   908.712   333.53  211.66
 198819.005  1024.955   310.40  205.68
 199193.375  1120.671   255.64  158.82
 199567.670  1161.422   108.86  133.80
 199941.890  1164.012     6.92  155.69
 200316.036  1153.372   -28.43  196.93
 200690.107  1131.012   -59.76  214.62
 201064.104  1103.035   -74.80  227.26
 201438.026  1072.268   -82.27  223.15
 201811.874  1025.863  -124.11  199.08
 202185.647   988.091  -101.04  163.48
 202559.346   950.346  -100.99  126.01
 202932.971   935.101   -40.80  116.74
 203306.522   942.581    20.02  136.03
 203679.998   941.855    -1.94  154.76
 204053.400   953.365    30.82  166.98
 204426.728   941.585   -31.55  167.61
 204799.982   937.581   -10.73  161.85
 205173.162   905.956   -84.73  141.74
 205546.268   894.844   -29.78  132.62
 205919.301   868.422   -70.82  114.57
 206292.259   851.762   -44.66   96.89
 206665.143   834.266   -46.92   74.29
 207037.953   822.653   -31.14   49.07
 207410.690   817.518   -13.77   30.85
 207783.353   816.668    -2.28   20.91
 208155.942   816.433    -0.63   12.63
 208528.458   819.545     8.35   13.16
 208900.900   825.990    17.30   14.73
 209273.269   828.935     7.91   13.05
 209645.564   835.649    18.03   15.11
 210017.785   848.385    34.21   26.74
 210389.933   870.454    59.29   42.29
 210762.008   907.754   100.23   62.78
 211134.009   950.930   116.05   75.34
 211505.938   996.934   123.67   80.32
 211877.792  1052.701   149.95  103.80
 212249.574  1124.012   191.78  125.89
 212621.283  1178.990   147.88  117.16
 212992.918  1208.506    79.41   92.95
 213364.480  1241.266    88.15   81.76
 213735.970  1275.057    90.95   96.00
 214107.386  1335.137   161.73  119.95
 214478.729  1408.890   198.58  124.83
 214849.999  1464.490   149.73  126.40
 215221.197  1542.271   209.51  136.08
 215592.322  1605.115   169.31  137.49
 215963.374  1641.113    97.00  123.16
 216334.353  1637.834    -8.84  122.01
 216705.259  1626.823   -29.68  121.42
 217076.093  1636.879    27.11  125.60
 217446.854  1665.151    76.24  131.23
 217817.543  1709.345   119.20  118.27
 218188.159  1703.373   -16.11   93.81
 218558.703  1675.743   -74.56   96.48
 218929.174  1639.990   -96.49  101.50
 219299.573  1571.540  -184.77   97.49
 219669.899  1513.929  -155.54   88.58
 220040.154  1501.590   -33.32   95.74
 220410.335  1507.990    17.29  112.34
 220780.445  1570.759   169.57  135.51
 221150.483  1632.129   165.82  113.31
 221520.448  1618.484   -36.88  112.54
 221890.341  1575.285  -116.77  129.48
 222260.162  1510.035  -176.41  120.78
 222629.911  1496.116   -37.64  134.07
 222999.588  1518.226    59.80  150.63
 223369.194  1506.412   -31.96  147.23
 223738.727  1454.956  -139.22  154.18
 224108.188  1384.664  -190.22  141.96
 224477.578  1320.381  -174.00   97.06
 224846.896  1304.723   -42.39   64.61
 225216.142  1314.234    25.75   61.45
 225585.317  1355.619   112.08   72.49
 225954.419  1409.124   144.93   66.90
 226323.451  1449.785   110.17   65.42
 226692.410  1490.636   110.70   81.30
 227061.298  1517.145    71.85   92.12
 227430.115  1548.354    84.61  104.12
 227798.860  1568.754    55.31  103.55
 228167.534  1601.967    90.07  107.51
 228536.136  1632.866    83.81  108.69
 228904.668  1678.706   124.36  111.68
 229273.127  1744.035   177.27  119.79
 229641.516  1816.911   197.79  122.54
 230009.833  1935.585   322.15  137.70
 230378.080  2043.212   292.22  146.47
 230746.255  2103.277   163.11  120.41
 231114.359  2095.490   -21.15  139.00
 231482.392  2036.873  -159.24  161.29
 231850.354  1971.069  -178.80  130.49
 232218.245  1958.383   -34.48  142.77
 232586.066  1985.046    72.48  138.15
 232953.815  1998.437    36.41  117.58
 233321.494  1923.866  -202.78  184.09
 233689.101  1784.450  -379.19  213.57
 234056.638  1625.001  -433.75  180.83
 234424.105  1531.168  -255.31  112.90
 234791.500  1537.630    17.59  112.21
 235158.825  1610.990   199.68  150.38
 235526.080  1711.472   273.56  115.34
 235893.264  1736.158    67.22   87.38
 236260.377  1701.829   -93.50  114.60
 236627.420  1607.627  -256.60  141.98
 236994.393  1531.371  -207.76  108.76
 237361.295  1533.035     4.54  118.88
 237728.127  1566.725    91.82  143.81
 238094.888  1673.259   290.42  159.33
 238461.579  1751.397   213.05  137.18
 238828.200  1782.342    84.39  118.89
 239194.751  1776.899   -14.85  118.21
 239561.232  1740.058  -100.51  119.76
 239927.643  1671.852  -186.11  106.51
 240293.983  1625.164  -127.42   86.84
 240660.254  1608.410   -45.73   58.56
 241026.454  1628.280    54.25   64.29
 241392.585  1670.361   114.91   80.18
 241758.646  1718.775   132.24   73.60
 242130.096  1763.109   119.33   65.54
 242510.663  1796.478    87.67   60.75
 242891.154  1818.501    57.87   90.30
 243271.568  1818.170    -0.87  118.29
 243651.905  1785.172   -86.75  134.92
 244032.167  1723.633  -161.80  127.65
 244412.352  1660.202  -166.81  111.40
 244792.461  1586.924  -192.74  110.64
 245172.493  1527.218  -157.08  108.76
 245552.450  1449.820  -203.66   99.39
 245932.330  1398.682  -134.59   77.74
