# NaN NaN NaN ;Mean Elev.(m), Avg Gradient(m/km), RMS Gradient(m/km) - SRTM1     
#   17.591  -2.883  51.013 ;Mean Elev.(m), Avg Gradient(m/km), RMS Gradient(m/km) - ASTER GDEM
#   49.399  -2.410  53.306 ;Mean Elev.(m), Avg Gradient(m/km), RMS Gradient(m/km) - GMTED2010 
  8 231.735373  65.614232    34.839    34.859  4 52498.82649041 13.856
 10 231.747932  65.613725    91.472    92.583  5 52568.82650542  9.877
 11 231.729039  65.612732    97.657    98.688  4 52603.82649490 11.965
 12 231.749762  65.613728    89.794    84.798  4 52638.82647184 10.392
 13 231.734711  65.613800    98.244    98.017  4 52673.82646994  7.280
 14 231.746874  65.611869   103.033   106.525  3 52708.82648174  5.303
 15 231.728548  65.612345    99.201    99.436  4 52743.82651187  4.210
 18 231.750326  65.612884    95.912    97.231  5 52848.82658413  4.187
 20 231.731775  65.612319   131.458   145.799  5 52918.82657711 10.550
 21 231.758906  65.613025    69.047    70.671  5 52953.82653905 17.840
 22 231.749870  65.611152   109.736   108.112  3 52988.82654728  4.475
 23 231.740637  65.614112    96.727    96.777  5 53023.82653397  5.901
 24 231.752234  65.612436    94.148    93.604  4 53058.82652976  5.813
 25 231.721325  65.612679   100.404   100.372  4 53093.82656849  5.613
 28 231.738848  65.609610    32.993    32.993  2 53198.82660784 28.588
 30 231.720141  65.611891   139.076   152.926  4 53268.82654679  6.421
 31 231.741066  65.613007    66.974    60.286  5 53303.82660556 18.749
 32 231.734297  65.612682    97.762    97.742  4 53338.82657498  9.472
 33 231.726716  65.612413   100.119   100.100  4 53373.82650788  4.753
 34 231.748818  65.614100   109.042   109.261  4 53408.82654785  3.664
 35 231.722205  65.611159   100.995   100.982  4 53443.82653312  5.579
 36 231.740998  65.612774   103.917   102.462  5 53478.82660866  4.651
 37 231.740434  65.613520    99.616    99.624  5 53513.82661720  8.922
 40 231.720750  65.613489    33.735    33.735  2 53618.82655757 15.444
 41 231.746139  65.613397   140.723   154.721  4 53653.82658042  6.397
 42 231.732881  65.610990   102.177   102.897  3 53688.82657893  8.987
 43 231.727142  65.613185    98.448    99.463  4 53723.82650343  8.313
 44 231.759359  65.613332    89.417    91.536  5 53758.82644200  8.023
 45 231.738253  65.613045    96.184    97.425  4 53793.82646339  6.792
 46 231.758577  65.612572    94.899    96.303  4 53828.82643541  5.533
 47 231.741692  65.610120    99.487    99.487  2 53863.82651815  9.006
 48 231.741787  65.611621    70.154    57.303  3 53898.82654220 28.575
 49 231.727154  65.610906   126.611   127.621  4 53933.82658780  5.638
 51 231.759349  65.612868   143.470   153.216  5 54003.82652924  5.457
 52 231.749337  65.613214    67.900    66.262  5 54038.82656363 22.145
 53 231.738802  65.613404   101.942   102.553  5 54073.82655849  8.609
 54 231.720256  65.611845   100.013   100.024  4 54108.82650564  7.463
 55 231.747610  65.613140    95.639    95.570  4 54143.82649503  6.592
 56 231.726668  65.611904    99.044    99.081  4 54178.82648957  5.300
 58 231.743679  65.614119    34.232    34.236  4 54248.82653058 30.732
 59 231.740021  65.613355   119.180   119.853  4 54283.82653916  5.686
 60 231.740819  65.614384   139.535   153.844  5 54318.82653663  8.867
 62 231.743575  65.613859    76.995    78.926  4 54388.82647676 12.622
 63 231.733031  65.612535   107.935   108.175  5 54423.82645115  6.258
 65 231.735382  65.613784   108.204   108.349  4 54493.82645498  3.813
 66 231.748187  65.613149   111.842   112.118  4 54528.82646450  2.165
 67 231.728660  65.613297   105.339   105.481  4 54563.82646235  3.003
 68 231.740980  65.612711    99.950    99.837  5 54598.82646020 16.810
 69 231.740036  65.613758    40.728    41.924  5 54633.82647299 15.404
 70 231.733811  65.609984   123.723   123.723  2 54668.82647882  6.628
 71 231.731788  65.612527   120.593   103.683  5 54703.82644282  6.846
 72 231.748576  65.613607   154.747   154.615  5 54738.82643977  7.866
 73 231.734961  65.612884    94.295    97.068  5 54773.82642401 10.651
 74 231.748194  65.611218    97.203    94.737  3 54808.82643376  8.424
 75 231.735124  65.612763    98.247    98.473  4 54843.82642172  7.009
 76 231.742682  65.613197    99.218    99.641  5 54878.82643668  3.973
 77 231.725377  65.610940   100.506   100.236  4 54913.82642657  3.000
 79 231.738917  65.612424   121.331   121.698  4 54983.82645429 11.824
 80 231.741162  65.614173   119.316   104.488  5 55018.82645090 11.470
 81 231.738036  65.613216    91.283    91.287  5 55053.82644697  6.074
 82 231.727149  65.612122   139.242   153.207  4 55088.82640876  6.345
 83 231.746963  65.613841    53.034    53.162  4 55123.82638346 22.562
 84 231.731562  65.612408    94.484    98.738  4 55158.82636959 11.063
 85 231.749572  65.612701    89.976    87.587  5 55193.82637342  8.404
 86 231.728515  65.611604    98.086    98.105  4 55228.82637177  6.742
 87 231.742384  65.612795    94.608    94.241  5 55263.82636905  6.268
 88 231.729074  65.611740    97.985    99.011  4 55298.82635479  4.047
 89 231.736298  65.613083   104.157   103.698  5 55333.82634698 11.462
 90 231.737727  65.613177   160.185   158.915  4 55368.82633848  6.407
 91 231.747302  65.612374   105.963    84.743  3 55403.82635458  9.662
 93 231.726309  65.610906   138.946   153.034  4 55473.82630456  7.289
