# NaN NaN NaN ;Mean Elev.(m), Avg Gradient(m/km), RMS Gradient(m/km) - SRTM1     
#   -3.994  -0.952  17.494 ;Mean Elev.(m), Avg Gradient(m/km), RMS Gradient(m/km) - ASTER GDEM
#   15.191  -0.747  14.038 ;Mean Elev.(m), Avg Gradient(m/km), RMS Gradient(m/km) - GMTED2010 
  7 226.989301  67.211779    83.169    83.578  5 52459.84411863  3.865
  9 227.001716  67.210626    89.600    89.660  5 52529.84409329  6.341
 10 227.002267  67.210816    44.623    42.128  5 52564.84411095 18.553
 13 226.978652  67.208506   109.715   109.715  2 52669.84410691  2.679
 16 226.978642  67.214998    11.917    12.498  5 52774.84407762 26.917
 18 226.996372  67.210916    80.690    81.030  4 52844.84420778  4.596
 19 226.988167  67.213250     9.097     9.241  5 52879.84424535 40.578
 21 227.007752  67.210694    45.110    37.030  5 52949.84416230 19.570
 22 226.988031  67.205790   110.171   110.171  2 52984.84418941  2.888
 23 226.982341  67.214479    87.897    86.831  5 53019.84417916  4.551
 25 226.972057  67.217602    83.164    83.239  5 53089.84420228  5.113
 28 226.989747  67.212960    71.446    68.732  5 53194.84422879  6.634
 29 226.989480  67.213578    75.947    74.997  5 53229.84421816  8.280
 30 226.972551  67.217191    57.436    57.436  2 53264.84418918  5.691
 31 226.986004  67.213136    43.671    45.743  5 53299.84423599 18.065
 34 226.993310  67.211752   116.363   116.363  2 53404.84417880  1.547
 36 226.992474  67.215768    79.651    80.225  4 53474.84422772  4.562
 38 226.982258  67.215684    65.904    65.904  2 53544.84426106  6.422
 39 226.981107  67.215389    28.471    35.006  5 53579.84423914 17.651
 41 226.995467  67.211880    57.028    56.897  5 53649.84420244 13.167
 42 226.982037  67.215122    55.915    55.693  4 53684.84421394  7.895
 45 226.987683  67.212879    85.085    84.620  5 53789.84409421  5.061
 48 226.994272  67.212780    20.936    11.481  5 53894.84416098 14.244
 49 226.977525  67.214023    19.872    11.319  5 53929.84421546 16.603
 50 226.978090  67.216918     6.504     7.507  3 53964.84419393 50.209
 51 227.001483  67.203701    79.014    79.014  2 53999.84415072  4.201
 55 226.989319  67.208527   103.360   103.360  2 54139.84412026  4.388
 56 226.978108  67.213484    84.075    84.580  5 54174.84412300  9.466
 57 226.994600  67.214426    75.143    75.805  3 54209.84412555  7.267
 58 226.995042  67.218470   136.112   136.112  2 54244.84415541  0.886
 61 226.976757  67.213427     7.036     7.169  4 54349.84413716 40.401
 62 226.994783  67.214005    60.307    58.157  4 54384.84410592 12.802
 63 226.984136  67.218624    58.441    58.441  2 54419.84408576  9.009
 64 227.000746  67.212219    72.733    74.726  5 54454.84407759 10.186
 66 226.994597  67.212838   109.251   109.251  2 54524.84409063  3.751
 67 226.980369  67.215057    79.318    84.596  4 54559.84409539  4.872
 69 226.985518  67.212775    53.089    45.159  5 54629.84410107  9.726
 70 226.989199  67.215622    62.323    61.480  3 54664.84410721  2.683
 71 226.979095  67.214650     8.581     8.342  5 54699.84407856 29.860
 72 226.993035  67.209260    88.506    90.818  4 54734.84406679  4.407
 74 227.000472  67.217698    57.888    57.888  2 54804.84405900 10.721
 75 226.986959  67.213127    81.901    81.156  5 54839.84405341  7.991
 76 226.992478  67.213898    80.055    80.313  5 54874.84406028  6.177
 80 226.979479  67.207251    92.947    92.947  2 55014.84408467  2.935
 81 226.989303  67.214430    79.374    78.876  5 55049.84407685  6.913
 83 226.996103  67.211941    42.072    40.882  5 55119.84400976 20.617
 84 226.980410  67.213482    56.493    56.197  5 55154.84400430 14.194
 85 226.995754  67.212897    75.015    79.464  4 55189.84399880 10.912
 86 226.987079  67.217543    79.108    79.068  3 55224.84400319  9.325
 87 226.990957  67.214122    80.863    79.363  5 55259.84399466  7.219
 88 226.979550  67.216047    83.311    84.652  3 55294.84398973  5.596
 89 226.985833  67.213652    14.646    14.308  5 55329.84397647 24.653
 90 226.980878  67.212788    10.406    10.280  5 55364.84397101 41.982
 92 226.981847  67.208913    84.490    84.490  2 55434.84398811  7.704
 93 226.974844  67.215591    36.136    36.923  5 55469.84394155 19.041
