# NaN NaN NaN ;Mean Elev.(m), Avg Gradient(m/km), RMS Gradient(m/km) - SRTM1     
#   27.170 -35.821  95.331 ;Mean Elev.(m), Avg Gradient(m/km), RMS Gradient(m/km) - ASTER GDEM
#   60.009 -34.132  98.800 ;Mean Elev.(m), Avg Gradient(m/km), RMS Gradient(m/km) - GMTED2010 
  7 233.481826  65.199992    63.270    61.590  4 52476.82061336  9.737
  8 233.484291  65.199366    41.484    41.397  4 52511.82056118 16.489
  9 233.495792  65.197261    46.630    46.624  5 52546.82059066 36.910
 10 233.488181  65.198309   224.354   224.877  4 52581.82060576  4.670
 11 233.472378  65.201337    43.043    43.035  4 52616.82057693 23.848
 12 233.496111  65.196805   223.470   224.904  3 52651.82055284  0.998
 13 233.482663  65.202883   228.248   228.785  3 52686.82054595  0.640
 14 233.485843  65.198420    51.947    51.454  4 52721.82059513  8.746
 15 233.467460  65.201876    45.590    45.342  4 52756.82061784 31.209
 18 233.497076  65.195778    42.903    42.802  4 52861.82068268 33.001
 19 233.481005  65.200259    49.650    49.933  4 52896.82071237 12.169
 20 233.469235  65.200021    54.684    52.244  4 52931.82066001 23.084
 21 233.496430  65.196361    44.684    43.950  4 52966.82066055 13.368
 23 233.473024  65.202489   190.795   224.450  3 53036.82063704  0.814
 27 233.487470  65.198390    43.056    43.230  5 53176.82069560 45.833
 28 233.481269  65.198086    41.969    41.688  4 53211.82071547 17.895
 29 233.480598  65.200316    42.148    42.437  4 53246.82068355 29.426
 30 233.492500  65.195973    65.330    65.293  3 53281.82067127 13.260
 31 233.491132  65.198646   225.261   225.360  5 53316.82067849  4.717
 32 233.482896  65.198718   224.540   224.729  5 53351.82064433  2.307
 36 233.482057  65.200103    51.134    47.760  4 53491.82072561 28.105
 37 233.486750  65.195543    63.420    61.824  4 53526.82070742 13.133
 38 233.474655  65.199723    42.480    42.429  4 53561.82073590 32.172
 40 233.494826  65.197220    55.081    50.179  5 53631.82066975 12.501
 41 233.482956  65.199173    41.304    41.210  5 53666.82069248 47.900
 42 233.484083  65.199085   224.695   224.471  5 53701.82064093  3.529
 43 233.472339  65.199061   123.011   119.037  3 53736.82055129  2.836
 44 233.495617  65.198215   224.540   225.713  3 53771.82055786  1.014
 49 233.475253  65.200757    52.690    50.997  4 53946.82068290 12.729
 51 233.498274  65.196621    50.220    50.288  5 54016.82065133 29.495
 52 233.493486  65.196858    42.262    42.170  5 54051.82064918 28.457
 53 233.483458  65.201320   129.794   130.117  4 54086.82064065  2.648
 54 233.465689  65.200833   223.775   223.936  4 54121.82056586  2.005
 55 233.486717  65.200359   225.721   225.937  4 54156.82060119  0.702
 56 233.474998  65.203681   227.787   227.787  2 54191.82056378  0.541
 57 233.489091  65.199920   224.779   226.131  3 54226.82061261  0.839
 58 233.487836  65.198464    52.636    53.154  4 54261.82063235 36.232
 59 233.484725  65.198445    48.375    48.544  4 54296.82063719 42.500
 60 233.480218  65.197940    48.217    50.797  3 54331.82062836 14.298
 62 233.485763  65.199559    41.344    41.333  4 54401.82057048 37.085
 63 233.477183  65.201107   225.444   225.943  4 54436.82052767  1.938
 68 233.484944  65.198133    52.271    53.037  4 54611.82056138 38.969
 69 233.485227  65.199056    65.176    62.608  4 54646.82056851  8.267
 70 233.482409  65.199353    45.401    43.345  4 54681.82056932 13.353
 72 233.489662  65.198445    56.656    53.076  5 54751.82054119 17.304
 73 233.476833  65.199405    43.983    43.919  4 54786.82050828 18.097
 74 233.495321  65.202177   228.700   228.700  2 54821.82053412  0.435
 78 233.487847  65.198730    53.708    53.719  5 54961.82053685 28.971
 79 233.482950  65.199624    49.504    49.433  4 54996.82055812 26.758
 80 233.484240  65.199883   137.523   138.067  4 55031.82054770  3.450
 82 233.468718  65.199578    54.890    52.660  4 55101.82047802 19.748
 83 233.489056  65.198995   225.109   224.983  5 55136.82048321  2.954
 84 233.477127  65.200797    42.240    42.217  4 55171.82044518 19.041
 85 233.485679  65.194236   108.093   110.905  3 55206.82047791  5.293
 89 233.484387  65.199287    49.627    45.338  4 55346.82044056 16.852
 92 233.478976  65.199716    47.529    48.576  5 55451.82044281 35.487
 93 233.471293  65.200030    50.062    50.317  4 55486.82036614 16.365
