# NaN NaN NaN ;Mean Elev.(m), Avg Gradient(m/km), RMS Gradient(m/km) - SRTM1     
#   11.142 -10.841  37.694 ;Mean Elev.(m), Avg Gradient(m/km), RMS Gradient(m/km) - ASTER GDEM
#   22.000  -9.778  37.256 ;Mean Elev.(m), Avg Gradient(m/km), RMS Gradient(m/km) - GMTED2010 
  7 230.055123  66.750107    27.033    26.676  5 52469.83425481 38.301
 10 230.057681  66.750290   177.924   178.169  4 52574.83426689  6.908
 11 230.055850  66.751929   178.144   178.358  5 52609.83422688  5.515
 12 230.063490  66.747948   177.202   177.093  3 52644.83421824  4.739
 15 230.039949  66.751261    48.354    48.354  2 52749.83426801  0.175
 18 230.066063  66.747004    39.426    39.426  2 52854.83433430 17.374
 20 230.041356  66.746759    51.853    51.853  2 52924.83432178  4.965
 21 230.073706  66.745796   178.374   178.374  2 52959.83428816  1.650
 22 230.061600  66.747628   176.397   176.254  3 52994.83432138  2.723
 23 230.049882  66.752436   176.643   176.712  4 53029.83428434  1.778
 24 230.066159  66.747796   177.519   177.674  3 53064.83429213  1.183
 28 230.053210  66.745201    21.689    21.689  2 53204.83436254 23.385
 31 230.059496  66.749792   178.473   178.753  4 53309.83434476  3.388
 32 230.057134  66.752438   178.496   178.522  5 53344.83431055  5.012
 33 230.077561  66.745837   181.706   183.756  3 53379.83426069  4.357
 34 230.062103  66.748139   177.548   176.565  3 53414.83428821  2.233
 35 230.076606  66.745341   174.861   175.041  3 53449.83428108  3.560
 40 230.067006  66.746156    18.359    18.506  3 53624.83430941 15.712
 44 230.071757  66.745874   177.830   177.830  2 53764.83419915  1.286
 45 230.050724  66.748372   174.666   173.675  3 53799.83420501  0.793
 46 230.073735  66.746388   178.846   178.846  2 53834.83420499  0.710
 51 230.074390  66.746239    15.209    15.248  3 54009.83428833 48.854
 52 230.068391  66.747008   179.509   179.509  2 54044.83430684  6.305
 53 230.055111  66.752633   178.085   178.040  5 54079.83429961  6.849
 54 230.045643  66.753126   175.686   175.779  4 54114.83423510  4.817
 56 230.046674  66.751995   175.169   175.255  5 54184.83422604  3.060
 57 230.063282  66.747260    16.530    16.513  3 54219.83425680 11.890
 62 230.063983  66.750111   179.161   179.161  2 54394.83422075  2.038
 63 230.054066  66.751564   177.669   177.804  5 54429.83418498  4.696
 64 230.064972  66.746673   176.979   177.208  3 54464.83420093  1.690
 65 230.055714  66.750776   176.794   176.656  5 54499.83419640  3.683
 66 230.061620  66.749380   177.568   177.505  4 54534.83421505  2.733
 67 230.050984  66.752988   176.792   177.014  5 54569.83419922  2.049
 72 230.060948  66.747957    18.598    19.858  4 54744.83418914 38.210
 73 230.059696  66.752375   179.471   179.688  4 54779.83416235  2.460
 74 230.063129  66.746613   177.377   176.893  3 54814.83418255  4.672
 75 230.056161  66.752668   178.314   178.287  5 54849.83416104  2.494
 76 230.060729  66.748464   176.998   177.450  3 54884.83418609  2.144
 77 230.045008  66.753430   175.359   176.714  4 54919.83416305  0.633
 83 230.060912  66.748788   177.999   178.235  4 55129.83413234  6.314
 84 230.055876  66.750229   177.336   177.486  5 55164.83410451  5.333
 85 230.061987  66.748205   177.127   177.167  4 55199.83412397  5.673
 86 230.050742  66.751671   175.979   176.124  5 55234.83410990  5.720
 87 230.060418  66.749788   178.054   178.543  4 55269.83411836  4.204
 91 230.064213  66.748933    20.173    20.303  3 55409.83410389 10.552
