# NaN NaN NaN ;Mean Elev.(m), Avg Gradient(m/km), RMS Gradient(m/km) - SRTM1     
#   17.099  -2.215  54.467 ;Mean Elev.(m), Avg Gradient(m/km), RMS Gradient(m/km) - ASTER GDEM
#   40.028  -1.164  53.231 ;Mean Elev.(m), Avg Gradient(m/km), RMS Gradient(m/km) - GMTED2010 
  7 231.205719  65.703515    30.712    30.687  7 52452.22079274 33.905
  8 231.213214  65.708679    30.618    30.611  6 52487.22077487 18.372
  9 231.217902  65.707606    29.962    29.987  6 52522.22074506 15.866
 11 231.208334  65.705107    31.933    31.396  6 52592.22079092 21.867
 12 231.208376  65.702385    31.415    31.320  5 52627.22070753 20.203
 13 231.209284  65.707079    59.939    59.892  6 52662.22075450 12.119
 14 231.201823  65.701488    33.351    33.032  7 52697.22073084 12.852
 15 231.217164  65.708957    47.265    47.598  6 52732.22075493  6.666
 16 231.217780  65.708724    31.854    31.878  7 52767.22076391 32.083
 17 231.200492  65.701102    31.448    31.491  6 52802.22077217 34.228
 18 231.204790  65.704359    30.564    30.388  7 52837.22083788 30.999
 19 231.209104  65.705343    29.776    29.724  6 52872.22087825 32.723
 20 231.215757  65.708072    29.159    29.167  6 52907.22086852 23.833
 21 231.202516  65.704049    30.050    29.905  6 52942.22079670 36.736
 23 231.210330  65.706781    31.221    31.247  6 53012.22085247 19.431
 24 231.202321  65.702446    31.182    31.260  6 53047.22081898 18.844
 25 231.207990  65.706025    31.907    30.583  7 53082.22085419 16.815
 26 231.200369  65.701507    31.253    31.244  7 53117.22082407 20.373
 27 231.203698  65.704241    33.128    33.100  7 53152.22087361 42.669
 28 231.213695  65.707279    30.017    30.066  6 53187.22086086 17.770
 29 231.215248  65.707577    29.479    29.713  7 53222.22088349 24.226
 30 231.216840  65.707357    28.748    28.692  6 53257.22085944 28.134
 31 231.198554  65.698642    30.185    30.159  7 53292.22087568 31.158
 32 231.213783  65.707631    30.714    30.681  6 53327.22085098 17.617
 35 231.219854  65.708773    64.166    64.863  6 53432.22081921  7.024
 36 231.200919  65.703024    34.004    34.507  7 53467.22085369  9.528
 37 231.205294  65.705515    34.956    34.898  7 53502.22090696 50.901
 38 231.211108  65.707909    30.286    30.167  6 53537.22089981 30.990
 39 231.208994  65.706617    29.701    29.871  6 53572.22090392 21.828
 40 231.221169  65.709811    28.729    28.777  7 53607.22085294 23.829
 41 231.200709  65.701258    30.634    30.650  6 53642.22085268 26.748
 42 231.206763  65.704961    29.745    29.758  7 53677.22087208 39.652
 43 231.225041  65.706959    31.090    31.177  4 53712.22080098 24.141
 44 231.201630  65.701183    32.782    32.811  7 53747.22071268 25.359
 45 231.214548  65.707785    30.712    30.760  6 53782.22074452 19.340
 46 231.227999  65.710428    30.708    29.701  6 53817.22071029 15.146
 47 231.201096  65.701507    31.886    31.758  7 53852.22078192 30.095
 48 231.215575  65.707653    30.806    30.872  7 53887.22078848 19.992
 49 231.202421  65.702612    30.579    30.698  7 53922.22085954 24.108
 50 231.207854  65.704560    29.918    29.899  6 53957.22085454 27.626
 51 231.199235  65.700346    30.687    30.716  7 53992.22077734 37.376
 52 231.204131  65.702231    29.810    29.847  7 54027.22084101 32.891
 53 231.215159  65.708016    29.598    29.652  6 54062.22083516 46.996
 55 231.202840  65.701036    31.994    31.881  7 54132.22075650 44.924
 56 231.215177  65.707497    31.026    31.069  6 54167.22077900 47.946
 57 231.202627  65.703249    30.635    30.609  7 54202.22076027 41.940
 58 231.208862  65.705764    35.633    35.574  7 54237.22079636 21.274
 59 231.211072  65.707908    30.395    30.418  6 54272.22081617 20.631
 60 231.208779  65.706855    30.602    30.661  6 54307.22081821 24.074
 61 231.218799  65.708368    29.354    29.350  6 54342.22079831 19.514
 62 231.206185  65.704347    30.128    30.116  7 54377.22075286 26.020
 63 231.212028  65.706717    29.424    29.388  6 54412.22074527 41.677
 64 231.201503  65.703279    30.930    30.974  7 54447.22071797 15.420
 66 231.203855  65.703246    31.570    31.973  7 54517.22073184 11.685
 67 231.216346  65.708423    30.853    30.213  6 54552.22075058 10.269
 68 231.211624  65.701547    31.233    31.183  3 54587.22072720 19.706
 69 231.210537  65.706884    30.525    30.639  7 54622.22074652 31.663
 70 231.209797  65.705736    30.637    30.623  6 54657.22075586 20.113
 71 231.213413  65.708190    29.217    29.290  6 54692.22073949 25.398
 72 231.204819  65.703868    30.131    30.167  7 54727.22070821 31.826
 73 231.210868  65.705992    29.057    29.067  6 54762.22071621 31.226
 74 231.200771  65.701621    31.998    31.945  7 54797.22070105 30.347
 75 231.210395  65.707040    39.527    40.255  6 54832.22070609 15.057
 76 231.202684  65.703201    32.874    32.388  6 54867.22069699 11.065
 77 231.214096  65.708072    34.018    33.712  6 54902.22071620  8.988
 78 231.205880  65.705209    35.089    35.341  7 54937.22068735  8.582
 79 231.208118  65.705880    41.194    41.195  6 54972.22072025 30.175
 80 231.209351  65.707816    30.429    30.457  6 55007.22073788 28.561
 81 231.210586  65.706401    30.285    30.229  6 55042.22072636 17.835
 82 231.215537  65.708663    29.858    29.834  6 55077.22070631 16.929
 83 231.206224  65.704510    35.277    30.359  7 55112.22065854 25.767
 84 231.209036  65.707397    29.940    29.953  6 55147.22066043 40.764
 85 231.201609  65.702592    32.184    32.184  6 55182.22063814 44.930
 86 231.212515  65.707340    31.963    31.946  7 55217.22065616 27.555
 87 231.205226  65.704111    32.453    32.500  6 55252.22063454 27.315
 88 231.216524  65.707780    30.917    30.908  7 55287.22064848 18.856
 89 231.209989  65.705582    33.297    33.316  6 55322.22062385 50.008
 90 231.210433  65.707221    30.262    30.208  6 55357.22062348 16.881
 91 231.205387  65.704152    30.188    30.231  7 55392.22062509 25.886
 92 231.210221  65.706595    29.653    29.708  6 55427.22063979 29.388
 93 231.219622  65.708785    28.712    28.725  6 55462.22060535 28.664
