# NaN NaN NaN ;Mean Elev.(m), Avg Gradient(m/km), RMS Gradient(m/km) - SRTM1     
#   44.980  -2.490  12.339 ;Mean Elev.(m), Avg Gradient(m/km), RMS Gradient(m/km) - ASTER GDEM
#   61.117  -3.364  10.729 ;Mean Elev.(m), Avg Gradient(m/km), RMS Gradient(m/km) - GMTED2010 
  6 235.094118  64.622223   127.399   127.399  2 52419.81471263 10.950
  7 235.090364  64.624962   126.502   126.541  3 52454.81473675  9.495
  8 235.096412  64.624206   127.451   127.451  2 52489.81471281  8.003
  9 235.087692  64.628963   126.714   126.785  3 52524.81468995  8.064
 10 235.097122  64.622963   126.898   126.898  2 52559.81473993 16.410
 11 235.088828  64.627045   124.383   124.601  4 52594.81474496 14.413
 13 235.092921  64.625604   126.142   126.142  2 52664.81470665 10.721
 15 235.095224  64.623507   123.621   123.621  2 52734.81471033  8.540
 16 235.087643  64.631918   126.967   127.034  5 52769.81469977 13.124
 19 235.097486  64.621697   126.916   126.916  2 52874.81483593  7.521
 20 235.092598  64.623835   126.698   126.698  2 52909.81480896  7.795
 23 235.089418  64.628019   125.681   125.758  4 53014.81479535  7.092
 25 235.087880  64.631840   125.445   125.514  4 53084.81480412  5.865
 26 235.098634  64.622926   127.389   127.389  2 53119.81477551  3.476
 27 235.093385  64.624845   127.296   127.296  2 53154.81482771 11.955
 29 235.091685  64.623019   122.995   122.995  2 53224.81482934  9.938
 30 235.087420  64.632682   123.909   123.982  5 53259.81480249 10.654
 31 235.093374  64.623006   126.219   126.219  2 53294.81483128 12.231
 33 235.089867  64.626061   126.042   126.168  3 53364.81475415  9.811
 35 235.091802  64.627931   126.162   126.169  3 53434.81476850  5.430
 37 235.091869  64.626799   116.593   127.036  3 53504.81485409 17.848
 38 235.091612  64.624198   126.721   126.721  2 53539.81485425  6.213
 39 235.088150  64.627525   125.357   125.440  4 53574.81484935  6.457
 40 235.087316  64.632660   125.272   125.176  4 53609.81479890  8.873
 42 235.089151  64.627289   120.855   121.436  3 53679.81482020 17.561
 43 235.090088  64.626208   125.769   125.870  3 53714.81474845  6.745
 45 235.095693  64.624579   126.740   126.740  2 53784.81469493  6.701
 46 235.086786  64.630829   125.329   125.342  5 53819.81465384  5.768
 47 235.095908  64.622590   123.644   123.644  2 53854.81473749  9.197
 49 235.089926  64.627244   126.270   126.125  3 53924.81481193 10.345
 53 235.093833  64.623359   120.314   120.314  2 54064.81478737 16.837
 54 235.089134  64.629728   124.867   124.929  4 54099.81475152  6.065
 59 235.095255  64.624412   127.075   127.075  2 54274.81476706  6.474
 61 235.088681  64.628179   125.474   125.557  4 54344.81474433  6.855
 63 235.091334  64.625210   123.094   123.094  2 54414.81469320 15.249
 65 235.095427  64.622287   125.773   125.773  2 54484.81468842 11.525
 67 235.090030  64.627982   125.775   125.990  4 54554.81469887  6.734
 68 235.097549  64.623027   124.392   124.392  2 54589.81468164 14.483
 69 235.092878  64.624661   127.545   127.545  2 54624.81469853  8.406
 70 235.094574  64.625018   126.854   126.854  2 54659.81470688  6.795
 71 235.090447  64.624905    54.549    54.875  3 54694.81468625 32.843
 72 235.100459  64.622114   128.098   128.098  2 54729.81466193 10.059
 73 235.093209  64.622853   120.886   120.886  2 54764.81466497 20.433
 75 235.092596  64.624001   126.224   126.224  2 54834.81465569  8.633
 77 235.089182  64.630896   125.818   125.765  4 54904.81466365  2.808
 78 235.099980  64.623084   127.412   127.412  2 54939.81464392  2.567
 79 235.096006  64.623583   127.627   127.627  2 54974.81467413 11.835
 80 235.091244  64.624612   126.875   126.875  2 55009.81468673  9.697
 82 235.089657  64.628040   124.928   125.532  3 55079.81465216 10.217
 84 235.091303  64.622858   119.642   119.642  2 55149.81460951 17.187
 86 235.092187  64.626433   125.952   126.071  3 55219.81460674  8.335
 88 235.089255  64.630178   125.532   125.527  4 55289.81459546  5.616
 89 235.091900  64.622756   127.226   127.226  2 55324.81457570  9.996
 90 235.091759  64.624839   125.895   125.895  2 55359.81457325 10.937
 92 235.095550  64.622454   126.443   126.443  2 55429.81458903 11.595
 93 235.090049  64.629819   124.796   125.212  4 55464.81455014 13.567
