-152218.973   173.429     0.00   15.58
-151850.122   173.380    -0.13   14.59
-151481.353   174.765     3.75   13.84
-151112.664   178.576    10.34   14.49
-150744.056   185.297    18.24   16.28
-150375.530   192.970    20.82   19.46
-150007.084   201.495    23.14   20.80
-149638.719   206.723    14.19   14.15
-149270.434   206.959     0.64   10.13
-148902.231   205.277    -4.57    6.80
-148534.108   202.926    -6.39    5.75
-148166.065   199.723    -8.71    5.28
-147798.103   196.687    -8.25    4.51
-147430.222   194.000    -7.30    3.43
-147062.421   193.790    -0.57    4.11
-146694.700   195.740     5.30    6.43
-146327.060   199.941    11.43    8.49
-145959.500   205.184    14.27    8.48
-145592.020   210.723    15.07    9.65
-145224.620   214.374     9.94   10.35
-144857.300   217.870     9.52    9.49
-144490.061   219.248     3.75    9.60
-144122.901   218.052    -3.26    9.94
-143755.822   213.198   -13.22    9.19
-143388.822   207.217   -16.30    8.45
-143021.902   200.030   -19.59    8.93
-142655.062   193.180   -18.67   10.68
-142288.302   184.880   -22.63   12.12
-141921.621   176.830   -21.96   13.93
-141555.021   166.480   -28.24   16.04
-141188.499   156.624   -26.89   17.30
-140822.057   146.073   -28.80   18.94
-140455.695   137.782   -22.63   19.58
-140089.412   130.747   -19.21   19.42
-139723.209   126.120   -12.64   16.09
-139357.085   121.620   -12.29   12.32
-138991.040   117.408   -11.51    8.34
-138625.074   113.911    -9.56    6.18
-138259.188   111.368    -6.95    7.43
-137893.380   108.653    -7.42    8.65
-137527.652   105.010    -9.96    7.76
-137162.003   101.700    -9.05    5.60
-136796.433    99.800    -5.20    2.62
-136430.941    99.980     0.49    1.48
-136065.529   100.870     2.44    1.59
-135700.195   102.163     3.54    1.52
-135334.941   103.380     3.33    1.64
-134969.764   104.347     2.65    1.64
-134604.667   105.102     2.07    2.25
-134239.648   104.149    -2.61    6.32
-133862.248    99.888   -11.29   12.07
-133480.777    97.929    -5.13   12.21
-133099.393    96.271    -4.35   11.84
-132718.096    95.670    -1.58   10.58
-132336.886    96.316     1.70    9.61
-131955.764    97.404     2.85    9.83
-131574.728    99.660     5.92   10.01
-131193.780   103.950    11.26    8.29
-130812.919   108.398    11.68    7.11
-130432.144   112.920    11.88    7.07
-130051.457   117.010    10.75    7.23
-129670.856   120.100     8.12    6.40
-129290.342   122.765     7.01    5.41
-128909.915   124.710     5.11    4.82
-128529.575   125.918     3.18    4.64
-128149.321   126.760     2.22    4.61
-127769.153   127.053     0.77    5.21
-127389.072   126.750    -0.80    6.15
-127009.078   126.794     0.12    6.15
-126629.170   127.182     1.02    5.74
-126249.348   127.606     1.12    4.91
-125869.612   127.570    -0.10    3.86
-125489.963   127.646     0.20    3.22
-125110.400   128.040     1.04    2.95
-124730.923   128.783     1.96    3.47
-124351.531   130.822     5.38    4.00
-123972.226   133.729     7.67    5.02
-123593.007   136.970     8.55    5.43
-123213.873   140.217     8.57    5.26
-122834.826   143.119     7.66    4.34
-122455.864   145.531     6.37    3.46
-122076.987   149.210     9.71    5.07
-121698.197   152.207     7.91    5.17
-121319.492   154.810     6.88    4.50
-120940.872   156.927     5.59    2.75
-120562.338   157.610     1.80    2.56
-120183.889   158.758     3.03    2.92
-119805.526   162.360     9.52    6.11
-119427.247   169.053    17.69   10.78
-119049.054   179.737    28.25   15.59
-118670.947   192.276    33.16   17.30
-118292.924   204.586    32.57   15.15
-117914.986   212.959    22.16   10.36
-117537.134   217.720    12.60    4.95
-117159.366   218.300     1.54    2.86
-116781.683   216.220    -5.51    3.28
-116404.085   213.577    -7.00    3.21
-116026.572   210.710    -7.60    3.07
-115649.143   208.717    -5.28    3.98
-115271.799   206.908    -4.79    5.83
-114894.540   205.790    -2.96    7.98
-114517.365   206.633     2.23    9.09
-114140.275   209.426     7.41    7.15
-113763.269   209.429     0.01    9.52
-113386.347   206.101    -8.83   16.31
-113009.510   200.874   -13.87   21.84
-112632.757   193.520   -19.52   26.35
-112256.088   190.713    -7.45   26.30
-111879.504   190.700    -0.03   22.38
-111503.003   188.652    -5.44   17.68
-111126.587   186.158    -6.63   16.60
-110750.254   182.833    -8.84   16.55
-110374.006   182.838     0.01   17.35
-109997.841   183.362     1.39   18.24
-109621.760   182.740    -1.65   16.64
-109245.763   183.532     2.11   15.10
-108869.849   183.141    -1.04   12.36
-108494.020   180.857    -6.08   10.20
-108118.273   179.150    -4.54    9.37
-107742.611   178.448    -1.87    8.99
-107367.032   180.450     5.33   10.01
-106991.536   185.030    12.20   11.02
-106616.124   189.969    13.16    9.90
-106240.795   193.354     9.02    7.47
-105865.549   197.010     9.75    4.64
-105490.386   199.610     6.93    4.08
-105115.307   202.316     7.21    3.54
-104740.311   203.586     3.39    3.31
-104365.397   204.076     1.31    3.35
-103990.567   203.210    -2.31    6.02
-103615.820   200.521    -7.18    8.49
-103241.155   197.510    -8.04    8.72
-102866.574   195.819    -4.51    8.02
-102492.075   193.838    -5.29    6.29
-102117.659   192.823    -2.71    4.90
-101743.325   193.100     0.74    3.99
-101369.074   195.172     5.54    5.08
-100994.906   198.714     9.47    5.82
-100620.820   202.535    10.22    5.72
-100246.817   207.120    12.26    5.44
 -99872.896   211.061    10.54    5.41
 -99499.058   215.442    11.72    4.97
 -99125.301   218.580     8.40    4.03
 -98751.627   221.116     6.79    2.41
 -98378.035   222.240     3.01    1.55
 -98004.526   222.149    -0.24    2.29
 -97631.098   220.838    -3.51    3.61
 -97257.752   218.473    -6.34    4.91
 -96884.489   215.990    -6.65    5.19
 -96511.307   213.691    -6.16    5.00
 -96138.207   211.740    -5.23    4.31
 -95765.189   210.677    -2.85    3.94
 -95392.253   210.103    -1.54    4.41
 -95019.398   209.687    -1.12    4.92
 -94646.625   209.347    -0.91    5.44
 -94273.934   208.313    -2.77    6.29
 -93901.324   207.510    -2.15    7.23
 -93528.796   205.080    -6.52    8.56
 -93156.349   201.366    -9.97   10.51
 -92783.983   197.940    -9.20   10.53
 -92411.699   195.185    -7.40    8.92
 -92039.496   193.550    -4.39    6.73
 -91667.375   194.720     3.15    7.29
 -91295.334   199.082    11.72    9.19
 -90923.375   204.200    13.76    8.65
 -90551.496   210.633    17.30    7.43
 -90179.699   215.878    14.11    5.56
 -89807.983   219.949    10.95    4.15
 -89436.347   222.750     7.54    3.31
 -89064.793   225.691     7.92    3.33
 -88693.319   227.796     5.67    4.21
 -88321.926   230.326     6.81    4.67
 -87950.614   233.790     9.33    6.86
 -87579.382   235.621     4.93    8.16
 -87208.231   235.140    -1.30   11.10
 -86837.161   233.823    -3.55   12.80
 -86466.171   234.258     1.17   13.05
 -86095.261   238.646    11.83   15.26
 -85724.432   246.657    21.60   15.50
 -85353.683   256.327    26.08   13.11
 -84983.015   265.125    23.74    9.76
 -84612.427   271.586    17.44    8.43
 -84241.919   276.924    14.41    8.34
 -83871.491   282.400    14.78    7.43
 -83501.143   286.600    11.34    5.50
 -83130.875   286.310    -0.78    8.43
 -82760.687   279.469   -18.48   16.06
 -82390.579   274.061   -14.61   16.58
 -82020.551   274.480     1.13   15.94
 -81650.603   277.670     8.62   15.10
 -81280.735   282.745    13.72   10.69
 -80910.946   285.564     7.62    5.50
 -80541.237   284.242    -3.57    5.95
 -80171.608   281.638    -7.05    8.99
 -79802.058   276.263   -14.55   18.77
 -79432.588   266.979   -25.13   30.06
 -79063.197   253.495   -36.51   37.81
 -78693.886   232.464   -56.95   48.24
 -78324.653   209.550   -62.06   47.87
 -77955.501   197.796   -31.84   39.59
 -77586.427   193.096   -12.74   37.92
 -77217.433   209.557    44.61   44.98
 -76848.518   235.609    70.62   49.38
 -76479.682   262.697    73.45   46.82
 -76110.925   288.948    71.19   31.18
 -75742.248   302.960    38.01   12.83
 -75373.649   303.656     1.89    7.90
 -75005.129   299.250   -11.96    8.27
 -74636.688   295.343   -10.60    7.51
 -74268.325   291.947    -9.22    6.80
 -73900.042   289.610    -6.35    5.83
 -73531.837   287.283    -6.32    4.10
 -73163.711   286.388    -2.43    3.59
 -72795.663   284.978    -3.83    4.36
 -72427.694   283.525    -3.95    5.04
 -72059.804   282.970    -1.51    5.45
 -71691.992   284.042     2.92    4.71
 -71324.259   285.643     4.35    3.74
 -70956.603   287.043     3.81    3.18
 -70589.027   288.070     2.80    2.45
 -70221.528   288.516     1.21    2.29
 -69854.108   288.949     1.18    2.09
 -69486.765   289.167     0.59    2.13
 -69119.501   289.204     0.10    2.44
 -68752.315   289.398     0.53    3.03
 -68385.207   289.635     0.65    3.89
 -68018.177   289.907     0.74    4.84
 -67651.225   290.217     0.85    5.91
 -67284.351   290.794     1.57    6.57
 -66917.555   292.054     3.44    7.01
 -66550.836   293.724     4.56    6.80
 -66184.195   295.455     4.72    6.42
 -65817.632   296.537     2.95    5.79
 -65451.146   298.316     4.86    5.66
 -65084.738   300.745     6.63    5.44
 -64718.408   303.450     7.39    5.07
 -64352.155   306.380     8.00    4.42
 -63985.979   308.959     7.04    2.84
 -63619.881   310.240     3.50    1.97
 -63253.860   310.948     1.94    1.57
 -62887.917   311.092     0.39    1.72
 -62522.051   310.853    -0.65    2.18
 -62156.261   310.704    -0.41    2.60
 -61790.550   310.543    -0.44    2.95
 -61424.915   310.612     0.19    2.94
 -61059.357   310.742     0.35    2.89
 -60693.876   310.639    -0.28    2.94
 -60328.472   310.885     0.67    3.07
 -59963.145   311.053     0.46    3.30
 -59597.895   311.444     1.07    3.25
 -59225.299   311.957     1.37    2.90
 -58843.995   312.131     0.46    2.32
 -58462.776   311.532    -1.57    2.88
 -58081.642   310.684    -2.23    3.74
 -57700.592   310.220    -1.22    4.63
 -57319.628   311.163     2.48    4.75
 -56938.749   312.585     3.73    4.13
 -56557.954   313.969     3.63    2.42
 -56177.245   314.000     0.08    1.80
 -55796.620   313.367    -1.66    2.51
 -55416.079   312.753    -1.62    2.75
 -55035.623   312.510    -0.64    3.06
 -54655.252   312.638     0.34    3.42
 -54274.965   313.133     1.30    3.59
 -53894.763   314.323     3.13    3.43
 -53514.645   315.541     3.21    2.57
 -53134.611   316.404     2.27    1.07
 -52754.662   316.103    -0.79    1.39
 -52374.797   315.181    -2.43    1.80
 -51995.016   314.081    -2.90    2.17
 -51615.319   313.185    -2.36    2.26
 -51235.706   312.959    -0.59    2.52
 -50856.177   313.611     1.72    2.64
 -50476.732   314.458     2.23    2.36
 -50097.371   313.957    -1.32    4.21
 -49718.093   311.980    -5.21    6.87
 -49338.900   308.663    -8.75    9.93
 -48959.790   304.268   -11.59   13.25
 -48580.764   297.511   -17.83   17.38
 -48201.821   289.907   -20.07   20.39
 -47822.962   278.596   -29.86   26.53
 -47444.186   260.184   -48.61   33.62
 -47065.494   240.747   -51.33   31.93
 -46686.885   225.979   -39.01   21.64
 -46308.360   222.308    -9.70   13.04
 -45929.918   231.879    25.29   18.36
 -45551.559   245.717    36.58   19.43
 -45173.283   260.388    38.78   18.33
 -44795.091   272.670    32.48   15.23
 -44416.981   282.802    26.80    8.32
 -44038.954   288.567    15.25    3.59
 -43661.011   290.182     4.27    5.13
 -43283.150   292.174     5.27    8.41
 -42905.372   294.253     5.50   12.33
 -42527.677   296.165     5.06   15.33
 -42150.065   296.990     2.18   15.25
 -41772.535   299.429     6.46   14.56
 -41395.088   304.485    13.40   12.83
 -41017.724   309.745    13.94   10.56
 -40640.442   313.908    11.04    5.61
 -40263.242   312.613    -3.43    7.43
 -39886.125   303.163   -25.06   17.69
 -39509.090   288.446   -39.04   26.06
 -39132.138   271.561   -44.79   25.48
 -38755.268   264.417   -18.96   21.10
 -38378.480   265.062     1.71   24.88
 -38001.774   276.149    29.43   27.76
 -37625.151   282.979    18.14   27.82
 -37248.609   287.126    11.01   29.00
 -36872.149   285.454    -4.44   27.14
 -36495.772   285.765     0.83   23.23
 -36119.476   286.760     2.64   17.79
 -35743.262   292.323    14.79   17.03
 -35367.130   303.567    29.89   18.30
 -34991.079   314.340    28.65   18.76
 -34615.110   324.484    26.98   15.13
 -34239.223   329.206    12.56   10.08
 -33863.418   329.432     0.60    7.51
 -33487.693   326.608    -7.51    8.20
 -33112.051   321.362   -13.97    9.31
 -32736.490   315.750   -14.94   11.03
 -32361.010   308.287   -19.88   13.85
 -31985.611   300.602   -20.47   15.18
 -31610.294   295.067   -14.75   15.26
 -31235.058   292.957    -5.62   15.81
 -30859.903   294.600     4.38   17.25
 -30484.829   299.265    12.44   19.43
 -30109.836   303.707    11.84   19.13
 -29734.924   304.031     0.87   15.44
 -29360.094   300.194   -10.24   12.86
 -28985.344   291.134   -24.18   14.96
 -28610.675   283.000   -21.71   13.17
 -28236.086   281.878    -3.00   10.98
 -27861.579   284.979     8.28   11.16
 -27487.152   285.814     2.23   11.01
 -27112.806   279.989   -15.56   15.23
 -26738.540   267.221   -34.12   17.26
 -26364.355   256.167   -29.54   12.51
 -25990.250   252.670    -9.35   11.64
 -25616.226   256.286     9.67   16.28
 -25242.282   262.699    17.15   18.16
 -24868.419   269.392    17.90   17.63
 -24494.635   276.489    18.99   15.18
 -24120.932   278.722     5.97   13.41
 -23747.309   280.967     6.01   10.85
 -23373.767   277.255    -9.94   11.24
 -23000.304   270.067   -19.25   13.78
 -22626.921   260.292   -26.18   15.47
 -22253.619   250.700   -25.69   14.85
 -21880.396   242.265   -22.60   14.59
 -21507.253   237.768   -12.05   13.61
 -21134.190   233.642   -11.06   13.16
 -20761.207   232.271    -3.68   13.74
 -20388.303   231.851    -1.13   12.34
 -20015.479   228.368    -9.34   12.47
 -19642.735   221.796   -17.63   14.00
 -19270.070   215.833   -16.00   14.46
 -18897.485   207.290   -22.93   11.62
 -18524.980   203.031   -11.43    8.27
 -18152.553   201.489    -4.14    8.58
 -17780.206   204.742     8.74   13.44
 -17407.939   211.286    17.58   17.03
 -17035.750   217.960    17.93   18.38
 -16663.641   223.402    14.63   15.57
 -16291.611   223.309    -0.25   13.22
 -15919.660   219.130   -11.24   13.07
 -15547.789   207.833   -30.38   15.76
 -15175.996   197.628   -27.45   14.50
 -14804.282   189.245   -22.55   11.67
 -14432.647   185.905    -8.99   11.95
 -14061.091   187.768     5.01   14.29
 -13689.614   194.198    17.31   15.22
 -13318.215   203.117    24.02   16.65
 -12946.896   207.547    11.93   17.69
 -12575.655   210.819     8.81   19.04
 -12204.492   211.258     1.18   19.88
 -11833.408   207.356   -10.52   19.24
 -11462.403   200.043   -19.71   17.62
 -11091.476   192.922   -19.20   19.77
 -10720.628   182.429   -28.30   19.27
 -10349.857   172.126   -27.79   15.86
  -9979.166   162.289   -26.54   14.03
  -9608.552   151.084   -30.23   18.16
  -9238.017   135.777   -41.31   25.59
  -8867.560   120.854   -40.28   25.81
  -8497.181   111.156   -26.18   19.30
  -8126.880   111.510     0.96   17.51
  -7756.657   123.440    32.22   20.98
  -7386.512   141.438    48.62   20.51
  -7016.445   158.193    45.28   19.58
  -6646.456   176.615    49.79   21.78
  -6276.545   189.793    35.63   20.14
  -5906.712   199.896    27.32   18.33
  -5536.956   204.053    11.24   17.38
  -5167.278   202.479    -4.26   18.61
  -4797.677   194.074   -22.74   22.20
  -4428.155   170.947   -62.59   43.68
  -4058.709   130.621  -109.15   61.73
  -3689.342    87.489  -116.77   60.12
  -3320.051    44.448  -116.55   40.03
  -2950.839    18.589   -70.04   19.47
  -2581.703     7.295   -30.60   12.70
  -2212.645     0.848   -17.47    3.34
  -1843.664     0.000    -2.30    0.00
  -1474.760     0.000     0.00    0.00
  -1105.933     0.000     0.00    0.00
   -737.184     0.000     0.00    0.00
   -368.511     0.000     0.00    0.00
      0.084     0.000     0.00    0.00
    368.603     0.215     0.58    1.07
    737.044     4.798    12.44    8.47
   1105.409    12.322    20.43   11.96
   1473.697    21.396    24.64   12.09
   1841.908    28.185    18.44    6.56
   2210.042    27.287    -2.44    7.49
   2578.100    25.362    -5.23    9.41
   2946.081    25.447     0.23   10.73
   3313.985    26.186     2.01   12.12
   3681.813    30.109    10.67   12.34
   4049.565    32.695     7.03   10.92
   4417.240    33.700     2.73   10.62
   4784.838    33.146    -1.51   12.62
   5152.360    33.344     0.54   13.71
   5519.806    36.474     8.52   12.89
   5887.176    40.872    11.97   11.96
   6254.470    47.263    17.40    8.41
   6621.687    50.885     9.86    8.54
   6988.828    53.688     7.63    8.42
   7355.893    56.281     7.07    8.60
   7722.882    56.700     1.14   14.40
   8089.795    59.579     7.85   14.43
   8456.633    60.011     1.18   15.05
   8823.394    62.358     6.40   15.29
   9190.079    60.809    -4.23   20.02
   9556.689    53.642   -19.55   27.06
   9923.223    47.188   -17.61   31.08
  10289.681    41.380   -15.85   30.66
  10656.064    40.895    -1.33   29.58
  11022.371    41.023     0.35   27.05
  11388.602    45.583    12.45   26.76
  11754.758    50.309    12.90   25.99
  12120.839    49.000    -3.57   26.24
  12486.844    48.547    -1.24   28.38
  12852.774    51.851     9.03   28.55
  13218.628    50.663    -3.25   29.68
  13584.407    55.215    12.44   31.75
  13950.111    62.717    20.51   33.72
  14315.740    70.178    20.40   33.43
  14681.293    81.865    31.97   32.30
  15046.772    93.989    33.17   30.67
  15414.942   111.853    48.52   25.79
  15796.077   126.221    37.70   19.17
  16177.129   138.156    31.32   11.07
  16558.099   143.277    13.44    8.12
  16938.986   146.989     9.75    7.25
  17319.790   150.064     8.07    5.38
  17700.511   152.558     6.55    3.44
  18081.150   153.674     2.93    2.35
  18461.706   154.021     0.91    1.91
  18842.180   153.696    -0.85    1.52
  19222.571   152.271    -3.75    1.93
  19602.880   150.637    -4.30    2.27
  19983.107   148.010    -6.91    3.27
  20363.251   144.978    -7.98    3.87
  20743.313   141.206    -9.92    4.55
  21123.293   137.699    -9.23    3.89
  21503.191   134.832    -7.55    3.10
  21883.007   132.407    -6.38    2.38
  22262.740   129.823    -6.80    3.13
  22642.392   127.148    -7.05    3.45
  23021.962   123.884    -8.60    3.99
  23401.450   120.330    -9.37    3.95
  23780.856   114.926   -14.24    7.03
  24160.180   108.236   -17.64    8.88
  24539.422   100.844   -19.49    9.32
  24918.583    94.111   -17.76    5.91
  25297.663    90.347    -9.93    3.33
  25676.660    88.165    -5.76    1.91
  26055.577    87.062    -2.91    2.17
  26434.412    85.567    -3.95    2.67
  26813.165    82.979    -6.83    3.53
  27191.837    79.563    -9.02    4.17
  27570.428    76.628    -7.75    3.54
  27948.937    74.851    -4.69    2.44
  28327.366    74.223    -1.66    2.02
  28705.713    73.978    -0.65    2.62
  29083.979    73.292    -1.81    3.13
  29462.164    71.923    -3.62    3.40
  29840.268    70.173    -4.63    2.63
  30218.291    69.067    -2.93    1.48
  30596.233    68.448    -1.64    0.69
  30974.095    68.330    -0.31    0.50
  31351.875    68.809     1.27    1.31
  31729.575    69.409     1.59    1.49
  32107.194    69.789     1.01    1.32
  32484.733    69.897     0.28    1.25
  32862.191    69.263    -1.68    1.18
  33239.568    68.400    -2.29    1.05
  33616.865    67.611    -2.09    1.20
  33994.082    66.624    -2.62    1.46
  34371.218    65.547    -2.85    1.70
  34748.274    64.242    -3.46    1.76
  35125.249    62.905    -3.55    1.58
  35502.144    61.837    -2.83    1.29
  35878.960    60.885    -2.53    0.94
  36255.695    60.297    -1.56    0.72
  36632.350    59.917    -1.01    0.52
  37008.925    59.652    -0.70    0.64
  37385.420    59.468    -0.49    0.83
  37761.835    59.663     0.52    1.04
  38138.170    60.032     0.98    1.22
  38514.425    60.717     1.82    1.31
  38890.601    61.663     2.51    1.18
  39266.696    62.398     1.95    1.19
  39642.713    63.191     2.11    0.91
  40018.649    63.851     1.75    0.67
  40394.506    64.478     1.67    0.69
  40770.284    65.021     1.45    0.88
  41145.982    65.828     2.15    1.02
  41521.600    66.553     1.93    0.97
  41897.139    67.170     1.64    0.89
  42272.599    67.500     0.88    0.91
  42647.980    67.809     0.82    0.85
  43023.281    68.096     0.77    0.82
  43398.503    68.333     0.63    0.77
  43773.646    68.500     0.44    0.74
  44148.710    68.699     0.53    0.79
  44523.695    68.926     0.61    0.78
  44898.601    69.286     0.96    0.69
  45273.429    69.716     1.15    0.63
  45648.177    70.185     1.25    0.65
  46022.846    70.716     1.42    0.77
  46397.437    71.278     1.50    0.78
  46771.948    71.771     1.32    0.84
  47146.382    72.202     1.15    1.00
  47520.736    72.032    -0.45    1.20
  47895.012    71.586    -1.19    1.21
  48269.210    70.968    -1.65    1.26
  48643.328    70.409    -1.49    1.07
  49017.369    69.979    -1.15    0.99
  49391.331    69.600    -1.01    0.82
  49765.215    69.330    -0.72    0.58
  50139.020    69.033    -0.79    0.50
  50512.748    68.574    -1.23    0.66
  50886.397    68.144    -1.15    0.87
  51259.967    67.484    -1.77    0.95
  51633.460    66.868    -1.65    0.96
  52006.875    65.989    -2.35    1.08
  52380.212    65.255    -1.97    1.09
  52753.471    64.570    -1.84    0.71
  53126.651    64.284    -0.77    0.48
  53499.754    64.033    -0.67    0.51
  53872.780    63.821    -0.57    0.56
  54245.727    63.828     0.02    0.64
  54618.597    64.011     0.49    0.91
  54991.389    64.725     1.92    1.18
  55364.103    65.266     1.45    1.03
  55736.740    65.625     0.96    0.83
  56109.300    65.688     0.17    0.77
  56481.782    65.011    -1.82    1.24
  56854.186    64.170    -2.26    1.49
  57226.513    63.667    -1.35    1.51
  57598.763    63.726     0.16    1.45
  57970.936    64.033     0.82    1.62
  58343.031    64.404     1.00    1.60
  58715.049    64.787     1.03    1.39
  59086.990    64.713    -0.20    1.24
  59458.854    64.207    -1.36    1.37
  59830.641    63.484    -1.94    1.47
  60202.350    62.817    -1.79    1.16
  60573.983    62.495    -0.87    1.00
  60945.539    62.840     0.93    1.45
  61317.018    63.418     1.55    1.63
  61688.421    64.160     2.00    1.77
  62059.746    65.079     2.48    1.89
  62430.995    66.196     3.01    1.74
  62802.167    67.124     2.50    1.51
  63173.263    67.779     1.77    1.25
  63544.282    68.099     0.86    1.22
  63915.224    68.277     0.48    1.18
  64286.090    68.402     0.34    1.11
  64656.880    68.537     0.36    0.86
  65027.593    68.628     0.24    0.85
  65398.230    68.667     0.11    0.77
  65768.790    68.691     0.07    0.55
  66139.275    68.517    -0.47    0.66
  66509.683    68.105    -1.11    1.01
  66880.015    67.505    -1.62    1.56
  67250.271    67.301    -0.55    2.30
  67620.450    67.697     1.07    2.99
  67990.554    68.882     3.20    3.44
  68360.582    70.477     4.31    3.27
  68730.534    72.223     4.72    2.20
  69100.410    73.444     3.30    1.63
  69470.210    74.234     2.14    1.45
  69839.934    74.828     1.61    1.18
  70209.583    75.108     0.76    0.90
  70579.156    75.128     0.05    0.75
  70948.654    74.978    -0.40    0.91
  71318.075    74.862    -0.31    1.18
  71687.421    74.923     0.17    1.42
  72056.692    75.319     1.07    1.59
  72425.887    76.046     1.97    1.62
  72795.007    77.172     3.05    1.41
  73164.052    78.264     2.96    1.07
  73533.021    79.138     2.37    1.07
  73901.915    79.956     2.22    1.06
  74270.733    81.000     2.83    1.16
  74639.477    81.935     2.54    1.20
  75008.145    83.261     3.59    1.59
  75376.738    85.160     5.15    2.96
  75745.257    87.543     6.47    3.44
  76113.700    89.902     6.40    3.22
  76482.068    92.124     6.03    1.89
  76850.361    93.140     2.76    1.37
  77218.580    94.012     2.37    1.43
  77586.723    95.398     3.77    2.22
  77954.792    97.484     5.67    3.02
  78322.786   101.266    10.28    4.72
  78690.706   105.043    10.27    5.30
  79058.551   109.402    11.85    4.35
  79426.321   112.138     7.44    2.71
  79794.017   113.804     4.53    2.68
  80161.638   116.304     6.80    5.41
  80529.184   121.124    13.11    8.21
  80896.657   127.372    17.00    8.95
  81264.055   134.230    18.66    5.64
  81631.378   138.745    12.29    4.37
  81998.627   142.187     9.37    3.51
  82365.803   145.226     8.28    3.43
  82732.903   148.183     8.05    3.75
  83099.930   152.033    10.49    4.75
  83466.883   155.874    10.47    5.36
  83833.761   160.407    12.35    5.18
  84200.566   164.559    11.32    5.14
  84567.297   168.841    11.67    5.13
  84933.953   173.753    13.40    5.80
  85300.536   178.483    12.90    5.34
  85667.045   182.742    11.62    4.53
  86033.480   186.152     9.31    3.72
  86399.842   189.076     7.98    3.18
  86766.129   191.739     7.27    3.09
  87132.343   194.614     7.85    3.42
  87498.484   197.830     8.78    4.31
  87864.551   201.122     8.99    4.09
  88230.544   203.200     5.68    2.96
  88596.464   204.170     2.65    2.10
  88962.310   203.280    -2.43    2.59
  89328.083   202.088    -3.26    2.14
  89693.783   200.915    -3.21    1.22
  90059.409   200.359    -1.52    0.88
  90438.831   199.936    -1.11    1.06
  90819.721   198.194    -4.57    3.96
  91200.530   193.120   -13.32    9.03
  91581.258   185.935   -18.87   11.78
  91961.905   179.880   -15.91    9.07
  92342.472   177.032    -7.48    5.03
  92722.959   177.237     0.54    3.75
  93103.365   179.066     4.81    1.97
  93483.691   179.011    -0.15    1.47
  93863.937   179.088     0.20    1.08
  94244.102   179.383     0.78    1.15
  94624.187   179.656     0.72    1.32
  95004.192   179.660     0.01    1.46
  95384.117   179.591    -0.18    1.51
  95763.962   179.404    -0.49    1.38
  96143.727   179.207    -0.52    1.22
  96523.412   179.000    -0.54    1.22
  96903.017   178.851    -0.39    1.19
  97282.542   178.774    -0.20    0.99
  97661.988   178.807     0.09    0.81
  98041.353   178.957     0.40    0.82
  98420.639   179.114     0.41    0.86
  98799.846   179.204     0.24    0.79
  99178.973   179.391     0.49    0.83
  99558.020   179.505     0.30    0.97
  99936.988   179.701     0.52    1.13
 100315.876   179.828     0.33    1.27
 100694.685   180.068     0.63    1.43
 101073.414   180.312     0.64    1.68
 101452.064   180.727     1.10    1.87
 101830.635   181.269     1.43    2.12
 102209.127   181.753     1.28    2.23
 102587.540   182.441     1.82    2.22
 102965.873   183.091     1.72    2.42
 103344.128   183.699     1.61    2.82
 103722.303   184.348     1.72    3.21
 104100.400   185.120     2.04    3.66
 104478.417   185.889     2.03    4.24
 104856.356   186.587     1.85    4.36
 105234.216   187.144     1.48    4.71
 105611.997   187.543     1.06    4.61
 105989.700   187.756     0.56    4.52
 106367.324   187.435    -0.85    4.12
 106744.869   186.967    -1.24    3.84
 107122.335   186.185    -2.07    3.63
 107499.723   185.233    -2.52    3.37
 107877.033   184.000    -3.27    2.86
 108254.264   182.589    -3.74    2.29
 108631.417   181.228    -3.61    2.16
 109008.492   179.644    -4.20    1.81
 109385.488   178.441    -3.19    1.39
 109762.406   177.533    -2.41    0.72
 110139.246   177.734     0.53    1.64
 110516.007   179.856     5.63    5.02
 110892.691   184.301    11.80    8.34
 111269.297   190.582    16.68    9.48
 111645.824   197.011    17.07    9.51
 112022.274   202.582    14.80    7.93
 112398.646   206.809    11.23    7.74
 112774.940   211.791    13.24    7.86
 113151.156   216.830    13.39    8.24
 113527.294   223.923    18.86    7.94
 113903.355   230.000    16.16    8.89
 114279.338   237.378    19.62   10.12
 114655.243   244.315    18.45   12.50
 115031.071   254.045    25.89   14.24
 115406.821   262.424    22.30   14.91
 115782.494   271.540    24.26   11.37
 116158.090   277.946    17.05    9.55
 116533.608   283.105    13.74    6.13
 116909.048   286.293     8.49    5.17
 117284.412   288.756     6.56    4.45
 117659.698   290.174     3.78    4.40
 118034.907   290.907     1.95    4.22
 118410.039   290.424    -1.29    4.19
 118785.094   290.081    -0.91    6.08
 119160.072   290.935     2.28   12.20
 119534.973   293.314     6.34   18.23
 119909.797   292.129    -3.16   19.00
 120284.544   289.920    -5.90   17.66
 120659.214   292.968     8.13   15.58
 121033.807   300.761    20.80   19.44
 121408.324   317.989    46.00   25.45
 121782.763   325.303    19.53   29.56
 122157.127   329.043     9.99   31.93
 122531.413   335.578    17.46   33.43
 122905.623   346.500    29.18   36.34
 123279.757   364.422    47.90   38.00
 123653.814   389.398    66.76   29.54
 124027.794   406.978    47.00   21.16
 124401.698   414.043    18.89   20.45
 124775.526   406.194   -21.00   32.14
 125149.278   398.511   -20.55   36.18
 125522.953   398.152    -0.96   37.75
 125896.552   411.380    35.40   41.29
 126270.075   434.641    62.27   38.32
 126643.522   455.112    54.81   30.66
 127016.893   471.121    42.87   23.38
 127390.187   485.159    37.60   10.01
 127763.406   489.957    12.85    6.19
 128136.549   493.455     9.37    4.88
 128509.616   494.620     3.12    4.49
 128882.607   496.157     4.12    3.50
 129255.522   495.674    -1.30    4.62
 129628.362   491.598   -10.93    9.75
 130001.126   484.554   -18.89   15.56
 130373.814   476.200   -22.41   21.16
 130746.427   471.196   -13.43   25.03
 131118.964   463.919   -19.53   27.84
 131491.425   454.772   -24.56   31.49
 131863.812   446.558   -22.05   37.12
 132236.122   419.560   -72.51   64.98
 132608.358   386.227   -89.54   75.42
 132980.517   347.593  -103.80   68.15
 133352.602   325.069   -60.53   48.43
 133724.612   335.239    27.34   54.08
 134096.546   362.705    73.84   61.38
 134468.405   414.419   139.06   59.32
 134840.189   454.568   107.98   43.86
 135211.898   479.088    65.96   26.41
 135583.532   487.756    23.32   16.70
 135955.091   487.785     0.08   20.45
 136326.575   482.456   -14.34   32.75
 136697.984   476.032   -17.29   42.58
 137069.318   472.478    -9.57   44.85
 137440.578   473.811     3.59   43.30
 137811.762   472.924    -2.39   42.64
 138182.872   475.862     7.92   39.06
 138553.908   474.989    -2.35   39.98
 138924.869   474.640    -0.94   40.05
 139295.755   476.946     6.22   37.01
 139666.567   478.035     2.94   33.98
 140037.304   479.989     5.27   29.52
 140407.967   483.144     8.51   27.55
 140778.555   485.330     5.90   26.00
 141149.069   488.736     9.19   26.48
 141519.509   493.429    12.67   25.43
 141889.874   497.989    12.31   24.28
 142260.166   502.044    10.95   25.80
 142630.383   509.967    21.40   22.90
 143000.526   520.281    27.86   21.40
 143370.595   529.446    24.76   23.08
 143740.589   536.978    20.35   23.04
 144110.510   544.457    20.22   22.88
 144480.357   550.736    16.98   26.05
 144850.130   559.892    24.76   32.03
 145219.829   574.628    39.85   42.74
 145589.455   596.033    57.90   51.81
 145959.006   624.337    76.58   63.65
 146328.484   655.087    83.22   64.49
 146697.888   686.667    85.48   65.71
 147067.219   721.725    94.91   62.82
 147436.476   732.624    29.51   52.32
 147805.659   710.344   -60.34   74.35
 148174.769   668.275  -113.96   87.15
 148543.805   611.977  -152.54   64.03
 148912.768   579.129   -89.02   34.29
 149281.658   564.886   -38.61   12.44
 149650.474   563.789    -2.98    7.62
 150019.217   564.500     1.93    5.94
 150387.887   565.109     1.65    6.34
 150756.483   564.756    -0.96    7.97
 151125.007   564.637    -0.32    9.46
 151493.457   566.023     3.76   11.46
 151861.834   568.098     5.63   12.93
 152230.138   571.172     8.35   13.55
 152598.369   572.674     4.08   14.08
 152966.527   575.744     8.34   13.79
 153334.613   577.636     5.14   13.15
 153702.625   580.099     6.69   13.01
 154070.565   581.092     2.70   12.84
 154438.432   582.835     4.74   13.19
 154806.226   584.741     5.18   14.05
 155173.947   587.402     7.24   14.47
 155541.596   590.859     9.40   15.18
 155909.172   595.111    11.57   14.75
 156276.676   598.023     7.92   14.51
 156644.107   599.315     3.52   13.09
 157011.465   600.557     3.38   11.74
 157378.751   599.593    -2.62   11.36
 157745.965   599.389    -0.56   11.66
 158113.107   600.813     3.88   12.35
 158480.176   606.505    15.51   13.71
 158847.173   616.511    27.26   16.43
 159214.097   631.109    39.78   17.97
 159580.950   647.107    43.60   17.61
 159947.730   662.452    41.83   18.22
 160314.438   676.989    39.64   15.27
 160681.074   687.220    27.90   10.56
 161047.639   693.148    16.17    7.80
 161414.131   698.933    15.78    6.73
 161780.551   703.822    13.34    6.67
 162146.899   707.774    10.79    5.32
 162513.176   708.300     1.44    5.79
 162879.381   700.562   -21.13   23.07
 163245.514   694.293   -17.12   26.76
 163611.575   692.128    -5.92   28.50
 163977.565   714.308    60.59   42.98
 164343.483   764.652   137.57   84.12
 164709.329   867.912   282.22  152.37
 165084.594   958.420   241.16  151.35
 165465.323  1023.870   171.88  104.81
 165845.973  1039.724    41.65   97.21
 166226.544  1005.934   -88.78  113.30
 166607.037   993.395   -32.95  118.98
 166987.452   987.778   -14.77  125.95
 167367.788  1002.682    39.18  139.67
 167748.046  1025.427    59.81  139.04
 168128.226  1060.536    92.34  152.09
 168508.327  1086.300    67.77  152.50
 168888.351  1105.741    51.15  159.69
 169268.296  1125.923    53.11  160.08
 169648.164  1137.581    30.69  163.74
 170027.953  1140.250     7.03  166.51
 170407.664  1109.402   -81.23  155.67
 170787.298  1057.538  -136.60  121.09
 171166.853  1031.933   -67.45   81.20
 171546.331  1027.267   -12.29   72.83
 171925.731  1067.582   106.25   98.88
 172305.054  1129.078   162.10  124.07
 172684.298  1163.430    90.57  125.64
 173063.465  1208.022   117.59   97.75
 173442.555  1238.923    81.50  112.53
 173821.567  1261.300    59.03  139.85
 174200.501  1276.022    38.85  159.97
 174579.359  1249.420   -70.21  175.35
 174958.138  1167.300  -216.77  146.75
 175336.841  1130.652   -96.76   98.75
 175715.466  1151.833    55.94  109.84
 176094.014  1215.308   167.66  131.68
 176472.484  1321.133   279.58  131.86
 176850.878  1410.355   235.76  135.51
 177229.194  1479.811   183.57  121.75
 177607.434  1504.835    66.15  126.03
 177985.596  1479.451   -67.12  151.51
 178363.681  1420.517  -155.85  145.41
 178741.690  1397.956   -59.68  101.43
 179119.621  1413.736    41.75  103.91
 179497.476  1469.231   146.85  124.49
 179875.254  1514.494   119.80  127.28
 180252.955  1568.911   144.05  134.29
 180630.580  1605.447    96.74  126.35
 181008.128  1673.775   180.95  141.89
 181385.599  1727.282   141.73  129.00
 181762.994  1745.000    46.94  116.84
 182140.313  1752.012    18.58  115.60
 182517.554  1728.868   -61.34  130.98
 182894.720  1710.256   -49.34  141.12
 183271.809  1717.670    19.66  141.65
 183648.822  1709.238   -22.36  132.01
 184025.758  1694.462   -39.20   97.08
 184402.619  1677.686   -44.51   81.09
 184779.403  1615.272  -165.63  100.31
 185156.111  1538.465  -203.86   93.92
 185532.743  1473.783  -171.72   82.18
 185909.299  1432.333  -110.06   77.98
 186285.779  1457.264    66.21  116.29
 186662.183  1514.810   152.86  154.14
 187038.511  1540.242    67.57  166.44
 187414.763  1578.905   102.74  159.31
 187790.939  1602.169    61.83  143.61
 188167.040  1573.036   -77.45  136.42
 188543.065  1550.978   -58.65  147.95
 188919.014  1539.036   -31.76  147.29
 189294.887  1567.393    75.43  146.96
 189670.685  1593.012    68.16  133.53
 190046.408  1587.456   -14.79  142.27
 190422.055  1536.238  -136.33  159.27
 190797.626  1518.516   -47.18  151.92
 191173.122  1528.616    26.89  150.97
 191548.543  1571.739   114.85  129.35
 191923.889  1587.198    41.18  103.65
 192299.159  1525.326  -164.85  134.29
 192674.354  1425.405  -266.28  164.82
 193049.474  1259.615  -441.90  219.10
 193424.518  1075.106  -491.90  219.21
 193799.488   907.478  -446.98  189.99
 194174.382   775.812  -351.16  100.11
 194549.202   717.944  -154.37   39.34
 194923.946   698.500   -51.88   10.95
 195298.616   722.292    63.49   64.48
 195673.210   784.791   166.82  133.23
 196047.730   909.722   333.53  211.66
 196422.176  1025.965   310.40  205.68
 196796.546  1121.681   255.64  158.82
 197170.842  1162.432   108.86  133.80
 197545.063  1165.022     6.92  155.69
 197919.209  1154.382   -28.43  196.93
 198293.281  1132.022   -59.76  214.62
 198667.278  1104.045   -74.80  227.26
 199041.201  1073.278   -82.27  223.15
 199415.050  1026.874  -124.11  199.08
 199788.824   989.101  -101.04  163.48
 200162.524   951.356  -100.99  126.01
 200536.149   936.111   -40.80  116.74
 200909.700   943.591    20.02  136.03
 201283.177   942.865    -1.94  154.76
 201656.580   954.375    30.82  166.98
 202029.909   942.596   -31.55  167.61
 202403.164   938.591   -10.73  161.85
 202776.344   906.966   -84.73  141.74
 203149.451   895.854   -29.78  132.62
 203522.484   869.432   -70.82  114.57
 203895.443   852.773   -44.66   96.89
 204268.328   835.276   -46.92   74.29
 204641.139   823.663   -31.14   49.07
 205013.876   818.529   -13.77   30.85
 205386.540   817.678    -2.28   20.91
 205759.130   817.443    -0.63   12.63
 206131.646   820.556     8.35   13.16
 206504.089   827.000    17.30   14.73
 206876.458   829.945     7.91   13.05
 207248.754   836.659    18.03   15.11
 207620.976   849.396    34.21   26.74
 207993.125   871.464    59.29   42.29
 208365.200   908.764   100.23   62.78
 208737.202   951.940   116.05   75.34
 209109.131   997.944   123.67   80.32
 209480.986  1053.711   149.95  103.80
 209852.769  1125.022   191.78  125.89
 210224.478  1180.000   147.88  117.16
 210596.114  1209.516    79.41   92.95
 210967.677  1242.276    88.15   81.76
 211339.167  1276.067    90.95   96.00
 211710.584  1336.148   161.73  119.95
 212081.928  1409.900   198.58  124.83
 212453.199  1465.500   149.73  126.40
 212824.397  1543.281   209.51  136.08
 213195.522  1606.125   169.31  137.49
 213566.575  1642.124    97.00  123.16
 213937.555  1638.844    -8.84  122.01
 214308.462  1627.833   -29.68  121.42
 214679.296  1637.889    27.11  125.60
 215050.058  1666.161    76.24  131.23
 215420.748  1710.356   119.20  118.27
 215791.365  1704.384   -16.11   93.81
 216161.909  1676.753   -74.56   96.48
 216532.381  1641.000   -96.49  101.50
 216902.780  1572.551  -184.77   97.49
 217273.107  1514.939  -155.54   88.58
 217643.362  1502.600   -33.32   95.74
 218013.545  1509.000    17.29  112.34
 218383.655  1571.769   169.57  135.51
 218753.693  1633.140   165.82  113.31
 219123.659  1619.494   -36.88  112.54
 219493.553  1576.295  -116.77  129.48
 219863.375  1511.045  -176.41  120.78
 220233.125  1497.126   -37.64  134.07
 220602.802  1519.236    59.80  150.63
 220972.408  1507.422   -31.96  147.23
 221341.942  1455.966  -139.22  154.18
 221711.404  1385.674  -190.22  141.96
 222080.795  1321.391  -174.00   97.06
 222450.113  1305.733   -42.39   64.61
 222819.360  1315.244    25.75   61.45
 223188.535  1356.629   112.08   72.49
 223557.639  1410.134   144.93   66.90
 223926.670  1450.795   110.17   65.42
 224295.631  1491.646   110.70   81.30
 224664.520  1518.156    71.85   92.12
 225033.337  1549.365    84.61  104.12
 225402.083  1569.764    55.31  103.55
 225770.757  1602.977    90.07  107.51
 226139.360  1633.876    83.81  108.69
 226507.892  1679.716   124.36  111.68
 226876.353  1745.045   177.27  119.79
 227244.742  1817.921   197.79  122.54
 227613.060  1936.596   322.15  137.70
 227981.307  2044.222   292.22  146.47
 228349.483  2104.287   163.11  120.41
 228717.588  2096.500   -21.15  139.00
 229085.621  2037.884  -159.24  161.29
 229453.584  1972.080  -178.80  130.49
 229821.476  1959.393   -34.48  142.77
 230189.297  1986.056    72.48  138.15
 230557.047  1999.447    36.41  117.58
 230924.726  1924.876  -202.78  184.09
 231292.334  1785.460  -379.19  213.57
 231659.872  1626.011  -433.75  180.83
 232027.339  1532.178  -255.31  112.90
 232394.735  1538.640    17.59  112.21
 232762.061  1612.000   199.68  150.38
 233129.316  1712.483   273.56  115.34
 233496.501  1737.169    67.22   87.38
 233863.615  1702.839   -93.50  114.60
 234230.658  1608.637  -256.60  141.98
 234597.632  1532.381  -207.76  108.76
 234964.534  1534.045     4.54  118.88
 235331.367  1567.735    91.82  143.81
 235698.129  1674.270   290.42  159.33
 236064.821  1752.407   213.05  137.18
 236431.443  1783.352    84.39  118.89
 236797.994  1777.909   -14.85  118.21
 237164.476  1741.068  -100.51  119.76
 237530.887  1672.862  -186.11  106.51
 237897.228  1626.174  -127.42   86.84
 238263.499  1609.420   -45.73   58.56
 238629.701  1629.291    54.25   64.29
 238995.832  1671.371   114.91   80.18
 239361.893  1719.786   132.24   73.60
 239733.345  1764.120   119.33   65.54
 240113.912  1797.488    87.67   60.75
 240494.403  1819.511    57.87   90.30
 240874.818  1819.181    -0.87  118.29
 241255.156  1786.182   -86.75  134.92
 241635.418  1724.643  -161.80  127.65
 242015.604  1661.212  -166.81  111.40
 242395.714  1587.934  -192.74  110.64
 242775.747  1528.229  -157.08  108.76
 243155.704  1450.831  -203.66   99.39
 243535.586  1399.692  -134.59   77.74
