-274490.722   198.444     0.00    1.36
-274115.293   198.238    -0.55    0.86
-273739.806   198.459     0.59    1.00
-273364.260   198.795     0.89    1.08
-272988.656   199.311     1.37    0.96
-272612.994   199.822     1.36    0.84
-272237.273   200.082     0.69    0.88
-271861.493   200.365     0.75    0.88
-271485.655   200.569     0.54    0.92
-271109.758   200.635     0.17    0.85
-270733.803   200.803     0.45    0.79
-270357.789   201.013     0.56    0.89
-269981.716   201.059     0.12    0.99
-269605.585   201.307     0.66    1.05
-269229.395   201.571     0.70    1.02
-268853.146   201.644     0.19    0.86
-268476.839   201.986     0.91    0.83
-268100.472   202.297     0.83    0.84
-267724.047   202.630     0.88    0.89
-267347.563   203.301     1.78    1.46
-266971.021   204.365     2.82    2.16
-266594.419   205.644     3.40    2.29
-266217.758   208.014     6.29    3.17
-265841.038   210.042     5.38    3.38
-265464.260   211.707     4.42    3.21
-265087.422   213.391     4.47    2.38
-264710.525   214.622     3.26    2.18
-264333.569   215.400     2.06    1.85
-263956.555   216.740     3.55    2.27
-263579.480   218.472     4.59    3.03
-263202.347   220.270     4.77    3.40
-262825.155   222.493     5.89    2.89
-262447.903   224.123     4.32    2.92
-262070.592   226.554     6.44    3.84
-261693.222   230.000     9.13    4.86
-261315.793   233.920    10.38    5.52
-260938.304   237.438     9.32    4.36
-260560.756   238.827     3.68    3.43
-260183.148   239.250     1.12    3.16
-259805.481   239.699     1.19    3.45
-259427.754   240.863     3.08    3.56
-259049.969   242.360     3.96    2.89
-258672.123   242.822     1.22    2.01
-258294.218   242.315    -1.34    1.45
-257916.254   242.356     0.11    1.12
-257538.229   242.568     0.56    1.06
-257160.146   242.987     1.11    1.77
-256782.002   243.417     1.14    2.29
-256403.799   243.534     0.31    2.48
-256025.536   243.847     0.83    2.61
-255647.214   243.268    -1.53    1.90
-255268.831   242.486    -2.06    1.50
-254890.389   242.120    -0.97    1.47
-254511.887   241.932    -0.50    1.34
-254133.325   242.041     0.29    1.27
-253754.704   242.608     1.50    1.24
-253376.022   243.622     2.68    1.92
-252997.281   245.553     5.10    2.95
-252618.479   247.806     5.95    2.92
-252239.618   249.722     5.06    2.26
-251860.696   250.611     2.35    1.67
-251481.714   250.958     0.92    1.57
-251102.673   252.000     2.75    1.89
-250723.571   253.827     4.82    2.74
-250344.409   255.824     5.27    3.22
-249965.187   257.892     5.45    3.35
-249585.904   260.486     6.84    3.10
-249207.557   262.595     5.57    3.45
-248839.827   264.827     6.07    3.13
-248472.040   266.635     4.92    3.44
-248104.197   269.480     7.73    3.80
-247736.298   271.808     6.33    4.29
-247368.343   275.068     8.86    5.02
-247000.331   278.055     8.12    4.61
-246632.263   282.270    11.45    5.13
-246264.138   285.685     9.27    5.07
-245895.957   289.324     9.88    4.87
-245527.720   292.384     8.31    4.49
-245159.426   295.067     7.28    3.78
-244791.076   296.904     4.99    3.96
-244422.669   300.987    11.08    5.29
-244054.205   305.056    11.04    6.66
-243685.686   310.918    15.90    9.32
-243317.109   321.083    27.57   16.02
-242948.476   336.808    42.65   20.94
-242579.786   352.500    42.55   22.63
-242211.040   373.945    58.14   22.92
-241842.236   391.164    46.68   22.56
-241473.377   407.959    45.52   17.51
-241104.460   419.233    30.55   10.81
-240735.487   427.986    23.72    8.45
-240366.456   434.699    18.18    8.01
-239997.369   442.548    21.26    8.72
-239628.225   450.438    21.37    9.81
-239259.025   460.575    27.45   11.09
-238889.767   468.658    21.88   10.25
-238520.452   476.740    21.88    7.08
-238151.081   480.767    10.90    3.90
-237781.652   483.616     7.71    2.69
-237412.166   485.310     4.58    2.39
-237042.624   487.192     5.09    2.34
-236673.024   489.423     6.03    3.49
-236303.367   492.808     9.16    4.45
-235933.653   496.521    10.04    5.10
-235563.882   501.068    12.30    5.12
-235194.053   505.417    11.75    5.70
-234824.168   511.247    15.76    7.13
-234454.225   517.577    17.11    7.63
-234084.225   523.689    16.51    6.56
-233714.168   528.229    12.26    3.78
-233344.053   530.851     7.08    2.43
-232973.881   532.414     4.22    2.24
-232603.651   533.919     4.06    2.56
-232233.365   535.206     3.47    2.67
-231863.020   537.243     5.50    4.17
-231492.619   541.015    10.18    6.99
-231122.160   547.453    17.38   10.67
-230751.643   555.794    22.51   12.10
-230381.069   566.487    28.85   14.25
-230010.437   577.294    29.15   12.57
-229639.747   586.408    24.58   10.87
-229269.000   593.176    18.25    7.14
-228898.196   596.627     9.30    4.58
-228527.333   598.282     4.46    3.39
-228156.413   599.693     3.81    4.04
-227785.436   601.634     5.23    4.00
-227414.400   604.467     7.63    4.20
-227043.307   608.603    11.14    6.76
-226672.156   613.440    13.03    7.94
-226300.947   617.472    10.86    6.13
-225929.680   617.118    -0.95    7.28
-225558.355   612.319   -12.92   10.27
-225186.972   606.237   -16.38    9.62
-224815.532   601.041   -13.99    6.22
-224444.033   599.895    -3.08    4.85
-224072.477   602.203     6.21    5.27
-223700.862   605.173     7.99    5.36
-223329.189   608.514     8.99    4.99
-222957.458   609.068     1.49    4.25
-222585.670   608.384    -1.84    4.80
-222213.822   607.288    -2.95    5.50
-221841.917   604.293    -8.05    6.08
-221469.954   602.329    -5.28    5.88
-221097.932   601.267    -2.85    6.29
-220725.852   601.521     0.68    6.26
-220353.714   601.797     0.74    5.30
-219981.517   600.466    -3.58    4.16
-219609.262   600.356    -0.29    2.83
-219236.949   599.288    -2.87    3.62
-218864.578   597.027    -6.07    4.75
-218492.147   595.859    -3.14    4.71
-218119.659   596.149     0.78    7.17
-217747.112   598.478     6.25    9.80
-217374.506   601.933     9.27   10.86
-217001.842   607.229    14.21   12.00
-216629.120   614.880    20.52   11.60
-216256.338   622.700    20.97   10.17
-215883.498   631.227    22.87   10.78
-215510.600   639.886    23.22    9.34
-215137.643   646.608    18.02    8.94
-214764.627   652.380    15.47    6.66
-214391.552   654.986     6.98    7.00
-214018.419   656.836     4.95    9.12
-213645.227   657.459     1.67   10.78
-213271.976   659.189     4.63   11.58
-212898.666   660.973     4.78   11.06
-212525.297   661.878     2.42   10.19
-212151.869   663.027     3.08    8.68
-211778.383   663.507     1.28    8.31
-211404.837   663.507     0.00    8.48
-211031.232   662.293    -3.25    9.18
-210657.569   661.838    -1.22    9.20
-210283.846   660.895    -2.52    8.16
-209910.065   659.806    -2.91    6.93
-209536.224   658.487    -3.53    5.75
-209162.324   655.378    -8.31    7.08
-208788.365   648.053   -19.59   12.52
-208414.346   634.417   -36.45   17.59
-208040.269   620.581   -36.98   18.53
-207666.132   611.861   -23.30   14.22
-207291.936   611.760    -0.27   12.76
-206917.680   613.792     5.43   12.18
-206543.366   613.973     0.49   11.48
-206168.992   606.671   -19.50   12.78
-205794.558   599.579   -18.94   12.58
-205420.065   592.000   -20.23   12.55
-205045.513   587.162   -12.91   13.53
-204670.901   581.315   -15.61   13.31
-204296.230   575.568   -15.34   15.18
-203921.499   564.824   -28.66   15.91
-203546.708   556.411   -22.44   14.55
-203171.858   546.507   -26.42   12.21
-202796.949   538.736   -20.72   15.73
-202421.979   527.438   -30.12   22.79
-202046.950   511.803   -41.68   24.32
-201671.861   495.040   -44.68   24.05
-201296.713   481.914   -34.98   19.92
-200921.505   472.067   -26.24   18.96
-200546.237   463.279   -23.41   15.85
-200170.909   455.320   -21.20   15.32
-199795.521   447.775   -20.10   12.55
-199420.073   442.434   -14.22   10.98
-199044.566   437.603   -12.86    8.44
-198668.998   433.893    -9.88    6.82
-198293.371   431.054    -7.56    5.73
-197917.683   428.081    -7.91    5.11
-197541.936   425.486    -6.90    4.34
-197166.128   423.311    -5.79    3.77
-196790.261   421.329    -5.27    3.07
-196414.333   419.764    -4.16    2.65
-196038.345   418.494    -3.38    2.31
-195662.297   417.915    -1.54    2.22
-195286.188   417.973     0.15    2.73
-194910.020   418.125     0.40    3.75
-194533.791   418.693     1.51    3.32
-194157.502   418.639    -0.14    2.96
-193781.152   418.413    -0.60    2.65
-193404.742   417.288    -2.99    2.54
-193028.272   415.608    -4.46    3.49
-192651.741   413.514    -5.56    3.73
-192275.150   412.081    -3.80    3.72
-191898.499   410.419    -4.41    2.78
-191521.787   409.630    -2.09    1.78
-191145.014   409.164    -1.24    1.00
-190768.181   409.000    -0.44    0.00
-190391.287   409.000     0.00    0.00
-190014.333   409.000     0.00    0.00
-189637.318   409.000     0.00    0.00
-189260.242   409.000     0.00    0.00
-188883.105   409.000     0.00    0.00
-188505.908   409.000     0.00    0.00
-188128.650   409.000     0.00    0.00
-187751.331   409.000     0.00    0.00
-187373.952   409.000     0.00    0.00
-186996.511   409.000     0.00    0.00
-186619.010   409.000     0.00    0.00
-186241.447   409.000     0.00    0.00
-185863.824   409.000     0.00    0.00
-185486.140   409.000     0.00    0.00
-185108.395   409.000     0.00    0.00
-184730.588   409.000     0.00    0.00
-184352.721   409.000     0.00    0.00
-183974.792   409.000     0.00    0.00
-183596.803   409.000     0.00    0.00
-183218.752   409.000     0.00    0.00
-182840.640   409.000     0.00    0.00
-182462.467   409.000     0.00    0.00
-182084.232   409.000     0.00    0.00
-181705.937   409.000     0.00    0.00
-181327.579   409.000     0.00    0.00
-180949.161   409.014     0.04    0.12
-180570.681   409.013    -0.00    0.12
-180192.140   409.014     0.00    0.12
-179813.537   409.053     0.10    0.36
-179434.873   409.000    -0.14    0.00
-179056.148   409.053     0.14    0.46
-178677.360   409.000    -0.14    0.00
-178298.512   409.000     0.00    0.00
-177919.601   409.342     0.90    1.08
-177540.629   410.986     4.34    3.51
-177161.596   413.961     7.85    5.00
-176782.501   416.973     7.94    4.63
-176403.344   419.862     7.62    3.12
-176024.125   421.153     3.40    2.35
-175644.844   420.658    -1.30    2.58
-175265.502   420.137    -1.37    2.96
-174886.098   419.442    -1.83    2.58
-174506.632   419.851     1.08    2.49
-174137.103   420.658     2.18    2.19
-173769.494   421.413     2.05    1.77
-173401.828   421.500     0.24    1.70
-173034.103   421.342    -0.43    1.68
-172666.321   421.493     0.41    1.68
-172298.481   422.027     1.45    1.81
-171930.583   422.575     1.49    1.86
-171562.628   423.260     1.86    1.90
-171194.615   423.932     1.82    1.64
-170826.544   424.658     1.97    1.73
-170458.415   426.039     3.75    2.60
-170090.228   428.270     6.06    3.29
-169721.983   430.909     7.16    3.77
-169353.680   434.041     8.50    3.92
-168985.319   436.397     6.40    3.68
-168616.901   438.041     4.46    3.04
-168248.424   439.078     2.81    2.52
-167879.889   439.833     2.05    2.10
-167511.296   440.390     1.51    1.87
-167142.645   441.329     2.55    1.62
-166773.936   442.052     1.96    1.75
-166405.168   443.000     2.57    1.86
-166036.342   444.693     4.59    2.85
-165667.459   447.151     6.66    3.34
-165298.516   449.027     5.08    2.92
-164929.516   451.123     5.68    2.42
-164560.457   453.189     5.60    3.58
-164191.340   456.671     9.43    4.89
-163822.164   459.176     6.78    4.24
-163452.930   461.329     5.83    3.00
-163083.638   462.187     2.32    2.79
-162714.287   462.473     0.78    2.65
-162344.878   463.053     1.57    2.48
-161975.410   464.324     3.44    2.20
-161605.883   465.468     3.09    2.22
-161236.298   466.247     2.11    2.04
-160866.655   466.545     0.81    2.43
-160496.953   466.472    -0.20    2.52
-160127.192   466.766     0.80    2.61
-159757.372   468.178     3.82    3.06
-159387.494   469.949     4.79    3.01
-159017.557   471.787     4.97    2.15
-158647.561   472.416     1.70    1.94
-158277.506   472.149    -0.72    2.39
-157907.393   471.267    -2.38    2.59
-157537.220   469.753    -4.09    3.01
-157166.989   467.068    -7.25    4.48
-156796.699   463.773    -8.90    4.68
-156426.350   461.178    -7.01    3.65
-156055.942   459.301    -5.07    2.21
-155685.475   458.867    -1.17    1.91
-155314.948   458.467    -1.08    1.46
-154944.363   458.197    -0.73    0.98
-154573.719   458.933     1.99    2.55
-154203.015   462.158     8.70    5.65
-153832.253   466.486    11.67    6.68
-153461.431   470.733    11.45    5.96
-153090.550   473.851     8.41    4.04
-152719.610   475.027     3.17    4.06
-152348.610   475.547     1.40    4.53
-151977.552   476.013     1.26    4.42
-151606.434   475.467    -1.47    4.13
-151235.256   475.203    -0.71    3.85
-150864.019   474.908    -0.79    3.30
-150492.723   474.933     0.07    3.09
-150121.367   475.297     0.98    2.83
-149749.952   475.351     0.15    2.45
-149378.477   474.878    -1.27    2.10
-149006.943   474.603    -0.74    1.72
-148635.350   474.408    -0.52    1.28
-148263.696   474.213    -0.52    0.93
-147891.983   474.117    -0.26    0.56
-147520.211   474.667     1.48    1.38
-147148.378   476.231     4.21    2.86
-146776.486   478.877     7.11    4.27
-146404.535   481.872     8.05    4.23
-146032.523   484.514     7.10    2.90
-145660.452   486.615     5.65    2.23
-145288.321   487.648     2.77    3.63
-144916.130   490.000     6.32    4.77
-144543.879   491.931     5.19    4.88
-144171.568   492.487     1.49    4.58
-143799.198   492.057    -1.15    4.87
-143426.767   490.040    -5.42    5.07
-143054.276   487.229    -7.55    5.03
-142681.726   484.440    -7.48    5.13
-142309.115   482.113    -6.25    4.18
-141936.444   480.600    -4.06    4.25
-141563.713   476.905    -9.91    7.57
-141190.922   473.247    -9.81    9.98
-140818.071   466.726   -17.49   11.41
-140445.160   459.429   -19.57    9.33
-140072.188   452.716   -17.99    8.33
-139699.156   446.390   -16.96    8.19
-139326.064   440.120   -16.80    9.52
-138952.911   433.105   -18.80   10.13
-138579.698   425.347   -20.79   10.82
-138206.425   417.987   -19.71    9.19
-137833.091   411.455   -17.50    7.38
-137459.697   407.447   -10.73    5.11
-137086.243   404.587    -7.66    3.12
-136712.728   403.324    -3.38    1.92
-136339.152   402.907    -1.12    1.46
-135965.516   402.919     0.03    1.67
-135591.819   402.364    -1.49    1.54
-135218.062   401.811    -1.48    1.27
-134844.243   401.846     0.09    1.70
-134470.365   402.162     0.85    2.83
-134096.425   403.975     4.85    6.14
-133722.425   406.597     7.01    8.62
-133348.364   411.076    11.97   11.51
-132974.242   417.556    17.32   14.85
-132600.060   424.173    17.68   18.30
-132225.816   428.347    11.15   16.81
-131851.512   427.200    -3.06   16.95
-131477.147   420.527   -17.82   16.68
-131102.720   411.932   -22.95   13.11
-130728.233   403.253   -23.17   10.50
-130353.685   398.253   -13.35    7.67
-129979.076   394.507   -10.00    6.38
-129604.405   392.421    -5.57    6.20
-129229.674   390.547    -5.00    6.83
-128854.881   387.680    -7.65    6.77
-128480.027   384.000    -9.82    7.52
-128105.113   382.203    -4.79    8.39
-127730.136   383.013     2.16    8.06
-127355.099   384.405     3.71    7.24
-126980.000   385.474     2.85   11.27
-126604.840   385.541     0.18   18.01
-126229.619   378.658   -18.34   23.29
-125854.336   370.114   -22.76   23.30
-125478.992   359.680   -27.80   18.30
-125103.586   351.700   -21.25    8.96
-124728.119   349.539    -5.75    6.77
-124352.591   345.730   -10.14    7.37
-123977.000   342.753    -7.92    9.58
-123601.349   339.160    -9.56    9.80
-123225.635   337.897    -3.36    9.45
-122849.861   338.240     0.91   10.29
-122474.024   337.135    -2.94   12.27
-122098.126   332.987   -11.03   14.08
-121722.166   325.773   -19.18   13.60
-121346.144   317.338   -22.43   11.55
-120970.061   310.293   -18.73    7.91
-120593.915   305.613   -12.44    4.51
-120217.708   304.041    -4.18    3.18
-119841.439   303.773    -0.71    2.89
-119465.108   303.843     0.18    3.04
-119088.716   303.303    -1.44    3.45
-118712.261   302.712    -1.57    3.23
-118335.744   301.842    -2.31    3.03
-117959.165   301.405    -1.16    3.40
-117582.524   300.731    -1.79    3.17
-117205.821   299.784    -2.51    3.07
-116829.056   298.779    -2.67    2.92
-116452.229   297.680    -2.92    2.41
-116075.340   296.760    -2.44    2.19
-115698.388   295.532    -3.26    1.88
-115321.374   294.824    -1.88    1.60
-114944.298   294.486    -0.90    1.36
-114567.160   295.068     1.54    1.62
-114189.959   295.105     0.10    1.85
-113812.696   293.507    -4.24    3.93
-113435.370   288.961   -12.05    7.52
-113057.982   282.625   -16.79    8.37
-112680.532   276.610   -15.93    6.42
-112303.019   272.712   -10.32    3.29
-111925.443   271.308    -3.72    2.07
-111547.805   270.959    -0.92    2.71
-111170.105   269.868    -2.89    3.49
-110792.341   267.487    -6.30    4.71
-110414.515   266.605    -2.33    4.72
-110036.627   266.645     0.10    4.75
-109658.676   267.027     1.01    4.46
-109280.662   266.653    -0.99    4.50
-108902.585   263.183    -9.18    5.19
-108524.445   258.895   -11.34    5.72
-108146.243   254.014   -12.90    4.74
-107767.977   248.831   -13.70    6.27
-107389.649   242.808   -15.92    7.85
-107011.258   237.253   -14.68    7.61
-106632.804   231.946   -14.02    4.79
-106254.287   229.184    -7.30    3.42
-105875.706   228.013    -3.09    3.01
-105497.063   226.776    -3.27    3.00
-105118.357   226.289    -1.29    2.34
-104739.587   226.160    -0.34    1.90
-104360.755   225.893    -0.70    1.78
-103981.859   225.643    -0.66    2.01
-103602.900   225.368    -0.72    2.18
-103223.877   225.247    -0.32    2.32
-102844.792   225.218    -0.08    2.06
-102465.643   225.040    -0.47    1.72
-102086.431   224.756    -0.75    1.32
-101707.155   223.987    -2.03    1.25
-101327.816   223.320    -1.76    1.30
-100948.413   222.312    -2.66    2.37
-100568.947   221.480    -2.19    2.97
-100189.418   221.040    -1.16    2.77
 -99809.825   221.000    -0.11    2.27
 -99437.255   221.387     1.04    1.73
 -99069.829   222.352     2.63    1.30
 -98702.344   223.724     3.73    1.94
 -98334.800   225.123     3.81    2.06
 -97967.197   226.192     2.91    1.60
 -97599.535   227.014     2.23    1.04
 -97231.813   227.375     0.98    0.88
 -96864.032   227.554     0.49    0.76
 -96496.192   227.692     0.38    0.61
 -96128.293   227.733     0.11    0.64
 -95760.334   227.519    -0.58    0.82
 -95392.316   226.867    -1.77    1.60
 -95024.239   225.946    -2.50    2.16
 -94656.102   224.974    -2.64    2.15
 -94287.906   223.816    -3.14    1.71
 -93919.650   223.053    -2.07    1.21
 -93551.334   222.923    -0.35    1.31
 -93182.960   222.829    -0.26    1.40
 -92814.525   222.692    -0.37    1.41
 -92446.031   222.547    -0.40    1.32
 -92077.478   222.312    -0.64    1.14
 -91708.865   222.118    -0.52    1.10
 -91340.192   221.727    -1.06    1.34
 -90971.459   221.276    -1.22    1.55
 -90602.667   220.416    -2.33    1.70
 -90233.815   219.603    -2.20    1.69
 -89864.903   218.753    -2.30    1.62
 -89495.931   218.481    -0.74    1.64
 -89126.899   218.312    -0.46    1.53
 -88757.808   218.173    -0.37    1.27
 -88388.656   217.987    -0.51    1.14
 -88019.445   217.733    -0.69    1.22
 -87650.174   217.026    -1.91    1.58
 -87280.842   216.195    -2.25    1.84
 -86911.451   214.756    -3.89    1.76
 -86542.000   213.662    -2.96    1.55
 -86172.488   212.597    -2.88    1.50
 -85802.916   211.662    -2.53    1.47
 -85433.285   210.449    -3.28    1.62
 -85063.593   209.545    -2.44    1.51
 -84693.840   208.587    -2.59    1.25
 -84324.028   208.040    -1.48    1.18
 -83954.155   207.697    -0.93    0.94
 -83584.222   207.307    -1.06    1.52
 -83214.229   205.779    -4.13    3.22
 -82844.175   204.333    -3.91    3.50
 -82474.061   203.961    -1.01    3.62
 -82103.887   204.769     2.18    4.40
 -81733.652   207.182     6.52    4.58
 -81363.356   209.182     5.40    3.03
 -80993.000   209.766     1.58    2.39
 -80622.584   209.280    -1.31    1.78
 -80252.107   209.053    -0.61    1.10
 -79881.569   209.013    -0.11    1.05
 -79510.971   208.842    -0.46    1.31
 -79140.312   208.267    -1.55    1.65
 -78769.592   207.221    -2.82    1.94
 -78398.812   206.169    -2.84    2.14
 -78027.971   204.961    -3.26    2.45
 -77657.069   203.359    -4.32    2.90
 -77286.106   201.342    -5.44    3.28
 -76915.082   199.078    -6.10    3.98
 -76543.998   196.312    -7.45    4.03
 -76172.853   193.893    -6.52    3.74
 -75801.646   191.500    -6.45    3.09
 -75430.379   189.908    -4.29    2.24
 -75059.051   188.654    -3.38    1.79
 -74687.661   187.827    -2.23    1.62
 -74316.211   187.158    -1.80    1.90
 -73944.700   186.868    -0.78    2.27
 -73573.127   186.662    -0.56    2.43
 -73201.493   186.605    -0.15    2.39
 -72829.799   186.474    -0.35    2.11
 -72458.043   186.293    -0.49    1.81
 -72086.225   185.937    -0.96    1.40
 -71714.347   185.568    -0.99    1.06
 -71342.407   185.177    -1.05    0.93
 -70970.405   184.851    -0.88    0.77
 -70598.343   184.382    -1.26    0.80
 -70226.219   183.973    -1.10    0.81
 -69854.033   183.571    -1.08    0.73
 -69481.787   183.205    -0.98    0.41
 -69109.478   183.013    -0.52    0.45
 -68737.108   182.919    -0.25    0.52
 -68364.677   182.812    -0.29    0.81
 -67992.184   182.486    -0.88    1.07
 -67619.629   181.329    -3.11    2.09
 -67247.013   180.589    -1.99    2.09
 -66874.335   179.705    -2.37    1.76
 -66501.595   178.562    -3.07    1.41
 -66128.794   178.224    -0.91    1.49
 -65755.931   177.699    -1.41    1.28
 -65383.006   177.211    -1.31    1.51
 -65010.019   177.013    -0.53    1.63
 -64636.971   176.671    -0.92    1.50
 -64263.860   176.040    -1.69    1.31
 -63890.688   175.278    -2.04    1.59
 -63517.453   173.882    -3.74    2.05
 -63144.157   172.744    -3.05    1.99
 -62770.798   171.623    -3.00    1.55
 -62397.378   171.195    -1.15    1.42
 -62023.896   170.987    -0.56    1.61
 -61650.351   170.910    -0.21    1.69
 -61276.744   170.692    -0.58    1.72
 -60903.075   170.467    -0.60    1.87
 -60529.344   170.338    -0.35    1.99
 -60155.551   170.145    -0.52    1.95
 -59781.695   169.886    -0.69    1.81
 -59407.777   169.763    -0.33    1.61
 -59033.797   169.077    -1.83    1.45
 -58659.754   168.481    -1.59    1.27
 -58285.649   167.623    -2.29    1.34
 -57911.482   166.867    -2.02    1.56
 -57537.252   165.818    -2.80    1.83
 -57162.960   164.945    -2.33    1.76
 -56788.605   164.575    -0.99    1.81
 -56414.187   164.389    -0.50    2.05
 -56039.707   164.387    -0.00    2.08
 -55665.164   164.392     0.01    1.98
 -55290.559   164.184    -0.55    1.73
 -54915.891   163.473    -1.90    1.63
 -54541.160   163.325    -0.40    1.41
 -54166.367   163.237    -0.23    1.24
 -53791.511   163.282     0.12    1.33
 -53416.592   163.184    -0.26    1.49
 -53041.610   163.038    -0.39    1.51
 -52666.565   162.640    -1.06    1.41
 -52291.458   162.234    -1.08    1.36
 -51916.287   161.641    -1.58    1.10
 -51541.054   160.910    -1.95    1.87
 -51165.757   159.443    -3.91    2.78
 -50790.398   158.481    -2.56    2.81
 -50414.975   157.156    -3.53    2.87
 -50039.489   155.453    -4.53    2.83
 -49663.940   154.139    -3.50    2.99
 -49288.328   152.946    -3.18    2.75
 -48912.653   152.250    -1.85    2.32
 -48536.915   151.689    -1.49    2.63
 -48161.113   150.908    -2.08    2.82
 -47785.248   149.597    -3.49    2.77
 -47409.320   147.948    -4.39    2.69
 -47033.329   146.311    -4.35    1.95
 -46657.274   144.833    -3.93    2.02
 -46281.155   143.187    -4.38    2.35
 -45904.973   141.291    -5.04    2.78
 -45528.728   139.039    -5.98    2.37
 -45152.419   137.532    -4.00    1.54
 -44776.047   136.577    -2.54    0.69
 -44399.611   136.430    -0.39    0.52
 -44023.111   136.519     0.24    0.55
 -43646.548   136.545     0.07    0.55
 -43269.921   136.667     0.32    0.47
 -42893.230   136.787     0.32    0.41
 -42516.476   136.812     0.07    0.39
 -42139.658   136.819     0.02    0.39
 -41762.776   136.675    -0.38    0.50
 -41385.830   136.324    -0.93    0.68
 -41008.821   135.908    -1.10    0.72
 -40631.747   135.627    -0.75    0.61
 -40254.610   135.494    -0.35    0.55
 -39877.408   135.461    -0.09    0.50
 -39500.143   135.615     0.41    0.67
 -39122.813   136.526     2.41    1.98
 -38745.420   138.844     6.14    4.21
 -38367.962   142.195     8.88    4.96
 -37990.440   144.571     6.30    4.01
 -37612.854   145.753     3.13    2.65
 -37235.204   145.872     0.31    2.12
 -36857.489   145.494    -1.00    1.52
 -36479.711   145.053    -1.17    1.17
 -36101.868   144.137    -2.42    1.27
 -35723.960   142.972    -3.08    1.60
 -35345.989   141.675    -3.43    1.78
 -34967.953   140.932    -1.97    1.39
 -34589.852   141.013     0.22    1.83
 -34211.687   141.779     2.03    2.29
 -33833.458   142.582     2.12    2.16
 -33455.164   143.244     1.75    1.68
 -33076.805   143.372     0.34    1.20
 -32698.382   143.052    -0.85    1.00
 -32319.894   142.545    -1.34    0.97
 -31941.342   141.962    -1.54    1.02
 -31562.724   141.757    -0.54    1.29
 -31184.042   141.551    -0.54    1.70
 -30805.296   141.301    -0.66    1.90
 -30426.484   140.831    -1.24    1.85
 -30047.608   139.986    -2.23    1.56
 -29668.667   139.418    -1.50    1.29
 -29289.661   138.320    -2.90    1.88
 -28910.590   136.975    -3.55    2.37
 -28531.454   135.447    -4.03    2.15
 -28152.253   134.260    -3.13    0.92
 -27772.986   134.000    -0.68    0.00
 -27393.655   134.308     0.81    0.97
 -27014.259   135.628     3.48    2.19
 -26634.798   137.000     3.62    2.23
 -26255.271   137.663     1.75    1.57
 -25875.679   137.264    -1.05    1.61
 -25496.023   135.600    -4.38    2.14
 -25116.300   133.800    -4.74    2.18
 -24740.402   132.051    -4.65    2.20
 -24373.165   130.413    -4.46    1.86
 -24005.867   129.052    -3.71    1.84
 -23638.509   127.541    -4.11    1.64
 -23271.090   126.203    -3.64    1.85
 -22903.611   124.676    -4.15    1.96
 -22536.071   122.375    -6.26    2.90
 -22168.470   119.824    -6.94    3.28
 -21800.808   116.675    -8.57    3.89
 -21433.086   113.554    -8.49    3.48
 -21065.302   112.286    -3.45    2.68
 -20697.458   112.507     0.60    2.99
 -20329.553   114.633     5.78    3.42
 -19961.588   117.027     6.51    2.22
 -19593.561   118.850     4.95    2.89
 -19225.473   121.440     7.04    4.79
 -18857.324   125.494    11.01    6.70
 -18489.115   128.987     9.49    6.56
 -18120.844   131.753     7.51    5.68
 -17752.512   132.718     2.62    5.02
 -17384.119   132.256    -1.25    4.79
 -17015.665   129.640    -7.10    7.53
 -16647.149   125.250   -11.91    9.63
 -16278.573   119.766   -14.88   11.10
 -15909.935   112.025   -21.00   11.29
 -15541.236   105.577   -17.49   10.04
 -15172.475    98.475   -19.26   10.07
 -14803.654    91.443   -19.07   11.47
 -14434.771    83.039   -22.78   10.67
 -14065.826    76.649   -17.32    9.74
 -13696.820    70.192   -17.50    9.04
 -13327.753    65.461   -12.82    7.54
 -12958.624    60.577   -13.23    5.62
 -12589.434    57.962    -7.08    4.97
 -12220.182    56.062    -5.14    4.22
 -11850.868    54.938    -3.05    3.98
 -11481.493    53.526    -3.82    4.24
 -11112.056    50.013    -9.51    8.02
 -10742.558    42.632   -19.98   11.89
 -10372.998    37.064   -15.07   11.59
 -10003.376    31.558   -14.90    8.30
  -9633.692    30.141    -3.83    6.79
  -9263.947    29.838    -0.82    6.15
  -8894.140    30.762     2.50    7.01
  -8524.270    35.218    12.05    9.39
  -8154.339    38.385     8.56    9.68
  -7784.346    40.553     5.86    8.66
  -7414.292    41.291     2.00    6.70
  -7044.175    40.273    -2.75    4.38
  -6673.996    37.948    -6.28    4.75
  -6303.755    34.582    -9.09    4.88
  -5933.452    31.850    -7.38    5.42
  -5563.086    28.590    -8.80    5.25
  -5192.659    25.937    -7.16    4.59
  -4822.170    22.671    -8.81    4.01
  -4451.618    21.038    -4.41    3.71
  -4081.004    18.584    -6.62    4.01
  -3710.328    16.962    -4.38    4.05
  -3339.589    14.926    -5.49    3.88
  -2968.788    13.747    -3.18    3.47
  -2597.925    11.623    -5.73    4.89
  -2226.999     8.861    -7.45    6.18
  -1856.011     5.382    -9.38    6.05
  -1484.961     2.603    -7.49    4.47
  -1113.848     0.551    -5.53    1.95
   -742.672     0.000    -1.49    0.00
   -371.434     0.000     0.00    0.00
     -0.133     0.000     0.00    0.00
    371.230     0.000     0.00    0.00
    742.656     0.346     0.93    1.44
   1114.145     1.829     3.99    3.39
   1485.696     4.038     5.95    4.91
   1857.310     7.304     8.79    5.85
   2228.987    10.275     7.99    5.55
   2600.727    13.613     8.98    3.55
   2972.530    15.295     4.52    2.56
   3344.395    16.705     3.79    1.93
   3716.323    17.605     2.42    1.72
   4088.315    18.449     2.27    1.89
   4460.369    19.295     2.27    2.25
   4832.486    20.562     3.41    2.54
   5204.667    21.925     3.66    2.67
   5576.910    23.696     4.76    2.77
   5949.217    25.234     4.13    2.68
   6321.587    27.051     4.88    2.84
   6694.019    28.805     4.71    3.28
   7066.515    31.494     7.22    3.93
   7439.075    34.000     6.73    3.60
   7811.697    36.481     6.66    3.25
   8184.383    38.449     5.28    2.82
   8557.132    40.304     4.98    2.86
   8929.945    41.947     4.41    2.87
   9302.821    43.762     4.87    3.49
   9675.760    45.566     4.84    3.97
  10048.763    47.608     5.47    4.55
  10421.830    49.154     4.14    4.72
  10794.960    51.165     5.39    4.32
  11168.153    52.973     4.85    3.16
  11541.410    54.188     3.25    2.10
  11914.731    55.135     2.54    1.29
  12288.115    55.741     1.62    1.31
  12661.563    56.243     1.35    1.32
  13035.075    56.623     1.02    1.42
  13408.650    56.803     0.48    1.71
  13782.290    56.580    -0.60    1.84
  14155.993    56.176    -1.08    1.97
  14529.760    55.675    -1.34    1.97
  14903.591    55.351    -0.87    2.11
  15277.486    56.111     2.03    2.46
  15651.444    57.364     3.35    2.64
  16025.467    58.692     3.55    2.60
  16399.554    60.403     4.57    1.91
  16773.705    61.418     2.71    1.34
  17147.920    62.179     2.04    0.82
  17522.199    62.525     0.92    0.75
  17896.542    62.795     0.72    0.74
  18270.949    63.000     0.55    0.73
  18645.421    63.333     0.89    0.72
  19019.957    63.762     1.15    0.83
  19394.557    64.456     1.85    1.02
  19769.222    65.145     1.84    1.13
  20143.951    67.641     6.66    4.03
  20518.744    71.013     9.00    5.61
  20893.601    74.463     9.20    5.29
  21268.524    77.684     8.59    3.00
  21643.510    79.468     4.76    1.42
  22018.561    80.421     2.54    1.55
  22393.677    81.475     2.81    1.81
  22768.857    82.421     2.52    1.75
  23144.102    83.543     2.99    1.81
  23519.412    84.493     2.53    1.59
  23894.786    85.377     2.35    1.56
  24270.225    85.851     1.26    1.44
  24645.729    86.062     0.56    1.55
  25021.297    86.270     0.55    1.63
  25396.931    86.325     0.15    1.43
  25772.629    86.434     0.29    1.29
  26148.392    86.620     0.50    1.43
  26524.220    86.696     0.20    1.64
  26900.113    86.387    -0.82    1.80
  27276.071    86.247    -0.37    1.76
  27652.094    85.950    -0.79    1.73
  28028.182    85.679    -0.72    1.62
  28404.336    85.113    -1.51    1.61
  28780.554    84.425    -1.83    1.78
  29156.838    83.463    -2.56    2.11
  29533.186    82.295    -3.10    2.31
  29909.600    81.169    -2.99    2.62
  30286.079    79.700    -3.90    2.87
  30662.624    78.158    -4.10    2.71
  31039.234    76.642    -4.03    2.29
  31415.909    75.286    -3.60    1.55
  31792.650    74.300    -2.62    1.17
  32169.456    73.554    -1.98    1.11
  32546.327    72.889    -1.77    1.07
  32923.264    72.365    -1.39    0.90
  33300.267    71.975    -1.03    1.03
  33677.335    71.696    -0.74    1.20
  34054.469    71.325    -0.98    1.22
  34431.668    70.679    -1.71    1.34
  34808.933    69.608    -2.84    2.08
  35186.264    67.632    -5.24    2.97
  35563.661    65.949    -4.46    3.06
  35941.123    64.316    -4.32    2.41
  36318.651    63.450    -2.30    1.94
  36696.245    62.725    -1.92    1.59
  37073.905    61.779    -2.50    1.64
  37451.631    60.238    -4.08    2.09
  37829.423    58.532    -4.51    2.43
  38207.281    56.200    -6.17    2.92
  38585.205    53.632    -6.80    3.09
  38963.194    50.468    -8.37    3.99
  39341.250    47.092    -8.93    3.53
  39719.373    44.162    -7.75    2.82
  40097.561    41.816    -6.21    2.21
  40475.815    39.875    -5.13    2.48
  40854.136    38.380    -3.95    2.55
  41232.523    36.370    -5.31    3.69
  41610.976    34.450    -5.07    3.99
  41989.496    34.949     1.32    4.18
  42368.082    36.062     2.94    4.03
  42746.734    37.564     3.97    3.46
  43125.453    39.425     4.91    1.86
  43504.239    40.195     2.03    1.25
  43883.091    40.833     1.69    1.37
  44262.009    41.162     0.87    1.39
  44640.994    41.556     1.04    1.47
  45020.046    42.158     1.59    1.57
  45399.164    43.100     2.49    1.93
  45778.349    44.910     4.77    2.49
  46157.601    47.086     5.74    3.16
  46536.919    49.713     6.92    3.74
  46916.304    52.215     6.60    3.98
  47295.757    55.975     9.91    4.51
  47675.276    58.859     7.60    4.33
  48054.861    61.762     7.65    3.42
  48434.514    63.859     5.52    2.23
  48814.234    65.537     4.42    1.65
  49194.021    66.905     3.60    1.51
  49573.875    66.420    -1.28    2.55
  49953.387    65.675    -1.96    2.96
  50320.431    65.123    -1.50    2.83
  50687.536    64.974    -0.41    2.57
  51054.704    67.513     6.92    3.58
  51421.934    70.270     7.51    3.83
  51789.226    72.926     7.23    4.05
  52156.580    75.520     7.06    3.17
  52523.997    77.654     5.81    2.92
  52891.475    79.390     4.72    2.56
  53259.016    81.346     5.32    2.82
  53626.620    83.154     4.92    2.88
  53994.285    85.713     6.96    3.46
  54362.013    88.449     7.44    4.26
  54729.804    92.550    11.15    5.08
  55097.657    96.405    10.48    5.03
  55465.572   100.877    12.15    4.98
  55833.550   105.456    12.44    5.40
  56201.591   109.885    12.03    5.17
  56569.694   112.776     7.86    4.17
  56937.859   115.385     7.08    2.55
  57306.088   116.562     3.20    2.00
  57674.379   117.963     3.80    2.29
  58042.733   119.425     3.97    2.34
  58411.149   120.848     3.86    2.59
  58779.628   120.850     0.01    3.94
  59148.171   120.885     0.09    4.57
  59516.776   121.688     2.18    4.68
  59885.443   123.848     5.86    4.45
  60254.174   126.346     6.77    4.90
  60622.968   129.883     9.59    3.57
  60991.824   132.450     6.96    3.32
  61360.744   134.883     6.60    2.56
  61729.727   135.725     2.28    2.41
  62098.773   135.513    -0.57    3.24
  62467.881   136.113     1.62    4.44
  62837.053   137.867     4.75    5.57
  63206.289   140.850     8.08    5.27
  63575.587   143.800     7.99    2.68
  63944.949   145.432     4.42    2.05
  64314.373   147.053     4.39    1.54
  64683.862   148.358     3.53    1.87
  65053.413   149.851     4.04    2.03
  65423.028   151.927     5.62    2.88
  65792.706   154.270     6.34    3.18
  66162.448   156.852     6.98    3.42
  66532.253   159.195     6.34    2.62
  66902.122   160.951     4.75    2.04
  67272.054   162.311     3.68    1.60
  67642.050   163.500     3.21    1.99
  68012.109   165.149     4.46    2.20
  68382.232   167.173     5.47    2.89
  68752.419   169.316     5.79    3.00
  69122.669   171.963     7.15    3.59
  69492.983   174.757     7.54    3.56
  69863.361   177.425     7.20    3.79
  70233.803   180.027     7.02    3.30
  70604.308   182.400     6.41    3.40
  70974.877   184.532     5.75    3.37
  71345.511   186.988     6.63    4.02
  71716.208   189.377     6.44    4.26
  72086.969   192.087     7.31    5.33
  72457.794   195.026     7.93    6.20
  72828.683   199.049    10.85    7.35
  73199.636   202.872    10.30    7.58
  73570.654   208.061    13.99    8.11
  73941.735   213.052    13.45    8.32
  74312.881   218.575    14.88    9.55
  74684.090   223.792    14.06   10.33
  75055.364   230.519    18.12   12.14
  75426.703   237.756    19.49   15.39
  75798.105   249.679    32.10   22.60
  76169.572   262.610    34.81   26.37
  76541.103   277.238    39.37   27.52
  76912.699   290.139    34.72   24.41
  77284.359   303.272    35.34   20.36
  77656.083   313.564    27.69   17.43
  78027.873   322.250    23.36   16.81
  78399.726   330.923    23.33   16.32
  78771.644   338.901    21.45   16.01
  79143.627   345.117    16.71   14.00
  79515.674   351.183    16.31   12.68
  79887.786   356.273    13.68   11.37
  80259.963   359.375     8.34   10.98
  80632.204   362.818     9.25   10.91
  81004.511   366.683    10.38   11.11
  81376.882   369.558     7.72   10.89
  81749.318   373.013     9.27   10.63
  82121.818   376.473     9.29    9.88
  82494.384   378.975     6.72    9.77
  82867.015   381.733     7.40    9.35
  83239.710   384.000     6.08    9.47
  83612.471   385.289     3.46    9.68
  83985.296   386.889     4.29    9.76
  84358.187   389.405     6.75    9.44
  84731.143   391.890     6.66    9.71
  85104.164   394.446     6.85    9.22
  85477.250   396.951     6.71    9.61
  85850.401   398.342     3.73    9.84
  86223.618   400.494     5.77    9.92
  86596.900   403.171     7.17    9.36
  86970.247   405.741     6.88    8.77
  87343.659   407.618     5.03    7.55
  87717.137   409.256     4.39    6.81
  88090.681   409.936     1.82    6.06
  88464.289   410.250     0.84    5.00
  88837.964   411.390     3.05    4.53
  89211.703   412.457     2.86    4.53
  89585.509   413.418     2.57    4.69
  89959.380   414.169     2.01    5.53
  90333.316   415.075     2.42    6.22
  90707.318   415.237     0.43    5.96
  91081.386   416.316     2.88    5.75
  91455.520   417.321     2.69    5.55
  91829.720   419.418     5.60    5.59
  92203.985   422.309     7.72    6.18
  92578.316   426.532    11.28    6.60
  92952.713   430.375    10.27    6.60
  93327.176   435.075    12.55    6.03
  93701.704   439.025    10.55    5.50
  94076.299   443.099    10.88    5.32
  94450.960   446.667     9.52    5.30
  94825.687   450.375     9.90    4.42
  95200.480   451.875     4.00    3.08
  95575.339   451.220    -1.75    3.69
  95950.264   447.658    -9.50    6.23
  96325.255   442.284   -14.33    6.96
  96700.313   437.633   -12.40    5.91
  97075.437   433.712   -10.45    4.59
  97450.627   430.850    -7.63    4.43
  97825.883   428.634    -5.91    4.51
  98201.206   426.051    -6.88    4.67
  98576.595   422.829    -8.58    4.62
  98952.051   419.908    -7.78    4.53
  99327.573   416.829    -8.20    4.50
  99703.162   413.494    -8.88    4.22
 100078.817   410.321    -8.45    4.00
 100454.538   407.773    -6.78    3.63
 100830.327   405.487    -6.08    2.89
 101206.182   404.053    -3.82    2.61
 101582.103   403.159    -2.38    2.49
 101958.092   402.051    -2.95    2.61
 102334.147   400.951    -2.93    2.88
 102710.269   399.671    -3.40    3.02
 103086.458   398.506    -3.10    2.81
 103462.713   397.300    -3.21    2.56
 103839.036   396.753    -1.45    2.87
 104215.425   396.037    -1.90    2.95
 104591.882   395.380    -1.74    2.73
 104968.405   395.456     0.20    3.10
 105344.996   396.148     1.84    3.71
 105721.653   397.432     3.41    4.19
 106098.378   398.899     3.89    4.19
 106475.170   399.605     1.87    4.29
 106852.028   400.364     2.01    3.90
 107228.955   401.407     2.77    3.79
 107605.948   401.857     1.19    3.88
 107983.009   402.704     2.25    4.08
 108360.137   403.453     1.99    4.03
 108737.332   403.500     0.12    3.63
 109114.595   402.947    -1.46    3.74
 109491.925   402.169    -2.06    3.62
 109869.323   400.636    -4.06    3.65
 110246.788   398.407    -5.91    3.67
 110624.321   395.487    -7.73    4.24
 111001.922   392.086    -9.01    4.83
 111379.590   387.413   -12.38    5.27
 111757.325   382.976   -11.75    5.20
 112135.129   377.753   -13.82    6.40
 112513.000   373.291   -11.81    7.02
 112890.939   370.988    -6.10    6.09
 113268.945   370.062    -2.45    5.33
 113647.020   370.795     1.94    4.31
 114025.162   371.086     0.77    4.78
 114403.372   368.500    -6.84    6.71
 114781.650   364.237   -11.27    8.92
 115159.997   358.914   -14.07    9.88
 115538.411   352.231   -17.66    9.47
 115916.893   345.524   -17.72    8.11
 116295.443   340.065   -14.42    6.80
 116674.062   334.951   -13.51    6.22
 117052.749   329.304   -14.91    6.27
 117431.503   323.940   -14.16    6.79
 117810.326   318.605   -14.08    6.46
 118189.218   314.137   -11.79    5.36
 118568.178   309.593   -11.99    4.57
 118947.206   306.354    -8.55    5.19
 119326.302   302.366   -10.52    5.40
 119705.467   298.457   -10.31    5.14
 120084.700   294.163   -11.32    4.52
 120464.002   290.628    -9.32    3.88
 120843.372   287.444    -8.39    3.50
 121222.811   284.269    -8.37    3.38
 121602.319   280.976    -8.68    3.73
 121981.895   277.513    -9.12    3.91
 122361.540   273.309   -11.08    5.18
 122741.253   268.253   -13.32    5.73
 123121.036   263.207   -13.29    6.13
 123500.887   257.825   -14.17    6.01
 123880.807   253.000   -12.70    6.16
 124260.796   246.691   -16.60    6.75
 124640.854   241.587   -13.43    6.28
 125011.058   237.098   -12.13    4.99
 125377.965   233.875    -8.78    3.05
 125744.934   231.750    -5.79    2.53
 126111.968   230.370    -3.76    2.90
 126479.065   228.309    -5.62    3.48
 126846.226   225.585    -7.42    4.08
 127213.451   221.593   -10.87    5.40
 127580.740   216.725   -13.25    6.43
 127948.092   210.753   -16.26    6.76
 128315.508   205.494   -14.32    6.54
 128682.989   200.089   -14.71    5.76
 129050.533   195.280   -13.08    6.13
 129418.141   190.553   -12.86    5.26
 129785.813   186.765   -10.30    4.48
 130153.549   183.782    -8.11    2.58
 130521.350   182.049    -4.71    1.97
 130889.214   180.842    -3.28    1.70
 131257.142   179.854    -2.69    1.72
 131625.135   179.013    -2.29    1.57
 131993.192   178.169    -2.29    1.46
 132361.313   177.275    -2.43    1.48
 132729.499   175.593    -4.57    2.37
 133097.749   173.012    -7.01    3.41
 133466.063   169.602    -9.26    4.38
 133834.441   166.114    -9.47    4.48
 134202.884   162.120   -10.84    4.06
 134571.392   159.400    -7.38    2.91
 134939.963   157.704    -4.60    1.87
 135308.600   157.402    -0.82    2.36
 135677.301   158.061     1.79    3.20
 136046.066   158.630     1.54    3.34
 136414.897   158.675     0.12    2.78
 136783.791   158.444    -0.63    2.31
 137152.751   158.531     0.23    2.33
 137521.775   158.735     0.55    2.74
 137890.864   159.062     0.89    3.12
 138260.018   158.741    -0.87    3.39
 138629.237   157.488    -3.39    3.91
 138998.520   155.482    -5.43    3.79
 139367.868   153.000    -6.72    3.14
 139737.282   150.802    -5.95    2.52
 140106.760   148.709    -5.67    2.26
 140476.303   147.107    -4.33    2.16
 140845.912   145.372    -4.70    2.14
 141215.585   143.598    -4.80    2.42
 141585.324   141.803    -4.86    2.43
 141955.127   139.683    -5.73    2.57
 142324.996   137.615    -5.59    2.42
 142694.930   135.469    -5.80    2.41
 143064.929   133.359    -5.70    2.52
 143434.994   130.952    -6.51    3.07
 143805.124   128.882    -5.59    2.49
 144175.319   127.282    -4.32    1.86
 144545.579   125.805    -3.99    1.42
 144915.905   124.476    -3.59    2.22
 145286.297   122.532    -5.25    2.45
 145656.754   120.313    -5.99    2.60
 146027.276   118.308    -5.41    2.18
 146397.864   116.646    -4.48    1.98
 146768.518   115.462    -3.20    1.71
 147139.237   114.415    -2.82    1.59
 147510.022   113.620    -2.14    1.56
 147880.872   112.774    -2.28    1.74
 148251.788   112.013    -2.05    1.82
 148622.771   110.963    -2.83    1.97
 148993.818   109.886    -2.90    1.97
 149364.932   108.310    -4.25    2.14
 149736.112   106.815    -4.03    2.00
 150107.357   105.125    -4.55    2.00
 150478.668   103.654    -3.96    1.99
 150850.046   101.612    -5.50    2.68
 151221.489    99.463    -5.79    2.95
 151592.999    96.321    -8.46    3.54
 151964.574    93.173    -8.47    4.04
 152336.216    88.488   -12.61    5.83
 152707.924    80.392   -21.78   11.47
 153079.698    75.756   -12.47   10.62
 153451.538    74.850    -2.44    9.89
 153823.444    77.841     8.04    9.79
 154195.417    83.747    15.88    4.98
 154567.456    87.349     9.68    2.89
 154939.561    89.741     6.43    3.14
 155311.733    92.272     6.80    2.78
 155683.972    94.123     4.98    2.15
 156056.276    95.699     4.23    1.59
 156428.648    96.805     2.97    1.38
 156801.085    97.950     3.08    1.27
 157173.590    98.927     2.62    1.27
 157546.161    99.988     2.85    1.26
 157918.798   100.951     2.58    1.20
 158291.503   102.173     3.28    1.35
 158664.274   103.173     2.68    1.40
 159037.112   104.169     2.67    1.24
 159410.016   105.127     2.57    0.95
 159782.988   105.732     1.62    1.18
 160156.026   106.062     0.88    1.19
 160529.131   105.976    -0.23    1.15
 160902.303   105.747    -0.61    1.07
 161275.542   105.386    -0.97    0.68
 161648.849   105.296    -0.24    0.51
 162022.222   105.481     0.50    0.73
 162395.662   105.557     0.20    0.76
 162769.169   105.560     0.01    0.78
 163142.744   105.500    -0.16    0.75
 163516.386   105.469    -0.08    0.69
 163890.095   105.675     0.55    0.79
 164263.871   105.776     0.27    0.81
 164637.714   105.875     0.26    0.85
 165011.625   105.841    -0.09    0.84
 165385.604   105.620    -0.59    0.77
 165759.649   105.429    -0.51    0.70
 166133.762   105.351    -0.21    0.58
 166507.943   105.341    -0.02    0.55
 166882.191   105.346     0.01    0.55
 167256.507   105.321    -0.07    0.60
 167630.890   105.115    -0.55    0.77
 168005.341   104.841    -0.73    0.82
 168379.859   104.667    -0.47    0.77
 168754.446   104.815     0.40    1.00
 169129.100   104.974     0.43    1.16
 169503.821   105.134     0.43    1.15
 169878.611   104.908    -0.60    1.41
 170253.468   104.280    -1.67    1.58
 170628.394   103.385    -2.39    1.85
 171003.387   102.202    -3.15    1.88
 171378.448   101.000    -3.21    1.93
 171753.577    99.765    -3.29    1.80
 172128.775    98.787    -2.61    1.46
 172504.040    98.435    -0.94    1.04
 172879.373    98.333    -0.27    1.04
 173254.775    98.222    -0.30    1.13
 173630.245    98.506     0.76    1.50
 174005.783    98.892     1.03    1.97
 174381.389    99.679     2.10    2.27
 174757.063   100.827     3.06    2.00
 175132.806   101.902     2.86    2.02
 175508.617   102.530     1.67    2.16
 175884.497   103.244     1.90    2.83
 176260.445   103.049    -0.52    3.43
 176636.462   103.386     0.90    3.24
 177012.547   103.805     1.12    3.02
 177388.700   104.857     2.80    2.41
 177764.923   106.207     3.59    1.35
 178141.214   106.939     1.94    1.69
 178517.573   107.450     1.36    1.73
 178894.001   107.988     1.43    1.83
 179270.498   108.272     0.75    2.01
 179647.064   108.890     1.64    2.53
 180023.699   110.429     4.08    3.25
 180400.402   112.405     5.25    3.32
 180777.174   114.103     4.51    2.43
 181154.016   115.398     3.44    1.46
 181530.926   116.128     1.94    1.14
 181907.905   117.118     2.63    1.43
 182284.954   118.363     3.30    1.66
 182662.071   119.585     3.24    1.76
 183039.257   121.049     3.88    1.54
 183416.513   122.388     3.55    1.66
 183793.838   123.444     2.80    1.77
 184171.232   124.402     2.54    1.65
 184548.695   125.062     1.75    1.42
 184926.228   125.349     0.76    1.20
 185303.830   125.476     0.33    0.80
 185681.502   125.573     0.26    0.50
 186059.242   125.548    -0.07    0.50
 186437.053   125.500    -0.13    0.50
 186814.933   125.429    -0.19    0.50
 187192.882   125.524     0.25    0.50
 187570.901   125.598     0.19    0.49
 187948.990   125.785     0.50    0.41
 188327.148   126.000     0.57    0.00
 188705.376   126.000     0.00    0.00
 189083.673   126.000     0.00    0.00
 189462.041   126.038     0.10    0.19
 189840.478   126.238     0.53    0.57
 190218.985   126.911     1.78    1.47
 190597.562   128.519     4.25    2.75
 190976.209   130.741     5.87    3.21
 191354.926   133.329     6.84    3.43
 191733.713   136.427     8.18    3.65
 192112.570   139.193     7.30    4.02
 192491.497   142.488     8.70    3.73
 192870.494   145.183     7.11    3.25
 193249.561   147.988     7.40    2.99
 193628.699   150.301     6.10    2.90
 194007.906   153.274     7.84    3.56
 194387.184   156.753     9.17    4.45
 194766.533   162.000    13.83    6.39
 195145.952   168.051    15.95    6.86
 195525.441   174.750    17.65    8.96
 195905.000   182.154    19.51    9.74
 196284.630   189.646    19.74   11.67
 196664.331   195.684    15.90   11.38
 197044.102   199.859    11.00    9.43
 197423.943   203.337     9.16    6.82
 197803.856   204.675     3.52    5.81
 198183.838   206.587     5.03    5.61
 198563.892   207.500     2.40    5.13
