# NaN NaN NaN ;Mean Elev.(m), Avg Gradient(m/km), RMS Gradient(m/km) - SRTM1     
#    1.147  -4.976  18.523 ;Mean Elev.(m), Avg Gradient(m/km), RMS Gradient(m/km) - ASTER GDEM
#   17.412  -4.929  16.598 ;Mean Elev.(m), Avg Gradient(m/km), RMS Gradient(m/km) - GMTED2010 
  8    94.512 52491.84005633  7.89 228.721610  67.465770  3.833
  8    92.596 52491.84005698  6.52 228.718040  67.462710  3.833
  8    89.687 52491.84005762  7.64 228.714473  67.459651 16.985
  8    88.403 52491.84005826  9.29 228.710903  67.456601 16.985
  8    88.816 52491.84005891 12.33 228.707333  67.453541 16.985
  8    89.242 52491.84005955 15.04 228.703773  67.450481 16.985
 10    93.993 52561.84008565 16.21 228.724184  67.465167 13.095
 10    92.242 52561.84008630 17.14 228.720614  67.462107 13.095
 10    88.459 52561.84008694 18.25 228.717044  67.459057 13.095
 10    88.830 52561.84008759 18.81 228.713474  67.455997 13.095
 10    89.429 52561.84008823 19.99 228.709904  67.452937 13.095
 10    90.106 52561.84008888 23.51 228.706344  67.449877 13.095
 12    94.075 52631.84004038 13.32 228.728068  67.466957  7.344
 12    92.898 52631.84004102 12.68 228.724498  67.463897  7.344
 12    91.286 52631.84004167 13.95 228.720928  67.460847  7.344
 12    87.932 52631.84004231 15.35 228.717358  67.457787  7.344
 12    88.535 52631.84004296 16.91 228.713788  67.454727  7.344
 12    89.118 52631.84004360 18.13 228.710228  67.451667  7.344
 12    89.805 52631.84004425 18.66 228.706658  67.448607  7.344
 13    93.569 52666.84006155 11.72 228.715519  67.467439  4.408
 13    91.966 52666.84006219 13.63 228.711949  67.464379  4.408
 13    90.205 52666.84006284 13.17 228.708379  67.461319  4.408
 13    88.097 52666.84006348 14.99 228.704819  67.458259  4.408
 13    88.741 52666.84006413 14.28 228.701251  67.455201  7.016
 13    89.121 52666.84006477 16.74 228.697681  67.452151  7.016
 14    89.378 52701.84003401 11.82 228.723398  67.453781  3.766
 14    90.503 52701.84003465 11.65 228.719838  67.450721  3.766
 14    97.660 52701.84003529 12.08 228.716268  67.447661  3.766
 15    92.107 52736.84007345  8.20 228.712952  67.466166  3.447
 15    91.182 52736.84007410  8.40 228.709382  67.463106  3.447
 15    90.094 52736.84007474  7.99 228.705812  67.460046  3.447
 15    89.428 52736.84007539  9.08 228.702252  67.456986  3.447
 15    92.541 52736.84007603  8.34 228.698682  67.453926  3.447
 15    89.743 52736.84007668 10.30 228.695122  67.450866  3.447
 17    94.851 52806.84009664 10.28 228.727275  67.465151 13.363
 17    92.659 52806.84009729  8.85 228.723705  67.462091 13.363
 17    90.630 52806.84009793  9.97 228.720135  67.459041 13.363
 17    90.965 52806.84009858 10.52 228.716565  67.455981 13.363
 17    91.295 52806.84009922 11.52 228.712995  67.452921 13.363
 17    91.848 52806.84009987 13.80 228.709435  67.449861 13.363
 18    87.211 52841.84015733 13.71 228.718208  67.458006 17.914
 18    33.401 52841.84015798 27.40 228.714638  67.454946 17.914
 18    16.164 52841.84015862 34.48 228.711068  67.451886 17.914
 18    11.589 52841.84015926 41.89 228.707508  67.448826 17.914
 19    12.410 52876.84019473 28.66 228.719762  67.465005 12.054
 19    12.823 52876.84019538 36.31 228.716192  67.461955 12.054
 19    12.040 52876.84019602 40.71 228.712622  67.458895 12.054
 19    12.545 52876.84019667 42.76 228.709062  67.455835 12.054
 19    12.515 52876.84019731 40.87 228.705492  67.452775 12.054
 19    11.164 52876.84019796 32.54 228.701922  67.449715 12.054
 20    92.313 52911.84015475 10.60 228.712501  67.465589 13.424
 20    90.140 52911.84015539 10.81 228.708932  67.462528 27.781
 20    89.362 52911.84015604 12.31 228.705372  67.459478 27.781
 20    88.600 52911.84015668 12.84 228.701802  67.456418 27.781
 20    89.360 52911.84015733 14.39 228.698242  67.453358 27.781
 20    89.563 52911.84015797 21.25 228.694672  67.450298 27.781
 21    93.613 52946.84010955 17.52 228.737128  67.463212  8.745
 21    92.397 52946.84011020 18.01 228.733558  67.460162  8.745
 21    88.036 52946.84011084 20.27 228.729988  67.457102  8.745
 21    89.200 52946.84011148 19.27 228.726418  67.454042  8.745
 21    89.772 52946.84011213 21.38 228.722858  67.450982  8.745
 21    90.590 52946.84011277 22.45 228.719288  67.447932  8.745
 23    92.422 53016.84014406 10.89 228.708785  67.468062  5.889
 23    91.244 53016.84014471 11.05 228.705215  67.465012  5.889
 23    90.185 53016.84014535  9.61 228.701655  67.461952  5.889
 23    88.781 53016.84014600 11.25 228.698085  67.458892  5.889
 23    88.573 53016.84014664 11.80 228.694515  67.455832  5.889
 23    89.405 53016.84014729 11.63 228.690955  67.452772  5.889
 24    93.315 53051.84012251  9.50 228.729599  67.464638  3.913
 24    91.789 53051.84012316  9.96 228.726029  67.461578  3.913
 24    89.158 53051.84012380 10.91 228.722459  67.458518  3.913
 24    89.139 53051.84012445 11.10 228.718889  67.455468  3.913
 24    89.664 53051.84012509 10.07 228.715329  67.452408  3.913
 24    90.359 53051.84012574 12.40 228.711759  67.449348  3.913
 25    92.470 53086.84015963  7.98 228.699918  67.467317  3.744
 25    91.083 53086.84016027  6.97 228.696348  67.464267  3.744
 25    90.058 53086.84016092  6.70 228.692778  67.461207  3.744
 25    89.068 53086.84016156  6.98 228.689218  67.458147  3.744
 25    89.432 53086.84016221  7.32 228.685648  67.455087  3.744
 25    89.730 53086.84016285  7.91 228.682088  67.452027  3.744
 26    95.108 53121.84012912  4.61 228.724404  67.466159  3.203
 26    92.863 53121.84012977  4.98 228.720834  67.463099  3.203
 26    92.030 53121.84013041  5.05 228.717264  67.460049  3.203
 26    90.619 53121.84013106  5.21 228.713694  67.456989  3.203
 26    90.089 53121.84013170  5.63 228.710134  67.453929  3.203
 26    90.725 53121.84013235  5.39 228.706564  67.450869  3.203
 26    91.295 53121.84013299  6.51 228.702994  67.447809  3.203
 27    95.763 53156.84018450 18.09 228.717225  67.467596 18.495
 27    94.653 53156.84018514 17.52 228.713655  67.464536 18.495
 27    94.229 53156.84018578 14.51 228.710085  67.461476 18.495
 27    91.215 53156.84018643 16.01 228.706525  67.458416 18.495
 27    90.288 53156.84018707 17.35 228.702955  67.455366 18.495
 27    89.878 53156.84018772 20.28 228.699385  67.452306 18.495
 27    90.229 53156.84018836 25.42 228.695825  67.449246 18.495
 28    18.481 53191.84017725 36.67 228.719294  67.464749 23.997
 28    19.228 53191.84017790 38.35 228.715734  67.461699 23.997
 28    18.156 53191.84017854 39.25 228.712164  67.458639 23.997
 28    17.593 53191.84017919 37.05 228.708594  67.455579 23.997
 28    17.618 53191.84017983 40.17 228.705034  67.452519 23.997
 28    18.610 53191.84018048 37.55 228.701464  67.449459 23.997
 29    92.066 53226.84017956 10.99 228.715694  67.466254 18.397
 29    91.165 53226.84018021  8.35 228.712124  67.463194 18.397
 29    89.886 53226.84018085  7.86 228.708564  67.460144 18.397
 29    88.595 53226.84018150 10.00 228.704994  67.457084 18.397
 29    88.891 53226.84018214 10.82 228.701434  67.454024 18.397
 29    89.552 53226.84018278 16.04 228.697864  67.450964 18.397
 30    91.886 53261.84015330  7.24 228.700899  67.467679 18.261
 30    90.862 53261.84015394  7.19 228.697339  67.464629 18.261
 30    89.876 53261.84015459  7.34 228.693769  67.461569 18.261
 30    88.829 53261.84015523  6.26 228.690199  67.458509 18.261
 30    89.341 53261.84015588  8.92 228.686639  67.455449 18.261
 30    89.732 53261.84015652 15.43 228.683079  67.452389 18.261
 31    93.420 53296.84018803 19.18 228.715009  67.465956 16.030
 31    92.254 53296.84018867 17.60 228.711439  67.462896 16.030
 31    89.400 53296.84018932 20.61 228.707869  67.459846 16.030
 31    88.570 53296.84018996 22.77 228.704299  67.456786 16.030
 31    88.918 53296.84019060 24.53 228.700729  67.453726 16.030
 31    89.394 53296.84019125 25.54 228.697159  67.450666 16.030
 32    93.104 53331.84016039 12.70 228.715065  67.464737 11.352
 32    91.478 53331.84016104 13.57 228.711495  67.461687 11.352
 32    89.340 53331.84016168 15.08 228.707935  67.458627 11.352
 32    88.699 53331.84016233 17.05 228.704365  67.455567 11.352
 32    88.836 53331.84016297 18.59 228.700795  67.452507 11.352
 32    89.310 53331.84016361 23.49 228.697235  67.449447 11.352
 33    92.983 53366.84010601 13.08 228.707787  67.468090  6.124
 33    91.524 53366.84010666 13.23 228.704227  67.465040  6.124
 33    90.588 53366.84010730 12.64 228.700657  67.461980  6.124
 33    89.171 53366.84010795 13.48 228.697097  67.458920  6.124
 33    88.420 53366.84010859 14.25 228.693527  67.455860  6.124
 33    88.951 53366.84010923 15.44 228.689967  67.452800  6.124
 35    92.028 53436.84012329 11.46 228.707072  67.465628  5.814
 35    90.718 53436.84012393 10.08 228.703502  67.462578  5.814
 35    89.723 53436.84012458  9.60 228.699942  67.459518  5.814
 35    88.630 53436.84012522 10.71 228.696372  67.456458  5.814
 35    89.209 53436.84012587 10.95 228.692812  67.453398  5.814
 35    89.210 53436.84012651 17.26 228.689252  67.450348  5.814
 36    94.404 53471.84017416  7.54 228.722213  67.466921  5.926
 36    93.227 53471.84017481  8.64 228.718643  67.463861  5.926
 36    91.936 53471.84017545  7.85 228.715073  67.460811  5.926
 36    87.919 53471.84017609 11.94 228.711503  67.457751  5.926
 36    88.673 53471.84017674 10.67 228.707933  67.454691  5.926
 36    89.523 53471.84017738 10.93 228.704373  67.451631  5.926
 36    90.068 53471.84017803 13.17 228.700803  67.448581  5.926
 37    19.359 53506.84020579 32.05 228.714787  67.467555  7.452
 37    19.037 53506.84020643 32.99 228.711216  67.464498 17.557
 37    19.338 53506.84020708 36.59 228.707646  67.461448 17.557
 37    19.142 53506.84020772 45.11 228.704086  67.458388 17.557
 37    19.504 53506.84020836 43.20 228.700516  67.455328 17.557
 37    20.159 53506.84020901 43.49 228.696946  67.452268 17.557
 38    92.428 53541.84021225  9.86 228.710740  67.465046 15.997
 38    90.638 53541.84021289  8.88 228.707180  67.461996 15.997
 38    89.511 53541.84021354  9.46 228.703610  67.458936 15.997
 38    88.919 53541.84021418 10.38 228.700040  67.455876 15.997
 38    89.346 53541.84021483 12.91 228.696480  67.452816 15.997
 38    89.860 53541.84021547 18.86 228.692910  67.449756 15.997
 39    12.712 53576.84020029 24.06 228.707664  67.467899 18.363
 39    13.940 53576.84020093 30.51 228.704094  67.464849 18.363
 39    13.161 53576.84020158 35.91 228.700524  67.461789 18.363
 39    12.225 53576.84020222 30.96 228.696964  67.458729 18.363
 39    13.809 53576.84020287 30.37 228.693394  67.455669 18.363
 39    13.573 53576.84020351 37.12 228.689834  67.452609 18.363
 40    91.493 53611.84015290  8.51 228.698562  67.465741 17.767
 40    90.665 53611.84015355  7.93 228.694992  67.462681 17.767
 40    89.209 53611.84015419  8.98 228.691422  67.459621 17.767
 40    88.895 53611.84015484  9.64 228.687862  67.456561 17.767
 40    89.332 53611.84015548 14.29 228.684302  67.453501 17.767
 41    94.228 53646.84015656 16.27 228.728487  67.465737 15.381
 41    92.898 53646.84015720 14.09 228.724917  67.462677 15.381
 41    91.624 53646.84015785 13.50 228.721347  67.459617 15.381
 41    88.218 53646.84015849 17.57 228.717777  67.456567 15.381
 41    89.322 53646.84015914 16.18 228.714217  67.453507 15.381
 41    89.712 53646.84015978 20.61 228.710647  67.450447 15.381
 41    90.308 53646.84016043 22.43 228.707077  67.447387 15.381
 42    92.545 53681.84017316  7.59 228.706526  67.465941  5.284
 42    91.213 53681.84017381  6.27 228.702956  67.462891  5.284
 42    89.806 53681.84017445  7.05 228.699396  67.459831  5.284
 42    88.838 53681.84017510  6.23 228.695826  67.456771  5.284
 42    90.778 53681.84017574  6.54 228.692256  67.453711  5.284
 42    94.523 53681.84017639  6.02 228.688696  67.450651  5.284
 43    93.741 53716.84010028  6.03 228.710278  67.467611  4.359
 43    92.520 53716.84010092  6.69 228.706708  67.464561  4.359
 43    90.588 53716.84010157  6.81 228.703138  67.461501  4.359
 43    89.646 53716.84010221  6.43 228.699578  67.458441  4.359
 43    89.295 53716.84010286  7.25 228.696008  67.455381  4.359
 43    89.823 53716.84010350  7.03 228.692448  67.452321  4.359
 44    94.825 53751.84001889  8.25 228.735811  67.465010  5.326
 44    93.361 53751.84001953  8.51 228.732243  67.461952  5.016
 44    92.095 53751.84002017  8.78 228.728673  67.458892  5.016
 44    90.079 53751.84002082  9.63 228.725103  67.455832  5.016
 44    90.065 53751.84002146  9.47 228.721533  67.452782  5.016
 44    90.524 53751.84002211  9.77 228.717963  67.449722  5.016
 44    91.444 53751.84002275 11.87 228.714403  67.446662  5.016
 45    93.452 53786.84004971  8.56 228.714776  67.464782  6.043
 45    91.932 53786.84005036  9.08 228.711206  67.461732  6.043
 45    89.885 53786.84005100  9.30 228.707636  67.458672  6.043
 45    89.160 53786.84005165  9.10 228.704076  67.455612  6.043
 45    89.444 53786.84005229 10.34 228.700506  67.452552  6.043
 45    90.018 53786.84005294 12.03 228.696946  67.449492  6.043
 46    92.112 53821.84000509  8.53 228.698987  67.466586  3.208
 46    90.936 53821.84000573  7.90 228.695422  67.463530  4.541
 46    89.746 53821.84000638  8.39 228.691862  67.460470  4.541
 46    88.932 53821.84000702  8.81 228.688292  67.457410  4.541
 46    89.575 53821.84000766  8.95 228.684732  67.454350  4.541
 46    89.399 53821.84000831 11.78 228.681172  67.451290  4.541
 47    94.997 53856.84009464  2.29 228.718791  67.465867  2.778
 47    93.124 53856.84009529  2.68 228.715221  67.462817  2.778
 47    91.682 53856.84009593  2.85 228.711656  67.459753  2.726
 47    91.394 53856.84009658  2.87 228.708086  67.456693  2.726
 47    92.553 53856.84009722  2.64 228.704516  67.453643  2.726
 47    93.616 53856.84009787  2.61 228.700956  67.450583  2.726
 48    95.280 53891.84010727 11.44 228.724006  67.465104 11.990
 48    94.527 53891.84010792 10.73 228.720436  67.462044 11.990
 48    93.670 53891.84010856 11.02 228.716866  67.458994 11.990
 48    92.496 53891.84010920 10.62 228.713296  67.455934 11.990
 48    91.484 53891.84010985 13.63 228.709736  67.452874 11.990
 48    92.090 53891.84011049 14.61 228.706166  67.449814 11.990
 49    13.173 53926.84016862 38.49 228.708291  67.466145 24.477
 49    12.388 53926.84016926 44.81 228.704719  67.463089 14.835
 49    12.118 53926.84016991 42.47 228.701159  67.460029 14.835
 49    12.001 53926.84017055 35.19 228.697589  67.456979 14.835
 49    12.186 53926.84017119 25.19 228.694019  67.453919 14.835
 49    12.963 53926.84017184 24.02 228.690459  67.450859 14.835
 50    12.089 53961.84015389 28.20 228.701479  67.466186 22.843
 50    10.795 53961.84015453 35.12 228.697909  67.463126 15.798
 50    10.510 53961.84015518 22.97 228.694339  67.460076 15.798
 50    11.643 53961.84015582 16.10 228.690779  67.457016 15.798
 50    90.578 53961.84015647 13.87 228.687209  67.453956 15.798
 51    11.320 53996.84009590 23.75 228.739991  67.463551 21.219
 51    11.068 53996.84009654 20.70 228.736421  67.460494 10.565
 51    11.549 53996.84009719 18.07 228.732851  67.457434 10.565
 51    12.445 53996.84009783 16.44 228.729281  67.454374 10.565
 51    86.825 53996.84009848 14.85 228.725711  67.451324 10.565
 51    90.983 53996.84009912 15.16 228.722141  67.448264 10.565
 52    94.619 54031.84014818 17.94 228.727375  67.465808 17.192
 52    93.319 54031.84014882 18.81 228.723805  67.462758 17.192
 52    90.510 54031.84014947 17.42 228.720235  67.459696 13.266
 52    88.392 54031.84015011 21.21 228.716665  67.456636 13.266
 52    89.177 54031.84015076 21.00 228.713105  67.453586 13.266
 52    89.794 54031.84015140 24.47 228.709535  67.450526 13.266
 52    90.226 54031.84015205 27.83 228.705965  67.447466 13.266
 53    93.960 54066.84014222 18.13 228.716272  67.467251  4.906
 53    93.026 54066.84014287 17.33 228.712705  67.464196  8.125
 53    91.099 54066.84014351 16.30 228.709135  67.461136  8.125
 53    89.089 54066.84014415 18.54 228.705565  67.458086  8.125
 53    88.838 54066.84014480 18.04 228.702005  67.455026  8.125
 53    89.281 54066.84014544 20.23 228.698435  67.451966  8.125
 54    92.562 54101.84010376 15.39 228.704182  67.466898  5.109
 54    91.193 54101.84010441 14.75 228.700612  67.463837  6.048
 54    89.971 54101.84010505 15.20 228.697052  67.460787  6.048
 54    88.567 54101.84010570 16.62 228.693482  67.457727  6.048
 54    88.498 54101.84010634 16.80 228.689922  67.454667  6.048
 54    89.262 54101.84010699 15.44 228.686352  67.451607  6.048
 55    93.994 54136.84006981 11.85 228.724378  67.465097  5.671
 55    91.980 54136.84007045 11.28 228.720803  67.462035  6.017
 55    89.268 54136.84007110 12.61 228.717233  67.458975  6.017
 55    89.068 54136.84007174 13.33 228.713663  67.455925  6.017
 55    89.452 54136.84007239 13.08 228.710103  67.452865  6.017
 55    90.434 54136.84007303 14.67 228.706533  67.449805  6.017
 56    92.673 54171.84008056 10.99 228.706563  67.466303  4.795
 56    91.543 54171.84008120 10.60 228.702993  67.463243  4.795
 56    90.095 54171.84008185 10.44 228.699423  67.460193  4.795
 56    89.020 54171.84008249 11.23 228.695863  67.457133  4.795
 56    88.814 54171.84008314 12.13 228.692293  67.454073  4.795
 56    89.827 54171.84008378 12.44 228.688733  67.451013  4.795
 57    94.716 54206.84007504  7.42 228.725210  67.465490  6.656
 57    93.526 54206.84007568  7.31 228.721640  67.462430  6.656
 57    91.508 54206.84007633  7.30 228.718070  67.459370  6.656
 57    89.316 54206.84007697  9.66 228.714500  67.456320  6.656
 57    90.029 54206.84007762  8.17 228.710930  67.453260  6.656
 57    90.491 54206.84007826  9.80 228.707370  67.450200  6.656
 58    94.941 54241.84010761  2.02 228.718261  67.466726  6.128
 58    93.381 54241.84010825  3.63 228.714701  67.463666  6.128
 58    92.276 54241.84010890  1.75 228.711131  67.460606  6.128
 58    92.567 54241.84010954  0.78 228.707561  67.457556  6.128
 59    14.506 54276.84012232 43.55 228.717198  67.465826 19.667
 59    14.794 54276.84012296 43.24 228.713628  67.462766 19.667
 59    14.422 54276.84012361 45.38 228.710068  67.459706 19.667
 59    14.813 54276.84012425 44.47 228.706498  67.456656 19.667
 59    14.714 54276.84012490 41.92 228.702928  67.453596 19.667
 59    15.593 54276.84012554 42.85 228.699368  67.450536 19.667
 60    93.330 54311.84012331  9.78 228.716870  67.465483 17.188
 60    91.894 54311.84012396  8.65 228.713300  67.462423 17.188
 60    89.955 54311.84012460  8.61 228.709740  67.459363 17.188
 60    89.562 54311.84012525  8.89 228.706170  67.456313 17.188
 60    90.607 54311.84012589 10.05 228.702600  67.453253 17.188
 60    91.131 54311.84012654 14.45 228.699040  67.450193 17.188
 61    91.701 54346.84009663  8.91 228.704440  67.466236 19.874
 61    90.727 54346.84009728  8.50 228.700880  67.463176 19.874
 61    89.855 54346.84009792  7.65 228.697310  67.460126 19.874
 61    88.966 54346.84009857  8.30 228.693750  67.457066 19.874
 61    89.255 54346.84009921 13.33 228.690180  67.454006 19.874
 61    89.559 54346.84009986 22.48 228.686620  67.450946 19.874
 62    93.053 54381.84006004 19.86 228.724324  67.465560 19.555
 62    90.295 54381.84006069 19.60 228.720754  67.462500 19.555
 62    89.402 54381.84006133 19.20 228.717184  67.459450 19.555
 62    88.532 54381.84006197 21.80 228.713614  67.456390 19.555
 62    88.906 54381.84006262 25.04 228.710054  67.453330 19.555
 62    89.742 54381.84006326 26.76 228.706484  67.450270 19.555
 63    93.794 54416.84004544 13.37 228.710368  67.467213  8.481
 63    92.362 54416.84004609 11.77 228.706808  67.464153  8.481
 63    90.585 54416.84004673 13.63 228.703238  67.461103  8.481
 63    89.155 54416.84004738 13.46 228.699668  67.458043  8.481
 63    88.598 54416.84004802 15.01 228.696108  67.454983  8.481
 63    89.070 54416.84004866 15.81 228.692538  67.451923  8.481
 64    93.547 54451.84002912 12.53 228.727638  67.464933  6.218
 64    92.561 54451.84002976 14.06 228.724068  67.461873  6.218
 64    90.137 54451.84003040 13.97 228.720498  67.458823  6.218
 64    89.552 54451.84003105 15.10 228.716928  67.455763  6.218
 64    89.487 54451.84003169 14.31 228.713368  67.452703  6.218
 64    90.064 54451.84003234 16.64 228.709798  67.449643  6.218
 65    93.567 54486.84004232 11.54 228.716834  67.465836  4.371
 65    92.217 54486.84004296 11.78 228.713266  67.462771  6.505
 65    90.562 54486.84004360 12.55 228.709696  67.459711  6.505
 65    89.077 54486.84004425 12.81 228.706126  67.456661  6.505
 65    89.233 54486.84004489 12.23 228.702566  67.453601  6.505
 65    89.566 54486.84004554 14.73 228.698996  67.450541  6.505
 66    94.071 54521.84004248  9.24 228.723431  67.465210  3.548
 66    92.795 54521.84004313  9.81 228.719861  67.462160  3.548
 66    90.968 54521.84004377  9.84 228.716291  67.459100  3.548
 66    89.140 54521.84004442 10.63 228.712721  67.456040  3.548
 66    89.346 54521.84004506  9.89 228.709151  67.452980  3.548
 66    90.334 54521.84004571 10.25 228.705591  67.449930  3.548
 67    92.669 54556.84005302 10.62 228.706566  67.465397  3.461
 67    90.819 54556.84005367  8.87 228.702996  67.462337  3.461
 67    89.785 54556.84005431  8.75 228.699436  67.459277  3.461
 67    88.950 54556.84005496  9.60 228.695866  67.456217  3.461
 67    92.180 54556.84005560  8.38 228.692306  67.453167  3.461
 67    93.748 54556.84005625  9.79 228.688736  67.450107  3.461
 69    13.086 54626.84005447 18.75 228.712868  67.465281  8.873
 69    11.511 54626.84005511 18.52 228.709298  67.462221  8.873
 69    12.041 54626.84005576 18.30 228.705728  67.459161  8.873
 69    11.547 54626.84005640 17.48 228.702158  67.456101  8.873
 69    11.629 54626.84005705 17.39 228.698598  67.453041  8.873
 69    91.899 54626.84005769 16.51 228.695038  67.449991  8.873
 70    17.288 54661.84006230 23.30 228.714516  67.464701  5.769
 70    14.640 54661.84006294 16.74 228.710946  67.461641  5.769
 70    16.041 54661.84006359 18.60 228.707376  67.458581  5.769
 70    14.183 54661.84006423 18.77 228.703816  67.455521  5.769
 70    14.346 54661.84006488 16.93 228.700246  67.452471  5.769
 70    90.518 54661.84006552 17.07 228.696686  67.449411  5.769
 71    11.007 54696.84003807 36.72 228.709500  67.466744 15.438
 71    11.063 54696.84003871 28.18 228.705930  67.463684 15.438
 71    11.277 54696.84003936 22.90 228.702360  67.460624 15.438
 71    11.141 54696.84004000 18.12 228.698800  67.457564 15.438
 71    11.393 54696.84004065 15.33 228.695230  67.454504 15.438
 71    91.675 54696.84004129 14.59 228.691670  67.451454 15.438
 72    93.476 54731.84001793  9.91 228.725335  67.466079 13.998
 72    92.412 54731.84001858  8.57 228.721765  67.463019 13.998
 72    90.622 54731.84001922  9.03 228.718205  67.459969 13.998
 72    89.524 54731.84001986  9.45 228.714635  67.456909 13.998
 72    89.441 54731.84002051 10.48 228.711065  67.453849 13.998
 72    89.841 54731.84002115 14.22 228.707495  67.450799 13.998
 72    89.954 54731.84002180 19.09 228.703935  67.447739 13.998
 73    93.422 54766.84001730 17.46 228.715358  67.465729 13.170
 73    92.334 54766.84001794 14.86 228.711788  67.462669 13.170
 73    90.053 54766.84001859 14.78 228.708218  67.459609 13.170
 73    88.770 54766.84001923 17.00 228.704658  67.456549 13.170
 73    89.203 54766.84001988 17.70 228.701088  67.453489 13.170
 73    89.583 54766.84002052 19.35 228.697528  67.450439 13.170
 74    94.481 54801.84001202 11.88 228.724873  67.465516  8.260
 74    91.326 54801.84001266 12.81 228.721303  67.462466  8.260
 74    91.549 54801.84001331 12.08 228.717733  67.459406  8.260
 74    88.925 54801.84001395 13.92 228.714163  67.456346  8.260
 74    89.631 54801.84001460 13.40 228.710593  67.453286  8.260
 74    89.878 54801.84001524 17.40 228.707033  67.450236  8.260
 75    93.835 54836.84000921 14.38 228.716355  67.467020  5.977
 75    92.157 54836.84000985 15.60 228.712795  67.463970  5.977
 75    91.238 54836.84001050 13.80 228.709225  67.460910  5.977
 75    89.327 54836.84001114 15.10 228.705655  67.457850  5.977
 75    88.276 54836.84001179 16.15 228.702085  67.454790  5.977
 75    89.324 54836.84001243 15.56 228.698525  67.451740  5.977
 76    94.163 54871.84001055 11.74 228.724400  67.465065  4.545
 76    92.367 54871.84001120 12.85 228.720830  67.462015  4.545
 76    90.702 54871.84001184 11.82 228.717260  67.458955  4.545
 76    89.312 54871.84001249 12.69 228.713690  67.455895  4.545
 76    89.345 54871.84001313 12.19 228.710120  67.452835  4.545
 76    90.010 54871.84001377 13.57 228.706560  67.449785  4.545
 77    92.342 54906.84001736 12.36 228.704344  67.467880  4.963
 77    91.605 54906.84001800 11.68 228.700774  67.464820  4.963
 77    90.530 54906.84001865 10.92 228.697214  67.461760  4.963
 77    89.601 54906.84001929 10.81 228.693644  67.458700  4.963
 77    89.059 54906.84001994 11.34 228.690084  67.455640  4.963
 77    89.492 54906.84002058 11.67 228.686514  67.452590  4.963
 78    94.454 54941.84000323  8.62 228.721993  67.464732  5.111
 78    91.707 54941.84000388  8.67 228.718423  67.461672  5.111
 78    89.837 54941.84000452  9.08 228.714853  67.458612  5.111
 78    90.052 54941.84000517  9.58 228.711283  67.455552  5.111
 78    89.873 54941.84000581  9.72 228.707713  67.452492  5.111
 78    90.367 54941.84000646 11.86 228.704153  67.449442  5.111
 79    95.653 54976.84003104 16.62 228.717365  67.466809 14.426
 79    95.135 54976.84003169 14.58 228.713795  67.463749 14.426
 79    94.239 54976.84003233 14.85 228.710225  67.460689 14.426
 79    92.598 54976.84003298 16.23 228.706655  67.457629 14.426
 79    91.846 54976.84003362 17.45 228.703095  67.454569 14.426
 79    92.438 54976.84003426 18.24 228.699525  67.451519 14.426
 80    94.930 55011.84004033  9.90 228.712058  67.465148 18.301
 80    91.001 55011.84004097 10.25 228.708488  67.462088 18.301
 80    89.992 55011.84004162 10.57 228.704918  67.459028 18.301
 80    89.711 55011.84004226 11.32 228.701348  67.455968 18.301
 80    89.679 55011.84004291 14.66 228.697788  67.452908 18.301
 80    90.346 55011.84004355 16.90 228.694228  67.449858 18.301
 81    93.448 55046.84003159  9.98 228.719494  67.466801 19.258
 81    92.109 55046.84003224  8.35 228.715924  67.463751 19.258
 81    90.754 55046.84003288  8.82 228.712354  67.460691 19.258
 81    89.479 55046.84003353  9.65 228.708784  67.457631 19.258
 81    88.726 55046.84003417 12.28 228.705224  67.454571 19.258
 81    89.241 55046.84003482 14.48 228.701654  67.451521 19.258
 82    91.577 55081.84000494  9.02 228.701654  67.464184 15.920
 82    90.140 55081.84000559  9.34 228.698084  67.461124 15.920
 82    90.168 55081.84000623  9.61 228.694514  67.458064 15.920
 82    91.355 55081.84000688  9.98 228.690954  67.455014 15.920
 82    89.724 55081.84000752 17.64 228.687384  67.451954 15.920
 83    93.246 55116.83996396 16.21 228.723194  67.464596  8.824
 83    91.509 55116.83996461 16.34 228.719624  67.461536  8.824
 83    90.208 55116.83996525 17.15 228.716054  67.458476  8.824
 83    89.282 55116.83996590 17.12 228.712484  67.455416  8.824
 83    89.721 55116.83996654 16.85 228.708914  67.452356  8.824
 83    90.466 55116.83996719 19.40 228.705354  67.449306  8.824
 84    93.234 55151.83996227 18.46 228.711907  67.465568  8.935
 84    91.339 55151.83996291 18.13 228.708337  67.462518  8.935
 84    89.381 55151.83996356 19.56 228.704767  67.459458  8.935
 84    88.831 55151.83996420 20.15 228.701207  67.456398  8.935
 84    89.350 55151.83996485 19.56 228.697637  67.453338  8.935
 84    89.536 55151.83996549 23.47 228.694077  67.450288  8.935
 85    93.702 55186.83995035 16.96 228.723336  67.464375  8.616
 85    92.291 55186.83995099 18.05 228.719766  67.461315  8.616
 85    88.418 55186.83995164 18.42 228.716196  67.458255  8.616
 85    89.198 55186.83995228 18.10 228.712626  67.455195  8.616
 85    89.399 55186.83995292 19.18 228.709056  67.452135  8.616
 85    89.958 55186.83995357 21.31 228.705496  67.449085  8.616
 86    92.984 55221.83996075 16.76 228.711429  67.465560  6.815
 86    91.305 55221.83996139 16.30 228.707859  67.462500  6.815
 86    89.703 55221.83996204 15.55 228.704289  67.459440  6.815
 86    88.603 55221.83996268 16.67 228.700719  67.456380  6.815
 86    89.332 55221.83996333 16.86 228.697159  67.453320  6.815
 86    89.366 55221.83996397 19.09 228.693599  67.450270  6.815
 87    93.705 55256.83994626 14.29 228.722202  67.465906  5.433
 87    91.524 55256.83994691 14.66 228.718642  67.462856  5.433
 87    90.720 55256.83994755 14.92 228.715072  67.459796  5.433
 87    89.446 55256.83994820 15.01 228.711502  67.456736  5.433
 87    89.004 55256.83994884 16.69 228.707932  67.453676  5.433
 87    90.079 55256.83994948 16.07 228.704372  67.450626  5.433
 88    92.774 55291.83994868 11.05 228.706206  67.468054  6.458
 88    91.801 55291.83994933 10.79 228.702636  67.464994  6.458
 88    90.587 55291.83994997 10.88 228.699066  67.461934  6.458
 88    89.335 55291.83995062 11.82 228.695496  67.458874  6.458
 88    89.262 55291.83995126 11.18 228.691936  67.455814  6.458
 88    89.543 55291.83995191 12.07 228.688376  67.452764  6.458
 89    92.492 55326.83993066 17.87 228.715357  67.466064 16.921
 89    92.223 55326.83993131 13.46 228.711787  67.463004 16.921
 89    90.144 55326.83993195 14.64 228.708217  67.459944 16.921
 89    88.503 55326.83993259 17.30 228.704647  67.456884 16.921
 89    88.906 55326.83993324 19.45 228.701077  67.453824 16.921
 89    89.404 55326.83993388 20.99 228.697517  67.450774 16.921
 90    92.886 55361.83992744 12.72 228.709986  67.465377 12.259
 90    90.225 55361.83992808 14.14 228.706426  67.462317 12.259
 90    88.463 55361.83992873 14.67 228.702856  67.459257 12.259
 91    11.760 55396.83993437 18.94 228.721914  67.464115 15.421
 91    12.106 55396.83993502 20.54 228.718354  67.461055 15.421
 91    12.150 55396.83993566 25.75 228.714784  67.457995 15.421
 91    11.734 55396.83993631 23.22 228.711214  67.454935 15.421
 91    89.961 55396.83993695 15.94 228.707644  67.451885 15.421
 91    92.461 55396.83993760 12.47 228.704084  67.448825 15.421
 92    94.628 55431.83994193 10.32 228.719341  67.466683 14.205
 92    92.300 55431.83994258  9.03 228.715771  67.463633 14.205
 92    90.786 55431.83994322  9.27 228.712201  67.460573 14.205
 92    90.283 55431.83994387 10.05 228.708631  67.457513 14.205
 92    90.994 55431.83994451 10.84 228.705071  67.454453 14.205
 92    89.525 55431.83994515 14.93 228.701501  67.451393 14.205
 93    12.450 55466.83990206 36.90 228.704699  67.468248 13.762
 93     9.261 55466.83990271 39.10 228.701129  67.465188 13.762
 93    12.630 55466.83990335 42.84 228.697569  67.462128 13.762
 93    12.517 55466.83990400 43.81 228.693999  67.459068 13.762
 93    11.256 55466.83990464 42.13 228.690439  67.456008 13.762
 93    12.408 55466.83990528 41.09 228.686869  67.452958 13.762
