-184334.080   129.633     0.00    2.51
-183964.541   129.732     0.27    2.18
-183595.068   130.303     1.54    1.74
-183225.662   130.085    -0.59    1.34
-182856.322   130.095     0.03    1.87
-182487.048   129.398    -1.89    2.19
-182117.840   127.880    -4.11    2.58
-181748.698   126.561    -3.57    2.22
-181379.623   125.951    -1.65    1.67
-181010.613   126.235     0.77    2.18
-180641.670   128.867     7.14    4.71
-180272.793   133.561    12.73    8.11
-179903.981   139.463    16.01   10.27
-179535.236   146.111    18.03   10.33
-179166.556   150.247    11.22    9.46
-178797.943   153.025     7.54    7.71
-178429.395   153.000    -0.07    7.07
-178060.913   150.481    -6.84    7.58
-177692.496   144.118   -17.27   11.21
-177324.146   136.228   -21.42   12.89
-176955.861   128.464   -21.08   12.89
-176587.642   120.744   -20.97    7.20
-176219.488   118.176    -6.97    3.36
-175851.400   118.038    -0.38    2.91
-175483.378   119.756     4.67    3.65
-175115.421   122.438     7.29    3.77
-174747.529   125.859     9.30    4.67
-174379.704   130.519    12.67    6.55
-174011.943   136.901    17.36    8.40
-173644.248   143.439    17.78    9.10
-173276.618   150.049    17.98    7.83
-172909.053   155.317    14.33    5.98
-172541.554   159.817    12.25    4.51
-172174.120   162.762     8.02    3.45
-171806.751   164.494     4.72    2.64
-171439.447   165.143     1.77    2.78
-171072.209   164.976    -0.46    3.27
-170705.035   165.136     0.44    3.25
-170337.927   165.438     0.82    3.31
-169970.884   166.153     1.95    3.10
-169603.905   167.038     2.41    2.45
-169236.992   167.855     2.23    1.45
-168870.144   168.169     0.85    1.13
-168503.360   167.976    -0.52    1.16
-168123.943   167.654    -0.85    1.40
-167743.742   167.723     0.18    1.43
-167363.611   168.231     1.34    1.89
-166983.551   168.919     1.81    2.00
-166603.561   170.012     2.88    2.30
-166223.641   171.463     3.82    2.57
-165843.791   172.617     3.04    2.48
-165464.012   173.277     1.74    2.07
-165084.303   173.537     0.68    1.68
-164704.663   173.602     0.17    1.66
-164325.094   173.845     0.64    1.41
-163945.595   173.987     0.37    1.19
-163566.166   174.095     0.28    0.94
-163186.807   174.188     0.24    0.68
-162807.518   174.415     0.60    0.65
-162428.299   174.577     0.43    0.78
-162049.149   174.940     0.96    1.03
-161670.070   175.231     0.77    1.13
-161291.060   175.732     1.32    1.08
-160912.120   176.198     1.23    0.91
-160533.249   176.435     0.63    0.68
-160154.449   176.573     0.36    0.50
-159775.718   176.346    -0.60    0.73
-159397.056   175.463    -2.33    1.47
-159018.464   174.446    -2.69    1.78
-158639.942   172.841    -4.24    2.01
-158261.489   171.157    -4.45    1.88
-157883.105   169.369    -4.72    2.11
-157504.791   167.848    -4.02    1.77
-157126.546   166.735    -2.94    1.20
-156748.370   166.089    -1.71    1.06
-156370.264   165.439    -1.72    1.29
-155992.227   164.532    -2.40    1.49
-155614.259   163.405    -2.98    1.88
-155236.361   161.808    -4.23    2.17
-154858.531   160.134    -4.43    2.28
-154480.771   158.667    -3.89    2.11
-154103.079   157.506    -3.07    1.79
-153725.457   156.975    -1.41    1.47
-153347.904   156.768    -0.55    1.20
-152970.419   156.817     0.13    1.26
-152593.003   157.133     0.84    1.24
-152215.657   157.235     0.27    1.12
-151838.379   157.108    -0.33    1.02
-151461.170   157.232     0.33    1.09
-151084.029   157.329     0.26    1.07
-150706.958   157.390     0.16    0.90
-150329.955   157.329    -0.16    0.67
-149953.020   157.148    -0.48    0.39
-149576.155   157.075    -0.19    0.27
-149199.357   157.012    -0.17    0.11
-148822.629   157.000    -0.03    0.00
-148445.968   157.000     0.00    0.00
-148069.377   156.987    -0.03    0.11
-147692.853   156.988     0.00    0.11
-147316.398   156.948    -0.11    0.22
-146940.012   156.904    -0.12    0.30
-146563.693   156.821    -0.22    0.39
-146187.443   156.807    -0.04    0.40
-145811.261   156.818     0.03    0.39
-145435.148   156.866     0.13    0.34
-145059.102   156.782    -0.22    0.42
-144683.125   156.720    -0.17    0.57
-144307.216   156.848     0.34    0.72
-143931.374   156.928     0.21    0.81
-143555.601   157.098     0.45    0.81
-143179.896   157.370     0.73    0.70
-142804.258   157.630     0.69    0.58
-142428.689   157.683     0.14    0.47
-142053.187   157.580    -0.27    0.52
-141677.753   157.679     0.26    0.59
-141302.387   158.159     1.28    1.04
-140927.089   158.753     1.58    1.39
-140551.858   159.329     1.54    1.39
-140176.695   159.593     0.70    1.31
-139801.600   159.756     0.44    1.20
-139426.572   159.927     0.46    1.03
-139051.612   160.037     0.29    0.97
-138676.719   160.256     0.59    1.04
-138301.894   160.531     0.73    1.06
-137927.137   160.778     0.66    0.99
-137552.446   160.741    -0.10    0.94
-137177.823   160.630    -0.30    0.80
-136803.268   160.383    -0.66    0.62
-136428.780   160.074    -0.82    0.49
-136054.359   159.762    -0.83    0.43
-135680.005   159.637    -0.33    0.51
-135305.718   159.402    -0.63    0.63
-134931.499   159.128    -0.73    0.63
-134557.347   158.622    -1.35    0.84
-134183.261   158.244    -1.01    0.84
-133809.243   157.878    -0.98    0.79
-133435.292   157.395    -1.29    0.49
-133061.408   157.122    -0.73    0.64
-132687.591   156.779    -0.92    0.88
-132313.841   156.190    -1.58    1.09
-131940.157   155.377    -2.18    1.20
-131566.541   154.451    -2.48    1.36
-131192.991   153.462    -2.65    1.35
-130819.508   152.388    -2.87    1.29
-130446.091   151.312    -2.88    1.29
-130072.742   150.256    -2.83    1.25
-129699.459   149.329    -2.48    1.11
-129326.243   148.407    -2.47    1.07
-128953.093   147.564    -2.26    1.09
-128580.010   146.561    -2.69    1.47
-128206.993   145.434    -3.02    1.63
-127834.043   143.634    -4.83    2.65
-127461.159   141.753    -5.04    2.69
-127088.342   139.905    -4.96    2.53
-126715.591   137.935    -5.28    2.20
-126342.906   136.337    -4.29    1.95
-125970.288   135.346    -2.66    1.31
-125597.736   134.667    -1.82    0.92
-125225.250   134.051    -1.65    0.70
-124852.830   133.463    -1.58    0.92
-124480.476   132.701    -2.05    0.92
-124108.189   131.890    -2.18    0.97
-123735.968   131.091    -2.15    0.81
-123363.813   130.280    -2.18    1.10
-122991.723   129.423    -2.30    1.13
-122619.700   128.695    -1.96    0.94
-122247.743   128.128    -1.52    0.34
-121875.851   127.988    -0.38    0.29
-121504.026   127.769    -0.59    0.42
-121132.266   127.512    -0.69    0.50
-120760.572   127.282    -0.62    0.45
-120388.944   127.120    -0.43    0.33
-120017.382   127.179     0.16    0.55
-119645.885   127.024    -0.42    0.80
-119274.454   126.592    -1.16    1.06
-118903.089   125.793    -2.15    1.20
-118531.789   124.909    -2.38    1.24
-118160.555   123.914    -2.68    1.32
-117789.386   122.776    -3.06    1.48
-117418.283   121.439    -3.60    1.69
-117047.245   120.342    -2.96    1.46
-116676.273   119.318    -2.76    1.20
-116305.366   118.434    -2.38    0.85
-115934.524   117.639    -2.15    1.15
-115563.748   116.763    -2.36    1.12
-115193.037   116.185    -1.56    1.01
-114822.391   115.615    -1.54    1.14
-114451.811   114.691    -2.49    1.55
-114081.295   113.737    -2.58    1.69
-113710.845   112.634    -2.98    1.54
-113340.460   111.584    -2.83    0.92
-112970.140   110.857    -1.96    1.01
-112599.885   110.104    -2.03    0.93
-112229.695   109.400    -1.90    0.96
-111859.570   108.538    -2.33    0.94
-111489.510   107.571    -2.61    1.23
-111119.515   106.372    -3.24    1.56
-110749.585   105.210    -3.14    1.63
-110379.719   104.179    -2.79    1.34
-110009.918   103.198    -2.66    1.26
-109640.183   102.468    -1.97    1.25
-109270.511   101.720    -2.03    1.26
-108900.905   101.088    -1.71    1.05
-108531.363   100.475    -1.66    0.98
-108161.886   100.136    -0.92    0.92
-107792.473    99.683    -1.23    0.90
-107423.125    99.100    -1.58    1.06
-107053.842    98.247    -2.31    1.21
-106684.623    97.456    -2.14    1.17
-106315.469    96.494    -2.61    1.15
-105946.378    95.630    -2.34    1.32
-105577.353    94.659    -2.63    1.39
-105208.391    93.852    -2.19    1.18
-104839.494    93.063    -2.14    0.79
-104470.662    92.642    -1.14    0.68
-104101.893    92.235    -1.10    0.66
-103733.189    91.854    -1.03    0.70
-103364.549    91.506    -0.94    0.85
-102995.973    91.050    -1.24    1.25
-102627.461    90.136    -2.48    1.69
-102259.014    88.952    -3.21    1.70
-101890.630    87.785    -3.17    1.21
-101522.310    87.074    -1.93    0.72
-101154.055    86.705    -1.00    0.56
-100785.863    86.744     0.11    0.64
-100417.735    87.065     0.87    0.71
-100049.671    87.519     1.23    0.55
 -99681.671    87.800     0.76    0.40
 -99313.735    87.976     0.48    0.16
 -98945.863    87.987     0.03    0.11
 -98578.054    87.663    -0.88    0.75
 -98210.309    86.846    -2.22    1.64
 -97842.628    84.963    -5.12    2.90
 -97475.010    82.667    -6.25    2.95
 -97107.456    80.123    -6.92    2.85
 -96739.966    78.013    -5.74    2.75
 -96372.539    75.373    -7.18    3.73
 -96005.176    72.613    -7.52    4.10
 -95637.876    68.875   -10.18    4.25
 -95270.640    65.850    -8.24    3.97
 -94903.467    62.605    -8.84    3.68
 -94536.357    60.062    -6.93    3.25
 -94169.311    57.700    -6.43    2.26
 -93802.328    56.312    -3.78    1.61
 -93426.281    54.900    -3.76    1.45
 -93046.223    53.854    -2.75    1.50
 -92666.233    53.148    -1.86    1.24
 -92286.312    52.662    -1.28    0.98
 -91906.459    52.787     0.33    0.94
 -91526.674    53.104     0.83    0.82
 -91146.958    53.159     0.14    0.82
 -90767.310    52.610    -1.44    1.31
 -90387.731    51.852    -2.00    1.49
 -90008.219    51.118    -1.93    1.36
 -89628.776    50.775    -0.91    0.98
 -89249.402    50.812     0.10    0.76
 -88870.095    51.085     0.72    0.83
 -88490.856    51.350     0.70    0.81
 -88111.686    51.358     0.02    0.90
 -87732.583    51.367     0.02    0.94
 -87353.549    51.750     1.01    1.05
 -86974.583    52.420     1.77    1.23
 -86595.684    53.316     2.37    1.52
 -86216.853    54.864     4.09    2.13
 -85838.091    56.782     5.06    3.21
 -85459.396    59.963     8.40    4.60
 -85080.769    63.701     9.87    4.54
 -84702.209    68.136    11.71    4.53
 -84323.718    72.237    10.84    4.21
 -83945.294    77.300    13.38    5.57
 -83566.937    82.506    13.76    5.88
 -83188.648    87.914    14.29    6.02
 -82810.427    93.253    14.12    5.34
 -82432.274    97.420    11.02    5.11
 -82054.187   100.397     7.88    6.16
 -81676.169   100.225    -0.46    7.21
 -81298.218    97.272    -7.81    7.59
 -80920.334    92.825   -11.77    5.35
 -80542.517    89.000   -10.12    4.47
 -80164.768    85.650    -8.87    4.07
 -79787.086    82.137    -9.30    3.78
 -79409.471    79.247    -7.66    3.27
 -79031.924    76.519    -7.23    2.71
 -78654.444    74.325    -5.81    2.15
 -78277.030    72.370    -5.18    2.14
 -77899.684    70.553    -4.82    1.91
 -77522.405    68.901    -4.38    1.93
 -77145.193    67.215    -4.47    1.77
 -76768.048    65.691    -4.04    1.84
 -76390.970    64.013    -4.45    1.79
 -76013.959    62.512    -3.98    1.85
 -75637.015    60.833    -4.45    1.92
 -75260.138    59.300    -4.07    1.85
 -74883.327    57.790    -4.01    1.55
 -74506.583    56.704    -2.88    1.29
 -74129.906    55.519    -3.15    1.48
 -73753.296    54.646    -2.32    1.44
 -73376.753    53.700    -2.51    1.35
 -73000.276    53.063    -1.69    1.05
 -72623.865    52.651    -1.10    0.93
 -72247.521    52.367    -0.75    0.75
 -71871.244    52.113    -0.68    0.73
 -71495.033    51.753    -0.95    0.67
 -71118.889    51.402    -0.93    0.63
 -70742.811    51.013    -1.04    0.66
 -70366.799    50.642    -0.99    0.58
 -69990.854    50.368    -0.73    0.49
 -69614.975    50.074    -0.78    0.52
 -69239.163    49.760    -0.84    0.46
 -68863.416    49.500    -0.69    0.50
 -68487.736    49.228    -0.72    0.45
 -68112.122    48.988    -0.64    0.46
 -67736.575    48.718    -0.72    0.45
 -67361.093    48.537    -0.48    0.50
 -66985.677    48.354    -0.49    0.48
 -66610.328    48.235    -0.32    0.43
 -66235.044    48.025    -0.56    0.59
 -65859.827    47.580    -1.18    0.99
 -65484.675    46.872    -1.89    1.25
 -65109.589    46.039    -2.22    1.20
 -64734.569    45.074    -2.57    0.77
 -64359.615    44.506    -1.51    0.87
 -63984.727    43.790    -1.91    0.85
 -63609.904    43.137    -1.74    0.79
 -63235.147    42.438    -1.87    0.91
 -62860.456    41.875    -1.50    0.83
 -62485.831    41.262    -1.64    0.82
 -62111.271    40.937    -0.87    0.81
 -61736.777    40.688    -0.67    0.95
 -61362.348    40.597    -0.24    1.12
 -60987.985    40.637     0.11    1.27
 -60613.687    40.840     0.54    1.36
 -60239.455    40.988     0.39    1.34
 -59865.288    41.184     0.53    1.21
 -59491.186    41.296     0.30    0.94
 -59117.150    41.135    -0.43    0.78
 -58743.179    40.840    -0.79    0.78
 -58369.274    40.527    -0.84    0.62
 -57995.434    40.284    -0.65    0.48
 -57621.658    40.052    -0.62    0.51
 -57247.949    39.753    -0.80    0.54
 -56874.304    39.467    -0.77    0.50
 -56500.724    39.188    -0.75    0.39
 -56127.209    39.079    -0.29    0.27
 -55753.760    39.099     0.05    0.30
 -55380.375    39.154     0.15    0.40
 -55007.056    39.185     0.08    0.48
 -54633.801    39.195     0.03    0.49
 -54260.611    39.213     0.05    0.44
 -53887.486    39.282     0.19    0.45
 -53514.426    39.402     0.32    0.49
 -53141.431    39.595     0.52    0.49
 -52768.500    39.875     0.75    0.49
 -52395.634    40.295     1.13    0.49
 -52022.833    40.588     0.78    0.57
 -51650.097    41.115     1.42    0.64
 -51277.425    41.630     1.38    0.66
 -50904.818    42.162     1.43    0.83
 -50532.275    42.494     0.89    1.26
 -50159.797    41.821    -1.81    2.32
 -49787.383    41.633    -0.50    2.69
 -49415.034    41.722     0.24    3.18
 -49042.749    42.679     2.57    3.36
 -48670.529    44.139     3.92    2.61
 -48298.373    45.026     2.38    2.22
 -47926.281    45.763     1.98    1.54
 -47554.254    46.346     1.57    0.85
 -47182.290    46.700     0.95    0.56
 -46810.392    46.877     0.47    0.33
 -46438.557    46.975     0.26    0.16
 -46066.786    47.000     0.07    0.00
 -45695.080    47.000     0.00    0.00
 -45323.437    47.000     0.00    0.00
 -44951.859    47.000     0.00    0.00
 -44580.345    46.938    -0.17    0.24
 -44208.894    46.925    -0.04    0.27
 -43837.508    46.848    -0.21    0.40
 -43466.186    46.481    -0.99    0.87
 -43094.927    45.962    -1.40    1.14
 -42723.732    45.225    -1.98    1.16
 -42352.601    44.704    -1.40    0.98
 -41981.534    44.350    -0.95    1.11
 -41610.531    44.165    -0.50    1.21
 -41239.591    43.844    -0.86    1.18
 -40868.715    43.577    -0.72    1.15
 -40497.903    43.312    -0.71    1.07
 -40127.155    43.259    -0.14    1.13
 -39756.469    43.188    -0.19    1.15
 -39385.848    43.114    -0.20    1.05
 -39015.290    42.872    -0.65    0.92
 -38644.796    42.603    -0.73    0.90
 -38274.365    42.089    -1.39    0.89
 -37903.997    41.556    -1.44    0.91
 -37533.693    40.963    -1.60    0.95
 -37163.452    40.532    -1.17    0.96
 -36793.274    39.987    -1.47    0.95
 -36423.160    39.613    -1.01    1.02
 -36053.109    39.244    -1.00    1.12
 -35683.122    39.000    -0.66    1.18
 -35313.197    38.886    -0.31    1.21
 -34943.336    38.850    -0.10    1.15
 -34573.538    38.545    -0.82    1.11
 -34203.802    38.175    -1.00    1.14
 -33834.130    37.468    -1.91    1.11
 -33464.521    36.800    -1.81    1.18
 -33094.975    36.013    -2.13    1.19
 -32725.492    35.213    -2.17    1.35
 -32356.072    34.143    -2.90    1.52
 -31986.715    33.025    -3.03    1.57
 -31617.421    31.750    -3.45    1.35
 -31248.189    30.475    -3.45    1.42
 -30879.021    29.179    -3.51    1.43
 -30509.915    28.088    -2.96    1.42
 -30140.872    27.027    -2.87    1.01
 -29771.891    26.150    -2.38    0.90
 -29402.973    25.459    -1.87    0.78
 -29034.118    24.778    -1.85    0.84
 -28665.326    24.053    -1.97    0.81
 -28296.596    23.333    -1.95    0.89
 -27927.928    22.595    -2.00    0.84
 -27559.324    21.875    -1.95    0.89
 -27190.781    21.173    -1.90    0.86
 -26822.301    20.412    -2.06    0.91
 -26453.884    19.627    -2.13    0.91
 -26085.529    18.831    -2.16    0.95
 -25717.236    18.158    -1.83    0.91
 -25349.006    17.375    -2.13    0.89
 -24980.837    16.763    -1.66    0.80
 -24612.732    16.162    -1.63    0.79
 -24244.688    15.605    -1.51    0.73
 -23876.707    15.075    -1.44    0.74
 -23508.787    14.570    -1.37    0.65
 -23140.930    14.025    -1.48    0.69
 -22773.135    13.584    -1.20    0.61
 -22405.402    13.150    -1.18    0.70
 -22037.731    12.756    -1.07    0.72
 -21670.122    12.238    -1.41    0.82
 -21302.575    11.802    -1.18    0.86
 -20935.090    11.325    -1.30    0.94
 -20567.667    10.810    -1.40    0.86
 -20200.306    10.286    -1.43    0.90
 -19833.007     9.759    -1.43    0.84
 -19465.769     9.115    -1.75    0.87
 -19098.594     8.620    -1.35    0.72
 -18725.652     8.038    -1.56    0.69
 -18345.733     7.488    -1.45    0.66
 -17965.880     6.823    -1.75    0.83
 -17586.095     6.118    -1.85    0.94
 -17206.376     5.114    -2.65    1.26
 -16826.723     4.117    -2.63    1.26
 -16447.138     3.013    -2.91    1.29
 -16067.618     2.000    -2.67    1.04
 -15688.166     1.099    -2.38    1.01
 -15308.779     0.270    -2.18    0.94
 -14929.459    -0.537    -2.13    1.04
 -14550.206    -1.211    -1.77    0.82
 -14171.019    -1.608    -1.05    0.61
 -13791.898    -1.835    -0.60    0.37
 -13412.843    -1.863    -0.07    0.35
 -13033.855    -1.848     0.04    0.36
 -12654.933    -1.844     0.01    0.37
 -12276.077    -1.875    -0.08    0.33
 -11897.287    -1.934    -0.16    0.25
 -11518.564    -1.987    -0.14    0.11
 -11139.906    -2.000    -0.03    0.00
 -10761.314    -2.000     0.00    0.00
 -10382.789    -2.000     0.00    0.00
 -10004.329    -2.000     0.00    0.00
  -9625.936    -2.000     0.00    0.00
  -9247.608    -2.000     0.00    0.00
  -8869.346    -2.000     0.00    0.00
  -8491.150    -2.000     0.00    0.00
  -8113.020    -2.000     0.00    0.00
  -7734.956    -2.000     0.00    0.00
  -7356.957    -2.000     0.00    0.00
  -6979.024    -2.000     0.00    0.00
  -6601.156    -1.570     1.14    0.83
  -6223.355    -1.103     1.24    1.00
  -5845.619    -0.538     1.49    0.89
  -5467.948    -0.054     1.28    0.33
  -5090.343    -0.012     0.11    0.11
  -4712.803    -0.027    -0.04    0.16
  -4335.329    -0.037    -0.03    0.19
  -3957.920    -0.041    -0.01    0.20
  -3580.577    -0.025     0.04    0.16
  -3203.299     0.000     0.07    0.00
  -2826.086     0.000     0.00    0.00
  -2448.939     0.000     0.00    0.00
  -2071.857     0.000     0.00    0.00
  -1694.840     0.000     0.00    0.00
  -1317.888     0.000     0.00    0.00
   -941.002     0.000     0.00    0.00
   -564.180     0.000     0.00    0.00
   -187.424     0.000     0.00    0.00
    189.267     0.000     0.00    0.00
    565.894     0.000     0.00    0.00
    942.455     0.000     0.00    0.00
   1318.952     0.000     0.00    0.00
   1695.383     0.000     0.00    0.00
   2071.750     0.000     0.00    0.00
   2448.051     0.000     0.00    0.00
   2824.288     0.000     0.00    0.00
   3200.461     0.053     0.14    0.28
   3576.568     0.488     1.15    1.02
   3952.611     1.395     2.41    2.04
   4328.589     2.354     2.55    2.48
   4704.502     3.152     2.12    2.20
   5080.351     3.863     1.89    1.83
   5456.135     4.474     1.63    1.47
   5831.855     4.808     0.89    1.28
   6207.510     5.105     0.79    1.05
   6583.101     4.910    -0.52    1.25
   6958.627     4.701    -0.56    1.25
   7334.089     4.641    -0.16    1.15
   7709.487     4.785     0.38    1.00
   8084.820     5.104     0.85    0.80
   8460.089     5.595     1.31    0.78
   8835.294     6.316     1.92    1.16
   9210.434     7.662     3.59    2.10
   9585.510     9.459     4.79    2.65
   9960.522    11.582     5.66    2.92
  10335.470    14.189     6.95    2.90
  10710.354    17.526     8.90    4.39
  11085.173    20.824     8.80    4.29
  11459.929    22.850     5.41    2.99
  11834.621    23.351     1.34    2.80
  12209.248    22.200    -3.07    3.43
  12583.812    20.853    -3.60    3.09
  12958.312    20.127    -1.94    3.13
  13332.748    18.692    -3.83    2.80
  13707.120    17.410    -3.42    1.90
  14081.428    16.474    -2.50    0.74
  14455.673    16.150    -0.86    0.71
  14829.853    15.584    -1.51    0.99
  15203.971    14.883    -1.87    1.12
  15578.024    13.950    -2.49    1.17
  15952.014    13.137    -2.17    1.02
  16325.940    12.463    -1.81    0.76
  16699.802    12.104    -0.96    0.38
  17073.601    12.141     0.10    0.35
  17447.337    12.329     0.50    0.70
  17821.009    12.924     1.59    1.22
  18194.617    13.603     1.82    1.57
  18568.163    15.231     4.36    2.56
  18941.644    17.759     6.77    3.69
  19315.063    21.114     8.98    4.51
  19688.418    24.280     8.48    3.69
  20061.710    26.900     7.02    2.31
  20434.938    28.560     4.45    1.46
  20808.104    29.850     3.46    1.63
  21181.206    31.216     3.66    1.65
  21554.245    32.870     4.43    2.04
  21927.221    33.987     2.99    1.68
  22300.133    35.013     2.75    1.46
  22672.983    35.959     2.54    1.18
  23045.770    36.637     1.82    1.02
  23418.493    37.243     1.63    0.86
  23791.154    37.850     1.63    0.87
  24163.752    38.446     1.60    0.88
  24536.287    39.000     1.49    0.90
  24908.759    39.595     1.60    0.86
  25281.168    40.190     1.60    0.86
  25653.515    40.743     1.49    0.84
  26025.798    41.350     1.63    0.93
  26398.019    41.920     1.53    0.88
  26770.177    42.438     1.39    0.95
  27142.273    42.947     1.37    0.90
  27514.306    43.403     1.23    0.95
  27886.276    44.038     1.71    0.93
  28258.184    44.590     1.48    0.96
  28630.029    45.446     2.30    1.17
  29001.811    46.675     3.31    2.14
  29373.532    48.613     5.21    3.00
  29745.189    51.139     6.80    3.70
  30116.785    53.974     7.63    3.41
  30488.318    56.154     5.87    3.02
  30859.788    58.192     5.49    2.39
  31231.196    59.564     3.69    2.18
  31602.542    61.013     3.90    2.07
  31973.826    62.113     2.96    2.09
  32345.047    63.494     3.72    2.03
  32716.207    64.481     2.66    1.94
  33087.304    65.571     2.94    1.59
  33458.339    66.449     2.36    1.31
  33829.312    67.179     1.97    0.94
  34200.222    67.701     1.41    0.80
  34571.071    68.197     1.34    0.78
  34941.858    68.608     1.11    0.85
  35312.583    69.104     1.34    0.82
  35683.245    69.506     1.09    0.90
  36053.846    70.038     1.44    0.81
  36424.385    70.538     1.35    0.89
  36794.862    71.051     1.38    0.77
  37165.278    71.545     1.33    0.84
  37535.631    72.091     1.47    0.86
  37905.923    72.519     1.16    0.92
  38276.153    72.623     0.28    0.96
  38646.322    72.873     0.68    1.25
  39016.428    73.382     1.37    1.51
  39386.474    73.987     1.64    1.63
  39756.457    75.077     2.95    1.31
  40126.379    75.987     2.46    1.21
  40496.239    76.961     2.63    1.15
  40866.038    77.937     2.64    1.17
  41235.776    78.961     2.77    1.15
  41605.452    79.787     2.24    1.13
  41975.066    80.853     2.88    1.16
  42344.619    81.756     2.44    1.20
  42714.111    82.805     2.84    1.26
  43083.542    83.829     2.77    1.29
  43452.911    85.234     3.80    1.81
  43822.219    86.846     4.37    2.41
  44191.466    89.253     6.52    3.27
  44560.651    92.338     8.35    4.23
  44929.775    96.213    10.50    5.01
  45298.839   100.658    12.04    5.99
  45667.841   105.507    13.14    5.89
  46036.782   110.130    12.53    7.01
  46405.662   116.468    17.18    7.79
  46774.481   121.351    13.24    8.02
  47143.239   125.947    12.46    6.94
  47511.936   129.250     8.96    6.55
  47880.572   131.597     6.37    6.15
  48249.147   134.200     7.06    5.70
  48617.662   136.149     5.29    4.40
  48986.115   137.671     4.13    3.98
  49354.508   139.384     4.65    3.51
  49722.840   140.844     3.97    3.22
  50091.111   142.486     4.46    2.41
  50459.322   143.663     3.19    2.50
  50827.472   144.500     2.27    2.26
  51195.561   144.775     0.75    1.88
  51563.589   145.473     1.90    1.72
  51931.557   146.291     2.22    2.05
  52299.465   147.151     2.34    2.04
  52667.312   148.831     4.57    2.47
  53035.098   149.986     3.14    2.52
  53402.824   150.909     2.51    2.57
  53770.490   151.865     2.60    2.12
  54138.095   152.500     1.73    2.04
  54505.639   153.133     1.72    1.90
  54873.124   154.051     2.50    1.72
  55240.548   154.720     1.82    1.67
  55607.912   155.675     2.60    1.95
  55978.022   156.260     1.58    2.49
  56357.803   156.377     0.31    3.14
  56737.520   155.716    -1.74    3.91
  57117.171   154.775    -2.48    3.64
  57496.758   154.069    -1.86    2.73
  57876.280   154.262     0.51    1.89
  58255.737   155.373     2.93    1.93
  58635.129   157.077     4.49    2.16
  59014.456   158.987     5.04    1.98
  59393.719   160.418     3.77    1.68
  59772.917   161.785     3.61    1.36
  60152.051   162.961     3.10    1.36
  60531.120   164.295     3.52    1.65
  60910.124   165.784     3.93    2.06
  61289.064   167.625     4.86    2.51
  61667.939   169.589     5.18    2.61
  62046.750   171.712     5.61    2.80
  62425.496   173.904     5.79    2.52
  62804.178   176.143     5.91    2.47
  63182.796   178.364     5.87    2.33
  63561.349   180.342     5.23    2.20
  63939.838   182.390     5.41    2.19
  64318.263   184.156     4.67    2.15
  64696.623   186.197     5.40    2.15
  65074.919   187.961     4.66    2.09
  65453.151   189.835     4.96    1.89
  65831.319   191.250     3.74    1.50
  66209.423   192.377     2.98    1.09
  66587.463   193.192     2.16    0.68
  66965.439   193.857     1.76    0.81
  67343.350   194.411     1.47    0.64
  67721.198   194.782     0.98    0.53
  68098.982   195.013     0.61    0.51
  68476.702   194.950    -0.17    0.69
  68854.358   194.684    -0.70    0.96
  69231.950   194.182    -1.33    1.22
  69609.478   193.564    -1.64    1.32
  69986.943   193.076    -1.29    1.21
  70364.344   192.646    -1.14    1.01
  70741.681   192.442    -0.54    0.83
  71118.954   192.346    -0.25    0.68
  71496.164   192.338    -0.02    0.48
  71873.310   192.575     0.63    0.57
  72250.393   192.722     0.39    0.54
  72627.412   192.900     0.47    0.41
  73004.367   193.054     0.41    0.23
  73381.259   193.312     0.68    0.49
  73758.088   193.730     1.11    0.75
  74134.853   194.195     1.23    0.84
  74511.555   194.818     1.65    0.74
  74888.193   195.221     1.07    0.66
  75264.769   195.539     0.85    0.50
  75641.280   195.675     0.36    0.47
  76017.729   195.842     0.44    0.37
  76394.114   195.920     0.21    0.27
  76770.436   195.974     0.14    0.16
  77146.695   196.067     0.25    0.25
  77522.891   196.303     0.63    0.46
  77899.024   196.519     0.58    0.50
  78275.094   196.776     0.68    0.42
  78651.100   197.096     0.85    0.38
  79027.044   197.413     0.84    0.50
  79402.925   197.694     0.75    0.46
  79778.742   198.025     0.88    0.42
  80154.497   198.315     0.77    0.47
  80530.189   198.608     0.78    0.49
  80905.818   198.882     0.73    0.33
  81281.384   199.000     0.32    0.00
  81656.888   199.000     0.00    0.00
  82032.329   199.000     0.00    0.00
  82407.707   198.987    -0.03    0.11
  82783.022   198.818    -0.45    0.39
  83158.275   198.429    -1.04    0.70
  83533.465   197.920    -1.36    0.78
  83908.593   197.359    -1.50    0.51
  84283.658   197.092    -0.71    0.29
  84658.660   196.897    -0.52    0.31
  85033.600   196.789    -0.29    0.41
  85408.477   196.921     0.35    0.56
  85783.293   197.397     1.27    0.97
  86158.045   198.474     2.87    1.54
  86532.735   199.753     3.42    1.46
  86907.363   200.875     2.99    1.22
  87281.929   201.653     2.08    0.63
  87656.432   201.988     0.89    0.41
  88030.874   202.083     0.26    0.28
  88405.253   201.861    -0.59    0.47
  88779.569   201.560    -0.80    0.50
  89153.824   201.316    -0.65    0.47
  89528.016   201.066    -0.67    0.25
  89902.147   201.000    -0.18    0.00
  90276.215   201.000     0.00    0.00
  90650.222   200.922    -0.21    0.27
  91024.166   200.737    -0.50    0.44
  91398.048   200.395    -0.91    0.67
  91771.869   199.868    -1.41    0.77
  92145.627   199.333    -1.43    0.70
  92519.324   198.805    -1.41    0.61
  92892.959   198.377    -1.15    0.63
  93266.532   197.895    -1.29    0.70
  93640.043   197.421    -1.27    0.70
  94013.493   196.893    -1.41    0.78
  94386.881   196.329    -1.51    0.85
  94760.207   195.603    -1.95    1.02
  95133.472   194.811    -2.12    1.12
  95506.674   193.924    -2.38    1.28
  95879.816   193.000    -2.48    1.28
  96252.896   191.962    -2.78    1.45
  96625.914   190.671    -3.46    1.62
  96998.871   188.974    -4.55    2.24
  97371.766   186.986    -5.33    2.32
  97744.600   184.658    -6.24    2.74
  98117.372   182.071    -6.94    2.72
  98490.083   179.368    -7.25    3.25
  98862.733   176.342    -8.12    3.23
  99235.321   173.260    -8.27    3.44
  99607.849   170.521    -7.35    2.94
  99980.315   167.887    -7.07    2.71
 100352.719   165.595    -6.16    2.05
 100725.063   163.734    -5.00    1.95
 101097.345   162.176    -4.19    1.71
 101469.566   161.429    -2.01    1.12
 101841.727   161.263    -0.44    0.79
 102213.826   161.581     0.85    0.68
 102585.864   161.947     0.98    0.22
 102957.841   162.000     0.14    0.00
 103329.757   161.973    -0.07    0.16
 103701.612   161.872    -0.27    0.34
 104073.406   161.613    -0.70    0.49
 104445.139   161.333    -0.75    0.47
 104816.812   160.920    -1.11    0.49
 105188.424   160.649    -0.73    0.48
 105559.974   160.382    -0.72    0.49
 105931.465   160.169    -0.57    0.38
 106302.894   160.286     0.31    0.45
 106674.263   160.662     1.01    0.70
 107045.571   161.273     1.64    0.91
 107416.818   162.065     2.13    1.09
 107788.005   163.117     2.83    1.20
 108159.131   164.160     2.81    1.32
 108530.197   165.303     3.08    1.21
 108901.202   166.253     2.56    1.18
 109272.146   167.197     2.54    1.08
 109643.030   167.880     1.84    1.06
 110013.854   168.766     2.39    1.19
 110384.617   169.571     2.17    1.13
 110755.320   170.539     2.61    1.27
 111125.963   171.640     2.97    1.33
 111496.545   172.908     3.42    1.54
 111867.067   174.132     3.30    1.59
 112237.529   175.532     3.78    1.45
 112607.931   176.592     2.86    1.42
 112978.272   177.577     2.66    1.32
 113348.553   178.473     2.42    1.24
 113718.774   179.564     2.95    1.34
 114088.935   180.579     2.74    1.35
 114459.036   181.782     3.25    1.57
 114829.077   183.000     3.29    1.74
 115199.058   184.487     4.02    2.47
 115568.979   186.132     4.45    2.91
 115938.840   188.137     5.42    3.02
 116308.641   189.934     4.86    2.78
 116678.382   191.895     5.30    2.24
 117048.063   193.480     4.29    1.71
 117417.685   194.859     3.73    1.59
 117787.246   195.908     2.84    1.43
 118156.748   197.192     3.48    1.51
 118526.190   198.419     3.32    1.55
 118895.573   200.026     4.35    1.78
 119264.895   201.447     3.85    1.77
 119634.158   203.105     4.49    1.81
 120003.362   204.587     4.01    1.75
 120372.505   206.280     4.59    1.80
 120741.590   207.840     4.23    1.78
 121110.614   209.526     4.57    1.78
 121479.580   211.079     4.21    1.80
 121848.485   212.714     4.43    1.77
 122217.332   214.355     4.45    2.01
 122586.118   216.221     5.06    2.26
 122954.846   217.986     4.79    2.59
 123323.514   219.701     4.65    2.44
 123692.123   220.960     3.41    2.18
 124060.672   222.649     4.58    2.27
 124429.162   224.303     4.49    2.41
 124797.593   226.118     4.93    2.51
 125165.965   227.766     4.47    2.88
 125534.277   229.280     4.11    3.06
 125902.531   230.675     3.79    2.99
 126270.725   233.117     6.63    3.52
 126638.860   236.338     8.75    4.68
 127006.936   240.853    12.27    5.38
 127374.953   245.053    11.41    5.68
 127742.911   250.040    13.55    5.56
 128110.810   254.973    13.41    6.19
 128478.650   260.933    16.20    7.27
 128846.431   266.519    15.19    7.80
 129214.153   272.645    16.66    6.94
 129581.816   277.947    14.42    6.22
 129949.421   284.120    16.79    6.93
 130316.966   290.333    16.90    9.44
 130684.478   298.360    21.84   11.39
 131064.125   306.382    21.13   12.24
 131443.709   314.494    21.37   11.87
 131823.230   321.039    17.25   11.45
 132202.687   324.654     9.52    9.26
 132582.082   325.507     2.25    7.65
 132961.413   321.900    -9.51    9.08
 133340.682   316.625   -13.91    8.22
 133719.887   312.747   -10.23    6.87
 134099.030   311.181    -4.13    7.03
 134478.109   312.143     2.54    8.22
 134857.126   312.587     1.17    8.46
 135236.079   311.092    -3.94    6.52
 135614.970   309.325    -4.66    3.79
 135993.798   308.312    -2.67    1.39
 136372.563   308.000    -0.82    0.00
 136751.265   308.649     1.71    2.70
 137129.905   310.773     5.61    5.62
 137508.482   312.042     3.35    6.27
 137886.996   311.779    -0.69    6.14
 138265.448   310.931    -2.24    5.89
 138643.836   309.050    -4.97    3.47
 139022.163   308.137    -2.41    0.42
 139400.427   308.615     1.26    1.01
 139778.628   309.658     2.76    1.93
 140156.767   311.078     3.75    2.62
 140534.843   313.776     7.14    4.05
 140912.857   316.895     8.25    5.24
 141290.809   321.575    12.38    6.31
 141668.698   327.081    14.57    7.84
 142046.525   335.039    21.06   10.08
 142424.289   344.662    25.47   14.74
 142801.991   354.671    26.50   18.19
 143179.631   366.306    30.80   18.37
 143557.209   373.870    20.03   16.03
 143934.725   379.507    14.93   14.33
 144312.178   381.987     6.57   13.25
 144689.570   383.527     4.08   11.70
 145066.899   387.553    10.67   12.48
 145444.166   395.747    21.72   16.38
 145821.372   407.573    31.35   20.09
 146198.515   420.211    33.50   20.16
 146575.596   425.797    14.81   15.89
 146952.616   424.133    -4.41   13.50
 147329.573   416.366   -20.60   11.82
 147706.469   408.853   -19.93    9.48
 148083.302   404.000   -12.88    4.72
 148460.074   404.618     1.64    5.64
 148836.785   410.740    16.25   13.11
 149213.433   418.260    19.96   17.94
 149590.020   426.520    21.93   19.22
 149966.545   432.468    15.79   18.27
 150343.008   437.662    13.80   16.00
 150719.410   442.107    11.81   12.08
 151095.750   442.587     1.28    9.49
 151472.029   441.333    -3.33    8.57
 151848.246   440.442    -2.37    7.12
 152224.402   440.653     0.56    6.31
 152600.496   443.693     8.08    5.72
 152976.529   447.753    10.80    6.18
 153352.500   452.920    13.74    6.96
 153728.410   457.814    13.02    6.38
 154104.259   461.803    10.61    5.15
 154480.046   464.557     7.33    3.92
 154855.772   467.053     6.64    4.29
 155231.437   470.743     9.82    7.01
 155607.040   474.372     9.66    7.73
 155982.583   478.932    12.14    7.34
 156358.064   481.948     8.03    6.07
 156733.484   483.243     3.45    4.86
 157108.843   484.160     2.44    4.03
 157484.141   485.507     3.59    3.06
 157859.378   485.853     0.92    3.13
 158234.554   486.382     1.41    3.92
 158609.668   486.311    -0.19    4.20
 158984.722   486.120    -0.51    4.50
 159359.715   486.851     1.95    4.52
 159734.647   487.147     0.79    3.98
 160109.519   486.366    -2.08    3.90
 160484.329   484.813    -4.14    3.82
 160859.079   482.400    -6.44    3.54
 161233.768   480.237    -5.77    2.47
 161608.396   478.889    -3.60    2.39
 161982.963   477.947    -2.51    2.79
 162357.470   476.767    -3.15    3.38
 162731.916   474.128    -7.05    3.80
 163106.302   471.699    -6.49    2.71
 163480.627   470.597    -2.94    2.73
 163854.891   469.216    -3.69    2.80
 164229.095   467.276    -5.18    3.33
 164603.238   464.293    -7.97    3.92
 164977.321   461.720    -6.88    3.60
 165351.343   459.224    -6.67    2.32
 165725.305   458.133    -2.92    1.58
 166099.207   457.527    -1.62    1.40
 166473.048   457.095    -1.16    0.29
 166846.829   457.041    -0.14    0.20
 167220.550   457.162     0.32    0.44
 167594.210   457.720     1.49    1.02
 167967.810   458.493     2.07    1.29
 168341.350   459.107     1.64    1.20
 168714.830   458.254    -2.28    3.03
 169088.250   455.373    -7.71    5.35
 169461.609   450.750   -12.38    6.44
 169834.909   446.513   -11.35    5.56
 170208.148   443.236    -8.78    3.20
 170581.328   442.165    -2.87    1.83
 170954.447   443.361     3.21    3.37
 171327.506   446.390     8.12    5.26
 171700.506   449.575     8.54    4.94
 172073.446   450.740     3.12    3.48
 172446.325   450.230    -1.37    4.06
 172819.145   448.293    -5.19    3.23
 173191.905   446.671    -4.35    2.42
 173564.605   445.919    -2.02    2.23
 173937.246   444.753    -3.13    2.20
 174309.827   443.493    -3.38    2.25
 174682.348   441.908    -4.26    2.50
 175054.809   440.316    -4.27    2.28
 175427.211   439.382    -2.51    2.27
 175799.553   440.568     3.18    4.38
 176171.836   445.520    13.30    8.27
 176544.059   450.933    14.54    8.46
 176916.222   456.377    14.62    5.85
 177288.326   459.230     7.67    2.77
 177660.371   459.947     1.93    2.14
 178032.356   459.849    -0.26    2.05
 178404.281   460.364     1.38    2.44
 178776.148   461.260     2.41    2.69
 179147.955   461.792     1.43    2.74
 179519.702   462.203     1.10    2.47
 179891.390   462.147    -0.15    1.71
 180263.020   462.000    -0.39    1.51
 180634.589   460.453    -4.16    2.61
 181006.100   458.386    -5.56    3.49
 181377.551   455.333    -8.22    4.38
 181748.944   451.757    -9.63    4.03
 182120.277   448.187    -9.61    4.07
 182491.551   444.271   -10.54    4.81
 182862.766   440.737    -9.52    4.88
 183233.922   438.676    -5.55    3.56
 183605.019   440.434     4.74    4.87
 183976.057   444.451    10.82    6.09
 184347.036   448.693    11.43    5.48
 184717.956   452.875    11.27    3.45
 185088.817   455.221     6.32    2.98
 185459.620   456.069     2.29    2.17
 185830.363   455.128    -2.54    2.55
 186201.048   453.479    -4.45    3.15
 186571.674   451.141    -6.31    3.02
 186942.241   448.890    -6.07    2.54
 187312.749   447.130    -4.75    2.88
 187683.199   445.689    -3.89    3.15
 188053.590   444.733    -2.58    3.51
 188423.923   443.616    -3.02    3.74
 188794.197   442.757    -2.32    3.61
 189164.412   441.397    -3.67    3.41
 189534.569   440.575    -2.22    3.16
 189904.667   439.315    -3.40    3.02
 190274.707   437.438    -5.07    4.14
 190644.688   434.589    -7.70    4.63
 191014.611   431.795    -7.55    4.04
 191384.475   429.055    -7.41    3.30
 191754.281   427.493    -4.22    2.91
 192124.029   426.419    -2.91    3.08
 192493.718   425.250    -3.16    3.76
 192863.350   423.689    -4.22    4.40
 193232.922   422.026    -4.50    4.71
 193602.437   419.432    -7.02    2.90
 193971.893   418.382    -2.84    2.25
 194341.291   418.149    -0.63    1.86
 194710.631   418.053    -0.26    1.99
 195079.913   417.811    -0.65    2.03
 195449.137   417.026    -2.12    2.07
 195818.303   415.959    -2.89    2.10
 196187.411   414.853    -3.00    2.03
 196556.460   413.840    -2.75    1.77
 196925.452   413.276    -1.53    1.51
 197294.386   412.784    -1.33    1.58
 197663.261   412.649    -0.37    1.79
 198032.079   412.247    -1.09    1.91
 198400.839   411.849    -1.08    1.91
 198769.541   411.493    -0.97    1.59
 199138.186   410.973    -1.41    1.48
 199506.772   410.757    -0.59    1.39
 199875.301   410.836     0.21    1.55
 200243.772   411.301     1.26    1.85
 200612.185   412.230     2.52    2.17
 200980.541   413.405     3.19    1.71
 201348.839   413.974     1.54    1.71
 201717.079   414.230     0.70    1.75
 202085.262   414.364     0.36    1.72
 202453.387   414.041    -0.88    1.51
 202821.455   413.766    -0.75    1.31
 203189.465   413.288    -1.30    1.71
 203557.418   412.579    -1.93    1.97
 203925.313   412.056    -1.42    2.10
 204293.151   411.908    -0.40    2.04
 204660.931   412.333     1.16    1.95
 205028.654   412.883     1.49    1.48
 205396.320   412.795    -0.24    1.39
 205773.308   412.237    -1.48    1.67
 206152.763   411.230    -2.65    1.94
 206532.156   410.081    -3.03    1.99
 206911.488   408.737    -3.54    1.93
 207290.759   407.370    -3.60    2.00
 207669.968   405.527    -4.86    2.28
 208049.116   403.771    -4.63    2.30
 208428.202   402.240    -4.04    2.15
 208807.227   400.900    -3.53    1.70
 209186.191   399.627    -3.36    1.53
 209565.093   398.542    -2.86    1.44
 209943.935   397.534    -2.66    1.72
 210322.715   396.432    -2.91    1.66
 210701.433   395.707    -1.92    1.64
 211080.091   394.959    -1.97    1.51
 211458.688   394.562    -1.05    1.46
 211837.223   394.427    -0.36    1.32
 212215.698   394.394    -0.09    1.20
 212594.111   393.933    -1.22    1.40
 212972.463   393.014    -2.43    1.60
 213350.755   391.920    -2.89    1.75
 213728.985   390.342    -4.17    1.70
 214107.155   389.221    -2.97    1.69
 214485.264   388.162    -2.80    1.55
 214863.311   387.595    -1.50    1.59
 215241.298   387.473    -0.32    1.64
 215619.225   387.676     0.54    1.75
 215997.090   387.132    -1.44    2.41
 216374.895   385.945    -3.14    2.72
 216752.639   385.197    -1.98    2.72
 217130.322   384.634    -1.49    2.34
 217507.945   384.653     0.05    2.41
 217885.507   385.000     0.92    2.18
 218263.009   385.373     0.99    2.13
 218640.450   386.918     4.09    2.95
 219017.830   389.838     7.74    4.50
 219395.150   394.216    11.60    5.72
 219772.410   398.635    11.71    5.51
 220149.609   403.770    13.61    4.66
 220526.747   407.890    10.92    5.12
 220903.826   413.055    13.69    7.60
 221280.844   419.214    16.33   10.03
 221657.801   430.413    29.70   16.95
 222034.699   444.200    36.57   20.42
 222411.536   462.760    49.24   25.39
 222788.313   483.143    54.09   21.90
 223165.029   500.541    46.17   21.37
 223541.686   518.000    46.34   20.91
 223918.282   533.041    39.93   23.80
 224294.818   550.676    46.83   25.95
 224671.295   565.973    40.62   23.27
 225047.711   580.787    39.35   16.97
 225424.067   590.595    26.06   12.73
 225800.363   599.373    23.32   10.33
 226176.599   606.836    19.83    9.99
 226552.775   615.680    23.51    8.66
 226928.892   623.070    19.65    7.99
 227304.948   629.280    16.51    7.40
 227680.945   633.764    11.92    4.88
 228056.881   635.816     5.46    6.26
 228432.758   634.548    -3.37    8.77
 228808.576   633.053    -3.98    9.52
 229184.333   630.278    -7.38    9.23
 229560.031   625.776   -11.98    8.78
 229935.669   620.932   -12.89    8.80
 230311.247   615.608   -14.17    8.88
 230686.766   609.589   -16.03    9.27
 231062.226   602.973   -17.62   10.84
 231437.625   595.067   -21.06   12.06
 231812.966   587.712   -19.59   12.18
 232188.246   581.027   -17.81    9.96
 232563.468   578.873    -5.74    8.59
 232938.629   579.627     2.01    8.05
 233313.732   583.044     9.11    8.39
 233688.775   587.547    12.00   10.53
 234063.758   592.824    14.07   10.18
 234438.683   595.824     8.00   10.20
 234813.548   599.507     9.82   10.66
 235188.353   604.315    12.83   12.40
 235563.100   612.795    22.62   13.25
 235937.787   620.726    21.16   12.24
 236312.415   628.431    20.56    8.86
 236686.984   631.257     7.54    6.29
 237061.494   628.573    -7.16    8.42
 237435.945   622.440   -16.38   11.69
 237810.337   612.534   -26.45   13.42
 238184.669   602.653   -26.39   13.43
 238558.943   594.315   -22.27   12.20
 238933.158   587.708   -17.65   11.36
 239307.313   583.176   -12.11   10.02
 239681.410   579.871    -8.83    9.12
 240055.448   577.267    -6.96    9.04
 240429.427   574.265    -8.03   10.38
 240803.347   571.867    -6.41   11.76
 241177.209   567.618   -11.36   12.70
 241551.011   564.297    -8.88   12.82
 241924.755   560.451   -10.29   12.92
 242298.440   559.373    -2.88   13.89
 242672.066   557.808    -4.19   13.78
 243045.634   557.329    -1.28   13.50
 243419.143   556.192    -3.04   12.38
 243792.594   554.480    -4.58   12.05
 244165.986   550.945    -9.46   12.01
 244539.319   547.164   -10.13   11.98
 244912.594   543.000   -11.15   11.88
 245285.810   537.635   -14.37   11.84
 245658.968   531.947   -15.24   11.89
 246032.067   526.189   -15.43   11.34
 246405.108   519.658   -17.50   11.04
 246778.091   513.808   -15.68   11.42
 247151.015   507.908   -15.82   11.48
 247523.881   501.417   -17.41   12.41
 247896.689   495.000   -17.21   12.91
 248269.438   488.690   -16.92   14.30
 248642.129   481.342   -19.71   12.41
 249014.762   476.333   -13.44   11.50
 249387.336   471.000   -14.31    8.43
 249759.853   468.722    -6.11    7.61
 250132.311   465.427    -8.85    6.17
 250504.712   463.690    -4.66    5.64
 250877.054   460.907    -7.47    4.66
 251249.338   459.194    -4.60    3.77
 251621.564   457.427    -4.75    3.11
 251993.732   456.236    -3.20    2.54
 252365.842   455.184    -2.83    2.31
 252737.894   454.472    -1.91    2.14
 253109.888   453.730    -2.00    2.07
 253481.825   452.708    -2.75    2.11
 253853.703   451.507    -3.23    2.29
 254225.524   450.000    -4.05    2.60
 254597.287   448.425    -4.24    2.63
 254968.992   447.192    -3.32    2.30
 255340.639   446.149    -2.81    1.78
 255712.229   444.781    -3.68    2.30
 256083.761   443.247    -4.13    3.16
 256455.235   440.676    -6.92    3.95
 256826.652   438.479    -5.91    3.92
 257198.011   435.822    -7.15    3.63
 257569.312   433.493    -6.27    3.15
 257940.556   430.795    -7.27    3.31
 258311.742   428.500    -6.18    3.74
 258682.871   425.479    -8.14    3.41
 259053.943   422.583    -7.80    3.71
 259424.956   419.493    -8.33    3.86
 259795.913   416.704    -7.52    3.59
 260166.812   413.851    -7.69    3.01
 260537.654   411.486    -6.38    2.59
 260908.438   409.093    -6.45    3.07
 261279.165   407.000    -5.65    3.36
 261649.835   404.800    -5.93    3.45
 262020.448   402.957    -4.97    2.95
 262391.003   401.267    -4.56    3.58
 262761.501   399.757    -4.07    3.54
 263131.942   398.080    -4.53    3.48
 263502.326   396.429    -4.46    3.74
 263872.652   394.093    -6.30    3.86
 264242.922   391.681    -6.51    3.25
 264613.135   389.133    -6.88    3.90
 264983.290   386.565    -6.94    4.06
 265353.388   383.040    -9.52    5.33
 265723.430   379.000   -10.92    4.79
 266093.414   375.162   -10.37    4.77
 266463.342   371.557    -9.74    3.86
 266833.213   368.365    -8.63    4.34
 267203.026   364.775    -9.71    4.71
 267572.783   360.824   -10.68    5.48
 267942.484   357.029   -10.26    4.37
 268312.127   353.865    -8.56    3.65
 268681.713   350.944    -7.90    3.11
 269051.243   348.824    -5.73    3.89
 269420.716   346.250    -6.97    3.62
 269790.133   343.959    -6.20    3.97
 270159.492   340.667    -8.91    4.21
 270528.796   337.521    -8.52    4.29
 270898.042   335.083    -6.60    3.98
 271267.232   333.123    -5.31    3.75
 271636.365   330.361    -7.48    3.96
 272005.442   328.466    -5.13    4.63
 272374.462   326.556    -5.18    3.81
 272743.426   324.384    -5.89    3.50
 273112.334   321.819    -6.95    5.14
 273481.185   319.703    -5.74    5.60
 273849.979   317.153    -6.91    4.46
 274218.717   315.438    -4.65    3.83
 274587.399   314.472    -2.62    4.24
 274956.025   314.274    -0.54    4.49
 275324.594   312.803    -3.99    3.92
 275693.107   312.192    -1.66    3.96
 276061.564   311.732    -1.25    3.99
 276429.964   309.712    -5.48    4.57
 276798.308   307.479    -6.06    4.39
 277166.597   306.288    -3.23    3.70
 277534.829   305.930    -0.97    4.31
 277903.005   306.822     2.42    4.20
 278271.124   306.606    -0.59    4.22
 278639.188   305.274    -3.62    4.52
 279007.196   302.704    -6.98    4.19
 279375.148   300.164    -6.90    4.28
 279743.043   296.521    -9.90    4.42
 280110.883   293.671    -7.75    3.97
 280485.424   291.125    -6.80    3.57
 280864.750   289.111    -5.31    2.68
 281244.015   287.630    -3.90    2.09
 281623.221   286.521    -2.92    2.07
 282002.367   285.203    -3.48    2.95
 282381.453   282.857    -6.19    3.43
 282760.480   280.257    -6.86    3.39
 283139.447   277.971    -6.03    3.19
 283518.354   275.311    -7.02    2.92
 283897.201   272.875    -6.43    3.17
 284275.989   270.479    -6.32    3.41
 284654.717   267.861    -6.91    2.89
 285033.385   265.750    -5.57    2.28
 285411.994   264.123    -4.30    1.72
 285790.543   262.833    -3.41    1.89
 286169.033   262.311    -1.38    2.09
 286547.463   261.515    -2.10    2.61
 286925.834   261.446    -0.18    3.12
 287304.146   261.353    -0.25    3.62
 287682.398   260.135    -3.22    3.50
 288060.590   259.159    -2.58    3.16
 288438.724   257.906    -3.31    1.95
