# NaN NaN NaN ;Mean Elev.(m), Avg Gradient(m/km), RMS Gradient(m/km) - SRTM1     
#    0.121 -15.188  22.037 ;Mean Elev.(m), Avg Gradient(m/km), RMS Gradient(m/km) - ASTER GDEM
#   17.249 -15.135  22.033 ;Mean Elev.(m), Avg Gradient(m/km), RMS Gradient(m/km) - GMTED2010 
  8 228.594533  67.458337    74.931    74.423  3 52506.22313196  3.188
  9 228.575275  67.462160    13.310    13.790  3 52541.22311545 31.081
 10 228.579941  67.461738    47.300    47.300  2 52576.22316309 35.240
 11 228.593224  67.460389    82.765    82.765  2 52611.22312466 10.674
 12 228.579863  67.462173    12.352    12.547  5 52646.22311254 18.815
 13 228.603106  67.460241    59.323    83.057  3 52681.22308387 13.894
 16 228.562984  67.463725    24.398    24.398  2 52786.22310985 37.311
 17 228.571467  67.461481    16.849    16.696  4 52821.22318300 43.830
 18 228.581309  67.460990    15.372    15.401  4 52856.22323022 36.569
 19 228.580739  67.461979    29.410    12.891  4 52891.22326296 20.665
 20 228.601451  67.460420    24.156    14.151  6 52926.22321469 21.663
 21 228.579384  67.462531    12.508    12.587  4 52961.22318357 22.789
 22 228.581631  67.461865    80.647    80.356  3 52996.22322249 14.554
 23 228.602539  67.459398    83.453    82.966  6 53031.22318345 10.592
 24 228.584554  67.462405    81.118    81.365  5 53066.22319213  9.956
 25 228.599160  67.460156    84.244    83.976  6 53101.22319120  5.266
 26 228.586469  67.460416    13.323    13.757  4 53136.22319339 11.941
 27 228.577719  67.462548    63.734    76.948  4 53171.22324612 14.166
 29 228.602057  67.458991    25.037    13.477  6 53241.22322572 15.348
 30 228.568061  67.460978    11.079    11.170  4 53276.22319674 28.099
 31 228.575974  67.464964    12.969    12.969  2 53311.22323894 31.940
 32 228.590950  67.463003    29.274    11.472  4 53346.22320407 22.002
 33 228.570421  67.461871    78.545    78.573  4 53381.22316186 13.004
 34 228.592231  67.463102    78.920    79.691  5 53416.22318199 13.924
 35 228.566010  67.461990    26.496    11.855  4 53451.22317961 11.985
 39 228.602674  67.463300   132.865   139.375  4 53591.22322104  4.734
 40 228.562041  67.460091    14.657    14.657  2 53626.22320788 18.089
 41 228.577904  67.461507    65.798    82.404  4 53661.22323346 15.068
 42 228.594976  67.461099    15.282    15.010  6 53696.22320257 24.909
 43 228.608782  67.459781    13.358    13.066  6 53731.22312469 16.305
 44 228.584635  67.461932    12.710    12.871  4 53766.22309683 15.299
 45 228.602995  67.461250    47.054    38.978  6 53801.22309865 12.977
 46 228.568424  67.463047    12.409    12.327  4 53836.22310657 12.781
 47 228.579056  67.463430    22.258    22.215  4 53871.22316277 35.902
 48 228.578912  67.462152    18.642    18.803  4 53906.22320089 40.594
 49 228.577342  67.460546    12.270    12.270  2 53941.22322984 16.817
 50 228.602159  67.456671    12.435    12.390  4 53976.22318417 20.948
 51 228.567836  67.462949    11.397    11.358  4 54011.22318773 27.241
 52 228.589046  67.461305    47.096    47.096  2 54046.22320113 31.221
 53 228.593870  67.461772    64.252    81.098  4 54081.22319408 17.241
 54 228.609051  67.458535    83.856    83.716  5 54116.22312639 13.372
 55 228.580692  67.464358    76.867    76.889  3 54151.22314512 14.398
 56 228.603436  67.461246    65.212    82.792  4 54186.22311914 11.209
 57 228.577592  67.462032    12.968    13.183  4 54221.22315438  8.407
 58 228.585796  67.462408    14.404    14.294  5 54256.22317738 20.548
 59 228.584605  67.465362    14.905    14.942  3 54291.22317956 22.136
 60 228.592457  67.461494    53.692    72.800  3 54326.22317617 28.619
 61 228.607393  67.460238    12.828    12.304  6 54361.22312717 41.908
 62 228.583197  67.462922    13.527    13.460  4 54396.22311656 41.187
 63 228.602937  67.459086    69.469    78.162  6 54431.22307699 14.569
 64 228.579479  67.462686    83.285    83.129  4 54466.22309733 11.478
 65 228.598126  67.459529    85.367    85.391  7 54501.22309048  8.582
 66 228.589196  67.461573    84.066    83.849  5 54536.22311192  7.472
 67 228.602746  67.460631    85.793    85.585  7 54571.22309296  5.927
 68 228.584177  67.462120    22.100    22.027  4 54606.22310614 24.813
 69 228.592256  67.459816    16.064    16.988  4 54641.22311477 25.326
 71 228.605159  67.459892    14.238    14.283  6 54711.22307201 15.337
 72 228.581907  67.462493    13.318    12.963  4 54746.22308549 38.124
 73 228.592065  67.462519    14.639    14.679  5 54781.22305778 25.235
 74 228.582246  67.460967    12.251    12.286  4 54816.22307829 18.817
 75 228.594940  67.461768    64.665    78.373  5 54851.22305576 14.764
 76 228.582934  67.461849    80.486    80.427  5 54886.22308239 12.466
 77 228.604319  67.460860    84.115    83.908  6 54921.22305644 10.114
 78 228.578594  67.462690    29.181    12.948  4 54956.22307869 16.791
 80 228.596244  67.458997    14.745    14.788  4 55026.22309160 19.709
 82 228.603018  67.463278    15.805    17.010  5 55096.22303552 38.540
 83 228.581617  67.463444    34.520    10.710  3 55131.22302874 35.814
 84 228.597882  67.459073    83.664    83.482  4 55166.22299693 13.415
 85 228.581830  67.462077    82.477    82.644  5 55201.22302063 14.011
 86 228.597653  67.461618    82.741    82.662  5 55236.22300370 14.389
 87 228.586412  67.462603    79.768    79.628  5 55271.22301492 15.649
 88 228.598571  67.466738    46.005    46.005  2 55306.22298636  9.747
 89 228.587842  67.461243    84.345    84.004  4 55341.22298536  9.004
 91 228.583004  67.462320    15.172    15.296  4 55411.22300148 38.562
 92 228.597369  67.456589    11.821    11.821  2 55446.22299272 21.889
 93 228.611481  67.459757    40.474    36.678  5 55481.22292542 17.821
