# NaN NaN NaN ;Mean Elev.(m), Avg Gradient(m/km), RMS Gradient(m/km) - SRTM1     
#   39.185  -8.179  14.226 ;Mean Elev.(m), Avg Gradient(m/km), RMS Gradient(m/km) - ASTER GDEM
#   63.871  -7.276  14.365 ;Mean Elev.(m), Avg Gradient(m/km), RMS Gradient(m/km) - GMTED2010 
  7    55.132 52465.21462529 18.90 234.134837  64.922254 13.748
  7    53.217 52465.21462594 19.66 234.131877  64.925364 13.748
  7    53.510 52465.21462658 19.12 234.128917  64.928474 13.748
  7    49.693 52465.21462723 20.98 234.125957  64.931574 13.748
  8    62.702 52500.21461977 11.34 234.145038  64.919431  8.932
  8    60.412 52500.21462042 13.52 234.142088  64.922531  8.932
  8    61.123 52500.21462106 10.13 234.139127  64.925641 14.104
  8    60.072 52500.21462171  9.90 234.136167  64.928751 14.104
  8    58.011 52500.21462235 10.51 234.133207  64.931861 14.104
  9   103.451 52535.21460842  4.85 234.114865  64.922240  3.348
  9   102.720 52535.21460906  5.96 234.111895  64.925350  3.348
  9   101.020 52535.21460971  6.72 234.108935  64.928450  3.348
  9   101.332 52535.21461035  8.22 234.105975  64.931560  3.348
 10    47.813 52570.21463898 27.21 234.132457  64.920273  7.579
 10    47.537 52570.21463962 28.97 234.129497  64.923383  7.579
 11   101.896 52605.21461394 14.48 234.144736  64.919109  6.407
 11   103.038 52605.21461459 13.06 234.141776  64.922219  6.407
 11   103.421 52605.21461523 11.71 234.138816  64.925319  6.407
 11   103.113 52605.21461652 12.29 234.132896  64.931539  6.407
 12   102.215 52640.21460096  7.77 234.123733  64.920834  2.943
 12   101.863 52640.21460161  8.35 234.120773  64.923944  2.943
 12    99.493 52640.21460225  9.22 234.117813  64.927044  2.943
 12    99.072 52640.21460290 11.09 234.114853  64.930154  2.943
 13   104.379 52675.21459307  3.00 234.144648  64.919092  2.730
 13   102.803 52675.21459371  4.22 234.141688  64.922202  2.730
 13   108.782 52675.21459436  3.60 234.138738  64.925312  2.730
 13   109.089 52675.21459500  3.77 234.135778  64.928412  2.730
 13   103.655 52675.21459565  5.16 234.132818  64.931522  2.730
 14   104.992 52710.21461441  2.78 234.125051  64.922620  2.082
 14   105.130 52710.21461505  3.10 234.122091  64.925730  2.082
 14   101.641 52710.21461570  3.97 234.119121  64.928840  2.082
 15   107.094 52745.21464236  1.55 234.132999  64.922311  1.891
 15   108.509 52745.21464300  1.62 234.130039  64.925421  1.891
 15   106.685 52745.21464365  2.25 234.127079  64.928531  1.891
 15   108.127 52745.21464429  2.28 234.124119  64.931641  1.891
 16    58.768 52780.21457971 23.53 234.118012  64.922955  7.670
 16    49.094 52780.21458036 25.00 234.115042  64.926065  7.670
 16    48.998 52780.21458100 23.71 234.112082  64.929175  7.670
 17    57.125 52815.21466180 17.25 234.119167  64.921082  5.513
 17    52.545 52815.21466244 16.82 234.116207  64.924192  5.513
 18    50.616 52850.21471413 20.37 234.124851  64.923021  4.996
 18    51.713 52850.21471478 15.86 234.121891  64.926121  4.996
 18    48.838 52850.21471542 15.98 234.118921  64.929231  4.996
 20    47.669 52920.21470370 19.64 234.147430  64.918557  6.125
 20    47.403 52920.21470435 20.86 234.144479  64.921669  3.898
 20    47.198 52920.21470499 21.76 234.141519  64.924779  3.898
 20    47.721 52920.21470564 22.08 234.138559  64.927879  3.898
 20    47.731 52920.21470628 22.26 234.135599  64.930989  3.898
 21    93.949 52955.21466848 13.86 234.129623  64.920931  9.330
 21    82.296 52955.21466913 16.40 234.126663  64.924041  9.330
 21    97.583 52955.21466977 15.72 234.123703  64.927151  9.330
 21    65.935 52955.21467042 19.56 234.120743  64.930251  9.330
 22   105.254 52990.21468080  3.40 234.140884  64.921028  2.983
 22   106.881 52990.21468144  4.03 234.137924  64.924138  2.983
 22   108.640 52990.21468208  4.14 234.134964  64.927248  2.983
 22   102.912 52990.21468273  4.98 234.132004  64.930358  2.983
 23   106.048 53025.21465443  1.54 234.154681  64.918282  2.251
 23   108.566 53025.21465508  1.83 234.151731  64.921392  2.251
 23   110.767 53025.21465572  1.67 234.148771  64.924502  2.251
 23   112.013 53025.21465637  1.44 234.145811  64.927602  2.251
 23   113.630 53025.21465701  2.27 234.142851  64.930710  2.955
 24   106.006 53060.21465830  1.91 234.141578  64.920122  2.175
 24   106.727 53060.21465894  2.01 234.138618  64.923232  2.175
 24   108.900 53060.21465959  2.17 234.135658  64.926342  2.175
 24   109.262 53060.21466023  2.13 234.132698  64.929442  2.175
 24   110.031 53060.21466088  2.81 234.129738  64.932552  2.175
 25   107.774 53095.21469248  1.78 234.140038  64.920696  1.648
 25   108.280 53095.21469312  1.98 234.137078  64.923806  1.648
 25   111.052 53095.21469376  1.80 234.134118  64.926916  1.648
 25   109.805 53095.21469441  2.28 234.131158  64.930026  1.648
 26   101.829 53130.21466533  3.52 234.133369  64.922454  3.280
 26   101.875 53130.21466597  5.04 234.130409  64.925554  3.280
 26   101.868 53130.21466662  3.12 234.127449  64.928664  3.280
 26   101.889 53130.21466726  4.34 234.124479  64.931774  3.280
 28    66.895 53200.21473705  8.12 234.134651  64.920231  6.086
 28    68.522 53200.21473769  7.79 234.131691  64.923331  6.086
 28    69.568 53200.21473834  8.52 234.128731  64.926441  6.086
 28    68.629 53200.21473898 11.67 234.125771  64.929551  6.086
 30   102.558 53270.21467049  1.47 234.118639  64.921572  5.447
 30   101.609 53270.21467113  2.47 234.115669  64.924682  5.447
 30    99.120 53270.21467178  2.88 234.112709  64.927792  5.447
 30    99.065 53270.21467242  4.00 234.109749  64.930892  5.447
 31    97.660 53305.21473311 14.20 234.119160  64.923345  3.788
 31    95.677 53305.21473375 15.16 234.116200  64.926455  3.788
 31    97.971 53305.21473440 15.48 234.113240  64.929565  3.788
 32   101.702 53340.21470017  5.46 234.141910  64.920153  3.385
 32   101.677 53340.21470082  7.25 234.138950  64.923263  3.385
 32   102.065 53340.21470146  7.24 234.135990  64.926363  3.385
 32   102.001 53340.21470211  7.46 234.133030  64.929473  3.385
 32   102.105 53340.21470275  9.34 234.130070  64.932583  3.385
 33   102.000 53375.21463018  4.94 234.154961  64.919507  3.607
 33    98.319 53375.21463083  7.35 234.152001  64.922617  3.607
 33   110.506 53375.21463147  3.42 234.149041  64.925727  3.607
 33   111.015 53375.21463212  3.82 234.146081  64.928827  3.607
 33   104.410 53375.21463276  4.49 234.143121  64.931937  3.607
 34   103.887 53410.21467465  1.98 234.137050  64.920086  2.016
 34   104.322 53410.21467529  2.72 234.134090  64.923196  2.016
 34   105.772 53410.21467593  2.53 234.131130  64.926296  2.016
 34   103.637 53410.21467658  2.59 234.128170  64.929406  2.016
 34   103.458 53410.21467722  3.24 234.125200  64.932516  2.016
 35   103.522 53445.21465663  0.94 234.154813  64.918604  2.260
 35   105.791 53445.21465728  0.80 234.151853  64.921714  2.260
 35   109.507 53445.21465792  0.87 234.148893  64.924824  2.260
 35   111.527 53445.21465857  0.55 234.145933  64.927924  2.260
 35   104.968 53445.21465921  1.17 234.142973  64.931034  2.260
 36   113.911 53480.21473965  2.48 234.122123  64.921431  1.712
 36   107.499 53480.21474029  2.73 234.119163  64.924541  1.712
 36   109.315 53480.21474094  2.95 234.116203  64.927651  1.712
 36   105.881 53480.21474158  3.51 234.113233  64.930751  1.712
 38    50.628 53550.21476443 17.05 234.134766  64.920152  7.511
 38    49.488 53550.21476507 17.09 234.131806  64.923252  7.511
 38    49.399 53550.21476572 17.72 234.128846  64.926362  7.511
 38    48.307 53550.21476636 18.25 234.125886  64.929472  7.511
 40    49.027 53620.21468068 31.91 234.154324  64.917283 12.289
 40    49.852 53620.21468132 29.80 234.151374  64.920393 12.289
 40    49.036 53620.21468196 27.30 234.148414  64.923503 12.289
 40    48.365 53620.21468261 27.79 234.145454  64.926603 12.289
 40    48.968 53620.21468325 29.69 234.142494  64.929713 12.289
 41    53.636 53655.21471126 14.56 234.125538  64.923897  7.230
 41    52.394 53655.21471190 14.21 234.122578  64.927007  7.230
 41    49.503 53655.21471255 15.85 234.119608  64.930117  7.230
 42    62.285 53690.21470284 15.30 234.137647  64.920240  4.479
 42    74.345 53690.21470477 14.08 234.128767  64.929560  4.479
 43   104.161 53725.21462575  5.29 234.158899  64.916376  3.834
 43   102.777 53725.21462639  5.60 234.155939  64.919486  3.834
 43   103.105 53725.21462704  5.25 234.152989  64.922596  3.834
 43   103.721 53725.21462768  5.32 234.150029  64.925706  3.834
 43   103.620 53725.21462833  7.31 234.147069  64.928806  3.834
 43   104.219 53725.21462897  6.68 234.144109  64.931916  3.834
 44   101.365 53760.21457294  5.27 234.131609  64.921829  2.549
 44    99.818 53760.21457358  6.37 234.128649  64.924929  2.549
 44   100.483 53760.21457423  6.23 234.125689  64.928039  2.549
 44   100.772 53760.21457487  7.31 234.122719  64.931149  2.549
 46   105.497 53830.21456957  3.19 234.124241  64.922097  2.133
 46   103.539 53830.21457022  3.60 234.121281  64.925207  2.133
 46   103.289 53830.21457086  3.45 234.118311  64.928317  2.133
 46   102.779 53830.21457151  4.57 234.115351  64.931417  2.133
 47   106.565 53865.21464641 15.70 234.126042  64.921255  5.183
 47   106.101 53865.21464705 16.71 234.123082  64.924355  5.183
 47   106.538 53865.21464769 17.50 234.120122  64.927465  5.183
 47   101.786 53865.21464834 18.83 234.117152  64.930575  5.183
 48    59.288 53900.21467323 17.02 234.132490  64.922312  9.459
 48    51.947 53900.21467388 17.93 234.129530  64.925422  9.459
 48    51.237 53900.21467452 16.95 234.126570  64.928532  9.459
 48    50.814 53900.21467517 17.54 234.123610  64.931642  9.459
 49   103.303 53935.21471519  1.64 234.126468  64.920618  4.152
 49   100.913 53935.21471583  1.66 234.123508  64.923718  4.152
 49   101.615 53935.21471648  1.34 234.120548  64.926828  4.152
 49   100.742 53935.21471712  3.03 234.117588  64.929938  4.152
 52    47.019 54040.21469096 40.63 234.133100  64.921230 13.167
 52    47.026 54040.21469160 44.02 234.130140  64.924340 13.167
 52    46.674 54040.21469225 44.94 234.127180  64.927450 13.167
 52    46.627 54040.21469289 42.69 234.124220  64.930550 13.167
 53   102.112 54075.21468493  6.54 234.142069  64.920306  3.043
 53   102.134 54075.21468557  6.53 234.139109  64.923416  3.043
 53   102.348 54075.21468622  7.00 234.136149  64.926526  3.043
 53   102.530 54075.21468686  8.19 234.133189  64.929626  3.043
 53   102.746 54075.21468751  8.31 234.130229  64.932736  3.043
 54   103.384 54110.21462821  4.80 234.153618  64.919769  3.301
 54   103.780 54110.21462885  4.91 234.150658  64.922879  3.301
 54   104.490 54110.21462950  4.88 234.147698  64.925989  3.301
 54   104.391 54110.21463014  5.25 234.144738  64.929089  3.301
 54   104.821 54110.21463079  6.21 234.141778  64.932199  3.301
 55   103.614 54145.21462493  3.67 234.127727  64.922290  2.095
 55   103.244 54145.21462558  3.66 234.124767  64.925390  2.095
 55   103.520 54145.21462622  3.84 234.121807  64.928500  2.095
 55   102.481 54145.21462687  4.48 234.118837  64.931610  2.095
 56   105.919 54180.21461386  1.75 234.149780  64.919695  2.270
 56   107.252 54180.21461451  1.70 234.146820  64.922805  2.270
 56   109.911 54180.21461515  1.37 234.143860  64.925905  2.270
 56   110.350 54180.21461580  1.88 234.140900  64.929015  2.270
 56   112.580 54180.21461644  1.87 234.137940  64.932125  2.270
 58    48.638 54250.21465973 21.86 234.133285  64.920426  5.921
 58    48.681 54250.21466038 22.62 234.130325  64.923536  5.921
 58    49.091 54250.21466102 23.12 234.127365  64.926636  5.921
 58    48.562 54250.21466167 23.63 234.124395  64.929746  5.921
 59    50.379 54285.21466659 15.67 234.139407  64.921563  3.755
 59    49.947 54285.21466723 15.98 234.136447  64.924663  3.755
 59    49.699 54285.21466788 16.29 234.133477  64.927773  3.755
 59    49.572 54285.21466852 16.87 234.130517  64.930883  3.755
 61    49.593 54355.21462533 45.59 234.150470  64.919824 17.532
 61    48.412 54355.21462597 46.24 234.147510  64.922934 17.532
 61    48.667 54355.21462662 44.37 234.144550  64.926034 17.532
 62    47.938 54390.21460407 38.64 234.136806  64.920647  9.434
 62    48.333 54390.21460472 42.85 234.133846  64.923757  9.434
 62    45.258 54390.21460536 47.15 234.130886  64.926867  9.434
 62    48.054 54390.21460601 43.74 234.127926  64.929967  9.434
 63   101.251 54425.21457576  6.44 234.141832  64.921718  3.890
 63   102.853 54425.21457640  4.66 234.138872  64.924828  3.890
 63   102.950 54425.21457705  5.26 234.135912  64.927938  3.890
 63   102.822 54425.21457769  6.08 234.132952  64.931038  3.890
 64   102.634 54460.21458075  3.31 234.128070  64.922452  2.462
 64   103.390 54460.21458139  3.41 234.125110  64.925562  2.462
 64   101.345 54460.21458204  4.05 234.122150  64.928662  2.462
 64   101.196 54460.21458268  4.63 234.119190  64.931772  2.462
 65   107.726 54495.21458100  1.20 234.144871  64.919925  2.109
 65   106.112 54495.21458165  1.68 234.141911  64.923035  2.109
 65   108.163 54495.21458229  1.51 234.138951  64.926135  2.109
 65   109.234 54495.21458293  1.32 234.135983  64.929243  2.375
 65   110.253 54495.21458358  1.66 234.133023  64.932353  2.375
 66   106.480 54530.21459321  1.08 234.133507  64.920893  2.021
 66   106.654 54530.21459385  1.17 234.130547  64.924003  2.021
 66   107.058 54530.21459450  0.87 234.127587  64.927113  2.021
 66   106.679 54530.21459514  0.93 234.124627  64.930213  2.021
 67   109.468 54565.21458721  2.72 234.150655  64.919267  2.189
 67   112.460 54565.21458785  2.86 234.147695  64.922377  2.189
 67   112.495 54565.21458850  2.94 234.144735  64.925487  2.189
 67   116.400 54565.21458914  3.23 234.141775  64.928597  2.189
 67   112.333 54565.21458979  3.40 234.138815  64.931697  2.189
 68   113.288 54600.21458886 10.04 234.134548  64.921049  9.622
 68   107.968 54600.21458950 11.65 234.131588  64.924159  9.622
 68   108.659 54600.21459015 12.16 234.128628  64.927269  9.622
 68   108.938 54600.21459079 11.82 234.125668  64.930379  9.622
 70    48.700 54670.21460491 22.30 234.140000  64.919377  5.436
 70    48.545 54670.21460556 23.21 234.137040  64.922487  5.436
 70    48.716 54670.21460620 22.85 234.134080  64.925597  5.436
 70    49.169 54670.21460685 23.41 234.131120  64.928697  5.436
 71    60.365 54705.21456803 16.34 234.144005  64.923777  2.787
 71    48.409 54705.21456868 17.70 234.141045  64.926887  2.787
 71    48.518 54705.21456932 17.14 234.138085  64.929997  2.787
 73    47.460 54775.21454802 38.79 234.146253  64.918802  8.814
 73    47.160 54775.21454867 40.94 234.143293  64.921902  8.814
 73    47.317 54775.21454931 38.66 234.140333  64.925012  8.814
 73    47.451 54775.21454995 42.12 234.137373  64.928122  8.814
 73    47.067 54775.21455060 42.67 234.134413  64.931232  8.814
 74   101.433 54810.21456229  5.55 234.125813  64.921342  3.268
 74   100.987 54810.21456293  6.01 234.122843  64.924452  3.268
 74   100.027 54810.21456358  6.77 234.119883  64.927562  3.268
 74    99.997 54810.21456422  8.08 234.116923  64.930662  3.268
 75   102.951 54845.21454769  3.07 234.142612  64.921221  2.807
 75   106.017 54845.21454833  2.81 234.139652  64.924331  2.807
 75   107.849 54845.21454898  3.14 234.136692  64.927441  2.807
 75   108.805 54845.21454962  3.38 234.133732  64.930541  2.807
 76   106.100 54880.21456549  1.46 234.130327  64.922155  1.943
 76   107.464 54880.21456613  1.73 234.127367  64.925265  1.943
 76   109.902 54880.21456678  1.81 234.124407  64.928365  1.943
 76   107.050 54880.21456742  2.16 234.121437  64.931475  1.943
 77   110.595 54915.21455117  0.59 234.145628  64.921071  1.963
 77   113.551 54915.21455181  0.75 234.142668  64.924181  1.963
 77   114.836 54915.21455245  0.98 234.139718  64.927291  1.963
 77   116.879 54915.21455310  1.00 234.136758  64.930391  1.963
 81    62.989 55055.21457379 11.19 234.142364  64.920107  4.404
 81    50.294 55055.21457443 16.81 234.139404  64.923217  4.404
 81    50.924 55055.21457508 14.09 234.136444  64.926327  4.404
 81    50.979 55055.21457572 12.83 234.133484  64.929427  4.404
 81    47.641 55055.21457637 13.25 234.130524  64.932537  4.404
 82    62.133 55090.21453299 12.39 234.146941  64.920951  2.978
 82    59.580 55090.21453428 12.41 234.141021  64.927171  2.978
 82    55.439 55090.21453493 12.42 234.138061  64.930281  2.978
 84   102.286 55160.21449432  8.17 234.141526  64.921799  4.648
 84   102.764 55160.21449497  8.70 234.138566  64.924909  4.648
 84   103.104 55160.21449561  9.40 234.135606  64.928019  4.648
 84   103.271 55160.21449626 10.07 234.132646  64.931119  4.648
 85   100.389 55195.21450285  5.77 234.126312  64.922003  3.502
 85   100.074 55195.21450350  6.59 234.123352  64.925113  3.502
 85   100.476 55195.21450414  6.63 234.120392  64.928213  3.502
 85   100.034 55195.21450479  7.73 234.117432  64.931323  3.502
 86   103.806 55230.21449615  2.46 234.148070  64.918371  3.166
 86   102.271 55230.21449680  3.85 234.145110  64.921481  3.166
 86   107.517 55230.21449744  2.95 234.142160  64.924591  3.166
 86   108.255 55230.21449809  3.36 234.139200  64.927701  3.166
 86   108.445 55230.21449873  4.15 234.136240  64.930801  3.166
 87   102.747 55265.21449720  2.45 234.136330  64.919800  2.762
 87   101.841 55265.21449784  3.21 234.133370  64.922910  2.762
 87   101.561 55265.21449849  2.98 234.130410  64.926020  2.762
 87   101.706 55265.21449913  2.87 234.127450  64.929120  2.762
 87   106.550 55265.21449978  3.43 234.124480  64.932230  2.762
 88   118.448 55300.21447921  0.16 234.147263  64.921737  2.065
 88   116.745 55300.21447986  0.55 234.144303  64.924847  2.065
 88   117.784 55300.21448050  0.72 234.141343  64.927957  2.065
 88   117.783 55300.21448115  1.15 234.138383  64.931067  2.065
 90    52.311 55370.21446579 11.99 234.134750  64.926582  4.389
 90    50.939 55370.21446644 12.61 234.131790  64.929692  4.389
 90    47.116 55370.21446708 13.78 234.128830  64.932792  4.389
 91    62.798 55405.21448276 12.61 234.132774  64.920382 12.356
 91    60.628 55405.21448340 13.54 234.129814  64.923492 12.356
 91    52.647 55405.21448405 13.91 234.126854  64.926602 12.356
 91    50.099 55405.21448469 14.59 234.123894  64.929702 12.356
