-133841.461   146.646     0.00    2.79
-133474.801   148.795     5.86    3.67
-133108.214   151.231     6.64    4.45
-132741.702   154.615     9.24    5.16
-132375.263   157.164     6.96    4.72
-132008.897   159.197     5.55    3.85
-131642.605   160.981     4.87    3.12
-131276.387   162.773     4.89    2.77
-130910.242   165.036     6.18    2.94
-130544.170   167.464     6.63    3.37
-130178.172   169.820     6.44    3.26
-129812.247   171.349     4.18    2.58
-129446.395   172.250     2.46    2.31
-129080.616   172.251     0.00    2.37
-128714.911   172.153    -0.27    2.13
-128335.891   172.325     0.45    1.83
-127954.953   173.559     3.24    2.86
-127574.096   175.777     5.82    4.32
-127193.319   178.637     7.51    5.26
-126812.622   182.316     9.66    5.44
-126432.006   185.895     9.40    5.69
-126051.470   188.669     7.29    5.40
-125671.014   192.734    10.68    4.50
-125290.638   196.364     9.54    5.27
-124910.343   201.425    13.31    7.25
-124530.128   206.999    14.66    8.27
-124149.992   213.760    17.79    8.00
-123769.937   218.964    13.69    6.49
-123389.961   223.121    10.94    4.85
-123010.065   225.831     7.13    5.19
-122630.250   226.766     2.46    7.40
-122250.514   218.338   -22.20   21.23
-121870.857   205.261   -34.45   27.79
-121491.280   198.559   -17.66   28.79
-121111.783   204.990    16.95   35.15
-120732.366   221.097    42.46   37.70
-120353.028   241.794    54.57   27.62
-119973.769   255.097    35.08   11.12
-119594.590   259.770    12.33    4.61
-119215.491   261.208     3.79    4.32
-118836.470   263.621     6.37    5.61
-118457.529   265.641     5.33    6.10
-118078.667   268.490     7.52    5.88
-117699.885   271.594     8.20    4.41
-117321.181   273.327     4.58    4.41
-116942.557   274.710     3.65    4.67
-116564.011   276.523     4.79    6.43
-116185.545   277.466     2.49    7.75
-115807.157   278.273     2.13    8.40
-115428.848   277.617    -1.73    8.16
-115050.619   275.436    -5.77    6.42
-114672.468   273.408    -5.36    6.06
-114294.395   270.838    -6.80    5.87
-113916.402   267.710    -8.27    6.06
-113538.487   263.400   -11.41    6.37
-113160.650   259.513   -10.29    6.91
-112782.892   257.680    -4.85    8.13
-112405.213   255.315    -6.26    8.48
-112027.612   252.411    -7.69    7.69
-111650.090   248.827    -9.50    7.11
-111272.646   243.433   -14.29    8.20
-110895.280   237.966   -14.49    9.00
-110517.992   232.250   -15.15    7.59
-110140.783   227.911   -11.50    5.22
-109763.652   225.863    -5.43    3.71
-109386.599   224.658    -3.20    3.35
-109009.624   223.325    -3.54    3.54
-108632.726   220.865    -6.53    5.15
-108255.907   215.454   -14.36    7.78
-107879.166   208.107   -19.50    9.27
-107502.503   199.906   -21.78    9.63
-107125.918   192.891   -18.63    7.22
-106749.410   188.884   -10.64    4.81
-106372.980   186.391    -6.62    2.98
-105996.628   184.648    -4.63    3.41
-105620.353   182.153    -6.63    5.12
-105244.156   178.529    -9.63    6.17
-104868.037   173.796   -12.59    6.50
-104491.995   168.777   -13.35    6.90
-104116.030   163.329   -14.49    8.26
-103740.143   157.056   -16.69    9.98
-103364.333   149.587   -19.88   10.77
-102988.601   142.261   -19.50   10.97
-102612.945   134.493   -20.68   10.53
-102237.367   127.960   -17.40    9.89
-101861.866   122.710   -13.98    8.74
-101486.443   118.533   -11.13    6.99
-101111.096   115.359    -8.46    4.70
-100735.826   113.229    -5.68    3.78
-100360.633   111.049    -5.81    4.22
 -99985.518   108.990    -5.49    4.49
 -99610.479   107.187    -4.81    3.94
 -99235.517   105.207    -5.28    3.99
 -98860.631   103.008    -5.87    4.30
 -98485.823   101.110    -5.07    4.13
 -98111.091   100.419    -1.84    3.62
 -97736.436   100.446     0.07    2.74
 -97361.857   101.714     3.39    3.31
 -96987.355   102.968     3.35    3.58
 -96612.929   104.286     3.52    4.07
 -96238.580   105.914     4.35    4.43
 -95864.308   108.219     6.16    3.86
 -95490.111   110.142     5.14    3.11
 -95115.991   111.849     4.56    3.02
 -94741.948   113.812     5.25    3.48
 -94367.980   115.968     5.77    4.03
 -93994.089   118.516     6.81    4.42
 -93620.274   120.946     6.50    4.62
 -93246.535   123.708     7.39    4.70
 -92872.871   126.327     7.01    4.74
 -92499.284   129.197     7.68    4.64
 -92125.773   131.914     7.27    4.74
 -91752.338   135.063     8.43    4.82
 -91378.979   138.055     8.02    5.20
 -91005.695   141.721     9.82    5.93
 -90632.488   145.304     9.60    6.65
 -90259.356   149.164    10.35    7.06
 -89886.299   153.239    10.92    7.47
 -89513.319   157.466    11.33    8.48
 -89140.413   162.911    14.60    9.23
 -88767.584   168.493    14.97    9.56
 -88394.830   174.422    15.91    8.97
 -88022.151   180.013    15.00    7.97
 -87649.548   185.555    14.88    7.54
 -87277.020   191.060    14.78    8.72
 -86904.568   197.285    16.71   10.12
 -86532.190   203.925    17.83   11.65
 -86159.888   212.614    23.34   12.17
 -85787.661   219.289    17.93   11.38
 -85415.510   226.370    19.03    9.71
 -85043.433   231.986    15.09    7.61
 -84671.431   237.610    15.12    7.20
 -84299.505   242.575    13.35    7.12
 -83927.653   247.669    13.70    7.27
 -83555.876   251.842    11.22    6.94
 -83184.174   256.131    11.54    6.56
 -82812.547   260.077    10.62    5.17
 -82440.995   262.831     7.41    4.14
 -82069.517   264.631     4.85    3.37
 -81698.115   266.451     4.90    2.62
 -81326.786   268.696     6.05    3.12
 -80955.533   271.024     6.27    3.93
 -80584.354   273.501     6.67    4.42
 -80213.249   275.943     6.58    4.45
 -79842.219   277.533     4.29    4.15
 -79471.263   279.364     4.93    4.63
 -79100.382   280.762     3.77    5.01
 -78729.575   282.297     4.14    5.49
 -78358.842   284.349     5.53    5.03
 -77988.184   286.377     5.47    3.75
 -77617.599   288.252     5.06    3.66
 -77247.089   289.538     3.47    4.17
 -76876.653   290.790     3.38    4.10
 -76506.291   291.548     2.05    3.18
 -76136.003   291.483    -0.18    2.49
 -75765.789   291.175    -0.83    2.04
 -75395.649   290.308    -2.34    1.57
 -75025.583   289.740    -1.54    1.30
 -74655.591   288.792    -2.56    1.74
 -74285.672   287.066    -4.67    3.22
 -73915.828   284.524    -6.87    4.18
 -73546.057   281.316    -8.68    4.34
 -73176.359   278.276    -8.22    3.43
 -72806.736   275.175    -8.39    3.27
 -72437.185   272.294    -7.79    3.40
 -72067.709   269.986    -6.25    2.93
 -71698.306   269.472    -1.39    3.24
 -71328.976   270.928     3.94    4.74
 -70959.720   273.021     5.67    4.99
 -70590.537   275.267     6.08    3.22
 -70221.427   275.773     1.37    2.08
 -69852.391   275.584    -0.51    2.14
 -69483.428   275.523    -0.17    2.70
 -69114.538   275.141    -1.04    3.15
 -68745.721   274.023    -3.03    3.61
 -68376.978   272.687    -3.62    3.37
 -68008.307   271.577    -3.01    2.65
 -67639.710   270.019    -4.23    4.49
 -67271.185   266.636    -9.18    6.18
 -66902.733   262.874   -10.21    5.41
 -66534.355   260.208    -7.24    3.36
 -66166.049   259.680    -1.43    3.18
 -65797.816   260.880     3.26    3.12
 -65429.655   261.922     2.83    2.87
 -65061.568   262.589     1.81    2.63
 -64693.553   262.414    -0.48    3.00
 -64325.610   261.517    -2.44    3.46
 -63957.741   259.779    -4.72    3.88
 -63589.943   258.293    -4.04    3.85
 -63222.219   257.175    -3.04    3.87
 -62854.566   256.816    -0.98    4.34
 -62486.987   257.010     0.53    5.15
 -62119.479   257.988     2.66    6.46
 -61752.044   258.864     2.38    6.93
 -61384.681   260.946     5.67    7.69
 -61017.391   263.198     6.13    7.81
 -60650.172   264.731     4.17    6.96
 -60283.026   265.176     1.21    5.97
 -59915.952   263.586    -4.33    5.31
 -59548.950   259.687   -10.62    5.13
 -59182.020   252.680   -19.10   10.14
 -58815.162   247.762   -13.41    9.14
 -58448.376   245.523    -6.10    7.06
 -58081.662   245.716     0.53    6.97
 -57715.020   249.875    11.35    4.71
 -57348.450   254.021    11.31    4.84
 -56981.951   258.903    13.32    6.79
 -56615.524   263.878    13.58    8.00
 -56249.169   269.611    15.65    5.57
 -55882.886   272.647     8.29    2.74
 -55516.674   273.759     3.04    1.71
 -55150.533   273.553    -0.56    1.48
 -54784.465   272.815    -2.02    0.94
 -54418.467   272.131    -1.87    1.20
 -54052.541   271.289    -2.30    1.58
 -53677.571   269.955    -3.56    1.78
 -53296.794   268.681    -3.35    1.36
 -52916.096   267.431    -3.29    1.76
 -52535.476   266.096    -3.51    2.33
 -52154.934   264.867    -3.23    2.75
 -51774.471   264.220    -1.70    3.51
 -51394.086   264.881     1.74    5.23
 -51013.778   268.371     9.18    8.81
 -50633.549   276.827    22.24   17.44
 -50253.398   292.117    40.22   29.61
 -49873.325   313.251    55.61   36.82
 -49493.329   339.902    70.14   45.11
 -49113.412   388.285   127.36   77.09
 -48733.572   438.823   133.06   88.65
 -48353.811   496.581   152.10   77.00
 -47974.127   526.896    79.85   48.49
 -47594.520   508.708   -47.91   63.15
 -47214.991   457.011  -136.22   75.26
 -46835.540   401.389  -146.59   67.80
 -46456.167   346.750  -144.03   50.51
 -46076.870   312.021   -91.57   34.85
 -45697.652   283.106   -76.25   24.16
 -45318.511   263.208   -52.48   21.01
 -44939.447   243.739   -51.36   19.60
 -44560.460   228.464   -40.31   16.51
 -44181.551   213.265   -40.11   12.83
 -43802.718   202.486   -28.45   13.27
 -43423.963   188.614   -36.63   14.84
 -43045.286   175.275   -35.23   16.21
 -42666.685   159.264   -42.29   17.30
 -42288.161   145.007   -37.67   16.46
 -41909.714   130.419   -38.55   13.94
 -41531.344   120.005   -27.53   10.78
 -41153.051   112.275   -20.43    7.20
 -40774.835   107.198   -13.42    5.18
 -40396.696   103.505    -9.77    5.98
 -40018.633    99.419   -10.81    7.44
 -39640.647    94.908   -11.93    7.83
 -39262.738    89.553   -14.17    7.35
 -38884.905    85.642   -10.35    6.24
 -38507.149    82.748    -7.66    5.46
 -38129.470    80.691    -5.45    4.84
 -37751.867    78.971    -4.56    4.57
 -37374.340    76.516    -6.50    4.69
 -36996.890    73.957    -6.78    4.93
 -36619.516    70.775    -8.43    4.54
 -36242.218    67.764    -7.98    3.85
 -35864.997    65.254    -6.65    2.94
 -35487.852    63.552    -4.51    2.56
 -35110.783    62.973    -1.54    2.67
 -34733.790    63.257     0.75    2.98
 -34356.873    63.613     0.95    3.10
 -33980.032    63.222    -1.04    3.41
 -33603.267    62.263    -2.55    3.69
 -33226.578    61.013    -3.32    3.40
 -32849.965    60.373    -1.70    2.44
 -32473.428    60.559     0.50    1.95
 -32096.966    61.457     2.39    1.96
 -31720.580    62.470     2.69    1.75
 -31344.270    63.592     2.98    2.18
 -30968.036    64.426     2.21    2.24
 -30591.877    64.764     0.90    2.35
 -30215.794    65.152     1.03    2.41
 -29839.786    65.670     1.38    2.49
 -29463.854    66.658     2.63    2.25
 -29087.997    66.973     0.84    1.90
 -28712.216    66.307    -1.77    2.72
 -28336.509    63.853    -6.53    3.77
 -27960.879    61.199    -7.06    3.01
 -27585.323    59.230    -5.24    1.60
 -27209.843    58.462    -2.05    1.60
 -26834.437    57.351    -2.96    2.67
 -26459.107    55.773    -4.20    3.46
 -26083.852    53.870    -5.07    3.47
 -25708.672    52.210    -4.42    2.29
 -25333.567    51.241    -2.58    0.37
 -24958.537    51.164    -0.21    0.00
 -24583.582    51.164     0.00    0.00
 -24208.701    51.164     0.00    0.00
 -23833.896    51.164     0.00    0.00
 -23459.165    51.164     0.00    0.00
 -23084.509    51.040    -0.33    0.33
 -22709.928    50.917    -0.33    0.43
 -22335.421    50.714    -0.54    0.50
 -21960.988    50.624    -0.24    0.50
 -21586.631    50.779     0.42    0.49
 -21212.348    50.982     0.54    0.39
 -20838.139    51.130     0.40    0.18
 -20464.004    51.164     0.09    0.00
 -20089.944    51.208     0.12    0.21
 -19715.959    51.456     0.66    0.53
 -19342.047    52.007     1.47    1.03
 -18968.210    52.302     0.79    1.14
 -18594.447    52.220    -0.22    1.16
 -18220.758    51.394    -2.21    1.76
 -17847.143    49.911    -3.97    2.22
 -17473.603    48.422    -3.99    2.39
 -17100.136    46.389    -5.45    2.73
 -16726.743    44.937    -3.89    2.40
 -16353.424    45.312     1.00    3.56
 -15980.179    47.119     4.84    4.29
 -15607.008    47.675     1.49    4.81
 -15233.911    48.003     0.88    5.12
 -14860.887    45.566    -6.53    6.48
 -14487.937    41.286   -11.48    8.66
 -14115.061    32.474   -23.63   15.63
 -13742.259    25.602   -18.43   17.56
 -13369.530    21.743   -10.35   17.54
 -12996.874    23.804     5.53   20.80
 -12624.292    31.692    21.17   22.52
 -12251.783    42.653    29.42   19.01
 -11879.348    53.978    30.41    7.76
 -11506.986    56.319     6.29    6.14
 -11134.698    58.592     6.11    3.87
 -10762.483    59.984     3.74    0.70
 -10390.341    59.851    -0.36    0.56
 -10018.272    59.209    -1.72    1.17
  -9646.276    58.272    -2.52    1.82
  -9274.354    56.289    -5.33    3.38
  -8902.504    54.950    -3.60    3.35
  -8530.728    54.724    -0.61    3.40
  -8159.024    54.373    -0.94    3.46
  -7787.393    55.119     2.01    2.93
  -7415.836    55.130     0.03    2.50
  -7044.351    54.664    -1.25    2.27
  -6672.939    54.808     0.39    2.05
  -6301.599    55.670     2.32    2.28
  -5930.333    56.083     1.11    2.40
  -5559.139    55.716    -0.99    2.77
  -5188.018    53.575    -5.77    4.07
  -4816.969    51.084    -6.71    4.29
  -4445.993    48.445    -7.12    3.52
  -4075.089    46.348    -5.65    2.21
  -3704.258    45.119    -3.31    1.75
  -3333.499    43.957    -3.14    1.17
  -2962.813    43.490    -1.26    1.02
  -2592.199    43.540     0.14    0.99
  -2221.657    43.478    -0.17    1.12
  -1851.187    43.212    -0.72    1.62
  -1480.790    38.406   -12.97   12.75
  -1110.465    27.438   -29.62   20.06
   -740.212    15.142   -33.21   21.42
   -370.031     2.569   -33.97   13.99
      0.078    -2.825   -14.57    0.11
    370.115    -2.836    -0.03    0.00
    740.080    -2.768     0.18    0.25
   1109.973    -2.592     0.48    0.43
   1479.794    -2.286     0.83    0.50
   1849.543    -2.066     0.59    0.42
   2219.221     0.883     7.98    8.54
   2588.826     7.300    17.36   14.60
   2958.360    17.596    27.86   18.95
   3327.823    27.434    26.63   18.41
   3697.213    39.014    31.35    9.43
   4066.533    42.380     9.11    6.12
   4435.780    44.509     5.77    0.89
   4804.956    44.231    -0.75    0.51
   5174.061    44.152    -0.21    0.25
   5543.094    44.273     0.33    0.35
   5912.056    44.426     0.42    0.54
   6280.947    45.142     1.94    1.65
   6649.766    45.989     2.30    2.43
   7018.514    47.414     3.86    3.24
   7387.191    48.396     2.67    3.63
   7755.796    48.883     1.32    4.08
   8124.331    48.405    -1.30    4.15
   8492.794    47.625    -2.12    3.75
   8861.186    46.152    -4.00    2.33
   9229.508    45.405    -2.03    1.62
   9597.758    44.928    -1.30    1.24
   9965.937    44.267    -1.79    0.75
  10334.046    42.653    -4.39    3.74
  10702.083    39.902    -7.47    6.34
  11070.050    33.505   -17.39   10.32
  11437.946    28.771   -12.87   10.41
  11805.772    30.790     5.49   12.23
  12173.526    37.246    17.55   13.53
  12541.211    45.658    22.88   10.13
  12908.824    50.773    13.91    8.46
  13276.367    56.804    16.41    8.08
  13643.839    61.888    13.83    6.69
  14011.241    66.704    13.11    5.29
  14378.573    69.344     7.19    4.36
  14745.834    71.509     5.90    3.91
  15113.024    74.130     7.14    5.02
  15480.145    79.581    14.85    8.18
  15847.195    87.300    21.03   11.15
  16214.175    96.718    25.66   10.93
  16581.084   106.697    27.20   12.03
  16947.924   118.176    31.29   13.24
  17314.693   129.119    29.84   14.79
  17681.392   139.885    29.36   14.98
  18048.022   151.153    30.73   14.50
  18414.581   159.357    22.38   11.97
  18781.070   164.431    13.85    8.84
  19147.489   164.475     0.12    8.09
  19513.839   162.221    -6.15    7.01
  19880.119   160.186    -5.55    7.07
  20246.328   158.722    -4.00    6.55
  20612.469   160.256     4.19    6.77
  20983.711   164.212    10.66    7.55
  21364.329   170.334    16.08    9.05
  21744.870   177.081    17.73    7.08
  22125.335   183.018    15.61    6.17
  22505.723   189.072    15.92    7.23
  22886.036   194.993    15.57    9.95
  23266.272   201.819    17.95   11.31
  23646.432   210.141    21.89   11.40
  24026.517   218.647    22.38   12.11
  24406.525   227.827    24.16   13.10
  24786.458   238.490    28.07   14.64
  25166.314   248.721    26.93   13.86
  25546.095   262.153    35.37   13.86
  25925.800   274.555    32.66   15.11
  26305.430   290.153    41.09   21.02
  26684.983   309.094    49.90   33.45
  27064.461   357.528   127.63   84.06
  27443.863   429.072   188.57  132.06
  27823.190   486.819   152.23  127.94
  28202.442   499.899    34.49  120.34
  28581.617   445.164  -144.35  151.70
  28960.718   356.417  -234.09  150.19
  29339.743   267.175  -235.45   98.88
  29718.693   216.310  -134.22   45.34
  30097.567   201.973   -37.84   25.32
  30476.366   198.822    -8.32   19.72
  30855.090   196.727    -5.53   18.48
  31233.739   194.340    -6.30   16.82
  31612.313   189.297   -13.32   12.01
  31990.812   185.978    -8.77    8.11
  32369.235   184.875    -2.91    4.12
  32747.584   186.734     4.91    3.71
  33125.858   189.539     7.42    4.27
  33504.057   193.396    10.20    5.36
  33882.181   197.348    10.45    6.66
  34260.230   202.118    12.62    7.86
  34638.204   206.164    10.70    9.11
  35016.104   212.423    16.56   11.01
  35393.929   220.209    20.61   15.10
  35771.680   234.175    36.97   22.49
  36149.356   253.493    51.15   24.57
  36526.957   272.231    49.62   19.99
  36904.484   286.340    37.37   13.68
  37281.936   299.905    35.94   13.71
  37659.315   312.232    32.66   16.87
  38036.618   331.750    51.73   22.20
  38413.848   351.513    52.39   24.55
  38791.003   379.641    74.58   31.41
  39168.083   404.543    66.04   32.01
  39545.090   431.607    71.78   29.45
  39922.023   457.823    69.55   25.70
  40298.881   483.437    67.96   27.83
  40675.665   507.222    63.13   27.42
  41052.376   528.687    56.98   22.34
  41429.012   538.247    25.38   17.82
  41805.575   534.959    -8.73   29.12
  42182.063   524.807   -26.97   36.40
  42558.478   520.543   -11.33   35.44
  42934.819   519.293    -3.32   38.29
  43311.086   526.053    17.96   48.20
  43687.280   529.057     7.98   57.09
  44063.399   528.198    -2.28   58.12
  44439.446   521.386   -18.11   53.63
  44815.418   514.062   -19.48   42.66
  45191.317   521.981    21.07   43.11
  45567.143   533.279    30.06   48.02
  45942.895   556.331    61.35   49.90
  46318.574   577.997    57.67   53.84
  46694.179   596.019    47.98   54.34
  47069.711   619.289    61.96   57.96
  47445.170   647.603    75.41   49.34
  47820.555   656.497    23.69   45.03
  48195.868   666.005    25.33   39.34
  48571.107   668.221     5.90   36.22
  48946.273   671.899     9.80   36.69
  49321.366   687.419    41.38   44.34
  49696.386   706.639    51.25   44.58
  50071.333   723.039    43.74   40.64
  50446.207   729.432    17.05   30.13
  50821.008   727.624    -4.83   25.26
  51195.736   726.810    -2.17   32.43
  51570.391   732.812    16.02   38.25
  51944.974   743.971    29.79   38.72
  52319.484   763.508    52.17   44.38
  52693.921   781.896    49.10   43.37
  53068.286   803.914    58.81   46.83
  53442.578   831.493    73.68   45.01
  53816.797   865.842    91.78   59.59
  54190.944   898.695    87.80   49.01
  54565.019   901.704     8.04   42.80
  54939.021   892.417   -24.83   49.81
  55312.950   864.686   -74.16   54.95
  55686.807   826.457  -102.25   46.94
  56060.592   791.854   -92.57   44.91
  56434.305   759.522   -86.51   36.48
  56807.945   729.762   -79.65   36.71
  57181.514   703.586   -70.07   27.95
  57555.010   679.991   -63.17   23.45
  57928.434   661.962   -48.28   20.70
  58301.786   643.275   -50.05   24.24
  58675.065   624.426   -50.49   26.97
  59048.273   604.209   -54.17   29.66
  59421.409   583.140   -56.46   31.15
  59794.473   563.543   -52.53   31.74
  60167.466   547.423   -43.22   33.23
  60540.386   532.348   -40.42   32.59
  60913.235   519.952   -33.24   34.59
  61286.012   510.359   -25.73   32.34
  61658.717   505.745   -12.38   25.93
  62031.350   498.013   -20.75   25.50
  62403.912   482.106   -42.69   33.55
  62776.403   467.957   -37.98   32.45
  63148.821   453.256   -39.47   34.96
  63521.169   447.528   -15.38   33.52
  63893.445   440.176   -19.75   38.43
  64265.649   426.175   -37.61   46.87
  64637.782   420.721   -14.66   44.05
  65009.844   415.199   -14.84   36.83
  65381.835   415.732     1.43   26.88
  65753.754   401.877   -37.25   36.82
  66125.602   371.234   -82.40   57.61
  66497.379   330.408  -109.81   67.74
  66869.085   290.676  -106.89   57.90
  67240.720   255.704   -94.10   29.39
  67612.283   244.403   -30.41   14.09
  67983.776   249.676    14.19   27.81
  68355.198   270.474    55.99   47.22
  68726.549   301.176    82.67   53.86
  69097.829   325.516    65.55   46.82
  69469.038   343.652    48.85   37.04
  69840.176   357.681    37.80   36.91
  70211.244   375.477    47.96   42.81
  70582.241   415.714   108.45   62.81
  70953.167   463.225   128.08   52.55
  71324.022   494.550    84.46   37.52
  71694.807   513.408    50.86   23.78
  72065.522   520.428    18.94   38.83
  72436.166   533.324    34.79   57.11
  72806.739   567.831    93.11   83.12
  73177.242   611.521   117.92   93.81
  73547.675   649.233   101.80   78.71
  73918.037   649.870     1.72   67.41
  74288.329   622.096   -75.00   75.39
  74658.550   583.059  -105.43   87.92
  75028.702   522.152  -164.54   94.57
  75398.783   455.819  -179.23  110.50
  75768.794   384.778  -191.99  107.61
  76138.735   319.247  -177.13   83.29
  76508.606   260.903  -157.73   47.27
  76878.407   236.630   -65.63   38.15
  77248.137   218.272   -49.65   29.60
  77617.798   213.573   -12.71   24.15
  77987.389   221.623    21.78   33.80
  78356.910   239.302    47.84   39.53
  78726.362   265.616    71.22   32.05
  79095.743   283.842    49.34   14.64
  79465.055   289.917    16.45   11.77
  79834.297   299.198    25.13   18.38
  80203.469   316.621    47.19   27.70
  80572.572   337.198    55.75   30.41
  80941.605   359.237    59.72   24.87
  81310.568   381.232    59.61   20.06
  81679.462   398.592    47.06   22.60
  82048.287   418.313    53.47   24.72
  82417.042   443.152    67.35   28.23
  82785.727   478.026    94.58   44.69
  83154.344   519.327   112.04   59.05
  83522.890   581.482   168.64   73.69
  83891.368   636.456   149.18   73.47
  84259.777   681.417   122.03   61.06
  84628.116   704.885    63.71   61.90
  84996.386   705.048     0.44   72.53
  85364.587   702.463    -7.02   81.25
  85732.718   700.962    -4.08   83.68
  86100.781   692.982   -21.68   77.56
  86468.775   686.176   -18.49   66.70
  86836.700   673.391   -34.75   57.05
  87204.555   663.337   -27.33   59.12
  87572.342   692.474    79.22   82.20
  87940.060   733.866   112.56   85.90
  88307.709   767.325    91.00   74.59
  88675.290   788.706    58.16   65.34
  89042.801   800.245    31.40   50.40
  89410.244   803.292     8.29   41.30
  89777.619   796.271   -19.11   38.50
  90144.924   777.911   -49.98   39.98
  90512.161   751.327   -72.39   42.64
  90879.330   722.923   -77.35   43.29
  91246.430   695.340   -75.13   38.99
  91613.461   677.059   -49.80   37.34
  91980.425   662.188   -40.52   37.93
  92347.319   651.096   -30.23   35.84
  92714.146   642.322   -23.92   29.79
  93080.904   640.578    -4.76   21.82
  93447.593   638.730    -5.04   18.00
  93814.215   629.543   -25.06   28.87
  94180.768   609.896   -53.60   42.11
  94547.253   575.562   -93.68   47.95
  94913.670   538.624  -100.80   47.37
  95280.019   497.759  -111.54   51.48
  95647.835   471.971   -70.11   47.89
  96028.296   455.463   -43.39   37.85
  96408.682   462.009    17.21   45.25
  96788.995   489.334    71.84   48.24
  97169.233   502.129    33.65   51.71
  97549.397   504.635     6.59   50.91
  97929.487   501.617    -7.94   46.17
  98309.503   507.175    14.62   45.19
  98689.445   521.493    37.68   50.78
  99069.313   532.509    29.00   47.36
  99449.107   541.001    22.36   46.34
  99828.828   545.255    11.20   39.90
 100208.474   546.251     2.62   43.47
 100588.047   559.325    34.44   58.64
 100967.546   576.566    45.43   68.57
 101346.971   594.571    47.45   75.86
 101726.323   602.236    20.20   71.90
 102105.601   608.257    15.87   63.82
 102484.805   616.269    21.13   61.28
 102863.936   632.917    43.91   70.91
 103242.994   679.175   122.03   79.66
 103621.978   732.709   141.25   91.94
 104000.888   800.414   178.67  110.29
 104379.725   872.957   191.47  117.23
 104758.489   942.653   183.99   82.59
 105137.180   977.200    91.22   53.31
 105515.797   976.338    -2.28   57.60
 105894.342   954.745   -57.04   54.07
 106272.813   961.543    17.96   70.33
 106651.211   976.066    38.38   88.38
 107029.536   988.664    33.30   90.44
 107407.788   990.522     4.91   78.64
 107785.967   957.394   -87.59   77.63
 108164.073   908.364  -129.66   72.17
 108542.106   870.082  -101.26   60.51
 108920.066   843.939   -69.16   50.43
 109297.954   839.396   -12.02   50.92
 109675.768   864.064    65.28   65.46
 110053.510   901.624    99.42   62.50
 110431.180   922.938    56.43   53.70
 110808.776   911.980   -29.02   68.57
 111186.301   876.957   -92.76   75.41
 111563.752   832.676  -117.31   62.39
 111941.131   793.128  -104.79   41.89
 112318.438   767.013   -69.21   24.98
 112695.672   748.966   -47.83   27.08
 113072.833   731.623   -45.98   29.98
 113449.923   712.011   -52.00   27.98
 113826.940   693.959   -47.88   23.25
 114203.885   676.771   -45.59   19.55
 114580.757   664.926   -31.43   19.83
 114957.558   656.153   -23.28   16.44
 115334.286   655.652    -1.33   16.46
 115710.942   662.712    18.74   21.61
 116087.526   674.606    31.58   22.51
 116464.038   686.803    32.39   25.60
 116840.478   690.875    10.81   31.52
 117216.846   693.396     6.70   37.40
 117593.143   690.581    -7.48   41.81
 117969.367   677.647   -34.38   36.51
 118345.520   665.489   -32.32   25.31
 118721.601   655.991   -25.25   14.48
 119097.610   657.080     2.89   19.28
 119473.547   675.411    48.76   40.31
 119849.413   709.749    91.35   61.17
 120225.207   749.394   105.49   65.50
 120600.929   774.839    67.72   55.65
 120976.580   753.082   -57.91   68.44
 121352.160   713.423  -105.59   67.27
 121727.668   690.385   -61.35   46.34
 122103.105   697.065    17.79   48.01
 122478.470   725.815    76.58   47.92
 122853.764   752.670    71.55   37.69
 123228.987   756.348     9.80   37.56
 123604.138   746.670   -25.79   41.90
 123979.219   732.414   -38.00   43.76
 124354.228   723.564   -23.60   44.90
 124729.166   723.387    -0.47   48.81
 125104.033   723.451     0.17   50.74
 125478.829   724.210     2.02   47.28
 125853.553   714.439   -26.07   44.72
 126228.207   703.612   -28.90   39.04
 126602.790   701.264    -6.27   36.71
 126977.302   708.734    19.94   42.14
 127351.744   722.601    37.03   50.94
 127726.114   728.834    16.65   52.81
 128100.414   733.201    11.67   61.51
 128474.643   722.315   -29.09   56.29
 128848.801   712.448   -26.37   42.20
 129222.889   721.658    24.62   43.73
 129596.906   739.851    48.64   56.45
 129970.852   776.612    98.30   66.77
 130344.728   811.312    92.80   49.55
 130718.533   817.493    16.53   38.55
 131092.269   806.435   -29.58   42.71
 131465.933   801.727   -12.60   33.17
 131839.527   809.559    20.96   31.76
 132213.051   838.141    76.51   33.66
 132586.505   873.312    94.17   42.37
 132959.888   918.024   119.74   58.78
 133333.202   951.701    90.20   57.30
 133706.445   961.140    25.29   57.59
 134079.617   952.976   -21.87   65.49
 134452.720   939.920   -34.99   55.31
 134825.753   942.714     7.49   49.21
 135198.716   975.923    89.03   63.35
 135571.609  1008.676    87.83   49.95
 135944.431  1013.327    12.47   44.41
 136317.184   988.639   -66.22   51.47
 136689.867   949.834  -104.11   56.67
 137062.481   915.053   -93.34   58.07
 137435.024   890.704   -65.35   68.96
 137807.498   857.435   -89.31   78.64
 138179.902   815.385  -112.90   83.10
 138552.237   765.831  -133.08   65.82
 138924.501   728.676   -99.80   54.96
 139296.697   707.864   -55.91   41.60
 139668.822   702.317   -14.90   37.79
 140040.879   709.991    20.62   45.00
 140412.865   707.350    -7.10   45.98
 140784.783   693.802   -36.42   41.98
 141156.630   674.420   -52.12   31.03
 141528.409   661.610   -34.45   18.89
 141900.118   653.414   -22.05    6.87
 142271.758   650.405    -8.10    4.16
 142643.329   647.808    -6.99    5.84
 143014.831   646.007    -4.85    5.71
 143386.263   644.914    -2.94    5.19
 143757.626   644.859    -0.15    4.51
 144128.921   645.493     1.71    5.03
 144500.146   652.001    17.53   18.34
 144871.302   662.505    28.30   31.74
 145242.389   673.067    28.46   40.32
 145613.408   687.459    38.79   53.94
 145984.357   699.971    33.73   65.24
 146355.238   704.827    13.09   77.56
 146726.049   713.734    24.02   86.49
 147096.792   714.838     2.98   94.16
 147467.467   715.128     0.78   97.18
 147838.072   711.082   -10.92   98.49
 148208.609   693.966   -46.19   81.33
 148579.077   680.444   -36.50   63.55
 148949.477   676.752    -9.97   51.67
 149319.808   670.722   -16.28   40.02
 149690.071   667.850    -7.76   32.08
 150060.265   660.942   -18.66   18.30
 150430.391   656.973   -10.72    7.27
 150800.448   657.003     0.08    1.81
 151170.438   659.520     6.80    5.34
 151540.358   663.961    12.00    8.81
 151910.211   674.501    28.49   16.94
 152279.995   694.926    55.23   31.85
 152649.711   737.003   113.79   62.81
 153019.359   790.126   143.70   72.33
 153388.939   848.455   157.80   71.87
 153758.450   905.689   154.87   52.50
 154127.894   941.834    97.83   46.98
 154497.269   981.226   106.63   49.57
 154866.577  1018.854   101.88   53.59
 155235.817  1063.429   120.71   70.96
 155604.988  1121.140   156.31   79.06
 155974.092  1158.810   102.05   69.49
 156343.128  1194.105    95.63   56.52
 156712.097  1227.129    89.49   51.01
 157080.997  1250.533    63.43   46.27
 157449.830  1259.260    23.66   35.50
 157818.595  1248.270   -29.80   40.32
 158187.293  1233.940   -38.86   35.45
 158555.923  1229.851   -11.09   27.71
 158924.485  1233.364     9.53   22.82
 159292.980  1222.292   -30.04   32.11
 159661.407  1200.629   -58.79   46.87
 160029.767  1169.682   -84.00   57.25
 160398.060  1141.462   -76.62   67.39
 160766.285  1111.404   -81.62   65.47
 161134.442  1082.976   -77.21   53.96
 161502.533  1056.464   -72.02   30.01
 161870.556  1041.458   -40.77   21.94
 162238.512  1030.651   -29.37   14.40
 162606.401  1025.011   -15.33   11.12
 162974.222  1021.509    -9.52    8.40
 163341.977  1020.094    -3.85    5.02
 163709.664  1020.835     2.01    5.10
 164077.284  1028.293    20.29   14.04
 164444.838  1046.533    49.62   36.69
 164812.324  1076.019    80.23   52.87
 165179.744  1100.959    67.87   52.95
 165547.096  1129.152    76.74   57.88
 165914.382  1148.811    53.52   66.57
 166281.600  1177.732    78.75   76.04
 166648.753  1212.896    95.76   87.63
 167015.838  1241.868    78.91   82.92
 167382.856  1233.048   -24.03   88.15
 167749.808  1197.303   -97.40  115.16
 168116.693  1100.885  -262.77  143.82
 168483.512  1005.809  -259.15  109.06
 168850.264   949.282  -154.11   57.03
 169216.950   930.259   -51.87   27.78
 169583.569   944.269    38.21   33.66
 169950.121   964.226    54.44   36.05
 170316.607   982.987    51.19   28.74
 170695.102  1003.305    53.67   29.97
 171075.339  1040.885    98.82   45.61
 171455.502  1081.781   107.56   63.21
 171835.594  1140.067   153.33   77.29
 172215.613  1185.014   118.26   67.77
 172595.561  1208.093    60.74   56.63
 172975.436  1225.278    45.23   46.92
 173355.239  1239.317    36.96   45.48
 173734.971  1270.435    81.94   70.53
 174114.630  1318.682   127.06   95.68
 174494.217  1402.710   221.34  121.21
 174873.733  1479.646   202.69  128.35
 175253.176  1528.971   129.97  126.15
 175632.548  1592.540   167.54  138.15
 176011.848  1686.188   246.86  151.81
 176391.077  1725.477   103.59  146.13
 176770.234  1753.307    73.39  130.35
 177149.319  1761.478    21.55  128.86
 177528.332  1717.905  -114.95  128.96
 177907.274  1649.905  -179.42  107.47
 178286.145  1574.352  -199.39  110.54
 178664.944  1498.873  -199.23   91.74
 179043.671  1443.223  -146.92   95.81
 179422.328  1411.401   -84.03   96.60
 179800.913  1404.045   -19.43  105.57
 180179.426  1392.506   -30.48  119.74
 180557.868  1386.513   -15.83  114.36
 180936.239  1380.929   -14.75   89.22
 181314.539  1390.021    24.03   68.62
 181692.768  1437.300   124.98   72.28
 182070.926  1478.176   108.08   65.14
 182449.012  1476.505    -4.42   79.25
 182827.028  1463.021   -35.67   85.64
 183204.972  1464.706     4.46   88.53
 183582.846  1481.598    44.70   99.68
 183960.649  1575.046   247.31  137.58
 184338.381  1652.944   206.20  130.21
 184716.042  1716.764   168.96  124.03
 185093.632  1744.223    72.71  113.94
 185471.151  1728.561   -41.48  117.63
 185848.600  1695.263   -88.21  110.74
 186225.978  1708.787    35.83  109.69
 186603.286  1717.839    23.99  110.52
 186980.522  1710.211   -20.22  111.27
 187357.689  1665.506  -118.51  137.05
 187734.785  1552.236  -300.33  125.50
 188111.810  1458.907  -247.50   98.17
 188488.765  1379.717  -210.05  109.16
 188865.649  1316.864  -166.74   84.63
 189242.464  1264.176  -139.80   79.76
 189619.207  1204.658  -157.96   84.89
 189995.881  1138.589  -175.37   95.31
 190372.484  1093.571  -119.52   77.86
 190749.017  1093.066    -1.34   83.04
 191125.480  1152.707   158.40  103.18
 191501.873  1230.338   206.22   92.58
 191878.196  1304.628   197.38   97.90
 192254.449  1379.807   199.78  111.05
 192630.632  1478.737   262.94  121.50
 193006.744  1566.485   233.27  134.99
 193382.787  1645.164   209.20  109.05
 193758.760  1667.092    58.31  104.41
 194134.663  1586.610  -214.07  190.96
 194510.497  1449.574  -364.56  217.27
 194886.260  1338.571  -295.36  141.37
 195261.954  1347.774    24.49  151.18
 195637.578  1416.236   182.24  186.26
 196013.133  1504.058   233.81  176.76
 196388.618  1565.223   162.87  163.97
 196764.033  1580.337    40.25  145.07
 197139.379  1613.473    88.27  140.83
 197514.655  1667.929   145.08  155.74
 197889.862  1707.509   105.47  150.37
 198264.999  1745.287   100.69  132.23
 198640.067  1717.188   -74.91  138.05
 199015.066  1633.369  -223.48  174.68
 199389.995  1514.058  -318.17  174.17
 199764.855  1415.189  -263.71  138.31
 200139.646  1321.321  -250.41   96.23
 200514.368  1252.855  -182.68   89.77
 200889.021  1185.340  -180.18   85.53
 201263.604  1106.480  -210.49   96.61
 201638.118  1023.790  -220.76   99.20
 202012.564   989.518   -91.51   80.23
 202386.940  1011.729    59.32   91.11
 202761.247  1074.569   167.86   96.29
 203135.486  1156.366   218.53   94.19
 203509.655  1235.025   210.19  114.93
 203883.756  1316.117   216.73  131.74
 204257.788  1375.455   158.62  127.98
 204631.751  1366.759   -23.25  150.96
 205005.645  1318.676  -128.58  174.30
 205379.471  1217.176  -271.47  171.67
 205753.228  1112.856  -279.06  128.41
 206126.917  1043.581  -185.35  129.30
 206500.536   976.472  -179.59  115.59
 206874.088   913.258  -169.20   93.11
 207247.570   863.190  -134.04   52.61
 207620.985   840.694   -60.23   37.37
 207994.331   833.933   -18.11   36.35
 208367.608   821.234   -34.01   34.78
 208740.817   809.328   -31.90   29.24
 209113.958   807.176    -5.77   25.24
 209487.031   806.984    -0.51   25.64
 209860.035   816.378    25.18   28.42
 210232.971   826.814    27.98   26.49
 210605.839   834.376    20.28   22.47
 210978.639   841.164    18.21   18.32
 211351.370   849.260    21.72   20.72
 211724.034   860.420    29.94   30.07
 212096.630   888.378    75.02   50.88
 212469.157   924.010    95.63   57.52
 212841.617   963.248   105.33   63.55
 213214.009  1011.664   129.99   66.01
 213586.333  1090.352   211.31  113.24
 213958.589  1185.972   256.82  134.96
 214330.777  1301.995   311.68  152.71
 214702.897  1405.433   277.92  114.44
 215074.950  1463.976   157.32   99.21
 215446.935  1513.911   134.22  102.66
 215818.853  1529.866    42.89  100.47
 216190.703  1514.587   -41.08  123.31
 216562.485  1478.787   -96.28  124.34
 216934.200  1451.683   -72.91  100.84
 217305.847  1500.640   131.71  125.30
 217677.427  1575.023   200.15  144.54
 218048.939  1642.034   180.34  137.22
 218420.384  1698.177   151.12  142.44
 218791.761  1696.610    -4.22  138.43
 219163.072  1681.164   -41.59  130.85
 219534.315  1662.752   -49.59  108.08
 219905.490  1637.037   -69.27   94.24
 220276.599  1648.115    29.85  115.17
 220647.640  1673.764    69.11  139.14
 221018.615  1673.290    -1.28  154.76
 221389.522  1684.164    29.31  154.23
 221760.362  1696.615    33.57  172.11
 222131.135  1715.213    50.15  185.65
 222501.841  1745.223    80.94  190.92
 222872.480  1765.991    56.02  190.63
 223243.052  1797.420    84.80  182.17
 223613.558  1828.335    83.42  165.78
 223983.996  1848.759    55.13  148.62
 224354.368  1904.396   150.19  157.28
 224724.672  1981.127   207.18  140.92
 225094.911  2039.053   156.43  117.57
 225465.082  2083.092   118.95  112.38
 225835.187  2083.505     1.12  117.57
 226205.225  2041.462  -113.60  126.97
 226575.197  1968.603  -196.89  118.72
 226945.102  1915.031  -144.80   98.85
 227314.940  1901.393   -36.87  111.26
 227684.712  1886.759   -39.57  120.59
 228054.418  1869.296   -47.23  120.51
 228424.057  1826.774  -115.02  119.06
 228793.630  1780.616  -124.87  111.86
 229163.136  1736.923  -118.23  100.50
 229532.576  1704.331   -88.20   88.96
 229901.950  1670.113   -92.62   87.05
 230271.258  1641.224   -78.21  101.15
 230640.499  1611.835   -79.58  123.28
 231009.674  1583.069   -77.91  130.60
 231378.783  1545.037  -103.02  138.80
 231747.826  1485.932  -160.13  134.72
 232116.803  1416.036  -189.40  116.33
 232485.714  1375.842  -108.93   86.37
 232854.559  1350.151   -69.64   77.44
 233223.338  1333.469   -45.23   65.82
 233592.052  1329.813    -9.91   56.96
 233960.699  1323.021   -18.42   45.35
 234329.280  1325.278     6.12   36.53
 234697.796  1340.319    40.81   47.29
 235066.246  1364.701    66.16   53.81
 235434.630  1428.634   173.52  109.62
 235802.948  1496.696   184.76  128.89
 236171.201  1582.271   232.34  132.06
 236539.388  1663.104   219.50  104.77
 236907.509  1723.200   163.22   76.20
 237275.565  1758.200    95.08   44.02
 237643.556  1774.810    45.13   23.37
 238011.481  1767.694   -19.34   33.51
 238379.340  1754.127   -36.87   38.97
 238747.134  1738.670   -42.02   41.71
 239114.863  1725.201   -36.62   35.77
 239482.526  1720.818   -11.92   28.04
 239850.124  1723.868     8.29   29.39
 240217.657  1734.140    27.95   36.54
 240585.124  1759.961    70.25   59.53
 240952.527  1792.810    89.39   68.93
 241319.864  1830.356   102.19   73.95
 241687.136  1869.482   106.51   68.40
 242054.342  1907.728   104.13   71.67
 242421.484  1963.725   152.49   82.74
 242788.561  2019.289   151.34   88.75
 243155.573  2036.569    47.07   91.54
 243522.519  2003.923   -88.95  123.18
 243889.401  1883.700  -327.62  192.99
 244256.218  1718.042  -451.52  218.12
 244622.970  1536.814  -494.05  197.21
 244989.657  1393.481  -390.81  155.50
 245364.929  1277.610  -308.71  109.83
 245745.014  1200.875  -201.85   70.33
 246125.029  1153.019  -125.91   39.82
 246504.973  1142.885   -26.67   29.67
 246884.847  1180.128    98.02   69.94
 247264.651  1263.800   220.26  139.21
 247644.385  1357.676   247.17  167.72
 248024.049  1440.164   217.22  170.29
 248403.642  1501.104   160.51  184.73
 248783.166  1569.039   178.96  210.23
 249162.619  1663.608   249.18  247.10
 249542.003  1770.814   282.52  232.65
 249921.317  1825.457   144.03  203.44
 250300.560  1889.383   168.53  195.67
 250679.734  1897.298    20.87  191.52
 251058.838  1948.932   136.17  188.24
 251437.873  2020.905   189.85  173.46
 251816.837  2035.981    39.77  132.11
 252195.732  1989.589  -122.42  165.52
 252574.557  1883.557  -279.84  201.97
 252953.313  1760.164  -325.72  150.54
 253331.999  1800.225   105.77  187.40
 253710.615  1904.138   274.40  198.09
 254089.162  1996.652   244.34  146.42
 254467.639  2031.969    93.30  129.70
 254846.047  2004.759   -71.89  137.60
 255224.386  1985.164   -51.78  134.07
 255602.655  1965.942   -50.81  131.60
 255980.855  1888.114  -205.74  196.23
 256358.986  1744.627  -379.38  232.26
 256737.047  1600.077  -382.27  195.07
 257115.039  1547.847  -138.15  154.05
 257492.962  1627.786   211.48  236.24
 257870.816  1804.349   467.18  270.04
 258248.601  1938.426   354.83  213.14
 258626.317  1992.337   142.70  192.01
 259003.964  1939.761  -139.19  231.17
 259381.541  1854.025  -227.02  229.80
 259759.050  1696.331  -417.64  263.17
 260136.490  1534.531  -428.59  226.49
 260513.861  1430.896  -274.57  163.40
 260891.164  1375.255  -147.44  107.42
 261268.397  1398.529    61.68  150.45
 261645.562  1429.600    82.36  182.98
 262022.658  1425.030   -12.12  182.45
 262399.685  1371.417  -142.17  135.50
 262776.644  1342.034   -77.93   91.73
 263153.534  1328.645   -35.52   48.44
 263530.355  1342.411    36.52   51.40
 263907.108  1391.152   129.34   84.75
 264283.793  1456.871   174.43  118.44
 264660.409  1529.892   193.85  134.91
 265036.956  1586.899   151.36  131.76
 265413.436  1629.176   112.27  118.53
 265789.847  1643.200    37.25   99.03
 266166.189  1645.249     5.44   72.51
 266542.464  1656.534    29.98   58.03
 266918.670  1688.639    85.32   50.99
 267294.808  1714.664    69.18   47.68
 267670.877  1738.652    63.77   59.50
 268046.879  1766.584    74.27   83.50
 268422.813  1781.917    40.78   94.83
 268798.678  1785.366     9.18  100.99
 269174.476  1782.723    -7.03   83.49
 269550.205  1792.561    26.18   77.13
 269925.867  1857.420   172.61  141.51
 270301.461  1963.295   281.83  180.60
 270676.987  2037.688   198.06  160.82
 271052.445  2060.972    62.00  151.93
 271427.835  2010.880  -133.41  164.18
 271803.158  1913.670  -258.95  125.46
 272178.412  1921.920    21.98  154.19
 272553.600  1945.683    63.32  160.33
 272928.719  1963.962    48.72  147.83
 273303.771  1976.101    32.36  123.62
 273678.755  1924.764  -136.88  110.89
 274053.672  1876.337  -129.14   96.05
 274428.522  1837.893  -102.53   77.24
 274803.303  1819.539   -48.96   86.20
 275178.018  1808.707   -28.90   95.53
 275552.665  1769.460  -104.73  109.09
 275927.245  1708.935  -161.55  127.58
 276301.757  1632.226  -204.78  136.02
 276676.202  1554.887  -206.50  115.30
 277050.580  1495.263  -159.23   92.01
 277424.891  1467.127   -75.15   80.29
 277799.134  1452.432   -39.26   92.64
 278173.311  1441.993   -27.89  111.69
 278547.420  1429.469   -33.47  125.20
 278921.462  1406.139   -62.36  125.87
 279295.438  1375.383   -82.22  129.02
 279669.346  1317.460  -154.88  120.14
 280043.187  1263.164  -145.21  111.25
 280416.962  1226.979   -96.79   97.57
 280790.669  1222.814   -11.14  112.39
 281164.310  1224.664     4.95  138.01
 281537.884  1244.042    51.86  157.72
 281911.391  1259.053    40.18  178.34
 282284.831  1265.164    16.36  177.71
 282658.205  1265.682     1.39  189.12
 283031.512  1288.274    60.50  203.06
 283404.753  1289.589     3.52  207.08
 283777.926  1280.115   -25.38  196.46
 284151.034  1256.843   -62.36  195.32
 284524.074  1245.248   -31.07  192.30
 284897.049  1203.582  -111.69  182.72
 285269.957  1156.591  -125.98  163.22
 285642.798  1115.326  -110.65  132.92
 286015.573  1082.633   -87.68  112.91
 286388.282  1042.417  -107.88   90.70
 286760.924  1005.259   -99.69   78.68
 287133.500   979.522   -69.06   58.49
 287506.010   979.101    -1.13   66.92
 287878.454  1031.324   140.18  140.58
 288250.831  1105.045   197.93  202.07
 288623.143  1206.226   271.70  260.86
 288995.388  1339.769   358.66  284.39
 289367.567  1437.677   263.00  274.13
 289739.681  1524.359   232.89  260.16
 290111.728  1590.531   177.82  236.76
 290483.709  1575.261   -41.04  236.64
 290855.625  1488.946  -232.03  257.73
 291227.474  1347.275  -380.90  266.91
 291599.258  1186.001  -433.68  241.58
 291970.976  1032.598  -412.59  196.88
 292342.628   918.991  -305.61  123.81
 292714.214   859.576  -159.86   67.72
 293085.735   851.739   -21.09   66.80
 293457.190   910.381   157.83  152.01
 293828.579   987.227   206.87  208.11
 294199.903  1063.115   204.32  220.25
 294571.161  1080.446    46.67  207.70
 294942.354  1042.102  -103.27  181.42
 295313.481  1034.658   -20.05  149.30
 295684.543  1111.822   207.91  193.64
 296055.539  1255.164   386.28  209.37
 296426.470  1435.651   486.46  197.90
 296797.335  1569.164   359.92  164.07
 297168.135  1683.104   307.21  149.05
 297538.870  1755.826   196.11  136.47
 297909.540  1781.374    68.91  137.92
 298280.144  1751.026   -81.87  163.56
 298650.684  1701.066  -134.80  157.44
 299021.158  1655.835  -122.06  120.66
 299391.567  1625.128   -82.88  126.89
 299761.911  1600.189   -67.32  151.36
 300132.190  1610.991    29.17  167.04
 300502.403  1646.534    95.98  167.77
 300872.552  1706.386   161.66  162.01
 301242.636  1731.652    68.25  153.65
 301612.655  1702.404   -79.02  163.98
 301982.609  1599.892  -277.03  189.92
 302352.499  1529.213  -191.04  179.22
 302722.323  1461.831  -182.16  163.82
 303092.083  1406.579  -149.39  147.38
 303461.778  1369.839   -99.35  132.63
 303831.408  1289.839  -216.38  114.50
 304200.974  1225.981  -172.75  109.30
 304570.475  1151.003  -202.87  119.46
 304939.911  1063.091  -237.91  157.61
 305309.283   967.439  -258.89  162.26
 305678.590   899.115  -184.96  140.77
 306047.833   840.999  -157.35   89.88
 306417.012   818.450   -61.07   59.47
 306786.126   800.361   -48.99   45.98
 307155.175   775.326   -67.82   40.74
 307524.160   743.972   -84.95   41.53
 307893.081   728.417   -42.15   33.40
 308261.938   714.346   -38.14   35.62
 308630.730   697.591   -45.42   47.04
 308999.458   678.085   -52.89   55.96
 309368.122   651.505   -72.08   54.54
 309736.721   623.874   -74.94   41.47
 310105.257   605.019   -51.15   28.07
 310473.728   594.585   -28.31   14.21
 310842.136   589.287   -14.38    8.16
 311210.479   586.644    -7.17    8.07
 311578.759   583.749    -7.86    7.50
 311946.974   580.631    -8.47    5.77
 312315.125   579.786    -2.30    7.51
 312683.213   583.359     9.70   15.80
 313051.237   600.287    45.99   40.03
 313419.197   639.202   105.73   80.56
 313787.093   709.152   190.09  124.62
 314154.925   792.127   225.52  140.69
 314522.694   865.501   199.46  113.92
 314890.399   880.151    39.83  102.81
 315258.040   835.847  -120.48  114.59
 315625.618   783.781  -141.61   96.54
 315993.132   766.505   -47.00   70.89
 316360.583   808.126   113.24  104.35
 316727.970   907.514   270.46  140.52
 317095.293  1008.510   274.88  135.23
 317462.553  1116.974   295.26  121.84
 317829.750  1207.571   246.66  118.55
 318196.883  1294.670   237.18  119.77
 318563.953  1373.064   213.51  115.22
 318930.959  1426.670   146.03  109.67
 319297.903  1428.417     4.76  126.64
 319664.783  1397.541   -84.14  141.91
 320037.094  1383.018   -39.00  125.92
 320417.033  1409.972    70.92  142.29
 320796.903  1494.337   222.03  159.74
 321176.706  1568.328   194.77  119.20
 321556.439  1594.237    68.21  134.66
 321936.105  1599.651    14.26  157.11
 322315.702  1604.472    12.69  161.94
 322695.231  1584.633   -52.26  151.22
 323074.692  1516.601  -179.24  175.64
 323454.084  1412.021  -275.58  228.10
 323833.408  1296.556  -304.32  206.20
 324212.665  1226.051  -185.85  162.31
 324591.853  1255.057    76.47  170.62
 324970.973  1351.794   255.09  220.12
 325350.025  1486.953   356.48  218.14
 325729.009  1590.835   274.03  154.34
 326107.925  1659.203   180.38  126.33
 326486.773  1727.101   179.18  133.30
 326865.554  1790.014   166.05  157.82
 327244.266  1843.349   140.80  164.51
 327622.911  1867.115    62.75  195.22
 328001.488  1863.389    -9.84  226.79
 328379.997  1823.151  -106.28  217.20
 328758.439  1787.176   -95.04  183.32
 329136.813  1773.896   -35.09  147.28
 329515.119  1773.860    -0.09  110.42
 329893.358  1803.359    77.97  111.74
 330271.529  1870.901   178.55  134.81
 330649.633  1987.645   308.68  176.09
 331027.669  2144.822   415.66  193.86
 331405.638  2245.923   267.41  164.97
 331783.540  2289.074   114.16  126.12
 332161.374  2224.589  -170.62  174.86
 332539.141  2112.139  -297.59  159.38
 332916.840  2029.401  -219.00  104.09
 333294.472  1966.139  -167.48   98.74
 333672.037  1889.485  -202.97  135.35
 334049.535  1792.831  -255.97  169.55
 334426.966  1674.356  -313.81  206.80
 334804.330  1519.801  -409.45  184.04
 335181.626  1471.964  -126.76  152.66
 335558.856  1504.725    86.82  182.05
 335936.018  1592.822   233.51  202.74
 336313.114  1739.326   388.40  142.48
 336690.143  1820.164   214.35  110.05
 337067.104  1901.335   215.27  104.21
 337443.999  1982.437   215.13  106.19
 337820.828  2048.534   175.36   91.80
 338197.589  2098.137   131.62   75.51
 338574.283  2132.589    91.43   63.00
 338950.911  2182.385   132.18   77.04
 339327.473  2236.608   143.96   84.50
 339703.967  2286.582   132.70   64.37
 340080.395  2279.626   -18.47   85.62
 340456.756  2236.776  -113.82  105.56
 340833.051  2187.651  -130.51  104.91
 341209.280  2139.639  -127.58   92.92
 341585.442  2168.954    77.91  118.08
 341961.537  2146.028   -60.94  168.93
 342337.566  2092.951  -141.11  217.04
 342713.529  1988.514  -277.71  244.27
 343089.425  1882.759  -281.26  210.10
 343465.255  1819.090  -169.36  193.11
 343841.019  1758.468  -161.28  199.28
 344216.717  1649.476  -290.02  214.34
 344592.348  1547.134  -272.38  227.82
 344967.914  1450.497  -257.24  215.67
