# NaN NaN NaN ;Mean Elev.(m), Avg Gradient(m/km), RMS Gradient(m/km) - SRTM1     
#   -3.745  -6.613  11.826 ;Mean Elev.(m), Avg Gradient(m/km), RMS Gradient(m/km) - ASTER GDEM
#   10.010  -6.061   9.974 ;Mean Elev.(m), Avg Gradient(m/km), RMS Gradient(m/km) - GMTED2010 
  7 226.551287  67.358372    76.264    78.573 15 52458.22910493  9.158
  8 226.573550  67.347220    79.689    78.789 11 52493.22908083  4.934
 10 226.541780  67.361980    74.888    75.549 12 52563.22910338 18.174
 12 226.526737  67.368538    87.448    87.819 15 52633.22907331 15.399
 13 226.543302  67.362894    86.497    87.012 15 52668.22908755 12.541
 14 226.536340  67.364975    87.382    87.821 14 52703.22906591  9.963
 16 226.593364  67.336708    80.228    79.918  7 52773.22905673  4.450
 17 226.520867  67.370201    90.762    90.448 15 52808.22912952  6.669
 18 226.528434  67.367119    17.404    17.404  2 52843.22918646 44.281
 19 226.535869  67.365216    40.906    39.598 14 52878.22922416 17.341
 20 226.594076  67.335980    78.787    78.077  7 52913.22917544  8.385
 21 226.523344  67.369550    90.933    90.085 15 52948.22914126 17.091
 23 226.572031  67.347274    84.048    83.490 11 53018.22916208  7.710
 24 226.533183  67.366188    89.434    90.988 14 53053.22914847  8.147
 25 226.553208  67.358158    87.724    88.157 17 53088.22918349  5.865
 27 226.525563  67.369424    90.975    90.400 15 53158.22921416  9.461
 28 226.558290  67.355682    74.061    73.825 16 53193.22920466  9.444
 30 226.581108  67.342891    75.116    78.479 10 53263.22917071  6.496
 31 226.519835  67.370005    89.813    90.131 15 53298.22921738 16.208
 33 226.593331  67.336596    81.087    81.153  7 53368.22912375  9.346
 35 226.579354  67.344133    80.193    80.497 11 53438.22914385  9.003
 36 226.528653  67.367061    87.921    88.116 15 53473.22920585  6.934
 37 226.543392  67.362465    87.816    88.201 16 53508.22922972 14.442
 38 226.546137  67.360297    86.421    87.071 14 53543.22923969  5.668
 39 226.563106  67.353359    74.986    73.840 13 53578.22922135  6.713
 40 226.578268  67.344440    83.866    79.120 10 53613.22917240  5.656
 41 226.537756  67.362532    89.817    88.593 12 53648.22918230 11.765
 42 226.547331  67.359317    77.906    80.558 14 53683.22919633  6.040
 43 226.588052  67.338911    84.185    84.146  9 53718.22911866  6.069
 44 226.536132  67.365152    86.154    87.587 14 53753.22904580  6.986
 45 226.568149  67.349940    82.457    80.976 13 53788.22907226  6.528
 46 226.517929  67.371477    91.835    92.698 15 53823.22903248  7.912
 47 226.529431  67.367615    87.422    87.406 14 53858.22912384  4.241
 48 226.551408  67.356795    78.333    82.228 12 53893.22913622 10.842
 49 226.528048  67.367891    89.373    89.393 15 53928.22919690  7.124
 50 226.555917  67.354517    82.131    81.370 14 53963.22917574  6.375
 51 226.530176  67.357672    99.632    99.685  7 53998.22912559  1.134
 52 226.539534  67.363696    87.560    88.000 14 54033.22917502 18.456
 54 226.583454  67.341534    83.816    82.739 10 54103.22912215 10.778
 55 226.532782  67.366049    89.648    88.658 15 54138.22909899 11.229
 56 226.568206  67.350112    84.894    84.694 12 54173.22910205  8.728
 57 226.529879  67.367011    88.784    88.925 15 54208.22910505  8.620
 59 226.547513  67.360113    86.523    87.588 15 54278.22914830  5.354
 60 226.558365  67.354239    79.559    81.496  7 54313.22914715  1.607
 61 226.550558  67.369385    61.944    61.944  2 54348.22912126  9.310
 62 226.536378  67.365085    89.933    90.686 15 54383.22908727 16.484
 63 226.569868  67.348385    77.681    80.368 11 54418.22906630 12.441
 64 226.523654  67.370061    87.010    89.220 15 54453.22905869 13.539
 65 226.556832  67.356349    79.922    80.209 15 54488.22906634 12.735
 66 226.537997  67.365071    87.497    88.112 15 54523.22907050 13.385
 67 226.571844  67.347248    81.912    80.677 11 54558.22907415 11.137
 68 226.547996  67.358587    83.035    82.159 12 54593.22906528  2.261
 69 226.549985  67.360031    86.146    86.632 16 54628.22908035  7.645
 71 226.580447  67.343028    71.143    74.026 10 54698.22905754 12.080
 72 226.530890  67.366887    90.204    91.674 14 54733.22904671  7.623
 73 226.554393  67.357695    85.459    86.741 16 54768.22904027 15.097
 74 226.529885  67.366702    88.382    88.561 15 54803.22904055 11.320
 75 226.550183  67.359346    85.461    86.441 16 54838.22903412 10.269
 76 226.533050  67.366581    88.553    89.033 15 54873.22903975  9.768
 77 226.573753  67.347220    84.682    83.038 11 54908.22903824  7.461
 78 226.531529  67.366348    89.495    89.729 15 54943.22903277  7.228
 79 226.545933  67.361480    86.809    87.597 16 54978.22905880 13.533
 80 226.557538  67.353502    91.607    87.820 12 55013.22906316  8.408
 81 226.527683  67.377879     5.895     6.178  5 55048.22906125 35.801
 82 226.585845  67.340394    80.694    81.121 10 55083.22902297  5.825
 83 226.536012  67.364598    86.739    88.034 13 55118.22899025 18.006
 84 226.554926  67.357674    85.672    87.041 16 55153.22898536 16.264
 85 226.529920  67.367196    90.331    89.499 15 55188.22897919 14.814
 86 226.555452  67.356731    85.908    86.665 16 55223.22898422 12.765
 87 226.544162  67.361486    87.194    87.538 15 55258.22897362 11.927
 88 226.575376  67.346343    83.892    83.864 11 55293.22896938  8.427
 89 226.541752  67.363257    90.318    89.927 15 55328.22895746  6.705
 90 226.556256  67.358803    68.092    70.606 15 55363.22895144 13.423
 91 226.536965  67.361967    83.519    84.790 11 55398.22896146  9.767
 92 226.558867  67.353564    76.769    78.959 14 55433.22896627  8.309
 93 226.592958  67.337012    80.592    80.868  7 55468.22891958 10.343
