# NaN NaN NaN ;Mean Elev.(m), Avg Gradient(m/km), RMS Gradient(m/km) - SRTM1     
#  130.150  -3.592   4.646 ;Mean Elev.(m), Avg Gradient(m/km), RMS Gradient(m/km) - ASTER GDEM
#  143.515  -3.882   4.039 ;Mean Elev.(m), Avg Gradient(m/km), RMS Gradient(m/km) - GMTED2010 
  7   144.267 52456.20191167 25.31 241.489469  61.308972 11.020
  7   143.713 52456.20191231 20.47 241.487109  61.312122 11.020
  7   142.874 52456.20191296 19.37 241.484749  61.315282 11.020
  7   141.932 52456.20191360 19.71 241.482389  61.318432 11.020
  7   141.688 52456.20191425 19.13 241.480027  61.321595  4.993
  7   141.689 52456.20191489 28.25 241.477667  61.324745  4.993
 10   144.208 52561.20191324 20.56 241.485298  61.308426  8.640
 10   142.990 52561.20191389 23.55 241.482938  61.311576  8.640
 10   141.807 52561.20191453 23.08 241.480579  61.314737 11.737
 10   140.159 52561.20191518 25.47 241.478219  61.317897 11.737
 10   140.466 52561.20191582 24.93 241.475859  61.321047 11.737
 10   140.970 52561.20191647 33.12 241.473499  61.324207 11.737
 12   141.212 52631.20186287 28.21 241.482591  61.310172  7.696
 12   141.614 52631.20186352 30.62 241.480231  61.313332  7.696
 12   141.161 52631.20186416 31.58 241.477871  61.316492  7.696
 12   141.273 52631.20186480 33.26 241.475511  61.319642  7.696
 12   141.331 52631.20186545 30.53 241.473144  61.322799  5.901
 12   140.834 52631.20186609 26.35 241.470784  61.325959  5.901
 15   140.654 52736.20189524 15.25 241.497278  61.310467  2.735
 15   140.621 52736.20189589 16.02 241.494918  61.313627  2.735
 15   140.524 52736.20189653 16.16 241.492558  61.316787  2.735
 15   140.450 52736.20189718 16.09 241.490198  61.319937  2.735
 15   140.368 52736.20189782 16.52 241.487838  61.323097  2.735
 15   140.427 52736.20189847 15.74 241.485478  61.326247  2.735
 17   142.178 52806.20191962 50.31 241.477455  61.309937 15.186
 17   142.430 52806.20192027 48.07 241.475095  61.313087 15.186
 17   142.365 52806.20192091 48.62 241.472725  61.316247 15.186
 17   142.420 52806.20192156 49.08 241.470365  61.319397 15.186
 17   142.369 52806.20192220 48.94 241.468005  61.322557 15.186
 18   143.436 52841.20197919 22.73 241.483605  61.309104 14.390
 18   143.165 52841.20197983 19.47 241.481245  61.312264 14.390
 18   141.992 52841.20198048 21.12 241.478885  61.315424 14.390
 18   141.588 52841.20198112 21.79 241.476515  61.318574 14.390
 18   141.579 52841.20198177 21.46 241.474155  61.321734 14.390
 18   141.881 52841.20198241 24.96 241.471795  61.324884 14.390
 19   143.313 52876.20201812 22.92 241.484983  61.309973 16.283
 19   143.212 52876.20201877 16.10 241.482623  61.313133 16.283
 19   142.190 52876.20201941 17.20 241.480263  61.316293 16.283
 19   141.492 52876.20202005 16.79 241.477903  61.319443 16.283
 19   143.251 52876.20202070 15.68 241.475543  61.322603 16.283
 19   141.485 52876.20202134 23.41 241.473173  61.325753 16.283
 20   142.372 52911.20198202 44.10 241.503648  61.311562 11.142
 20   140.711 52911.20198267 44.93 241.501288  61.314722 11.142
 20   140.815 52911.20198331 42.56 241.498928  61.317872 11.142
 20   140.854 52911.20198396 40.18 241.496568  61.321032 11.142
 20   140.891 52911.20198460 40.69 241.494208  61.324182 11.142
 20   140.868 52911.20198525 42.42 241.491848  61.327342 11.142
 23   140.573 53016.20197058 22.02 241.495347  61.309579  5.965
 23   140.724 53016.20197122 22.78 241.492987  61.312739  5.965
 23   140.673 53016.20197187 23.86 241.490627  61.315899  5.965
 23   140.518 53016.20197251 24.58 241.488267  61.319049  5.965
 23   140.536 53016.20197316 24.14 241.485907  61.322209  5.965
 23   140.827 53016.20197380 22.23 241.483547  61.325359  5.965
 24   140.405 53051.20194777 23.76 241.483540  61.309284  6.664
 24   140.446 53051.20194841 24.17 241.481180  61.312444  6.664
 24   140.357 53051.20194906 24.69 241.478820  61.315604  6.664
 24   140.437 53051.20194970 24.94 241.476450  61.318754  6.664
 24   140.285 53051.20195035 23.99 241.474090  61.321914  6.664
 24   140.216 53051.20195099 22.14 241.471730  61.325064  6.664
 25   140.292 53086.20198368 18.29 241.490476  61.307532  5.086
 25   140.251 53086.20198432 19.60 241.488116  61.310692  5.086
 25   140.213 53086.20198497 20.81 241.485756  61.313852  5.086
 25   140.144 53086.20198561 21.30 241.483396  61.317002  5.086
 25   140.092 53086.20198625 21.03 241.481036  61.320162  5.086
 25   140.377 53086.20198690 19.60 241.478676  61.323322  5.086
 25   140.307 53086.20198754 17.87 241.476316  61.326472  5.086
 26   141.151 53121.20195469 23.18 241.481106  61.310383 14.201
 26   140.301 53121.20195533 22.03 241.478746  61.313543 14.201
 26   140.834 53121.20195598 19.31 241.476386  61.316693 14.201
 26   141.290 53121.20195662 17.98 241.474026  61.319853 14.201
 26   141.902 53121.20195727 20.37 241.471656  61.323003 14.201
 28   140.487 53191.20199999 35.65 241.496449  61.308486 10.681
 28   140.774 53191.20200064 25.55 241.494089  61.311636 10.681
 28   140.603 53191.20200128 26.83 241.491729  61.314796 10.681
 28   140.803 53191.20200193 25.96 241.489369  61.317956 10.681
 28   140.910 53191.20200257 26.50 241.487009  61.321106 10.681
 28   140.887 53191.20200322 25.85 241.484649  61.324266 10.681
 28   141.022 53191.20200386 26.13 241.482289  61.327416 10.681
 29   143.362 53226.20200491 31.62 241.498313  61.307837 16.137
 29   143.896 53226.20200556 21.25 241.495953  61.310997 16.137
 29   142.635 53226.20200620 22.09 241.493593  61.314147 16.137
 29   139.974 53226.20200685 21.95 241.491233  61.317307 16.137
 29   140.423 53226.20200749 21.21 241.488873  61.320467 16.137
 29   140.198 53226.20200814 21.20 241.486513  61.323617 16.137
 29   140.250 53226.20200878 20.41 241.484153  61.326777 16.137
 30   140.161 53261.20197916 46.35 241.497294  61.309190 21.804
 30   140.269 53261.20197980 47.75 241.494934  61.312350 21.804
 30   140.301 53261.20198045 46.94 241.492574  61.315500 21.804
 30   140.174 53261.20198109 47.33 241.490214  61.318660 21.804
 30   140.214 53261.20198174 47.06 241.487854  61.321820 21.804
 30   140.111 53261.20198238 48.57 241.485494  61.324970 21.804
 31   142.357 53296.20201186 21.07 241.477263  61.307723  5.290
 31   141.308 53296.20201250 20.67 241.474903  61.310873  5.290
 31   139.533 53296.20201315 20.76 241.472543  61.314033  5.290
 31   140.369 53296.20201379 19.65 241.470183  61.317183  5.290
 31   139.951 53296.20201444 21.49 241.467823  61.320343  5.290
 31   140.202 53296.20201508 21.13 241.465453  61.323503  5.290
 32   139.790 53331.20198421 27.45 241.491281  61.309573 10.411
 32   139.792 53331.20198486 30.45 241.488921  61.312733 10.411
 32   139.743 53331.20198550 32.81 241.486561  61.315883 10.411
 32   139.716 53331.20198615 35.11 241.484201  61.319043 10.411
 32   139.998 53331.20198679 34.69 241.481841  61.322203 10.411
 32   139.881 53331.20198744 31.88 241.479481  61.325353 10.411
 34   139.602 53401.20195826 14.37 241.485485  61.309551  4.100
 34   139.733 53401.20195890 14.58 241.483125  61.312711  4.100
 34   139.884 53401.20195955 14.91 241.480765  61.315861  4.100
 34   139.835 53401.20196019 15.54 241.478405  61.319021  4.100
 34   139.685 53401.20196084 15.10 241.476045  61.322181  4.100
 34   139.448 53401.20196148 14.97 241.473675  61.325331  4.100
 35   139.911 53436.20194746 14.97 241.499536  61.309754  4.147
 35   139.981 53436.20194810 15.57 241.497176  61.312914  4.147
 35   139.836 53436.20194875 16.35 241.494816  61.316074  4.147
 35   139.797 53436.20194939 16.58 241.492456  61.319224  4.147
 35   139.715 53436.20195004 16.47 241.490096  61.322384  4.147
 35   139.844 53436.20195068 16.29 241.487736  61.325544  4.147
 36   144.117 53471.20199729  1.45 241.480743  61.309548  1.956
 36   143.032 53471.20199794  1.53 241.478383  61.312708  1.956
 36   143.315 53471.20199858  1.70 241.476023  61.315858  1.956
 36   145.916 53471.20199923  0.36 241.473663  61.319018  1.956
 36   147.176 53471.20199987  0.20 241.471303  61.322168  1.956
 36   148.552 53471.20200051  0.22 241.468943  61.325325  1.483
 37   144.082 53506.20203173 27.19 241.488370  61.308362 19.484
 37   143.520 53506.20203238 23.05 241.486010  61.311512 19.484
 37   143.336 53506.20203302 19.75 241.483650  61.314672 19.484
 37   142.357 53506.20203367 20.67 241.481290  61.317832 19.484
 37   142.097 53506.20203431 21.52 241.478930  61.320982 19.484
 37   142.319 53506.20203496 25.70 241.476570  61.324142 19.484
 38   143.617 53541.20203576 25.54 241.488419  61.309455  9.445
 38   142.464 53541.20203641 26.46 241.486059  61.312605  9.445
 38   141.714 53541.20203705 28.40 241.483699  61.315765  9.445
 38   141.690 53541.20203770 28.17 241.481339  61.318925  9.445
 38   141.877 53541.20203834 26.73 241.478979  61.322075  9.445
 38   142.248 53541.20203899 27.48 241.476619  61.325235  9.445
 39   143.950 53576.20202556 29.34 241.496122  61.306933 10.076
 39   143.893 53576.20202621 22.37 241.493762  61.310093 10.076
 39   143.103 53576.20202685 22.94 241.491402  61.313243 10.076
 39   141.426 53576.20202750 24.54 241.489042  61.316403 10.076
 39   141.369 53576.20202814 24.73 241.486682  61.319563 10.076
 39   141.326 53576.20202879 25.33 241.484322  61.322713 10.076
 39   141.367 53576.20202943 24.27 241.481962  61.325873 10.076
 40   143.136 53611.20197733 34.89 241.499966  61.308786 19.970
 40   144.156 53611.20197797 16.32 241.497606  61.311936 19.970
 40   143.247 53611.20197862 17.98 241.495246  61.315096 19.970
 40   142.382 53611.20197926 17.88 241.492896  61.318256 19.970
 40   141.390 53611.20197991 16.50 241.490526  61.321406 19.970
 40   141.083 53611.20198055 17.51 241.488176  61.324566 19.970
 40   141.420 53611.20198120 19.57 241.485806  61.327726 19.970
 41   143.514 53646.20198158 22.45 241.483653  61.307647 13.909
 41   143.411 53646.20198223 17.73 241.481293  61.310807 13.909
 41   142.809 53646.20198287 15.86 241.478933  61.313967 13.909
 41   142.025 53646.20198352 16.37 241.476563  61.317117 13.909
 41   142.437 53646.20198416 16.60 241.474203  61.320277 13.909
 41   141.722 53646.20198481 20.10 241.471843  61.323427 13.909
 42   140.348 53681.20199818 42.64 241.487864  61.309756 13.499
 42   140.426 53681.20199883 34.41 241.485504  61.312906 13.499
 42   140.484 53681.20199947 31.09 241.483144  61.316066 13.499
 42   140.117 53681.20200011 32.10 241.480784  61.319216 13.499
 42   141.080 53681.20200076 28.78 241.478424  61.322376 13.499
 42   141.441 53681.20200140 33.10 241.476064  61.325536 13.499
 43   141.700 53716.20192555 27.19 241.501760  61.309957  9.863
 43   141.364 53716.20192619 33.15 241.499400  61.313107  9.863
 43   141.344 53716.20192684 32.72 241.497040  61.316267  9.863
 43   141.549 53716.20192748 32.15 241.494680  61.319427  9.863
 43   141.239 53716.20192813 32.88 241.492320  61.322577  9.863
 43   141.290 53716.20192877 26.17 241.489960  61.325737  9.863
 44   142.042 53751.20184340 30.19 241.486881  61.307203  7.174
 44   142.126 53751.20184404 29.98 241.484521  61.310363  7.174
 44   141.869 53751.20184469 28.01 241.482161  61.313523  7.174
 44   142.095 53751.20184533 26.84 241.479791  61.316673  7.174
 44   141.686 53751.20184598 24.99 241.477431  61.319833  7.174
 44   141.482 53751.20184662 24.73 241.475071  61.322983  7.174
 44   141.762 53751.20184727 22.15 241.472711  61.326143  7.174
 45   142.062 53786.20187361 16.00 241.498230  61.308681  3.877
 45   141.984 53786.20187425 17.56 241.495870  61.311841  3.877
 45   142.070 53786.20187490 18.47 241.493510  61.315001  3.877
 45   141.990 53786.20187554 19.04 241.491150  61.318151  3.877
 45   141.872 53786.20187619 20.19 241.488790  61.321311  3.877
 45   141.851 53786.20187683 18.98 241.486430  61.324461  3.877
 45   141.847 53786.20187747 18.82 241.484070  61.327621  3.877
 46   141.688 53821.20183038 15.75 241.508268  61.310411  4.473
 46   141.425 53821.20183103 17.04 241.505908  61.313571  4.473
 46   141.455 53821.20183167 17.38 241.503548  61.316731  4.473
 46   141.662 53821.20183232 18.22 241.501188  61.319881  4.473
 46   141.524 53821.20183296 19.18 241.498828  61.323041  4.473
 46   141.651 53821.20183361 19.00 241.496468  61.326201  4.473
 47   143.749 53856.20191855 29.46 241.481702  61.308882 19.591
 47   143.435 53856.20191919 24.77 241.479342  61.312042 19.591
 47   143.393 53856.20191984 25.04 241.476982  61.315192 19.591
 47   145.455 53856.20192048 23.38 241.474622  61.318352 19.591
 47   146.696 53856.20192113 25.83 241.472262  61.321502 19.591
 47   143.928 53856.20192177 34.24 241.469902  61.324662 19.591
 48   144.022 53891.20193005 26.46 241.493378  61.309703 13.127
 48   144.098 53891.20193070 20.36 241.491018  61.312863 13.127
 48   143.429 53891.20193134 19.94 241.488658  61.316023 13.127
 48   142.118 53891.20193199 20.91 241.486298  61.319173 13.127
 48   142.154 53891.20193263 21.18 241.483938  61.322333 13.127
 48   142.365 53891.20193328 24.46 241.481578  61.325483 13.127
 49   141.842 53926.20199330 40.79 241.477390  61.310556 11.917
 49   141.946 53926.20199395 38.47 241.475030  61.313716 11.917
 49   141.963 53926.20199459 39.12 241.472670  61.316866 11.917
 49   141.977 53926.20199524 40.35 241.470310  61.320026 11.917
 49   141.882 53926.20199588 40.21 241.467950  61.323186 11.917
 50   140.729 53961.20197896 32.73 241.490070  61.309068 13.614
 50   140.904 53961.20197960 36.96 241.487710  61.312228 13.614
 50   141.147 53961.20198025 37.59 241.485350  61.315378 13.614
 50   140.787 53961.20198089 41.08 241.482990  61.318538 13.614
 50   140.963 53961.20198154 41.15 241.480630  61.321688 13.614
 50   140.886 53961.20198218 39.88 241.478270  61.324848 13.614
 51   140.042 53996.20191906 31.31 241.476994  61.307531 11.616
 51   142.793 53996.20191971 20.14 241.474634  61.310681 11.616
 51   141.838 53996.20192035 19.89 241.472274  61.313841 11.616
 51   140.722 53996.20192100 20.33 241.469914  61.316991 11.616
 51   140.336 53996.20192164 19.53 241.467544  61.320151 11.616
 51   141.212 53996.20192229 33.71 241.465184  61.323301 11.616
 52   143.049 54031.20197257 22.66 241.487388  61.307473 11.269
 52   143.450 54031.20197322 19.58 241.485028  61.310623 11.269
 52   142.305 54031.20197386 19.69 241.482668  61.313783 11.269
 52   141.650 54031.20197451 16.19 241.480298  61.316943 11.269
 52   140.819 54031.20197515 16.34 241.477938  61.320093 11.269
 52   140.637 54031.20197580 18.30 241.475578  61.323253 11.269
 52   140.898 54031.20197644 17.53 241.473218  61.326403 11.269
 53   140.431 54066.20196590 18.23 241.497848  61.307138  5.658
 53   140.759 54066.20196654 19.33 241.495488  61.310298  5.658
 53   140.757 54066.20196719 19.86 241.493128  61.313458  5.658
 53   140.742 54066.20196783 20.43 241.490768  61.316608  5.658
 53   140.816 54066.20196848 20.74 241.488408  61.319768  5.658
 53   140.538 54066.20196912 20.57 241.486048  61.322918  5.658
 53   140.747 54066.20196977 18.83 241.483688  61.326078  5.658
 54   140.490 54101.20192908 15.34 241.498499  61.310822  4.433
 54   140.681 54101.20192972 15.46 241.496139  61.313982  4.433
 54   140.641 54101.20193037 17.20 241.493779  61.317132  4.433
 54   140.752 54101.20193101 16.63 241.491419  61.320292  4.433
 54   140.492 54101.20193166 16.47 241.489059  61.323442  4.433
 54   140.605 54101.20193230 15.47 241.486699  61.326602  4.433
 55   139.972 54136.20189366 13.71 241.483415  61.309046  4.116
 55   140.289 54136.20189430 14.60 241.481055  61.312206  4.116
 55   140.282 54136.20189494 15.19 241.478695  61.315356  4.116
 55   140.078 54136.20189559 15.74 241.476335  61.318516  4.116
 55   140.016 54136.20189623 15.02 241.473975  61.321666  4.116
 55   139.908 54136.20189688 14.22 241.471605  61.324826  4.116
 57   143.933 54206.20189848  8.17 241.482054  61.308354  7.434
 57   143.386 54206.20189912  4.94 241.479694  61.311504  7.434
 57   141.866 54206.20189977  5.75 241.477334  61.314664  7.434
 57   140.652 54206.20190041  6.17 241.474974  61.317814  7.434
 57   140.345 54206.20190106  5.17 241.472604  61.320974  7.434
 57   140.956 54206.20190170  5.66 241.470244  61.324134  7.434
 58   140.451 54241.20193159 48.76 241.491505  61.308468 20.983
 58   140.474 54241.20193224 49.64 241.489145  61.311628 20.983
 58   140.503 54241.20193288 48.68 241.486785  61.314778 20.983
 58   140.542 54241.20193353 48.65 241.484425  61.317938 20.983
 58   140.532 54241.20193417 49.43 241.482065  61.321098 20.983
 58   140.497 54241.20193481 49.66 241.479705  61.324248 20.983
 59   144.367 54276.20194670 19.96 241.491316  61.308796 13.450
 59   143.467 54276.20194734 21.21 241.488956  61.311956 13.450
 59   142.404 54276.20194799 21.88 241.486596  61.315106 13.450
 59   141.811 54276.20194863 22.41 241.484236  61.318266 13.450
 59   141.752 54276.20194928 22.51 241.481876  61.321426 13.450
 59   142.102 54276.20194992 22.19 241.479516  61.324576 13.450
 61   144.837 54346.20192175 18.62 241.500825  61.310176 13.879
 61   144.196 54346.20192239 16.00 241.498475  61.313336 13.879
 61   143.441 54346.20192304 15.86 241.496115  61.316486 13.879
 61   142.337 54346.20192368 14.70 241.493755  61.319646 13.879
 61   141.097 54346.20192433 16.09 241.491395  61.322806 13.879
 61   140.871 54346.20192497 17.22 241.489035  61.325956 13.879
 62   143.578 54381.20188419 27.10 241.486579  61.307509 10.327
 62   143.484 54381.20188484 21.01 241.484219  61.310669 10.327
 62   142.796 54381.20188548 21.45 241.481859  61.313819 10.327
 62   141.189 54381.20188613 22.07 241.479499  61.316979 10.327
 62   140.806 54381.20188677 22.04 241.477139  61.320139 10.327
 62   141.674 54381.20188742 20.58 241.474779  61.323289 10.327
 63   140.943 54416.20187016 34.07 241.496588  61.307771 11.254
 63   141.140 54416.20187081 42.49 241.494228  61.310931 11.254
 63   140.480 54416.20187145 45.65 241.491868  61.314091 11.254
 63   140.943 54416.20187210 42.79 241.489508  61.317241 11.254
 63   140.916 54416.20187274 44.44 241.487148  61.320401 11.254
 63   140.961 54416.20187339 45.16 241.484788  61.323551 11.254
 63   140.829 54416.20187403 46.39 241.482422  61.326713  5.915
 64   141.733 54451.20185313 23.75 241.481800  61.308980  5.760
 64   141.729 54451.20185378 24.64 241.479440  61.312140  5.760
 64   141.569 54451.20185442 25.42 241.477080  61.315290  5.760
 64   141.347 54451.20185507 27.83 241.474720  61.318450  5.760
 64   141.552 54451.20185571 25.62 241.472360  61.321600  5.760
 64   141.225 54451.20185636 23.94 241.469994  61.324757  4.075
 65   141.048 54486.20186634 19.63 241.494165  61.307243  5.581
 65   140.793 54486.20186698 21.53 241.491805  61.310403  5.581
 65   141.185 54486.20186763 21.83 241.489445  61.313553  5.581
 65   141.347 54486.20186827 23.23 241.487085  61.316713  5.581
 65   141.129 54486.20186892 22.93 241.484725  61.319873  5.581
 65   141.443 54486.20186956 22.16 241.482365  61.323023  5.581
 65   141.336 54486.20187020 22.41 241.480005  61.326183  5.581
 66   140.649 54521.20186644 16.99 241.486580  61.309544  4.354
 66   140.679 54521.20186708 18.68 241.484220  61.312694  4.354
 66   140.758 54521.20186772 18.74 241.481860  61.315854  4.354
 66   140.811 54521.20186837 18.35 241.479500  61.319014  4.354
 66   140.690 54521.20186901 18.47 241.477140  61.322164  4.354
 66   140.480 54521.20186966 18.59 241.474773  61.325321  3.088
 67   139.979 54556.20187756 16.26 241.496954  61.309902  3.939
 67   140.456 54556.20187820 15.60 241.494594  61.313052  3.939
 67   140.646 54556.20187885 16.21 241.492234  61.316212  3.939
 67   140.565 54556.20187949 16.48 241.489874  61.319372  3.939
 67   140.725 54556.20188014 15.91 241.487514  61.322522  3.939
 67   140.755 54556.20188078 16.23 241.485154  61.325682  3.939
 68   144.090 54591.20186278 29.01 241.486922  61.310149 14.813
 68   143.510 54591.20186342 24.73 241.484562  61.313309 14.813
 68   143.394 54591.20186406 23.40 241.482202  61.316459 14.813
 68   142.324 54591.20186471 25.35 241.479842  61.319619 14.813
 68   142.423 54591.20186535 26.55 241.477482  61.322769 14.813
 68   142.676 54591.20186600 43.62 241.475118  61.325930 16.910
 69   142.123 54626.20187848 32.58 241.492420  61.309700  9.145
 69   141.909 54626.20187912 33.26 241.490060  61.312860  9.145
 69   141.954 54626.20187977 33.19 241.487700  61.316020  9.145
 69   141.727 54626.20188041 31.72 241.485340  61.319170  9.145
 69   141.412 54626.20188106 31.01 241.482970  61.322330  9.145
 69   142.102 54626.20188170 29.33 241.480610  61.325490  9.145
 70   144.328 54661.20188647 19.63 241.487797  61.309103  9.010
 70   143.420 54661.20188712 19.33 241.485437  61.312263  9.010
 70   142.093 54661.20188776 19.70 241.483077  61.315413  9.010
 70   141.472 54661.20188841 20.72 241.480717  61.318573  9.010
 70   141.596 54661.20188905 19.96 241.478357  61.321733  9.010
 70   142.006 54661.20188969 20.86 241.475997  61.324883  9.010
 71   144.723 54696.20186334 19.63 241.498168  61.309254 16.244
 71   144.188 54696.20186399 16.82 241.495808  61.312414 16.244
 71   143.356 54696.20186463 15.43 241.493448  61.315564 16.244
 71   142.307 54696.20186528 14.73 241.491088  61.318724 16.244
 71   141.084 54696.20186592 16.53 241.488728  61.321884 16.244
 71   140.803 54696.20186657 16.80 241.486368  61.325034 16.244
 72   140.685 54731.20184198 48.82 241.486217  61.307372 16.741
 72   140.681 54731.20184262 49.76 241.483857  61.310532 16.741
 72   140.763 54731.20184327 49.67 241.481497  61.313682 16.741
 72   140.755 54731.20184391 49.67 241.479137  61.316842 16.741
 72   140.592 54731.20184456 50.69 241.476777  61.320002 16.741
 72   140.675 54731.20184520 49.90 241.474417  61.323152 16.741
 73   140.430 54766.20184195 44.47 241.491947  61.308872 13.690
 73   140.250 54766.20184260 42.79 241.489587  61.312032 13.690
 73   139.936 54766.20184324 30.29 241.487227  61.315182 13.690
 73   139.573 54766.20184389 27.21 241.484867  61.318342 13.690
 73   138.694 54766.20184453 29.33 241.482507  61.321492 13.690
 73   139.660 54766.20184518 29.04 241.480147  61.324652 13.690
 75   141.099 54836.20183407 21.84 241.491982  61.308963  6.089
 75   141.253 54836.20183472 23.11 241.489622  61.312113  6.089
 75   141.221 54836.20183536 24.55 241.487262  61.315273  6.089
 75   141.062 54836.20183601 25.49 241.484902  61.318433  6.089
 75   141.076 54836.20183665 23.84 241.482542  61.321583  6.089
 75   141.188 54836.20183730 24.15 241.480182  61.324743  6.089
 76   140.420 54871.20183390 16.99 241.484118  61.308148  3.813
 76   140.627 54871.20183455 17.00 241.481758  61.311298  3.813
 76   140.706 54871.20183519 17.19 241.479398  61.314458  3.813
 76   140.590 54871.20183584 17.50 241.477038  61.317618  3.813
 76   140.586 54871.20183648 17.72 241.474678  61.320768  3.813
 76   140.510 54871.20183713 17.16 241.472309  61.323926  3.020
 77   139.935 54906.20184220 13.87 241.497070  61.310188  3.892
 77   140.236 54906.20184285 14.75 241.494710  61.313338  3.892
 77   140.164 54906.20184349 15.84 241.492350  61.316498  3.892
 77   140.246 54906.20184414 15.70 241.489990  61.319658  3.892
 77   140.318 54906.20184478 14.34 241.487630  61.322808  3.892
 77   140.215 54906.20184543 14.47 241.485270  61.325968  3.892
 78   144.205 54941.20182660  4.40 241.484214  61.309108  9.962
 78   143.316 54941.20182724  2.44 241.481844  61.312258  9.962
 78   142.425 54941.20182789  1.26 241.479484  61.315418  9.962
 78   141.141 54941.20182853  1.81 241.477124  61.318568  9.962
 78   140.781 54941.20182917  1.09 241.474764  61.321728  3.081
 78   140.863 54941.20182982  1.76 241.472404  61.324888  3.081
 79   143.750 54976.20185518 25.37 241.488824  61.308935 14.426
 79   143.641 54976.20185582 20.15 241.486474  61.312095 14.426
 79   142.724 54976.20185647 20.41 241.484104  61.315255 14.426
 79   142.200 54976.20185711 21.46 241.481744  61.318405 14.426
 79   145.518 54976.20185776 20.09 241.479384  61.321565 14.426
 79   146.042 54976.20185840 22.05 241.477024  61.324715 14.426
 80   143.752 55011.20186483 23.89 241.492615  61.309138 12.320
 80   142.031 55011.20186547 24.03 241.490255  61.312288 12.320
 80   141.856 55011.20186611 24.05 241.487895  61.315448 12.320
 80   141.489 55011.20186676 25.84 241.485535  61.318608 12.320
 80   141.651 55011.20186740 23.81 241.483165  61.321758 12.320
 80   142.055 55011.20186805 23.65 241.480805  61.324918 12.320
 81   141.779 55046.20185601 45.42 241.491587  61.307196 16.708
 81   141.972 55046.20185665 41.97 241.489227  61.310346 16.708
 81   141.508 55046.20185730 41.72 241.486867  61.313506 16.708
 81   141.623 55046.20185794 39.76 241.484507  61.316656 16.708
 81   141.475 55046.20185859 36.12 241.482147  61.319816 16.708
 81   141.145 55046.20185923 29.78 241.479787  61.322976 16.708
 81   141.754 55046.20185988 25.89 241.477427  61.326126 16.708
 82   144.373 55081.20182983 22.13 241.499469  61.310547 17.289
 82   144.164 55081.20183047 17.16 241.497109  61.313707 17.289
 82   143.162 55081.20183112 15.90 241.494759  61.316857 17.289
 82   142.137 55081.20183176 15.38 241.492399  61.320017 17.289
 82   140.911 55081.20183241 17.19 241.490029  61.323177 17.289
 82   140.912 55081.20183305 17.81 241.487669  61.326327 17.289
 83   144.271 55116.20178853 17.36 241.485729  61.309977  9.981
 83   143.549 55116.20178918 16.92 241.483369  61.313137  9.981
 83   141.885 55116.20178982 19.10 241.481009  61.316297  9.981
 83   140.394 55116.20179047 22.95 241.478649  61.319447  9.981
 83   140.799 55116.20179111 25.79 241.476289  61.322607  9.981
 83   140.737 55116.20179176 32.06 241.473929  61.325757  9.981
 84   140.815 55151.20178684 41.45 241.491775  61.309101 12.840
 84   140.821 55151.20178749 40.37 241.489415  61.312251 12.840
 84   140.567 55151.20178813 38.53 241.487055  61.315411 12.840
 84   140.852 55151.20178878 39.47 241.484695  61.318571 12.840
 84   140.646 55151.20178942 45.55 241.482335  61.321721 12.840
 84   140.294 55151.20179006 33.28 241.479975  61.324881 12.840
 85   141.356 55186.20177420 29.62 241.482761  61.309227  7.523
 85   141.436 55186.20177485 28.94 241.480401  61.312387  7.523
 85   141.443 55186.20177549 29.98 241.478041  61.315537  7.523
 85   141.555 55186.20177614 28.54 241.475681  61.318697  7.523
 85   140.894 55186.20177678 28.27 241.473321  61.321847  7.523
 85   140.834 55186.20177743 26.02 241.470959  61.325005  4.072
 86   140.482 55221.20178507 23.29 241.493304  61.308801  6.694
 86   140.375 55221.20178572 24.90 241.490944  61.311951  6.694
 86   140.856 55221.20178636 24.24 241.488584  61.315111  6.694
 86   140.769 55221.20178701 24.54 241.486224  61.318271  6.694
 86   140.451 55221.20178765 24.25 241.483854  61.321421  6.694
 86   140.344 55221.20178830 23.77 241.481494  61.324581  6.694
 87   140.823 55256.20177013 22.99 241.486606  61.310071  5.656
 87   140.883 55256.20177078 23.55 241.484246  61.313231  5.656
 87   141.006 55256.20177142 23.22 241.481886  61.316381  5.656
 87   140.597 55256.20177207 23.89 241.479526  61.319541  5.656
 87   140.326 55256.20177271 23.16 241.477166  61.322691  5.656
 87   140.136 55256.20177336 22.09 241.474800  61.325848  3.492
 88   140.441 55291.20177360  9.97 241.499857  61.307976  3.317
 88   140.645 55291.20177424 10.02 241.497507  61.311136  3.317
 88   140.661 55291.20177489 10.48 241.495147  61.314286  3.317
 88   140.615 55291.20177553 11.25 241.492787  61.317446  3.317
 88   140.661 55291.20177618 11.56 241.490427  61.320606  3.317
 88   140.558 55291.20177682 11.67 241.488067  61.323756  3.317
 88   140.588 55291.20177747 10.37 241.485707  61.326916  3.317
 89   143.764 55326.20175543 28.57 241.487681  61.309740 15.354
 89   143.473 55326.20175608 24.38 241.485321  61.312900 15.354
 89   142.756 55326.20175672 28.13 241.482961  61.316060 15.354
 89   143.103 55326.20175737 24.84 241.480601  61.319210 15.354
 89   143.505 55326.20175801 28.30 241.478241  61.322370 15.354
 89   143.845 55326.20175866 26.30 241.475881  61.325520 15.354
 90   143.882 55361.20175173 23.12 241.494085  61.308912 11.896
 90   144.159 55361.20175237 17.84 241.491725  61.312062 11.896
 90   143.456 55361.20175302 17.43 241.489365  61.315222 11.896
 90   142.384 55361.20175366 16.85 241.487005  61.318382 11.896
 90   141.471 55361.20175431 18.69 241.484635  61.321532 11.896
 90   141.751 55361.20175495 19.79 241.482275  61.324692 11.896
 91   143.616 55396.20175862 19.41 241.484053  61.310283 11.036
 91   143.079 55396.20175926 18.65 241.481693  61.313443 11.036
 91   142.080 55396.20175991 18.78 241.479333  61.316593 11.036
 91   141.600 55396.20176055 18.12 241.476973  61.319753 11.036
 91   141.028 55396.20176120 19.34 241.474613  61.322903 11.036
 91   141.166 55396.20176184 27.55 241.472243  61.326061  7.446
 92   140.316 55431.20176719 49.52 241.491905  61.309274 19.145
 92   140.492 55431.20176783 49.24 241.489545  61.312424 19.145
 92   140.425 55431.20176848 49.52 241.487185  61.315584 19.145
 92   140.493 55431.20176912 49.30 241.484825  61.318744 19.145
 92   140.478 55431.20176977 49.86 241.482465  61.321894 19.145
 92   140.339 55431.20177041 50.52 241.480105  61.325054 19.145
 93   140.125 55466.20172734 43.41 241.503934  61.309189 17.998
 93   140.452 55466.20172798 36.45 241.501574  61.312349 17.998
 93   140.434 55466.20172863 39.04 241.499224  61.315509 17.998
 93   140.436 55466.20172927 43.20 241.496864  61.318659 17.998
 93   140.300 55466.20172991 46.22 241.494504  61.321819 17.998
 93   140.337 55466.20173056 46.52 241.492144  61.324979 17.998
 93   139.972 55466.20173120 46.81 241.489784  61.328129 17.998
