-210466.035   837.644     0.00   28.74
-210091.945   839.164     4.06   26.60
-209717.783   861.612    59.98   45.28
-209343.548   889.349    74.10   49.26
-208969.239   918.429    77.68   48.16
-208594.858   943.584    67.18   44.92
-208220.403   960.832    46.05   35.21
-207845.875   956.263   -12.20   31.30
-207471.273   932.695   -62.91   50.87
-207096.599   905.112   -73.61   57.02
-206721.851   882.223   -61.07   40.86
-206347.030   887.913    15.18   46.53
-205972.135   923.127    93.92   66.36
-205597.167   943.494    54.31   57.71
-205222.125   937.986   -14.69   59.15
-204847.010   907.865   -80.29   74.73
-204471.821   848.604  -157.92   78.79
-204096.559   793.207  -147.60   68.98
-203721.223   738.177  -146.59   50.58
-203345.813   687.681  -134.49   64.02
-202970.329   615.513  -192.17   87.91
-202594.772   563.298  -139.01   76.39
-202219.140   538.888   -64.97   55.53
-201843.435   565.371    70.48   69.71
-201467.656   625.437   159.82   67.04
-201091.803   679.977   145.09   65.51
-200715.876   725.423   120.87   48.48
-200339.875   747.165    57.82   36.00
-199963.799   751.258    10.88   31.66
-199587.650   734.855   -43.60   37.72
-199211.426   711.445   -62.21   34.14
-198835.128   691.741   -52.36   31.80
-198458.756   673.464   -48.55   26.67
-198082.309   663.562   -26.30   21.70
-197705.788   655.142   -22.36   15.19
-197329.193   652.116    -8.04   11.05
-196952.523   650.393    -4.57    7.97
-196575.779   651.981     4.22    7.37
-196198.960   655.275     8.74    8.78
-195822.067   659.591    11.45    9.27
-195445.098   661.809     5.88   11.22
-195068.056   654.591   -19.14   21.66
-194690.938   632.048   -59.77   38.04
-194313.746   612.751   -51.15   35.94
-193936.479   607.059   -15.09   32.79
-193559.137   622.913    42.01   46.53
-193181.720   663.275   106.93   52.76
-192804.228   701.706   101.79   44.16
-192426.661   733.400    83.93   38.09
-192049.020   748.177    39.12   34.55
-191671.303   748.528     0.93   43.57
-191293.511   744.402   -10.92   49.94
-190915.643   732.002   -32.81   52.28
-190537.701   726.005   -15.87   55.87
-190159.683   717.213   -23.25   61.62
-189781.590   711.798   -14.32   67.19
-189403.422   703.104   -22.98   70.02
-189025.178   694.500   -22.75   64.65
-188646.859   690.929    -9.44   65.98
-188268.465   684.548   -16.86   67.43
-187889.994   696.490    31.55   72.89
-187511.449   715.369    49.87   82.98
-187132.827   752.332    97.61   91.71
-186754.130   817.655   172.47   88.40
-186375.358   881.809   169.35   70.97
-185996.509   926.553   118.09   45.07
-185617.585   946.542    52.74   34.12
-185238.585   951.786    13.83   35.64
-184859.509   938.753   -34.38   47.25
-184480.357   920.398   -48.40   69.85
-184101.129   887.175   -87.59   94.14
-183721.825   832.968  -142.89  105.00
-183342.445   792.457  -106.77  105.20
-182962.989   753.303  -103.17   96.12
-182583.457   718.890   -90.66   85.92
-182203.848   684.309   -91.08   76.36
-181824.164   662.913   -56.34   65.97
-181444.403   638.730   -63.67   51.40
-181064.565   622.321   -43.20   47.55
-180684.652   609.888   -32.72   46.25
-180304.662   614.774    12.85   59.73
-179924.595   636.168    56.28   93.37
-179544.452   674.255   100.18  120.96
-179164.232   699.536    66.48  127.43
-178783.936   704.821    13.90  116.10
-178403.563   705.710     2.33   84.55
-178023.113   707.045     3.51   48.85
-177642.587   716.962    26.06   34.90
-177269.590   722.833    15.74   36.24
-176903.633   705.709   -46.79   42.97
-176537.605   676.051   -81.02   59.93
-176171.508   635.674  -110.27   77.61
-175805.340   614.460   -57.93   75.46
-175439.102   606.314   -22.24   73.78
-175072.793   606.832     1.41   74.77
-174706.414   610.013     8.68   80.53
-174339.965   622.326    33.59   76.79
-173973.445   623.326     2.73   81.53
-173606.855   629.112    15.78   83.74
-173240.195   636.524    20.21   92.37
-172873.464   675.638   106.64  109.48
-172506.662   727.036   140.10  139.20
-172139.790   785.209   158.54  131.52
-171772.846   831.703   126.69  103.30
-171405.833   839.184    20.38   79.21
-171038.748   838.966    -0.59   67.60
-170671.593   848.696    26.50   70.39
-170304.367   856.991    22.58   65.32
-169937.070   866.138    24.90   60.22
-169569.702   839.442   -72.66   56.19
-169202.263   803.763   -97.09   48.64
-168834.753   772.090   -86.17   45.52
-168467.172   728.833  -117.66   62.27
-168099.520   671.186  -156.78   93.65
-167731.797   620.762  -137.11   91.54
-167364.003   596.867   -64.96   78.97
-166996.137   599.452     7.03   78.30
-166628.201   616.292    45.76   67.89
-166260.193   631.671    41.79   48.67
-165892.113   607.944   -64.45   53.68
-165523.963   571.934   -97.80   43.76
-165155.740   535.135   -99.93   55.89
-164787.447   502.438   -88.77   76.05
-164419.082   471.855   -83.01   72.47
-164050.645   451.326   -55.71   62.22
-163682.137   432.007   -52.42   49.06
-163313.557   419.573   -33.73   51.50
-162944.906   399.476   -54.51   56.26
-162576.183   368.874   -82.98   52.19
-162207.388   342.643   -71.12   40.50
-161838.521   322.254   -55.27   34.68
-161469.583   305.786   -44.63   24.56
-161100.572   296.127   -26.17   19.98
-160731.490   288.694   -20.14   17.97
-160362.336   282.112   -17.83   14.43
-159993.110   277.062   -13.68    9.70
-159623.812   273.562    -9.48    5.24
-159254.441   273.086    -1.29    4.89
-158884.999   274.995     5.17    3.54
-158515.484   276.475     4.00    3.91
-158145.898   273.073    -9.20   17.86
-157776.239   256.598   -44.57   41.18
-157406.507   231.487   -67.91   50.57
-157036.704   210.865   -55.76   50.73
-156666.828   202.472   -22.69   45.99
-156296.879   201.393    -2.92   39.24
-155926.858   212.978    31.31   34.57
-155556.765   226.618    36.85   18.31
-155186.599   229.668     8.24   16.71
-154816.361   229.358    -0.84   18.45
-154446.050   226.050    -8.93   21.78
-154075.666   213.348   -34.29   28.41
-153705.209   207.292   -16.35   28.39
-153334.680   210.109     7.60   30.67
-152964.078   215.138    13.57   35.48
-152593.403   232.753    47.51   27.50
-152222.656   241.400    23.32   15.22
-151851.835   244.377     8.03    9.35
-151480.942   242.820    -4.20   10.25
-151109.975   244.482     4.48   10.16
-150738.935   248.031     9.56    9.36
-150367.823   252.966    13.30    7.69
-149996.637   258.413    14.67    6.66
-149625.378   263.706    14.25    7.01
-149254.045   269.359    15.22    9.47
-148882.640   275.059    15.35   11.31
-148511.161   281.135    16.35   11.89
-148139.609   285.417    11.52   10.79
-147767.983   289.164    10.08   10.11
-147396.284   293.786    12.43    9.12
-147024.512   298.431    12.49    9.26
-146652.666   303.263    12.99    9.06
-146280.746   306.754     9.39   11.06
-145908.753   310.207     9.28   13.94
-145536.686   311.270     2.86   15.80
-145164.545   310.542    -1.96   16.62
-144792.331   307.031    -9.43   16.79
-144420.043   300.940   -16.36   14.45
-144047.681   293.853   -19.03    6.93
-143675.245   291.457    -6.43    4.52
-143302.736   290.709    -2.01    4.70
-142930.152   290.673    -0.10    6.66
-142557.494   290.820     0.40    7.71
-142184.763   290.764    -0.15    8.51
-141811.957   289.015    -4.69    9.06
-141439.077   285.686    -8.93    9.24
-141066.123   281.237   -11.93    7.73
-140693.094   278.215    -8.10    5.78
-140319.992   276.411    -4.83    3.50
-139946.815   276.898     1.30    3.12
-139573.564   277.395     1.33    4.35
-139200.238   278.204     2.17    6.11
-138826.838   278.088    -0.31    7.53
-138453.363   277.393    -1.86    8.21
-138079.814   277.609     0.58   10.25
-137706.191   262.595   -40.18   41.73
-137332.492   222.209  -108.06   72.27
-136958.720   183.468  -103.64   71.69
-136584.872   158.609   -66.49   58.97
-136210.949   154.303   -11.52   62.41
-135836.952   165.679    30.41   66.51
-135462.880   150.156   -41.49   61.08
-135088.733   129.065   -56.37   40.55
-134714.511   124.276   -12.80   36.12
-134340.215   125.530     3.35   37.48
-133965.843   133.243    20.60   45.99
-133591.396   149.226    42.68   60.61
-133216.874   162.303    34.91   68.58
-132842.277   176.952    39.10   71.59
-132467.604   181.330    11.68   69.58
-132092.857   183.927     6.93   65.17
-131718.034   179.109   -12.85   61.58
-131343.136   171.386   -20.60   58.50
-130968.162   164.944   -17.18   57.71
-130593.113   154.809   -27.02   55.83
-130217.989   141.675   -35.01   50.20
-129842.789   131.949   -25.92   43.32
-129467.513   125.666   -16.74   37.03
-129092.162   126.453     2.10   40.70
-128716.735   133.325    18.30   45.75
-128341.233   133.593     0.71   44.46
-127965.654   135.688     5.58   41.51
-127590.000   136.875     3.16   37.04
-127214.270   134.457    -6.44   30.68
-126838.465   135.775     3.51   30.87
-126462.583   137.721     5.18   30.84
-126086.625   138.112     1.04   32.77
-125710.592   145.281    19.06   37.60
-125334.482   155.112    26.14   39.49
-124958.296   169.600    38.51   36.15
-124582.034   181.025    30.36   29.05
-124205.696   190.287    24.61   17.30
-123829.282   195.108    12.81    9.97
-123452.791   196.776     4.43    6.42
-123076.224   197.233     1.21    4.77
-122699.581   197.842     1.62    2.86
-122322.861   198.263     1.12    1.55
-121946.065   197.562    -1.86    1.75
-121569.192   196.198    -3.62    2.68
-121192.243   194.986    -3.21    2.88
-120815.217   194.879    -0.29    2.80
-120438.114   196.004     2.98    2.59
-120060.935   196.717     1.89    2.18
-119683.679   196.435    -0.75    2.62
-119306.346   195.507    -2.46    3.55
-118928.936   193.534    -5.23    4.35
-118551.450   191.579    -5.18    4.62
-118173.886   189.211    -6.27    4.41
-117796.246   186.600    -6.91    3.45
-117418.528   183.569    -8.02    3.70
-117040.734   181.495    -5.49    3.76
-116662.862   181.178    -0.84    3.31
-116284.913   181.623     1.18    3.13
-115906.887   184.548     7.74    3.99
-115528.784   188.414    10.22    5.15
-115150.603   192.895    11.85    6.26
-114772.345   196.976    10.79    4.66
-114394.010   199.287     6.11    2.48
-114015.597   199.903     1.63    1.73
-113637.106   199.841    -0.16    2.31
-113258.538   200.045     0.54    2.82
-112879.893   199.809    -0.62    3.22
-112501.170   199.414    -1.04    3.90
-112122.369   198.542    -2.30    5.00
-111743.491   197.425    -2.95    6.52
-111364.534   196.231    -3.15    8.14
-110985.500   194.763    -3.87    9.73
-110606.388   192.776    -5.24   10.53
-110227.198   190.013    -7.28   10.49
-109847.930   187.622    -6.31   10.58
-109468.584   184.407    -8.47    9.88
-109089.160   182.342    -5.44    9.74
-108709.658   180.048    -6.05    9.41
-108330.078   177.754    -6.04    9.42
-107950.420   175.131    -6.91    8.86
-107570.683   172.998    -5.62    8.02
-107190.868   170.564    -6.41    7.72
-106810.975   168.123    -6.42    7.37
-106431.003   165.631    -6.56    6.89
-106050.953   163.241    -6.29    6.57
-105670.824   160.182    -8.05    7.31
-105290.617   157.525    -6.99    7.78
-104910.331   153.479   -10.64    8.37
-104529.967   150.638    -7.47    8.51
-104149.523   146.531   -10.80    8.84
-103769.001   142.739    -9.96    8.38
-103388.401   139.042    -9.71    7.67
-103007.721   135.751    -8.65    6.55
-102629.883   133.928    -4.82    5.98
-102264.149   132.890    -2.84    5.78
-101898.344   131.178    -4.68    6.45
-101532.466   129.457    -4.70    6.68
-101166.517   125.644   -10.42    7.22
-100800.495   122.385    -8.90    7.40
-100434.402   117.820   -12.47    8.01
-100068.236   113.515   -11.76    8.96
 -99701.999   108.705   -13.13    9.72
 -99335.689   103.589   -13.96   12.00
 -98969.307    93.833   -26.63   17.20
 -98602.853    87.352   -17.68   20.14
 -98236.326    83.218   -11.28   21.30
 -97869.728    77.874   -14.57   24.10
 -97503.057    75.685    -5.97   26.37
 -97136.313    68.066   -20.77   29.08
 -96769.497    59.909   -22.24   29.20
 -96402.609    51.017   -24.23   27.09
 -96035.648    44.689   -17.24   24.15
 -95668.615    36.960   -21.06   18.60
 -95301.509    32.287   -12.73   14.08
 -94934.330    28.263   -10.96    8.12
 -94567.079    26.254    -5.47    2.60
 -94199.755    25.798    -1.24    0.00
 -93832.358    25.798     0.00    0.00
 -93464.888    26.002     0.56    1.61
 -93097.346    30.486    12.20   12.67
 -92729.731    37.479    19.02   20.02
 -92362.042    48.059    28.77   26.70
 -91994.281    60.308    33.31   29.17
 -91626.446    76.050    42.79   27.37
 -91258.539    88.937    35.03   20.89
 -90890.558    99.612    29.01    6.67
 -90522.505   103.841    11.49    4.93
 -90154.378   106.991     8.56    4.22
 -89786.178   110.939    10.72    5.14
 -89417.904   115.042    11.14    6.19
 -89049.557   121.221    16.78    8.26
 -88681.137   127.709    17.61    9.16
 -88312.644   135.653    21.56    9.85
 -87944.077   139.765    11.15    7.93
 -87575.436   139.247    -1.40    8.43
 -87206.722   134.874   -11.86   10.65
 -86837.934   126.625   -22.37   11.26
 -86469.073   118.733   -21.39    9.38
 -86100.138   112.495   -16.91    7.27
 -85731.129   108.026   -12.11    6.40
 -85362.047   104.326   -10.02    6.51
 -84992.890   100.319   -10.85    5.92
 -84623.660    96.934    -9.17    4.99
 -84254.356    93.569    -9.11    3.28
 -83884.978    91.517    -5.56    2.06
 -83515.526    89.776    -4.71    1.63
 -83146.000    88.386    -3.76    1.70
 -82776.400    87.002    -3.75    1.55
 -82406.725    85.831    -3.17    1.38
 -82036.977    84.853    -2.64    1.26
 -81667.154    83.970    -2.39    1.15
 -81297.257    83.077    -2.41    1.09
 -80927.286    82.613    -1.25    1.19
 -80557.241    82.274    -0.91    1.65
 -80187.121    82.461     0.50    1.95
 -79816.926    82.832     1.00    1.93
 -79446.657    83.346     1.39    3.91
 -79076.314    82.413    -2.52    7.55
 -78705.896    81.281    -3.06    9.15
 -78335.403    80.013    -3.42    9.20
 -77964.836    79.231    -2.11    6.01
 -77594.194    77.298    -5.22    4.57
 -77223.478    75.078    -5.99    5.39
 -76852.686    75.884     2.17    5.01
 -76481.820    77.366     4.00    4.89
 -76110.879    79.496     5.74    4.64
 -75739.863    82.984     9.40    3.34
 -75368.772    85.929     7.94    4.30
 -74997.605    90.670    12.77    8.36
 -74626.364    97.056    17.20   11.17
 -74255.048   104.445    19.90   11.91
 -73883.657   111.120    17.97   10.03
 -73512.190   112.223     2.97    9.22
 -73140.648   111.622    -1.62   11.62
 -72769.031   112.499     2.36   15.20
 -72397.338   117.982    14.75   19.40
 -72025.571   122.604    12.43   19.12
 -71653.727   125.937     8.96   16.80
 -71281.809   126.104     0.45   15.25
 -70909.814   124.841    -3.40   13.62
 -70537.744   125.353     1.38   12.63
 -70165.599   128.658     8.88   13.29
 -69793.378   133.831    13.90   14.00
 -69421.081   142.389    22.99   12.71
 -69048.709   151.545    24.59   12.37
 -68676.260   161.885    27.76   12.83
 -68303.736   172.916    29.61   19.97
 -67931.136   185.686    34.27   25.43
 -67558.460   204.142    49.52   39.11
 -67185.708   232.269    75.45   60.02
 -66812.880   298.303   177.11  131.67
 -66439.976   385.332   233.37  170.24
 -66066.996   469.744   226.31  170.34
 -65693.940   550.321   215.98  123.82
 -65320.807   573.174    61.24   76.65
 -64947.599   558.200   -40.12   65.24
 -64574.314   500.829  -153.68   83.22
 -64200.952   440.337  -162.01   82.02
 -63827.515   369.254  -190.34   74.77
 -63454.000   311.286  -155.19   53.14
 -63080.410   271.656  -106.07   48.76
 -62706.742   242.127   -79.02   37.94
 -62332.999   225.754   -43.81   22.51
 -61959.178   216.611   -24.46   19.10
 -61585.281   203.624   -34.73   25.91
 -61211.307   185.569   -48.27   35.89
 -60837.257   154.765   -82.35   38.16
 -60463.129   135.950   -50.29   28.99
 -60088.925   125.701   -27.39   19.21
 -59714.644   129.569    10.34   19.38
 -59340.286   139.830    27.41   14.85
 -58965.851   145.037    13.91   10.47
 -58591.339   146.410     3.67    7.35
 -58216.750   145.211    -3.20    8.95
 -57842.083   141.613    -9.60   11.93
 -57467.340   136.961   -12.41   13.75
 -57092.519   131.995   -13.25   14.48
 -56717.621   127.937   -10.82   13.94
 -56342.646   123.973   -10.57   12.98
 -55967.593   123.191    -2.09   12.83
 -55592.463   123.677     1.29   14.66
 -55217.255   127.615    10.50   18.32
 -54841.970   133.445    15.54   23.67
 -54466.608   139.324    15.66   27.03
 -54091.167   144.661    14.21   28.46
 -53715.649   149.142    11.93   25.97
 -53340.054   149.855     1.90   20.55
 -52964.380   154.486    12.33   15.60
 -52588.629   161.131    17.68   16.21
 -52212.800   171.884    28.61   18.46
 -51836.893   182.694    28.76   17.73
 -51460.908   187.712    13.34   16.05
 -51084.845   187.684    -0.07   17.93
 -50708.704   182.303   -14.31   18.28
 -50332.485   172.525   -25.99   20.60
 -49956.188   157.393   -40.21   27.62
 -49579.813   140.216   -45.64   26.42
 -49203.359   125.808   -38.27   19.70
 -48826.827   115.154   -28.30    4.83
 -48450.217   113.292    -4.94    2.70
 -48073.528   112.150    -3.03    1.16
 -47696.761   111.787    -0.96    0.93
 -47319.916   111.604    -0.48    0.88
 -46942.992   111.234    -0.98    0.66
 -46565.989   110.809    -1.13    0.69
 -46188.908   110.191    -1.64    1.00
 -45811.748   109.453    -1.96    0.83
 -45434.510   108.593    -2.28    0.97
 -45057.192   107.195    -3.70    2.12
 -44679.796   104.765    -6.44    3.47
 -44302.321   102.234    -6.70    2.86
 -43924.767   100.776    -3.86    1.70
 -43547.134   100.154    -1.65    0.83
 -43169.422    99.340    -2.15    1.39
 -42791.631    99.223    -0.31    2.13
 -42413.761    99.916     1.83    3.55
 -42035.812   101.303     3.67    4.73
 -41657.784   104.324     7.99    5.01
 -41279.676   107.391     8.11    4.11
 -40901.489   109.808     6.39    2.37
 -40523.223   111.414     4.24    1.49
 -40144.877   112.324     2.41    1.32
 -39766.452   113.065     1.96    1.41
 -39387.947   113.669     1.59    1.66
 -39009.363   114.062     1.04    1.76
 -38630.699   114.894     2.20    1.98
 -38251.955   116.298     3.70    2.55
 -37873.132   118.453     5.69    3.16
 -37494.229   121.218     7.30    2.83
 -37115.246   123.978     7.28    3.32
 -36736.184   126.708     7.20    3.07
 -36357.041   129.287     6.80    2.81
 -35977.819   131.138     4.88    2.31
 -35598.516   132.734     4.21    2.45
 -35219.134   133.798     2.80    2.43
 -34839.671   134.947     3.03    2.32
 -34460.128   135.986     2.74    2.10
 -34080.505   136.970     2.59    1.83
 -33700.802   137.886     2.41    1.46
 -33321.018   138.787     2.37    1.08
 -32941.155   139.314     1.39    0.99
 -32561.210   139.548     0.61    1.04
 -32181.186   139.145    -1.06    1.63
 -31801.080   138.045    -2.90    2.57
 -31420.895   136.023    -5.32    3.53
 -31040.628   133.453    -6.76    4.34
 -30660.281   129.873    -9.41    5.00
 -30279.853   126.228    -9.58    5.02
 -29899.345   122.303   -10.31    4.74
 -29518.756   118.580    -9.78    4.50
 -29138.085   114.733   -10.11    4.35
 -28757.334   111.572    -8.30    3.64
 -28376.502   108.468    -8.15    2.99
 -27995.589   106.010    -6.45    2.68
 -27627.933   104.238    -4.82    2.04
 -27262.353   103.492    -2.04    1.53
 -26896.699   103.765     0.74    1.90
 -26530.972   104.577     2.22    2.16
 -26165.172   105.434     2.34    2.17
 -25799.297   105.934     1.37    2.12
 -25433.349   106.494     1.53    1.82
 -25067.327   106.904     1.12    1.30
 -24701.231   106.357    -1.49    1.51
 -24335.061   106.142    -0.59    1.66
 -23968.817   105.712    -1.17    1.96
 -23602.499   105.548    -0.45    2.07
 -23236.107   105.647     0.27    2.07
 -22869.642   105.651     0.01    1.99
 -22503.101   106.292     1.75    1.76
 -22136.487   107.142     2.32    1.45
 -21769.799   108.053     2.48    1.29
 -21403.036   108.964     2.48    1.21
 -21036.199   109.957     2.71    1.12
 -20669.288   110.808     2.32    1.02
 -20302.302   111.645     2.28    1.00
 -19935.242   112.400     2.06    0.96
 -19568.107   112.998     1.63    0.74
 -19200.898   113.256     0.70    0.81
 -18833.614   113.320     0.18    1.06
 -18466.256   112.408    -2.48    1.85
 -18098.822   110.303    -5.73    3.90
 -17731.315   105.945   -11.86    7.46
 -17363.732   100.669   -14.35    8.97
 -16996.075    94.185   -17.64    8.64
 -16628.342    89.134   -13.73    6.58
 -16260.535    84.689   -12.09    3.84
 -15892.653    81.903    -7.57    4.43
 -15524.696    78.161   -10.17    5.11
 -15156.664    72.871   -14.37    6.62
 -14788.557    67.320   -15.08    6.60
 -14420.375    61.744   -15.14    7.12
 -14052.117    57.363   -11.90    5.64
 -13683.784    53.840    -9.56    4.05
 -13315.377    52.002    -4.99    3.53
 -12946.893    47.689   -11.70    8.02
 -12578.335    39.095   -23.32   15.15
 -12209.701    27.820   -30.59   17.21
 -11840.991    17.050   -29.21   15.19
 -11472.206    10.009   -19.09   10.45
 -11103.346     7.097    -7.89    8.68
 -10734.410     5.786    -3.55    6.71
 -10365.398     6.840     2.86    5.22
  -9996.311     9.699     7.74    4.25
  -9627.148    12.217     6.82    2.81
  -9257.909    13.518     3.52    1.88
  -8888.595    14.453     2.53    1.60
  -8519.204    14.904     1.22    1.35
  -8149.738    14.406    -1.35    2.38
  -7780.195    12.593    -4.91    4.28
  -7410.577     9.951    -7.15    5.13
  -7040.883     8.574    -3.73    4.49
  -6671.112     7.958    -1.67    3.79
  -6301.266     8.904     2.56    8.89
  -5931.343    11.536     7.12   13.43
  -5561.344    13.240     4.60   15.91
  -5191.269    14.265     2.77   18.15
  -4821.117    14.691     1.15   19.60
  -4450.889    14.638    -0.14   19.35
  -4080.585    14.947     0.83   19.67
  -3710.204    15.374     1.15   19.87
  -3339.746    16.851     3.99   23.16
  -2969.212    20.032     8.58   28.91
  -2598.602    20.490     1.24   32.71
  -2227.915    19.521    -2.61   33.53
  -1857.151    15.618   -10.53   30.80
  -1486.310     9.454   -16.62   25.02
  -1115.393     4.175   -14.23   19.52
   -744.399     2.461    -4.62   15.56
   -373.327     0.039    -6.53    8.63
     -2.179     0.113     0.20    5.68
    369.046     1.178     2.87    5.09
    740.348     3.334     5.81    5.46
   1111.727     4.649     3.54    5.02
   1483.183     5.959     3.53    3.68
   1854.717     5.924    -0.09    3.30
   2226.327     4.556    -3.68    4.88
   2598.015     2.181    -6.39    6.97
   2969.781    -1.550   -10.04    7.72
   3341.623    -3.830    -6.13    6.43
   3713.543    -2.271     4.19    9.28
   4085.541    10.447    34.19   30.88
   4457.616    33.588    62.20   44.23
   4829.768    61.361    74.63   45.03
   5201.999    86.717    68.12   34.59
   5574.306   102.627    42.73   17.73
   5946.692   106.842    11.32   16.83
   6319.155   107.042     0.54   12.62
   6691.696   104.069    -7.98    9.77
   7064.315    97.587   -17.40    9.93
   7437.012    91.292   -16.89   11.24
   7809.787    84.308   -18.73   10.01
   8182.639    79.553   -12.75    6.71
   8555.570    76.475    -8.25    3.91
   8928.579    74.703    -4.75    3.80
   9301.666    73.457    -3.34    4.73
   9674.831    72.040    -3.80    5.63
  10048.074    71.026    -2.72    6.53
  10421.396    70.595    -1.15    7.21
  10794.796    70.531    -0.17    7.43
  11168.274    70.521    -0.03    7.08
  11541.831    71.315     2.13    6.30
  11915.466    72.436     3.00    5.86
  12289.180    73.947     4.04    4.92
  12662.973    75.510     4.18    3.92
  13036.844    76.022     1.37    4.34
  13410.793    75.923    -0.27    3.87
  13784.822    76.526     1.61    3.49
  14158.929    76.008    -1.38    5.82
  14533.115    75.656    -0.94    7.59
  14907.379    64.798   -29.01   22.66
  15281.723    51.658   -35.10   26.61
  15656.146    41.627   -26.79   24.32
  16030.648    38.617    -8.04   20.06
  16405.228    50.585    31.95   21.80
  16779.888    61.489    29.10   17.02
  17154.627    70.808    24.87   11.29
  17529.446    74.127     8.86    9.22
  17904.343    76.223     5.59    6.74
  18279.320    79.149     7.80    3.66
  18654.376    81.798     7.06    3.10
  19029.512    84.071     6.06    3.33
  19404.727    87.217     8.38    3.68
  19780.022    90.053     7.56    3.69
  20155.396    92.905     7.60    3.63
  20530.849    95.787     7.68    3.74
  20906.383    98.928     8.36    4.18
  21281.996   102.308     9.00    4.10
  21657.689   106.000     9.83    4.40
  22033.462   111.851    15.57    8.10
  22409.314   120.165    22.12   11.30
  22785.247   130.925    28.62   14.47
  23161.259   143.116    32.42   14.94
  23537.352   155.447    32.79   16.97
  23913.524   167.686    32.54   13.58
  24289.777   176.880    24.44    9.01
  24666.110   183.863    18.56    7.04
  25042.523   188.736    12.95    7.15
  25419.016   193.275    12.06    5.74
  25795.590   196.861     9.52    4.02
  26172.244   199.022     5.74    2.33
  26548.978   200.068     2.78    1.11
  26925.793   200.314     0.65    0.72
  27302.688   199.955    -0.95    1.17
  27679.664   199.556    -1.06    1.72
  28056.721   200.155     1.59    2.30
  28433.858   201.777     4.30    3.29
  28811.076   204.355     6.84    4.02
  29188.375   206.439     5.52    4.07
  29565.754   206.954     1.36    3.50
  29943.215   206.120    -2.21    2.86
  30320.756   205.882    -0.63    2.76
  30698.379   206.066     0.49    3.12
  31076.082   207.329     3.34    3.41
  31453.867   209.787     6.51    3.27
  31831.732   210.464     1.79    2.77
  32209.679   210.329    -0.36    2.40
  32587.707   211.298     2.56    2.44
  32965.816   212.927     4.31    3.98
  33344.007   215.145     5.87    3.70
  33722.279   216.340     3.16    3.11
  34100.633   217.340     2.64    2.47
  34479.068   217.032    -0.82    1.62
  34857.584   216.661    -0.98    1.14
  35236.182   216.340    -0.85    0.99
  35614.862   216.173    -0.44    0.95
  35993.624   216.000    -0.46    0.87
  36372.467   216.277     0.73    0.85
  36751.392   216.553     0.73    0.84
  37130.399   216.977     1.12    1.00
  37509.488   217.425     1.18    1.09
  37888.659   218.021     1.57    1.12
  38267.912   218.478     1.21    1.09
  38647.246   219.071     1.56    1.20
  39026.663   219.744     1.77    1.54
  39406.163   220.861     2.94    2.00
  39785.744   222.351     3.93    2.35
  40165.408   224.339     5.24    2.81
  40545.154   226.045     4.49    2.77
  40924.982   227.881     4.83    2.68
  41304.893   229.319     3.79    2.52
  41684.887   231.048     4.55    2.72
  42064.963   232.819     4.66    2.62
  42445.121   234.840     5.32    3.12
  42825.362   236.600     4.63    3.54
  43205.686   237.798     3.15    3.26
  43586.093   237.961     0.43    2.65
  43966.582   237.177    -2.06    2.31
  44347.155   235.798    -3.62    2.67
  44727.810   233.745    -5.39    2.96
  45108.548   231.215    -6.65    3.75
  45489.369   227.714    -9.19    5.42
  45870.274   223.853   -10.14    7.23
  46251.261   219.396   -11.70    8.57
  46632.332   214.091   -13.92    9.53
  47005.222   209.468   -12.40    9.05
  47370.572   206.002    -9.49    7.68
  47735.997   204.692    -3.58    5.88
  48101.497   205.092     1.09    4.89
  48467.073   207.329     6.12    5.00
  48832.724   210.726     9.29    5.33
  49198.451   215.348    12.64    6.05
  49564.253   221.659    17.25    7.73
  49930.131   228.931    19.88    8.84
  50296.085   236.745    21.35    8.92
  50662.114   242.313    15.21    6.69
  51028.219   246.650    11.85    3.36
  51394.400   248.329     4.58    2.12
  51760.657   249.308     2.67    1.90
  52126.989   249.375     0.18    2.19
  52493.398   248.993    -1.04    2.75
  52859.882   248.231    -2.08    3.01
  53226.443   247.298    -2.55    3.30
  53593.080   247.004    -0.80    3.43
  53959.792   246.703    -0.82    3.41
  54326.581   247.061     0.98    3.04
  54693.446   247.365     0.83    2.68
  55060.388   247.287    -0.21    2.46
  55427.406   246.524    -2.08    3.03
  55794.500   245.116    -3.84    4.17
  56161.670   245.396     0.76    5.89
  56528.917   247.450     5.60    7.69
  56896.241   251.798    11.84    7.40
  57263.641   254.124     6.33    4.96
  57631.118   252.925    -3.26    5.91
  57998.671   248.766   -11.32    7.49
  58366.301   243.819   -13.46    6.76
  58734.008   242.591    -3.34    7.89
  59101.791   245.264     7.27   10.99
  59469.651   250.985    15.55   10.56
  59837.589   251.700     1.94   11.02
  60205.603   242.066   -26.18   19.11
  60573.694   231.702   -28.16   18.41
  60941.862   227.250   -12.09   13.77
  61310.108   233.882    18.01   16.61
  61678.430   247.319    36.48   15.41
  62046.830   257.014    26.32   12.18
  62415.307   263.417    17.38    8.13
  62783.861   265.010     4.32    9.17
  63152.492   261.548    -9.39   15.07
  63521.201   255.134   -17.39   21.72
  63889.987   247.503   -20.69   27.61
  64258.851   235.256   -33.20   34.17
  64627.792   221.945   -36.08   36.90
  64996.811   202.149   -53.65   36.15
  65365.907   188.602   -36.70   26.68
  65735.081   182.721   -15.93   20.20
  66104.333   188.179    14.78   26.37
  66473.662   198.178    27.07   31.55
  66843.069   212.252    38.10   37.92
  67212.554   224.271    32.53   40.83
  67582.117   230.602    17.13   43.60
  67951.758   231.934     3.61   44.34
  68321.477   233.766     4.96   44.28
  68691.274   234.173     1.10   42.66
  69061.150   232.478    -4.58   43.26
  69431.103   229.849    -7.11   43.80
  69801.134   225.993   -10.42   44.72
  70171.244   217.674   -22.48   45.25
  70541.432   207.678   -27.00   46.45
  70911.698   199.515   -22.05   44.04
  71282.043   190.991   -23.02   42.90
  71652.466   181.798   -24.82   39.32
  72022.968   173.345   -22.82   34.97
  72393.548   165.548   -21.04   28.96
  72764.207   158.464   -19.11   21.12
  73134.944   152.640   -15.71   12.48
  73505.760   150.131    -6.77    7.85
  73876.655   148.798    -3.60    5.25
  74247.629   147.725    -2.89    3.46
  74618.681   147.145    -1.56    2.05
  74989.813   146.939    -0.56    1.00
  75361.023   146.831    -0.29    0.32
  75732.312   146.798    -0.09    0.00
  76103.680   146.819     0.06    0.21
  76475.128   147.385     1.52    2.29
  76846.654   148.850     3.94    5.50
  77218.260   151.169     6.24    8.73
  77589.945   154.693     9.48   12.69
  77961.709   158.671    10.70   15.40
  78333.553   164.537    15.78   17.85
  78705.476   170.016    14.73   20.07
  79077.478   176.532    17.52   21.00
  79449.560   184.061    20.24   22.25
  79821.722   194.985    29.35   24.82
  80193.963   213.242    49.05   32.79
  80566.283   234.434    56.92   37.37
  80938.684   257.613    62.25   36.87
  81311.164   274.839    46.25   32.49
  81683.723   289.023    38.07   26.96
  82056.363   296.993    21.39   21.76
  82429.083   301.492    12.07   16.35
  82801.882   300.610    -2.37   14.54
  83174.762   299.391    -3.27   12.64
  83547.721   294.608   -12.83   11.39
  83920.761   290.766   -10.30   11.43
  84293.881   282.198   -22.97   19.21
  84667.081   270.134   -32.33   27.51
  85040.361   253.712   -44.00   29.06
  85413.722   246.257   -19.97   24.89
  85787.163   246.886     1.69   28.75
  86160.684   257.745    29.07   35.79
  86534.286   270.896    35.20   37.28
  86907.968   280.394    25.42   37.17
  87281.731   287.861    19.98   33.23
  87655.574   291.777    10.47   29.02
  88029.498   295.048     8.75   26.67
  88403.503   297.236     5.85   25.68
  88777.589   296.124    -2.97   27.36
  89151.755   293.571    -6.82   28.21
  89526.002   289.512   -10.85   26.42
  89900.331   281.602   -21.13   23.17
  90274.740   281.860     0.69   19.19
  90649.230   286.664    12.83   19.47
  91023.801   297.461    28.83   17.80
  91398.453   306.163    23.23   11.58
  91773.187   308.267     5.61   10.23
  92148.002   305.276    -7.98   10.55
  92522.898   302.185    -8.24   11.26
  92897.875   301.754    -1.15   13.32
  93272.934   304.134     6.35   15.60
  93648.074   309.909    15.39   14.19
  94023.296   311.471     4.16   10.30
  94398.599   306.820   -12.40   13.00
  94773.984   294.645   -32.44   19.59
  95149.450   278.808   -42.18   20.21
  95524.998   274.591   -11.23   18.85
  95900.628   276.329     4.63   24.20
  96276.340   286.940    28.24   28.55
  96652.134   296.340    25.01   26.15
  97028.009   304.226    20.98   23.48
  97403.967   309.573    14.22   18.64
  97780.006   315.354    15.37   12.56
  98156.128   317.839     6.61   10.42
  98532.331   319.838     5.31    7.47
  98908.617   320.339     1.33    5.44
  99284.985   319.568    -2.05    5.67
  99661.436   316.451    -8.28    8.28
 100037.968   314.092    -6.26    8.08
 100414.583   313.553    -1.43    7.08
 100791.281   312.696    -2.28    7.28
 101168.061   310.553    -5.69   10.05
 101544.924   305.593   -13.16   13.91
 101921.869   299.767   -15.46   18.20
 102298.897   290.798   -23.79   21.39
 102676.007   280.920   -26.19   20.87
 103053.200   274.500   -17.02   15.07
 103430.477   277.236     7.25   12.07
 103807.836   285.667    22.34   14.37
 104185.277   297.910    32.44   14.81
 104562.802   306.874    23.75   11.95
 104940.410   312.515    14.94    9.59
 105318.101   315.276     7.31    8.74
 105695.876   311.624    -9.67   11.62
 106073.733   306.211   -14.33   14.57
 106451.673   301.014   -13.75   17.03
 106829.697   295.232   -15.30   18.50
 107207.805   286.717   -22.52   22.44
 107585.995   274.776   -31.58   26.05
 107964.269   267.828   -18.37   24.84
 108342.627   264.598    -8.54   18.54
 108721.068   275.349    28.41   19.10
 109099.593   287.457    31.99   13.42
 109478.202   294.420    18.39    5.03
 109856.894   295.408     2.61    7.74
 110235.670   291.318   -10.80   14.07
 110614.530   287.626    -9.75   17.58
 110993.474   283.737   -10.26   18.23
 111372.502   280.882    -7.53   16.03
 111751.614   280.612    -0.71   13.70
 112130.810   282.776     5.71   11.90
 112510.090   286.491     9.80   11.82
 112889.454   293.436    18.31   12.22
 113268.902   300.032    17.39   12.72
 113648.435   306.375    16.71   13.76
 114028.052   310.359    10.50   13.50
 114407.753   310.819     1.21   13.25
 114787.539   308.788    -5.35   13.54
 115167.410   307.932    -2.25   12.51
 115547.365   306.524    -3.71   10.66
 115927.404   307.292     2.02    9.58
 116307.529   308.538     3.28    7.65
 116687.738   310.529     5.24    6.44
 117068.031   313.573     8.01    5.95
 117448.410   316.870     8.67    5.38
 117828.874   318.124     3.30    6.14
 118209.422   315.527    -6.83   10.00
 118590.056   305.716   -25.78   16.23
 118970.774   292.553   -34.58   16.63
 119351.578   277.553   -39.39   17.96
 119732.467   265.117   -32.65   16.82
 120113.441   254.949   -26.69   16.78
 120494.501   249.927   -13.18   18.60
 120875.645   243.959   -15.66   22.17
 121256.876   239.454   -11.82   22.27
 121635.420   234.014   -14.37   20.63
 122000.532   229.633   -12.00   18.32
 122365.722   220.991   -23.66   16.83
 122730.988   212.267   -23.89   16.30
 123096.332   201.387   -29.78   12.44
 123461.753   194.948   -17.62    9.57
 123827.251   193.701    -3.41    9.87
 124192.827   196.653     8.08   13.48
 124558.480   202.530    16.07   15.62
 124924.210   206.434    10.68   15.46
 125290.018   210.251    10.44   14.61
 125655.903   211.933     4.60   14.78
 126021.866   212.747     2.22   13.77
 126387.907   211.993    -2.06   12.39
 126754.025   211.124    -2.37    9.46
 127120.221   212.808     4.60    8.89
 127486.495   214.022     3.32   12.08
 127852.847   210.165   -10.53   21.17
 128219.276   198.828   -30.94   29.46
 128585.784   180.616   -49.70   27.25
 128952.369   165.510   -41.21   18.11
 129319.032   157.573   -21.65    6.49
 129685.774   155.225    -6.40    3.32
 130052.593   154.353    -2.38    2.92
 130419.491   154.901     1.49    4.54
 130786.467   161.568    18.17   16.37
 131153.521   174.808    36.07   27.34
 131520.654   191.314    44.96   32.25
 131887.865   207.426    43.88   28.66
 132255.154   218.482    30.10   21.62
 132622.522   219.726     3.39   14.15
 132989.969   215.675   -11.03   13.73
 133357.493   209.849   -15.85   12.40
 133725.097   207.000    -7.75   12.87
 134092.779   203.485    -9.56   14.53
 134460.540   201.928    -4.24   15.34
 134828.380   200.145    -4.85   15.91
 135196.298   195.818   -11.76   14.92
 135564.296   193.608    -6.01   12.40
 135932.372   192.528    -2.94    9.89
 136300.527   192.287    -0.65    8.62
 136668.761   199.975    20.88   16.08
 137037.075   211.596    31.55   21.78
 137405.467   227.964    44.44   21.52
 137773.939   241.758    37.44   18.97
 138142.490   256.385    39.69   15.04
 138511.120   268.038    31.61   16.41
 138879.829   276.640    23.33   15.34
 139248.618   283.930    19.77   13.52
 139617.486   287.181     8.81   12.81
 139986.434   288.575     3.78   12.76
 140355.461   288.030    -1.48   12.17
 140724.568   286.975    -2.86   12.54
 141093.755   285.888    -2.94   11.33
 141463.021   285.335    -1.50   10.23
 141832.367   284.278    -2.86    8.77
 142201.792   284.340     0.17    7.12
 142571.298   281.624    -7.35    8.21
 142940.883   275.277   -17.18   12.49
 143310.548   263.628   -31.52   16.67
 143680.293   252.020   -31.40   17.34
 144050.119   241.766   -27.73   13.95
 144420.024   238.134    -9.82   11.41
 144790.010   236.200    -5.23   10.43
 145160.075   236.588     1.05   11.70
 145530.221   236.691     0.28   12.83
 145900.448   234.878    -4.90   12.26
 146270.754   233.491    -3.75   11.39
 146641.141   230.969    -6.81    8.25
 147011.609   228.664    -6.22    3.49
 147382.157   228.053    -1.65    0.74
 147752.785   228.515     1.25    1.80
 148123.494   230.893     6.42    5.21
 148494.284   235.400    12.15    7.59
 148865.154   241.798    17.25    8.85
 149236.106   250.778    24.21   12.08
 149607.138   261.524    28.97   14.80
 149978.251   274.288    34.40   15.21
 150349.444   283.808    25.65   11.47
 150720.719   289.717    15.92    5.32
 151092.075   291.002     3.46    3.19
 151463.512   289.232    -4.77    5.69
 151835.030   285.010   -11.37    9.16
 152206.629   277.389   -20.51   13.34
 152578.310   266.787   -28.53   16.96
 152950.071   253.656   -35.32   18.57
 153321.914   238.738   -40.13   20.18
 153693.839   222.851   -42.72   19.27
 154065.845   204.428   -49.53   20.67
 154437.932   195.303   -24.53   17.45
 154810.101   197.070     4.75   21.66
 155182.352   199.360     6.15   23.44
 155554.684   202.707     8.99   21.45
 155927.098   198.568   -11.12   18.41
 156299.593   194.120   -11.94   14.86
 156672.171   195.020     2.41   14.63
 157044.830   197.712     7.23   15.48
 157417.572   196.258    -3.90   15.39
 157790.395   194.829    -3.83   13.27
 158163.300   193.818    -2.71   12.57
 158536.287   194.478     1.77   14.15
 158909.357   202.585    21.73   21.76
 159282.509   214.277    31.33   27.33
 159655.743   234.288    53.62   28.77
 160029.059   249.338    40.32   20.99
 160402.457   260.241    29.20   12.06
 160775.938   263.363     8.36   10.41
 161149.502   263.787     1.14   10.51
 161523.148   262.268    -4.07   11.23
 161896.876   261.703    -1.51    9.95
 162270.687   262.697     2.66    8.31
 162644.581   265.993     8.82    7.66
 163018.558   269.078     8.25    6.75
 163392.617   269.408     0.88    6.77
 163766.759   264.444   -13.27    9.26
 164140.984   258.095   -16.97    7.46
 164515.292   255.618    -6.62    5.19
 164889.683   256.365     2.00    6.29
 165264.157   260.131    10.06    8.36
 165638.715   263.878    10.00    9.75
 166013.355   266.948     8.20   11.12
 166388.078   267.909     2.57   11.45
 166762.885   270.010     5.61   10.81
 167137.775   271.629     4.32    9.21
 167512.749   273.022     3.71    6.73
 167887.806   275.028     5.35    6.57
 168262.946   276.377     3.60    7.97
 168638.170   276.906     1.41   10.34
 169013.478   276.998     0.24   13.49
 169388.869   276.488    -1.36   16.64
 169764.344   273.174    -8.83   19.92
 170139.903   266.807   -16.95   20.10
 170515.546   259.633   -19.10   18.27
 170891.272   251.151   -22.58   15.08
 171267.082   240.298   -28.88   12.07
 171642.977   231.458   -23.52    9.61
 172018.955   225.889   -14.81    7.76
 172395.018   221.525   -11.61    6.94
 172771.164   220.048    -3.93    7.85
 173147.395   221.608     4.15   10.84
 173523.711   223.338     4.60   10.41
 173900.110   225.512     5.78   10.80
 174276.594   228.738     8.57   12.77
 174653.162   230.369     4.33   14.43
 175029.815   229.145    -3.25   15.47
 175406.552   227.808    -3.55   15.00
 175783.374   230.218     6.40   12.65
 176160.281   231.569     3.59    9.87
 176537.272   229.368    -5.84   11.19
 176914.348   222.516   -18.17   14.49
 177291.509   212.866   -25.59   14.07
 177668.755   202.863   -26.52   10.81
 178046.086   196.418   -17.08   10.35
 178423.502   190.235   -16.38   10.85
 178801.002   187.408    -7.49   10.25
 179178.588   185.534    -4.96   11.44
 179556.259   186.168     1.68   15.11
 179934.016   184.014    -5.70   16.94
 180311.857   176.394   -20.17   19.63
 180689.784   166.645   -25.80   20.44
 181067.797   154.818   -31.29   16.05
 181445.895   147.045   -20.56   12.44
 181824.078   138.898   -21.55   11.13
 182202.347   131.342   -19.98   10.52
 182580.701   122.438   -23.54   11.81
 182959.141   112.634   -25.91   11.11
 183337.667   103.438   -24.30   10.05
 183716.279    97.418   -15.90    8.67
 184094.977    92.168   -13.87    6.30
 184473.760    93.038     2.30   10.88
 184852.630   106.747    36.19   33.20
 185231.585   129.538    60.15   47.10
 185610.627   159.053    77.88   51.58
 185989.754   184.939    68.29   49.64
 186368.968   195.593    28.10   49.26
 186748.268   207.308    30.89   42.07
 187127.655   211.583    11.27   31.90
 187507.128   209.968    -4.26   26.36
 187886.687   201.697   -21.79   26.77
 188266.333   197.293   -11.60   26.38
 188646.065   190.745   -17.25   23.91
 189025.884   188.926    -4.79   22.82
 189405.790   188.943     0.05   21.21
 189785.782   184.986   -10.42   18.74
 190165.861   185.357     0.98   19.12
 190546.027   192.194    17.99   23.59
 190926.280   205.524    35.06   25.91
 191306.620   221.798    42.79   20.65
 191687.047   234.798    34.18    9.66
 192067.561   240.431    14.81    7.14
 192448.162   245.690    13.82    5.54
 192828.850   249.758    10.69    6.03
 193209.626   253.110     8.80    8.01
 193590.488   257.278    10.94   10.05
 193971.439   261.656    11.49   10.38
 194352.476   265.005     8.79   10.20
 194733.601   267.714     7.11    9.19
 195114.814   269.866     5.65    7.26
 195496.114   271.319     3.81    6.34
 195877.502   272.523     3.16    7.93
 196258.978   277.726    13.64   15.10
 196627.001   285.283    20.54   25.13
 196991.951   295.434    27.82   36.45
 197356.979   298.048     7.16   42.07
 197722.087   293.085   -13.59   39.36
 198087.274   282.141   -29.97   29.69
 198452.539   275.454   -18.31   22.27
 198817.884   268.656   -18.61   15.69
 199183.308   264.298   -11.93   16.44
 199548.811   258.192   -16.71   15.93
 199914.394   251.208   -19.11   14.05
 200280.055   246.807   -12.04   12.02
 200645.797   245.460    -3.68   11.93
