-178586.517   245.975     0.00    4.29
-178219.551   243.861    -5.76    5.34
-177852.661   242.100    -4.80    5.53
-177485.847   241.070    -2.81    5.21
-177119.109   239.738    -3.63    4.48
-176752.446   238.576    -3.17    3.02
-176385.859   238.785     0.57    2.22
-176019.348   240.345     4.26    3.18
-175652.912   243.091     7.49    3.87
-175286.552   245.791     7.37    3.39
-174920.267   247.981     5.98    2.40
-174554.058   249.475     4.08    1.24
-174187.925   250.370     2.44    1.41
-173821.867   251.587     3.32    2.17
-173455.884   253.117     4.18    2.99
-173089.976   254.730     4.41    3.09
-172724.144   255.449     1.97    3.18
-172358.387   254.980    -1.28    3.89
-171992.705   252.679    -6.29    4.42
-171627.098   250.278    -6.57    4.11
-171261.566   247.707    -7.04    3.55
-170893.767   246.012    -4.61    2.90
-170512.583   244.991    -2.68    2.54
-170131.482   244.210    -2.05    2.31
-169750.463   243.023    -3.12    3.03
-169369.528   241.117    -5.00    4.11
-168988.675   238.587    -6.65    4.38
-168607.905   235.502    -8.10    4.06
-168227.217   230.054   -14.31    7.08
-167846.612   225.980   -10.70    6.93
-167466.089   224.654    -3.49    6.43
-167085.649   225.183     1.39    6.10
-166705.291   224.960    -0.59    5.97
-166325.015   222.959    -5.26    6.13
-165944.822   219.907    -8.03    4.26
-165564.710   218.808    -2.89    2.06
-165184.681   220.002     3.14    2.31
-164804.735   221.346     3.54    2.06
-164424.870   222.823     3.89    1.69
-164045.087   224.266     3.80    2.13
-163665.386   226.158     4.98    2.61
-163285.767   227.741     4.17    2.45
-162906.230   228.675     2.46    1.82
-162526.774   228.354    -0.85    2.35
-162147.400   226.823    -4.04    3.84
-161768.108   225.215    -4.24    4.41
-161388.898   224.465    -1.98    4.29
-161009.769   223.947    -1.37    4.28
-160630.722   223.296    -1.72    4.41
-160251.756   222.211    -2.86    4.36
-159872.872   222.564     0.93    5.05
-159494.069   224.200     4.32    7.17
-159115.347   227.812     9.54    7.47
-158736.707   230.402     6.84    5.91
-158358.147   231.265     2.28    4.65
-157979.669   230.410    -2.26    4.55
-157601.272   227.117    -8.70    6.63
-157222.957   222.219   -12.95    7.36
-156844.722   217.268   -13.09    6.74
-156466.568   214.321    -7.79    4.90
-156088.495   218.856    12.00   11.44
-155710.503   224.574    15.13   13.02
-155332.591   229.231    12.32    9.92
-154954.761   232.013     7.36    6.62
-154577.011   230.789    -3.24    7.07
-154199.341   229.057    -4.59    8.07
-153821.753   227.254    -4.77    7.73
-153444.245   225.363    -5.01    6.15
-153066.817   224.307    -2.80    3.98
-152689.470   226.763     6.51    5.52
-152312.203   231.202    11.77    7.32
-151935.017   236.066    12.90    6.36
-151557.911   237.823     4.66    5.61
-151180.885   235.271    -6.77    8.48
-150803.939   230.044   -13.87    9.22
-150427.074   225.300   -12.59    7.34
-150050.288   221.570    -9.90    2.42
-149673.583   220.991    -1.54    0.00
-149296.957   221.160     0.45    1.15
-148920.412   222.624     3.89    3.69
-148543.946   225.465     7.55    4.92
-148167.561   228.034     6.83    4.36
-147791.255   229.693     4.41    3.14
-147415.029   227.959    -4.61    4.34
-147038.882   226.502    -3.87    4.41
-146662.815   223.853    -7.04    4.87
-146286.828   220.306    -9.43    6.06
-145910.920   217.268    -8.08    5.90
-145535.092   214.321    -7.84    3.57
-145159.343   214.736     1.10    4.04
-144783.674   216.374     4.36    5.18
-144408.084   217.808     3.82    5.66
-144032.573   219.089     3.41    5.33
-143657.141   217.896    -3.18    4.18
-143281.789   218.861     2.57    4.34
-142906.516   219.576     1.91    4.75
-142531.322   217.211    -6.30    6.60
-142156.207   214.672    -6.77    7.98
-141781.171   210.654   -10.71    6.72
-141406.214   208.770    -5.03    6.00
-141031.335   210.724     5.21    6.83
-140656.536   215.012    11.44    7.26
-140281.816   219.609    12.27    6.89
-139907.174   222.916     8.83    4.95
-139532.611   225.049     5.69    4.16
-139158.126   226.863     4.85    4.42
-138783.720   228.609     4.66    4.32
-138409.393   229.286     1.81    3.33
-138035.144   228.277    -2.70    3.74
-137660.974   226.034    -6.00    4.09
-137286.882   224.339    -4.53    3.59
-136912.868   224.066    -0.73    3.78
-136538.933   224.913     2.27    4.65
-136165.076   227.644     7.30    5.14
-135791.297   230.398     7.37    4.61
-135417.597   232.683     6.11    3.94
-135043.974   233.800     2.99    4.06
-134670.430   234.185     1.03    3.75
-134296.964   234.055    -0.35    3.25
-133923.575   233.111    -2.53    2.80
-133550.265   232.581    -1.42    2.64
-133177.032   232.346    -0.63    2.85
-132803.877   233.181     2.24    3.98
-132430.800   234.859     4.50    5.07
-132057.801   236.675     4.87    5.34
-131684.879   238.980     6.18    5.67
-131312.035   242.056     8.25    5.83
-130939.269   243.784     4.64    5.09
-130566.580   244.342     1.50    4.39
-130193.969   244.991     1.74    5.39
-129821.435   245.832     2.26    5.88
-129448.978   246.782     2.55    5.34
-129076.599   248.045     3.39    5.00
-128704.297   248.163     0.32    4.92
-128332.072   248.704     1.45    5.86
-127959.925   248.894     0.51    6.86
-127587.855   249.353     1.23    7.60
-127215.862   249.938     1.57    7.91
-126843.946   248.529    -3.79    8.46
-126472.106   246.658    -5.03    9.47
-126100.344   241.926   -12.73   10.14
-125728.659   236.690   -14.09    9.83
-125357.051   231.080   -15.10    7.36
-124985.519   229.012    -5.57    7.16
-124614.065   228.324    -1.85    8.32
-124242.687   227.533    -2.13    5.53
-123871.385   227.866     0.90    4.18
-123500.161   228.044     0.48    3.40
-123129.013   228.255     0.57    2.50
-122757.941   228.518     0.71    2.47
-122386.946   229.271     2.03    2.48
-122016.027   231.002     4.67    2.81
-121645.185   233.034     5.48    3.20
-121274.419   235.958     7.89    3.72
-120903.730   239.204     8.76    4.59
-120533.117   243.639    11.97    5.46
-120162.580   248.129    12.12    6.15
-119792.119   254.091    16.09    6.25
-119421.734   260.023    16.02    6.92
-119051.425   265.923    15.93    7.25
-118681.193   271.303    14.53    6.82
-118311.036   275.692    11.86    5.27
-117940.955   278.512     7.62    3.85
-117570.951   280.365     5.01    1.74
-117201.022   280.765     1.08    0.91
-116831.168   280.475    -0.79    1.02
-116461.391   280.100    -1.01    0.84
-116091.689   279.906    -0.52    0.92
-115722.063   279.552    -0.96    1.44
-115352.513   278.357    -3.23    2.73
-114983.038   277.079    -3.46    3.04
-114613.639   277.959     2.38    3.18
-114244.315   279.370     3.82    3.30
-113875.066   281.636     6.14    3.94
-113505.893   284.738     8.40    3.91
-113136.795   287.199     6.67    3.49
-112767.773   288.815     4.38    2.03
-112398.826   289.507     1.88    1.24
-112029.954   289.746     0.65    1.45
-111661.157   290.507     2.06    2.38
-111292.435   291.800     3.51    3.50
-110923.789   292.464     1.80    3.96
-110555.217   290.152    -6.27    6.96
-110186.720   282.162   -21.69   15.24
-109818.299   270.873   -30.64   21.78
-109449.952   252.270   -50.51   29.82
-109081.680   227.206   -68.06   38.12
-108713.483   200.596   -72.28   42.86
-108345.360   166.523   -92.56   38.40
-107977.312   141.744   -67.33   28.68
-107609.339   137.317   -12.03   32.56
-107241.441   161.236    65.02   59.31
-106873.617   205.361   119.97   67.27
-106505.868   244.611   106.74   48.79
-106138.193   270.508    70.44   13.38
-105770.592   272.464     5.32   12.77
-105403.066   270.561    -5.18   15.86
-105035.614   269.608    -2.59   16.07
-104668.237   271.222     4.39   15.71
-104300.934   274.339     8.49   14.69
-103933.705   277.260     7.95   13.89
-103566.550   280.639     9.21   11.84
-103199.469   283.033     6.52    7.61
-102832.463   283.716     1.86    4.19
-102465.530   283.067    -1.77    4.14
-102098.671   282.313    -2.06    3.71
-101731.887   282.701     1.06    4.07
-101365.176   283.412     1.94    5.26
-100998.539   285.421     5.48    6.68
-100631.976   287.176     4.79    7.39
-100265.487   290.774     9.82    8.53
 -99899.071   293.850     8.40   10.05
 -99532.729   298.355    12.30   11.65
 -99166.461   301.704     9.14   12.11
 -98800.266   304.598     7.90   11.58
 -98434.145   306.800     6.01   11.43
 -98068.097   309.324     6.90   10.67
 -97702.123   311.669     6.41   10.66
 -97336.222   313.606     5.30   10.42
 -96970.395   316.800     8.73   10.48
 -96604.641   319.185     6.52    9.63
 -96238.960   322.225     8.32    8.61
 -95859.785   324.335     5.57    8.15
 -95478.847   327.480     8.26    8.41
 -95097.990   329.257     4.67    8.80
 -94717.213   333.306    10.63   10.08
 -94336.517   336.776     9.11   11.37
 -93955.902   341.763    13.10   12.64
 -93575.366   344.679     7.66   12.86
 -93194.911   348.556    10.19   12.53
 -92814.537   350.884     6.12   12.75
 -92434.242   353.589     7.11   12.56
 -92054.028   355.513     5.06   12.68
 -91673.894   357.895     6.27   12.23
 -91293.840   359.596     4.47   12.28
 -90913.866   359.443    -0.40   12.38
 -90533.972   358.502    -2.48   12.20
 -90154.159   355.927    -6.78   10.41
 -89774.425   352.957    -7.82    8.71
 -89394.770   349.636    -8.75    7.24
 -89015.196   347.980    -4.36    5.97
 -88635.702   347.873    -0.28    5.47
 -88256.287   349.807     5.10    6.25
 -87876.952   352.023     5.84    7.04
 -87497.696   353.759     4.58    6.79
 -87118.520   355.529     4.67    5.71
 -86739.424   357.003     3.89    4.73
 -86360.407   360.066     8.08    6.56
 -85981.469   362.514     6.46    7.43
 -85602.611   364.044     4.04    7.14
 -85223.832   366.298     5.95    6.57
 -84845.132   370.486    11.06    9.09
 -84466.512   377.287    17.96    9.93
 -84087.970   385.034    20.47    7.86
 -83709.508   389.830    12.67    3.92
 -83331.125   390.690     2.27    2.75
 -82952.821   390.623    -0.18    2.74
 -82574.596   390.393    -0.61    1.75
 -82196.450   390.619     0.60    0.91
 -81818.383   391.035     1.10    0.39
 -81440.394   390.899    -0.36    0.88
 -81062.485   389.372    -4.04    3.03
 -80684.654   386.373    -7.94    4.91
 -80306.901   382.480   -10.31    5.58
 -79929.228   378.272   -11.14    4.33
 -79551.633   374.916    -8.89    3.39
 -79174.116   371.789    -8.28    3.36
 -78796.678   368.281    -9.29    4.51
 -78419.319   364.002   -11.34    5.10
 -78042.037   359.927   -10.80    5.46
 -77664.834   355.800   -10.94    4.97
 -77287.710   353.119    -7.11    4.79
 -76910.664   349.957    -8.39    4.54
 -76533.695   346.502    -9.17    4.99
 -76156.805   342.587   -10.39    4.66
 -75779.994   339.597    -7.93    4.09
 -75403.260   336.468    -8.31    3.28
 -75026.604   333.862    -6.92    4.25
 -74650.026   332.582    -3.40    4.72
 -74273.526   333.013     1.14    5.28
 -73897.104   333.807     2.11    5.61
 -73520.760   335.698     5.02    5.21
 -73144.493   336.561     2.29    4.53
 -72768.305   336.480    -0.21    3.94
 -72392.193   336.073    -1.08    4.14
 -72016.160   333.969    -5.59    4.47
 -71640.204   333.026    -2.51    4.81
 -71264.326   336.056     8.06    8.19
 -70888.525   340.410    11.58    9.49
 -70512.801   346.132    15.23    9.29
 -70137.155   350.677    12.10    7.71
 -69761.586   353.437     7.35    6.92
 -69386.095   356.247     7.48    4.36
 -69010.681   358.274     5.40    4.78
 -68635.344   359.654     3.68    7.18
 -68260.084   357.882    -4.72   16.32
 -67884.901   349.910   -21.25   26.53
 -67509.796   341.165   -23.31   27.75
 -67134.767   332.503   -23.10   26.93
 -66759.815   321.698   -28.82   23.06
 -66384.940   318.696    -8.01   19.12
 -66010.142   321.572     7.67   19.36
 -65635.421   329.869    22.14   20.05
 -65260.777   341.238    30.35   11.77
 -64886.209   344.124     7.71    6.95
 -64511.718   340.698    -9.15    9.44
 -64137.304   334.123   -17.56   11.45
 -63762.966   326.672   -19.90   11.59
 -63388.705   321.152   -14.75   10.92
 -63014.521   316.200   -13.24    9.70
 -62640.412   312.593    -9.64   10.48
 -62266.381   307.980   -12.33   10.55
 -61892.425   302.927   -13.51   10.41
 -61518.546   297.302   -15.04    9.16
 -61144.743   292.176   -13.71    8.83
 -60771.016   287.291   -13.07    7.44
 -60397.366   283.583    -9.93    5.82
 -60023.792   281.752    -4.90    4.97
 -59650.293   280.701    -2.82    4.89
 -59276.871   280.468    -0.62    4.69
 -58903.525   280.165    -0.81    4.41
 -58530.255   279.616    -1.47    3.73
 -58157.060   279.545    -0.19    3.15
 -57783.942   279.888     0.92    3.30
 -57410.899   281.524     4.39    4.68
 -57037.932   284.865     8.96    6.81
 -56665.041   288.705    10.30    7.62
 -56292.225   291.037     6.25    8.19
 -55919.485   291.453     1.12    7.35
 -55546.820   290.164    -3.46    7.23
 -55174.232   290.591     1.15    6.91
 -54801.718   293.456     7.69    9.97
 -54429.280   306.936    36.20   24.15
 -54056.918   330.747    63.95   38.72
 -53684.630   357.991    73.18   41.49
 -53312.419   381.275    62.56   36.52
 -52940.282   400.152    50.73   31.28
 -52568.220   415.821    42.11   31.97
 -52196.234   434.206    49.43   35.81
 -51824.323   451.902    47.58   29.98
 -51452.487   464.828    34.76   22.00
 -51080.726   468.913    10.99   19.68
 -50709.040   458.701   -27.48   27.69
 -50337.429   442.815   -42.75   30.93
 -49965.893   423.980   -50.70   31.32
 -49594.431   407.639   -43.99   30.40
 -49223.045   389.491   -48.87   31.90
 -48851.733   371.765   -47.74   30.09
 -48480.496   354.037   -47.76   29.21
 -48109.333   335.795   -49.15   25.77
 -47738.246   320.398   -41.49   21.26
 -47367.232   306.830   -36.57   16.26
 -46996.294   296.681   -27.36    9.81
 -46625.430   289.882   -18.33    5.29
 -46254.640   285.182   -12.68    4.88
 -45883.925   280.882   -11.60    5.15
 -45513.284   277.391    -9.42    5.25
 -45142.717   273.480   -10.55    6.29
 -44772.225   270.524    -7.98    7.00
 -44401.807   267.313    -8.67    8.03
 -44031.463   265.057    -6.09    8.11
 -43661.193   263.448    -4.35    8.07
 -43290.997   262.606    -2.27    8.59
 -42920.876   261.769    -2.26    9.13
 -42550.828   261.111    -1.78    9.55
 -42180.854   260.416    -1.88   10.11
 -41810.955   261.078     1.79   10.71
 -41441.129   263.363     6.18   12.37
 -41071.377   268.219    13.13   13.20
 -40701.699   274.416    16.76   13.71
 -40332.094   282.285    21.29   13.74
 -39962.563   290.552    22.37   14.86
 -39593.106   300.782    27.69   14.70
 -39223.723   311.808    29.85   15.64
 -38854.413   323.147    30.70   15.22
 -38485.176   331.310    22.11   13.04
 -38116.013   340.071    23.73   10.47
 -37746.924   345.266    14.08    9.92
 -37377.908   348.002     7.42   12.12
 -37008.965   348.274     0.74   16.54
 -36640.096   341.803   -17.54   25.11
 -36271.299   305.219   -99.20   65.09
 -35902.577   274.574   -83.11   71.64
 -35533.927   267.578   -18.98   73.95
 -35165.350   268.775     3.25   82.92
 -34796.847   289.112    55.19   93.21
 -34428.416   310.558    58.21  102.31
 -34060.059   340.636    81.66   99.94
 -33691.774   343.948     8.99  102.79
 -33323.562   348.991    13.70  109.84
 -32955.424   332.795   -43.99  117.97
 -32587.358   309.480   -63.35  114.09
 -32219.365   283.791   -69.81  102.06
 -31851.444   265.968   -48.45   79.64
 -31483.597   255.727   -27.84   49.49
 -31115.822   257.886     5.87   42.43
 -30748.119   249.650   -22.40   66.94
 -30380.490   226.003   -64.33   96.43
 -30012.932   168.101  -157.53  104.44
 -29645.448   109.187  -160.32   70.79
 -29278.035    73.299   -97.68   31.63
 -28910.695    59.024   -38.86   13.06
 -28543.428    53.451   -15.18    7.71
 -28176.233    50.497    -8.05    2.04
 -27809.110    49.991    -1.38    0.00
 -27442.059    49.991     0.00    0.00
 -27075.081    49.991     0.00    0.00
 -26708.174    49.991     0.00    0.00
 -26341.340    50.049     0.16    0.44
 -25974.578    51.547     4.08    5.94
 -25607.888    59.048    20.46   21.61
 -25241.269    86.402    74.61   64.98
 -24874.723   152.169   179.43  131.18
 -24508.249   250.165   267.41  175.19
 -24141.846   351.585   276.80  185.77
 -23775.516   464.227   307.49  151.68
 -23409.257   539.991   206.86  107.24
 -23043.070   578.015   103.84   63.91
 -22676.954   586.730    23.81   33.05
 -22310.911   584.770    -5.35   22.68
 -21944.938   586.881     5.77   22.03
 -21579.038   598.457    31.64   25.53
 -21203.889   612.134    36.46   19.72
 -20823.112   612.377     0.64   17.99
 -20442.413   596.569   -41.53   24.29
 -20061.792   578.275   -48.06   23.82
 -19681.250   552.980   -66.47   25.82
 -19300.787   526.561   -69.44   33.02
 -18920.401   485.806  -107.14   52.16
 -18540.094   430.991  -144.14   63.76
 -18159.865   374.622  -148.25   64.90
 -17779.715   326.836  -125.70   40.11
 -17399.642   301.328   -67.12   20.12
 -17019.648   288.666   -33.32   11.26
 -16639.731   296.415    20.40   23.54
 -16259.892   316.433    52.70   37.97
 -15880.132   364.567   126.75   69.50
 -15500.449   437.370   191.75   98.22
 -15120.844   537.826   264.64  141.31
 -14741.317   648.658   292.03  122.71
 -14361.867   716.354   178.41   75.05
 -13982.495   758.193   110.29   44.83
 -13603.201   769.837    30.70   46.54
 -13223.984   769.336    -1.32   46.65
 -12844.845   762.947   -16.85   50.36
 -12465.784   740.301   -59.74   56.31
 -12086.800   698.058  -111.47   63.46
 -11707.893   656.643  -109.30   68.37
 -11329.063   612.255  -117.17   65.84
 -10950.311   565.869  -122.47   58.31
 -10571.637   532.650   -87.72   54.47
 -10193.039   499.258   -88.20   51.82
  -9814.518   482.402   -44.53   53.04
  -9436.075   457.180   -66.65   51.80
  -9057.709   430.559   -70.36   47.67
  -8679.420   400.358   -79.84   43.47
  -8301.207   368.842   -83.33   45.71
  -7923.072   322.211  -123.32   56.58
  -7545.013   279.912  -111.89   56.68
  -7167.032   237.890  -111.17   42.78
  -6789.127   212.423   -67.39   23.44
  -6411.299   196.002   -43.46   18.69
  -6033.547   180.980   -39.77   24.30
  -5655.873   158.178   -60.37   31.03
  -5278.274   133.727   -64.75   29.44
  -4900.753   111.420   -59.09   23.56
  -4523.308    94.733   -44.21   15.40
  -4145.939    84.881   -26.11   10.03
  -3768.647    78.272   -17.52    8.27
  -3391.431    70.893   -19.56   10.08
  -3014.292    61.002   -26.23   17.47
  -2637.228    43.376   -46.75   22.24
  -2260.241    26.727   -44.16   18.27
  -1883.331    13.563   -34.93   11.18
  -1506.496     5.968   -20.15    5.07
  -1129.738     2.602    -8.93    2.94
   -753.055     0.850    -4.65    1.32
   -376.449     0.227    -1.65    0.64
      0.082    -0.009    -0.63    0.00
    376.537    -0.009     0.00    0.00
    752.915    -0.009     0.00    0.00
   1129.218    -0.009     0.00    0.00
   1505.445    -0.009     0.00    0.00
   1881.597    -0.009     0.00    0.00
   2257.672    -0.009     0.00    0.00
   2633.672    -0.009     0.00    0.00
   3009.597    -0.009     0.00    0.00
   3385.446     1.872     5.00    5.73
   3761.219     9.038    19.07   13.37
   4136.917    20.288    29.94   17.28
   4512.539    32.344    32.10   14.62
   4888.086    42.661    27.47    7.87
   5263.558    48.259    14.91    6.11
   5638.955    52.191    10.48    5.04
   6014.276    55.282     8.23    3.95
   6389.522    57.890     6.95    3.20
   6764.693    59.801     5.09    2.56
   7139.789    61.497     4.52    1.96
   7514.809    62.956     3.89    1.62
   7889.755    64.213     3.35    1.77
   8264.626    65.084     2.32    1.91
   8639.422    65.442     0.95    1.73
   9014.143    65.491     0.13    1.61
   9388.789    64.694    -2.13    1.58
   9763.360    62.575    -5.66    3.48
  10137.857    59.766    -7.50    4.51
  10512.278    56.935    -7.56    3.95
  10886.626    54.694    -5.99    1.74
  11260.898    54.139    -1.48    0.54
  11635.096    54.169     0.08    0.63
  12009.220    55.232     2.84    2.42
  12383.269    58.035     7.49    4.24
  12757.243    61.355     8.88    5.14
  13131.143    66.452    13.63    5.09
  13504.969    70.267    10.21    4.55
  13878.721    73.721     9.24    3.59
  14252.398    75.071     3.61    2.60
  14626.001    75.823     2.01    2.27
  14999.530    76.902     2.89    2.77
  15372.984    79.402     6.69    4.47
  15746.365    83.429    10.79    6.00
  16119.671    91.598    21.88    9.58
  16492.904    99.791    21.95   11.07
  16866.063   109.093    24.93    9.43
  17239.147   115.530    17.25    6.75
  17612.158   121.646    16.40    6.08
  17985.095   128.313    17.88    9.14
  18357.958   138.548    27.45   14.65
  18730.748   156.294    47.60   23.31
  19103.463   175.423    51.32   23.96
  19476.106   192.178    44.96   18.47
  19848.674   204.200    32.27    7.94
  20221.169   209.542    14.34    4.93
  20593.590   213.622    10.96    4.96
  20965.938   217.564    10.59    5.09
  21338.213   221.798    11.37    5.74
  21710.414   226.205    11.84    5.45
  22082.542   229.872     9.86    4.29
  22454.596   232.024     5.79    2.76
  22826.577   232.324     0.81    2.70
  23198.485   230.749    -4.24    2.94
  23570.320   228.336    -6.49    2.97
  23942.081   224.354   -10.71    4.95
  24313.770   221.210    -8.46    4.51
  24685.385   219.169    -5.49    3.09
  25056.928   218.876    -0.79    2.14
  25428.397   220.269     3.75    1.93
  25799.794   221.485     3.28    1.29
  26171.118   222.393     2.45    1.08
  26542.369   222.832     1.18    1.29
  26913.547   223.530     1.88    1.71
  27284.652   225.250     4.63    4.24
  27655.685   227.116     5.03    5.14
  28026.645   227.802     1.85    4.82
  28397.532   228.221     1.13    4.04
  28768.347   228.991     2.08    3.34
  29139.089   230.200     3.26    2.73
  29509.758   231.654     3.92    2.42
  29880.356   232.873     3.29    1.63
  30250.880   232.090    -2.11    2.94
  30621.333   231.289    -2.16    3.80
  30991.713   231.295     0.02    4.45
  31362.021   231.729     1.17    5.32
  31732.256   234.738     8.13    5.67
  32102.420   237.270     6.84    4.08
  32472.511   237.677     1.10    3.41
  32842.530   237.830     0.42    3.48
  33212.477   239.901     5.60    4.55
  33582.352   241.175     3.44    4.67
  33952.155   236.250   -13.32   14.26
  34321.886   221.127   -40.90   27.22
  34691.545   203.196   -48.51   28.15
  35061.133   189.291   -37.62   19.47
  35430.648   181.347   -21.50    7.75
  35800.092   181.665     0.86    4.84
  36169.464   183.782     5.73    1.04
  36538.764   184.002     0.60    0.38
  36907.992   184.473     1.28    0.97
  37277.149   185.837     3.69    2.24
  37646.235   188.166     6.31    3.22
  38015.248   191.475     8.97    4.13
  38384.191   195.455    10.79    4.65
  38753.061   199.766    11.69    5.55
  39121.861   204.910    13.95    6.81
  39490.589   213.587    23.53   11.70
  39859.246   223.154    25.95   14.52
  40227.831   233.384    27.76   13.23
  40596.345   240.412    19.07    8.23
  40964.788   244.002     9.75    3.45
  41333.160   245.429     3.87    3.95
  41701.461   251.853    17.44   12.12
  42069.691   264.587    34.58   22.62
  42437.849   285.462    56.70   28.00
  42805.937   305.877    55.46   25.68
  43173.953   320.396    39.45   16.01
  43541.899   323.358     8.05   10.40
  43909.774   320.741    -7.11   11.90
  44277.578   323.464     7.40   14.87
  44645.311   332.886    25.62   25.86
  45012.973   352.126    52.33   38.63
  45380.565   379.796    75.27   62.22
  45748.086   428.589   132.76   83.94
  46115.536   474.213   124.16   89.95
  46482.916   524.093   135.77   77.79
  46850.226   545.900    59.37   56.23
  47217.464   489.863  -152.58  122.88
  47584.633   405.787  -228.98  146.53
  47951.730   325.467  -218.79   96.39
  48318.758   307.855   -47.98   58.25
  48685.715   348.991   112.10   73.31
  49052.602   420.866   195.90   96.49
  49419.418   514.247   254.56  133.57
  49786.164   634.171   326.98  164.47
  50152.840   754.513   328.19  165.58
  50519.446   895.969   385.84  158.12
  50885.982   995.811   272.39  134.48
  51252.448  1075.321   216.95   94.31
  51618.844  1095.171    54.17   87.14
  51985.169  1077.681   -47.74   97.27
  52351.425  1049.167   -77.85   93.16
  52717.611  1010.789  -104.80   98.12
  53083.727   974.559   -98.95   87.98
  53455.174   948.786   -69.38   59.54
  53835.790   918.733   -78.96   59.83
  54216.330   869.564  -129.20   84.76
  54596.794   830.730  -102.07   83.09
  54977.182   799.690   -81.60   68.49
  55357.493   788.247   -30.09   61.15
  55737.728   783.049   -13.67   51.47
  56117.887   754.744   -74.45   54.54
  56497.969   730.370   -64.12   41.71
  56877.976   706.879   -61.82   40.11
  57257.907   671.026   -94.36   68.46
  57637.761   617.945  -139.73   97.97
  58017.540   547.298  -186.01   94.11
  58397.242   500.718  -122.67   73.52
  58776.869   498.752    -5.18   71.42
  59156.420   535.336    96.38   69.54
  59535.895   575.744   106.48   35.07
  59915.295   585.037    24.49   10.79
  60294.618   560.250   -65.34   55.40
  60673.867   542.175   -47.66   66.52
  61053.039   531.306   -28.66   73.62
  61432.136   524.096   -19.02   78.10
  61811.158   513.639   -27.59   80.32
  62190.104   500.533   -34.58   72.78
  62568.974   500.313    -0.58   63.84
  62947.769   516.172    41.86   71.13
  63326.489   560.650   117.44   83.80
  63705.134   624.394   168.34   59.53
  64083.703   672.184   126.23   56.92
  64462.198   710.515   101.27   49.92
  64840.617   746.069    93.95   54.49
  65218.960   786.741   107.50   62.86
  65597.229   839.811   140.29   78.08
  65975.423   888.638   129.10   62.09
  66353.542   921.287    86.34   52.12
  66731.586   936.782    40.99   46.94
  67109.555   932.139   -12.28   52.30
  67487.449   930.382    -4.65   56.27
  67865.269   943.889    35.75   54.19
  68243.013   974.531    81.12   72.84
  68620.683  1013.091   102.09   94.84
  68998.279  1069.866   150.35  114.01
  69375.799  1107.298    99.15  104.23
  69753.245  1130.548    61.59   93.55
  70130.617  1137.910    19.51  112.81
  70507.914  1122.384   -41.15  141.32
  70885.137  1117.889   -11.92  140.99
  71262.285  1129.049    29.59  119.62
  71639.359  1119.309   -25.83  118.71
  72016.358  1104.445   -39.43  118.62
  72393.284  1067.577   -97.81  130.41
  72770.135  1023.900  -115.89  106.91
  73146.911   997.290   -70.62   58.54
  73523.614   997.647     0.95   40.77
  73900.243  1003.096    14.47   53.54
  74276.797   986.514   -44.03   74.64
  74653.278   927.922  -155.62  104.08
  75029.685   866.150  -164.10   95.81
  75406.017   838.666   -73.03   68.96
  75782.276   834.741   -10.43   42.11
  76158.461   863.479    76.39   40.59
  76534.572   898.275    92.51   37.40
  76910.610   930.073    84.56   39.51
  77286.573   958.764    76.31   34.40
  77662.463   981.863    61.45   29.06
  78038.280   998.627    44.60   23.79
  78414.022  1006.348    20.55   18.75
  78789.692  1003.082    -8.69   23.77
  79165.288   986.910   -43.06   39.17
  79540.810   969.047   -47.56   48.68
  79916.259   948.933   -53.57   50.15
  80291.634   939.328   -25.59   43.81
  80666.937   942.933     9.60   38.34
  81042.166   960.343    46.40   43.46
  81417.321   989.836    78.61   50.58
  81792.404  1037.423   126.86   61.80
  82167.413  1092.955   148.07   66.67
  82542.350  1148.037   146.90   78.47
  82917.213  1208.838   162.19   98.08
  83292.003  1276.317   180.03   98.77
  83666.720  1310.840    92.12   77.42
  84041.364  1323.468    33.71   62.48
  84415.936  1335.396    31.84   76.67
  84790.434  1371.514    96.44  112.61
  85164.860  1433.348   165.13  130.23
  85539.213  1495.877   167.02  116.97
  85913.493  1509.579    36.61  105.70
  86287.700  1478.457   -83.16  125.00
  86661.835  1384.415  -251.34  145.36
  87035.898  1269.366  -307.54  158.63
  87409.887  1169.109  -268.06  126.35
  87783.804  1107.221  -165.50   63.95
  88157.649  1113.897    17.86   71.13
  88531.421  1188.821   200.44  115.68
  88905.121  1292.872   278.42  133.48
  89278.749  1372.264   212.47  110.68
  89652.304  1399.777    73.65   90.72
  90025.787  1383.921   -42.45   93.62
  90399.198  1342.968  -109.67   89.26
  90772.536  1315.773   -72.84   98.46
  91145.802  1326.119    27.72  131.76
  91518.997  1326.207     0.24  152.65
  91892.119  1308.646   -47.06  160.18
  92265.169  1249.627  -158.20  146.91
  92638.147  1218.037   -84.69  133.71
  93011.054  1191.332   -71.61  141.71
  93383.888  1159.298   -85.91  136.57
  93756.651  1100.462  -157.83  116.38
  94129.341  1046.673  -144.32   76.55
  94501.960  1008.787  -101.67   28.96
  94874.507  1007.956    -2.23   30.56
  95246.983  1060.118   140.03   89.28
  95619.387  1147.979   235.91  139.91
  95991.719  1271.866   332.71  140.19
  96363.980  1361.609   241.06  118.50
  96736.169  1421.568   161.08   95.56
  97108.287  1432.025    28.10   82.17
  97480.333  1397.072   -93.94  108.42
  97852.308  1321.696  -202.62  136.68
  98224.211  1256.968  -174.03  100.02
  98596.043  1281.957    67.20  130.08
  98967.804  1362.803   217.45  141.28
  99339.494  1430.014   180.81   87.75
  99711.112  1445.112    40.62   72.53
 100082.660  1397.600  -127.86   94.14
 100454.136  1324.707  -196.21   84.01
 100825.541  1260.658  -172.44   67.18
 101196.875  1214.211  -125.07   45.41
 101568.138  1182.071   -86.56   28.53
 101939.330  1158.516   -63.45   25.45
 102310.451  1135.823   -61.14   27.90
 102681.502  1116.979   -50.78   26.12
 103052.481  1107.600   -25.28   22.26
 103423.390  1106.491    -2.99   20.80
 103794.228  1108.832     6.31   19.37
 104164.995  1117.073    22.23   14.29
 104535.692  1126.537    25.53   17.84
 104906.318  1141.100    39.29   21.74
 105276.873  1161.321    54.57   22.97
 105647.358  1181.669    54.92   23.42
 106017.772  1206.421    66.82   26.47
 106388.116  1230.485    64.97   30.28
 106758.389  1259.468    78.27   32.60
 107128.592  1291.956    87.75   42.62
 107498.725  1326.898    94.40   52.00
 107868.787  1352.876    70.19   61.87
 108238.779  1392.141   106.11   81.56
 108608.701  1441.343   133.00  105.05
 108978.553  1507.991   180.19  132.10
 109348.334  1576.712   185.83  133.79
 109718.046  1658.401   220.93  116.37
 110087.687  1734.876   206.87  107.70
 110457.258  1776.929   113.78   94.24
 110826.760  1799.525    61.15   88.90
 111196.191  1806.955    20.11   92.29
 111565.553  1792.351   -39.53   99.65
 111934.844  1768.594   -64.33   98.87
 112304.066  1706.718  -167.57  113.93
 112673.218  1637.991  -186.16  106.94
 113042.300  1553.139  -229.88  121.58
 113411.312  1481.106  -195.19  123.99
 113780.255  1414.048  -181.74  123.70
 114149.128  1361.666  -141.99  129.37
 114517.932  1312.115  -134.34  128.22
 114886.666  1247.441  -175.38  135.65
 115255.330  1139.437  -292.93  177.47
 115623.925  1012.605  -344.07  203.99
 115992.451   857.796  -420.04  181.73
 116360.907   736.764  -328.45  119.35
 116729.294   649.051  -238.08   57.30
 117097.611   606.934  -114.34   38.73
 117465.859   570.516   -98.89   34.41
 117834.038   537.252   -90.34   41.21
 118202.148   509.633   -75.02   36.20
 118570.188   495.623   -38.06   31.12
 118938.160   491.051   -12.43   33.09
 119306.062   506.692    42.51   36.53
 119673.895   534.556    75.74   60.69
 120041.660   629.184   257.28  148.85
 120409.355   743.087   309.75  179.62
 120776.981   852.081   296.45  149.00
 121144.539   895.150   117.17  117.98
 121512.027   866.642   -77.57  122.57
 121879.447   828.230  -104.54   96.66
 122246.798   818.468   -26.57   66.43
 122614.080   847.635    79.41   76.98
 122981.294   923.801   207.40   86.31
 123348.439   997.807   201.55   93.90
 123715.515  1074.791   209.70   96.58
 124082.523  1141.412   181.51  107.72
 124449.462  1214.051   197.94  120.34
 124816.332  1278.787   176.44  123.77
 125183.134  1336.200   156.51  126.69
 125549.868  1369.313    90.28  121.49
 125916.533  1389.980    56.36  109.17
 126283.130  1421.252    85.30  100.71
 126649.659  1451.836    83.43   83.44
 127016.119  1478.166    71.84   57.83
 127382.511  1458.639   -53.29   74.76
 127748.835  1399.372  -161.77  109.11
 128116.884  1321.189  -212.41  116.72
 128497.344  1235.697  -224.68   93.54
 128877.730  1175.727  -157.64   67.14
 129258.041  1134.921  -107.28   48.13
 129638.278  1129.026   -15.50   32.45
 130018.441  1142.521    35.50   38.72
 130398.530  1174.451    84.00   49.83
 130778.544  1218.968   117.13   46.83
 131158.485  1259.051   105.49   51.67
 131538.351  1313.468   143.24   71.34
 131918.143  1363.815   132.55   87.75
 132297.861  1406.255   111.76   86.30
 132677.505  1429.241    60.54   79.12
 133057.076  1432.600     8.85   53.82
 133436.572  1440.806    21.62   39.60
 133815.995  1462.549    57.30   38.67
 134195.344  1492.418    78.73   44.39
 134574.619  1538.095   120.42   55.94
 134953.820  1583.942   120.89   55.50
 135332.948  1628.083   116.41   51.77
 135712.002  1679.313   135.14   59.27
 136090.983  1750.131   186.85   92.64
 136469.890  1805.425   145.92   81.31
 136848.723  1826.096    54.56   61.78
 137227.484  1813.526   -33.18   66.93
 137606.170  1768.212  -119.65   67.92
 137984.784  1721.521  -123.31   52.79
 138363.324  1705.809   -41.50   51.70
 138741.791  1692.991   -33.87   53.59
 139120.184  1662.141   -81.52   79.57
 139498.504  1600.025  -164.17  109.10
 139876.752  1542.834  -151.18   97.98
 140254.926  1500.061  -113.09   91.23
 140633.027  1498.386    -4.43  119.82
 141011.055  1532.899    91.29  126.19
 141389.010  1554.762    57.84  114.42
 141766.892  1606.658   137.32  125.60
 142144.701  1658.589   137.44  124.21
 142522.438  1697.416   102.78  119.02
 142900.101  1737.324   105.66  120.68
 143277.692  1768.421    82.35  131.15
 143655.210  1779.679    29.82  121.98
 144032.656  1772.514   -18.98  115.68
 144410.029  1750.241   -59.02  124.05
 144787.329  1695.049  -146.27  131.31
 145164.556  1636.115  -156.21  128.30
 145541.711  1581.543  -144.68  112.45
 145918.794  1510.808  -187.56  117.06
 146295.804  1418.132  -245.79  135.86
 146672.742  1317.753  -266.27  145.37
 147049.607  1211.301  -282.43  130.88
 147426.401  1106.235  -278.81   96.09
 147803.121  1047.738  -155.26   62.32
 148179.770  1027.050   -54.92   39.58
 148556.347  1081.658   144.99  107.10
 148932.851  1207.341   333.78  183.28
 149309.283  1336.538   343.18  184.62
 149685.643  1447.596   295.05  140.83
 150061.931  1485.836   101.61  142.94
 150438.148  1482.956    -7.66  152.09
 150814.292  1476.707   -16.61  129.99
 151190.364  1493.551    44.78  112.60
 151566.364  1546.039   139.58  118.23
 151942.293  1635.093   236.86  121.27
 152318.150  1685.146   133.15  102.19
 152693.935  1704.789    52.27  108.08
 153069.649  1678.166   -70.85  141.06
 153445.290  1615.619  -166.49  133.08
 153820.861  1562.884  -140.40  119.66
 154196.359  1487.623  -200.40  130.83
 154571.786  1419.705  -180.89  106.58
 154947.142  1352.979  -177.75   96.75
 155322.426  1284.014  -183.75   76.20
 155697.639  1232.921  -136.15   55.32
 156072.780  1214.125   -50.10   36.24
 156447.850  1215.363     3.30   31.31
 156822.849  1229.658    38.11   36.44
 157197.776  1237.704    21.46   41.56
 157572.633  1226.817   -29.04   58.77
 157947.418  1208.945   -47.68   62.97
 158322.132  1197.711   -29.98   63.15
 158696.775  1238.015   107.57   91.40
 159071.347  1311.485   196.12   98.23
 159445.847  1404.347   247.93  111.67
 159820.277  1508.467   278.04  140.44
 160194.636  1617.121   290.20  169.80
 160568.924  1708.630   244.46  173.53
 160943.142  1750.026   110.61  157.19
 161317.288  1739.168   -29.02  141.32
 161691.364  1705.669   -89.54  115.82
 162065.369  1659.678  -122.95  116.77
 162439.303  1590.943  -183.79  133.40
 162813.167  1495.625  -254.92  146.96
 163186.960  1365.049  -349.28  151.27
 163560.682  1244.134  -323.50  124.61
 163934.334  1140.152  -278.25  103.55
 164307.916  1096.320  -117.31   69.67
 164681.427  1101.084    12.75   74.41
 165054.867  1162.698   164.97  111.45
 165428.238  1272.646   294.44  143.08
 165801.538  1398.156   336.17  177.13
 166174.767  1543.681   389.86  183.06
 166547.927  1617.150   196.86  127.79
 166921.016  1628.289    29.85  106.30
 167294.035  1571.268  -152.84  132.82
 167666.984  1465.451  -283.69  131.00
 168039.862  1379.979  -229.19  133.10
 168412.671  1265.898  -305.97  135.55
 168785.410  1153.645  -301.12  158.43
 169158.079  1014.735  -372.70  187.44
 169530.678   899.933  -308.07  161.45
 169903.207   806.615  -250.47   66.91
 170275.666   787.015   -52.62   40.56
 170648.055   811.270    65.13   70.43
 171020.374   833.509    59.72   82.55
 171392.624   860.626    72.84   83.50
 171764.804   865.712    13.66   71.56
 172136.915   868.908     8.59   63.46
 172508.955   876.545    20.53   66.04
 172880.927   879.423     7.74   74.57
 173252.828   878.110    -3.53   83.95
 173624.661   885.112    18.83   99.18
 173996.423   877.456   -20.59   97.46
 174368.117   864.003   -36.19   77.85
 174739.740   847.196   -45.22   48.92
 175111.295   834.456   -34.28   32.09
 175482.780   822.014   -33.49   27.91
 175854.196   806.606   -41.48   25.21
 176225.543   793.921   -34.15   21.92
 176596.821   781.433   -33.63   19.34
 176968.029   772.332   -24.51   16.09
 177339.168   766.919   -14.58   17.54
 177710.238   761.445   -14.75   22.71
 178081.240   757.442   -10.79   25.28
 178452.172   759.704     6.10   27.53
 178823.035   764.586    13.16   27.93
 179193.829   772.270    20.72   26.41
 179564.555   778.954    18.03   26.95
 179935.211   787.014    21.74   30.62
 180305.799   792.707    15.36   33.37
 180676.318   803.226    28.39   34.59
 181046.768   819.954    45.15   35.80
 181417.150   834.154    38.33   43.05
 181787.463   852.266    48.90   45.57
 182157.707   871.305    51.42   51.22
 182527.883   884.954    36.87   56.38
 182897.990   902.991    48.73   78.94
 183268.029   922.201    51.91   94.47
 183637.999   945.051    61.75  104.25
 184007.901   966.272    57.36  112.67
 184377.734   989.164    61.89  112.18
 184747.499  1012.432    62.92  105.44
 185117.196  1028.473    43.39   87.79
 185486.824  1048.796    54.97   83.55
 185856.384  1099.544   137.30  111.30
 186225.876  1152.479   143.24  127.89
 186595.300  1242.479   243.59  162.29
 186964.656  1320.241   210.50  178.31
 187333.944  1405.538   230.94  186.20
 187703.163  1446.426   110.73  186.42
 188072.315  1486.666   108.99  172.32
 188441.398  1512.015    68.67  160.89
 188810.414  1514.384     6.42  131.17
 189179.362  1474.382  -108.41  158.58
 189548.242  1399.053  -204.18  215.70
 189917.054  1290.979  -292.99  177.87
 190285.798  1241.291  -134.73  119.32
 190654.475  1291.782   136.93  138.44
 191023.083  1398.266   288.84  146.24
 191391.624  1492.735   256.29  126.26
 191760.098  1557.554   175.88  121.49
 192128.504  1595.215   102.21  130.77
 192496.842  1645.833   137.40  140.54
 192865.113  1710.612   175.87  154.04
 193233.316  1770.674   163.10  158.81
 193601.452  1834.527   173.42  145.64
 193969.521  1869.576    95.21  121.11
 194337.522  1847.479   -60.04  141.15
 194705.456  1814.119   -90.66  174.13
 195073.322  1772.606  -112.83  161.09
 195441.121  1738.533   -92.62  124.56
 195808.853  1683.344  -150.06  135.72
 196176.518  1596.744  -235.50  154.88
 196544.115  1507.137  -243.73  149.81
 196911.646  1434.344  -198.03  153.01
 197279.109  1334.762  -270.96  163.22
 197646.506  1271.305  -172.69  169.33
 198013.835  1202.291  -187.85  178.59
 198381.097  1137.563  -176.22  169.98
 198748.293  1079.713  -157.52  178.10
 199115.421  1006.782  -198.62  163.49
 199482.483   948.892  -157.69  132.35
 199849.478   894.610  -147.89   66.83
 200216.406   879.381   -41.50   32.01
 200583.267   888.226    24.11   28.68
 200950.062   908.573    55.46   29.09
 201316.789   942.847    93.44   46.67
 201683.451  1003.051   164.17  112.08
 202050.045  1119.897   318.68  183.29
 202416.573  1253.368   364.09  218.70
 202783.035  1400.637   401.81  217.54
 203161.809  1507.215   281.33  205.18
 203542.042  1563.084   146.91  200.34
 203922.202  1581.991    49.73  190.48
 204302.290  1534.413  -125.16  188.33
 204682.306  1511.297   -60.82  178.68
 205062.249  1484.356   -70.90  182.83
 205442.121  1454.831   -77.71  189.15
 205821.920  1401.015  -141.67  199.66
 206201.647  1341.497  -156.71  182.27
 206581.302  1293.200  -127.19  139.56
 206960.885  1275.066   -47.77  107.68
 207340.396  1306.872    83.79  128.02
 207719.835  1338.624    83.67  143.92
 208099.202  1363.191    64.75  128.21
 208478.497  1398.164    92.19  115.35
 208857.720  1451.872   141.60  133.34
 209236.872  1530.028   206.10  140.69
 209615.952  1602.379   190.83  134.29
 209994.960  1667.340   171.37  141.58
 210373.896  1721.015   141.62  142.11
 210752.761  1748.449    72.40  146.15
 211131.554  1767.148    49.36  141.35
 211510.276  1777.285    26.76  136.86
 211888.926  1764.906   -32.69  137.23
 212267.505  1734.638   -79.94  130.74
 212646.012  1718.910   -41.55  105.68
 213024.448  1720.215     3.45   91.96
 213402.812  1721.247     2.73   98.03
 213781.105  1701.944   -51.02  117.56
 214159.327  1664.384   -99.29  127.62
 214537.478  1639.403   -66.05  132.46
 214915.557  1623.191   -42.87  143.96
 215293.566  1596.991   -69.30  173.50
 215671.503  1566.940   -79.50  186.64
 216049.369  1512.782  -143.30  182.22
 216427.164  1424.201  -234.43  173.55
 216804.888  1321.148  -272.78  169.54
 217182.542  1220.991  -265.16  114.96
 217560.124  1168.121  -140.00   57.40
 217937.635  1176.379    21.87   66.32
 218315.076  1232.324   148.20  101.82
 218692.446  1309.039   203.25  119.91
 219069.745  1387.497   207.91  118.99
 219446.973  1456.014   181.60  115.38
 219824.130  1498.930   113.77  117.64
 220201.217  1528.401    78.14  117.21
 220578.234  1574.932   123.40  128.43
 220955.180  1620.717   121.44  140.51
 221332.055  1656.608    95.22  155.47
 221708.860  1642.673   -36.98  173.23
 222085.594  1614.933   -73.62  183.31
 222462.258  1570.062  -119.11  176.73
 222838.852  1512.337  -153.25  163.86
 223215.375  1448.332  -169.96  140.31
 223591.828  1420.189   -74.75  107.51
 223968.211  1421.898     4.54   90.86
 224344.524  1466.561   118.66  105.67
 224720.766  1554.289   233.13  126.05
 225096.939  1610.118   148.39  103.56
 225473.041  1616.285    16.40  114.63
 225849.073  1601.789   -38.54  141.03
 226225.035  1528.610  -194.61  149.32
 226600.928  1442.316  -229.53  131.27
 226976.750  1341.747  -267.55  158.41
 227352.503  1226.529  -306.58  171.86
 227728.185  1109.027  -312.71  144.81
 228103.798  1028.854  -213.41   63.87
 228479.341  1018.779   -26.82   37.58
 228854.814  1039.932    56.32   48.27
 229230.218  1081.027   109.45   56.69
 229605.552  1133.704   140.32   71.31
 229980.816  1188.810   146.82  101.07
 230356.011  1253.873   173.38  140.00
 230731.136  1295.191   110.12  155.06
 231106.192  1322.312    72.30  144.42
 231481.178  1355.241    87.80  135.52
 231856.095  1411.136   149.06  150.24
 232230.942  1469.557   155.83  141.24
 232605.720  1492.503    61.21  126.93
 232980.429  1469.273   -61.98  133.99
 233355.068  1422.625  -124.49  104.37
 233729.639  1407.847   -39.45   96.62
 234104.140  1411.557     9.91  111.35
 234478.572  1419.224    20.47  112.81
 234852.935  1410.052   -24.49   88.49
 235227.228  1420.738    28.54   92.53
 235601.453  1469.598   130.54  134.60
 235975.609  1536.328   178.32  155.17
 236349.695  1566.581    80.86  155.27
 236723.713  1556.162   -27.85  143.29
 237097.662  1545.229   -29.23  107.64
 237471.542  1568.658    62.65  111.85
 237845.353  1627.943   158.57  129.01
 238219.096  1699.843   192.34  130.46
 238592.770  1758.630   157.29  134.09
 238966.375  1801.621   115.05  141.39
 239339.911  1834.594    88.26  135.04
 239713.379  1856.341    58.22  115.23
 240086.778  1855.968    -1.00  113.17
 240460.109  1836.287   -52.71  125.30
 240833.371  1837.909     4.34  130.55
 241206.564  1846.473    22.95  126.14
 241579.690  1835.015   -30.70  132.95
 241952.746  1833.238    -4.76  129.27
 242325.735  1842.932    25.98  123.30
 242698.655  1857.450    38.92  107.24
 243071.507  1929.170   192.32   98.51
 243444.290  1948.762    52.55   92.75
 243817.006  1927.229   -57.76  119.21
 244189.653  1929.372     5.75  127.02
 244562.232  1912.503   -45.27  107.95
 244934.743  1867.259  -121.43  123.86
 245307.186  1794.063  -196.49  149.98
 245679.561  1719.732  -199.57  107.50
 246051.868  1669.220  -135.65   56.26
 246424.107  1663.503   -15.35   75.28
 246796.278  1678.717    40.87   86.95
 247168.381  1703.569    66.78  109.47
 247540.416  1749.027   122.16  143.73
 247912.384  1807.455   157.05  155.80
 248284.284  1863.991   151.99  130.92
 248656.116  1858.198   -15.58  114.24
 249027.880  1821.328   -99.16  108.17
 249399.577  1779.808  -111.68  107.11
 249771.206  1712.110  -182.13  104.02
 250142.767  1655.871  -151.33   75.47
 250514.261  1610.810  -121.27   48.19
 250885.688  1579.063   -85.46   38.63
 251257.047  1553.420   -69.04   43.58
 251628.339  1537.834   -41.97   42.97
 251999.563  1525.822   -32.35   34.42
 252370.720  1536.389    28.46   34.17
 252741.809  1569.586    89.44   53.18
 253112.831  1613.420   118.12   70.73
 253483.786  1672.430   159.05   91.75
 253854.674  1713.943   111.91   91.63
 254225.495  1750.450    98.43   83.68
 254596.248  1769.634    51.73   90.62
 254966.935  1773.516    10.47   92.10
 255337.554  1763.931   -25.86   97.90
 255708.106  1719.666  -119.43  123.36
 256078.591  1646.224  -198.19  139.71
 256449.010  1549.707  -260.51  123.08
 256819.361  1476.794  -196.84   96.51
 257189.646  1421.732  -148.67   50.45
 257559.863  1417.344   -11.85   46.60
 257930.014  1436.624    52.08   71.33
 258300.098  1478.857   114.09   91.67
 258670.116  1507.453    77.27   86.91
 259040.066  1503.168   -11.58   72.77
 259409.950  1491.671   -31.08   55.95
 259779.768  1472.328   -52.29   27.86
 260149.519  1475.978     9.87   35.32
 260519.203  1496.356    55.11   63.22
 260888.820  1535.427   105.69  101.09
 261258.372  1590.479   148.94  136.18
 261627.856  1656.516   178.69  149.62
 261997.275  1646.697   -26.57  151.24
 262366.627  1588.754  -156.85  162.54
 262735.912  1487.028  -275.41  150.82
 263105.132  1403.505  -226.17   90.27
 263474.285  1357.491  -124.62   42.33
