-283785.041   707.519     0.00    5.66
-283409.500   708.486     2.58    5.70
-283033.900   712.086     9.58    6.22
-282658.242   714.775     7.16    6.89
-282282.526   717.054     6.07    5.76
-281906.751   718.083     2.74    5.04
-281530.918   717.480    -1.60    5.29
-281155.026   714.392    -8.21    5.65
-280779.076   711.878    -6.68    5.80
-280403.066   708.500    -8.98    5.62
-280026.999   705.378    -8.30    4.53
-279650.872   702.893    -6.61    3.19
-279274.687   702.028    -2.30    2.55
-278898.443   702.419     1.04    2.63
-278522.141   703.271     2.26    2.69
-278145.779   702.429    -2.24    3.52
-277769.359   700.639    -4.75    4.52
-277392.880   700.764     0.33    5.02
-277016.342   703.486     7.23    7.14
-276639.745   707.959    11.88    8.10
-276263.089   712.446    11.91    7.73
-275886.375   713.649     3.19    7.99
-275509.601   715.486     4.88    9.90
-275132.768   716.824     3.55   10.78
-274755.877   719.053     5.91   10.35
-274378.926   720.192     3.02    9.87
-274001.916   719.811    -1.01    9.45
-273624.847   718.169    -4.35    9.13
-273247.719   715.761    -6.38    9.55
-272870.531   711.264   -11.92    9.62
-272493.285   704.274   -18.52   12.19
-272115.979   695.319   -23.73   12.88
-271738.614   687.800   -19.92   12.92
-271361.190   682.432   -14.22   11.51
-270983.706   680.822    -4.27   12.30
-270606.163   680.438    -1.02   15.04
-270228.560   678.149    -6.06   18.66
-269850.898   672.373   -15.29   18.39
-269473.177   667.569   -12.72   15.72
-269095.396   664.836    -7.23   13.22
-268717.556   667.042     5.84   17.74
-268339.656   665.616    -3.77   16.79
-267961.697   665.069    -1.45   15.53
-267583.678   663.760    -3.46   11.70
-267205.600   662.014    -4.62    9.28
-266827.461   661.595    -1.11    6.70
-266449.264   661.192    -1.06    5.58
-266071.006   659.068    -5.61    5.69
-265692.689   655.507    -9.41    7.33
-265314.312   650.634   -12.88    8.18
-264935.875   645.622   -13.24    7.45
-264557.378   643.493    -5.62    6.68
-264178.822   642.662    -2.19    4.82
-263800.206   644.211     4.09    5.63
-263421.529   642.013    -5.80   13.00
-263042.793   640.250    -4.65   15.78
-262663.997   639.108    -3.01   15.29
-262285.141   636.795    -6.11   12.98
-261906.225   633.699    -8.17   10.54
-261527.249   627.507   -16.33   11.06
-261148.212   619.986   -19.84   13.46
-260769.116   610.880   -24.01   13.70
-260389.960   601.706   -24.19   10.90
-260010.743   596.627   -13.39   10.33
-259631.466   594.606    -5.33   10.00
-259253.527   593.653    -2.52   11.06
-258885.798   593.528    -0.34   13.19
-258518.012   590.527    -8.16   14.29
-258150.170   586.167   -11.85   16.24
-257782.272   575.081   -30.13   19.86
-257414.318   561.056   -38.11   23.61
-257046.307   544.851   -44.02   25.44
-256678.240   528.722   -43.81   23.09
-256310.116   514.338   -39.07   18.33
-255941.937   503.042   -30.67   13.13
-255573.700   494.689   -22.68    9.69
-255205.408   488.288   -17.38    8.22
-254837.058   483.392   -13.29    6.98
-254468.653   480.041    -9.09    5.21
-254100.190   478.438    -4.35    3.59
-253731.672   476.264    -5.90    4.95
-253363.096   473.164    -8.41    7.89
-252994.464   468.139   -13.63   10.32
-252625.776   461.603   -17.72   10.53
-252257.031   454.569   -19.07    9.24
-251888.229   447.507   -19.15    8.97
-251519.370   440.127   -20.00   10.29
-251150.454   433.000   -19.31   11.39
-250781.482   425.085   -21.45   10.75
-250412.453   418.425   -18.04    8.59
-250043.368   412.070   -17.21    6.60
-249674.225   407.110   -13.44    6.35
-249305.025   402.239   -13.19    5.71
-248935.769   397.767   -12.11    5.66
-248566.456   392.761   -13.55    5.70
-248197.085   388.110   -12.59    7.13
-247827.658   382.056   -16.38    8.17
-247458.174   376.301   -15.57    8.54
-247088.632   369.370   -18.75    8.79
-246719.034   363.932   -14.71    8.22
-246349.378   358.014   -16.01    7.31
-245979.666   353.635   -11.84    6.30
-245609.896   349.095   -12.28    5.13
-245240.069   345.851    -8.77    4.51
-244870.185   342.635    -8.69    3.95
-244500.243   339.890    -7.42    3.39
-244130.245   337.534    -6.37    3.05
-243760.189   335.351    -5.90    3.21
-243390.076   332.849    -6.76    3.35
-243019.905   330.427    -6.54    3.51
-242649.677   327.500    -7.90    3.25
-242279.392   324.959    -6.86    3.17
-241909.049   322.753    -5.95    2.60
-241538.649   321.068    -4.55    2.38
-241168.191   319.716    -3.65    2.25
-240797.676   318.781    -2.52    2.12
-240427.103   318.027    -2.03    1.78
-240056.473   316.743    -3.46    2.31
-239685.785   315.554    -3.21    2.53
-239315.040   314.000    -4.19    2.75
-238944.237   312.395    -4.33    1.94
-238573.376   311.446    -2.56    2.06
-238202.457   310.066    -3.72    2.02
-237831.481   309.194    -2.35    1.91
-237460.447   308.368    -2.23    1.75
-237089.356   307.944    -1.14    1.85
-236718.206   306.933    -2.72    2.60
-236346.999   305.959    -2.62    2.89
-235975.734   304.027    -5.20    2.90
-235604.410   301.889    -5.76    2.60
-235233.029   300.027    -5.01    2.94
-234861.591   298.141    -5.08    2.21
-234490.094   296.373    -4.76    1.98
-234118.539   295.275    -2.95    1.68
-233746.926   294.921    -0.95    1.93
-233375.255   294.515    -1.09    2.06
-233003.526   293.667    -2.28    2.16
-232631.739   292.235    -3.85    3.18
-232259.893   289.243    -8.04    4.95
-231887.990   285.058   -11.25    5.79
-231516.028   281.014   -10.87    5.75
-231144.008   276.694   -11.61    3.94
-230771.930   273.932    -7.42    2.72
-230399.794   272.356    -4.23    2.32
-230027.599   271.452    -2.43    2.26
-229655.346   270.597    -2.30    2.60
-229283.034   269.712    -2.38    2.86
-228910.665   268.685    -2.76    2.93
-228538.236   267.054    -4.38    3.42
-228165.750   264.907    -5.76    4.02
-227793.205   262.547    -6.33    3.23
-227420.601   260.446    -5.64    2.43
-227047.939   258.945    -4.03    2.24
-226675.218   257.203    -4.67    2.38
-226302.439   255.781    -3.81    2.58
-225929.601   254.500    -3.43    2.20
-225556.704   253.466    -2.77    2.50
-225183.749   252.547    -2.46    3.01
-224810.735   251.732    -2.18    3.26
-224437.662   250.333    -3.75    3.50
-224064.531   248.686    -4.41    3.47
-223691.341   247.760    -2.48    3.89
-223318.092   245.732    -5.43    4.52
-222944.784   242.865    -7.68    5.21
-222571.417   239.306    -9.53    4.83
-222197.992   236.092    -8.60    2.64
-221824.507   234.110    -5.31    1.95
-221450.964   232.789    -3.53    1.70
-221077.361   232.028    -2.04    1.55
-220703.700   231.618    -1.10    1.70
-220329.979   231.338    -0.75    1.65
-219956.199   231.171    -0.45    1.34
-219582.361   230.905    -0.71    1.16
-219208.463   230.534    -0.99    1.29
-218834.506   229.603    -2.49    1.53
-218460.490   228.658    -2.53    1.69
-218086.414   227.973    -1.83    1.68
-217712.280   227.600    -1.00    1.56
-217338.086   227.120    -1.28    1.55
-216963.833   226.795    -0.87    1.61
-216589.520   226.284    -1.36    1.57
-216215.148   225.643    -1.71    1.45
-215840.717   224.747    -2.39    1.69
-215466.226   223.657    -2.91    1.70
-215091.676   222.453    -3.21    1.73
-214717.067   221.214    -3.31    1.62
-214342.398   220.000    -3.24    1.80
-213967.669   218.789    -3.23    1.45
-213592.881   217.890    -2.40    1.34
-213218.033   217.178    -1.90    1.42
-212843.126   216.466    -1.90    1.54
-212468.159   215.392    -2.86    1.72
-212093.132   214.533    -2.29    1.61
-211718.046   213.838    -1.85    1.45
-211342.900   213.216    -1.66    1.30
-210967.694   212.773    -1.18    1.26
-210592.428   212.315    -1.22    1.49
-210217.103   211.364    -2.53    1.78
-209841.717   210.342    -2.72    1.67
-209466.272   210.066    -0.74    2.11
-209090.767   209.750    -0.84    2.83
-208715.202   210.040     0.77    3.52
-208339.577   209.931    -0.29    3.84
-207963.892   209.171    -2.02    4.01
-207588.147   208.274    -2.39    4.08
-207212.342   207.182    -2.91    3.69
-206836.477   205.890    -3.44    3.41
-206460.551   204.307    -4.21    2.46
-206084.566   203.054    -3.33    2.46
-205708.520   201.892    -3.09    2.14
-205332.415   200.747    -3.04    1.88
-204956.249   200.133    -1.63    1.39
-204580.022   200.573     1.17    2.83
-204203.736   202.274     4.52    4.72
-203827.389   204.432     5.73    4.83
-203450.982   205.681     3.32    4.28
-203074.514   204.267    -3.76    6.05
-202697.986   200.457   -10.12    8.29
-202321.397   193.800   -17.67   11.78
-201944.749   187.930   -15.58   10.00
-201568.039   184.315    -9.59    6.77
-201191.269   182.247    -5.49    4.92
-200814.439   182.216    -0.08    4.00
-200437.548   180.767    -3.84    2.99
-200060.596   179.297    -3.90    1.51
-199683.584   178.737    -1.49    1.57
-199306.511   177.973    -2.03    1.44
-198929.377   177.338    -1.68    1.43
-198552.182   176.616    -1.91    1.38
-198174.927   175.882    -1.95    1.11
-197797.611   175.222    -1.75    1.17
-197420.234   174.816    -1.08    1.10
-197042.797   174.284    -1.41    1.18
-196665.298   173.766    -1.37    1.09
-196287.739   173.527    -0.63    1.01
-195910.118   173.395    -0.35    0.91
-195532.437   173.147    -0.66    1.00
-195154.694   172.770    -1.00    1.39
-194776.891   172.237    -1.41    1.64
-194399.026   172.162    -0.20    1.67
-194021.101   172.147    -0.04    1.56
-193643.114   172.257     0.29    1.43
-193265.066   172.120    -0.36    1.44
-192886.957   171.757    -0.96    1.75
-192508.787   172.040     0.75    1.71
-192130.555   172.260     0.58    1.60
-191752.263   172.466     0.54    1.27
-191373.908   172.082    -1.01    1.05
-190995.493   171.595    -1.29    1.22
-190617.016   170.827    -2.03    1.35
-190238.478   170.467    -0.95    1.44
-189859.878   170.078    -1.03    1.23
-189481.217   169.712    -0.97    0.99
-189102.495   169.520    -0.51    1.02
-188723.711   169.347    -0.46    1.79
-188344.865   170.079     1.93    2.68
-187965.958   170.438     0.95    3.09
-187586.989   169.684    -1.99    4.08
-187207.958   167.986    -4.48    4.49
-186828.866   167.800    -0.49    4.49
-186449.713   168.053     0.67    4.68
-186070.497   169.446     3.67    4.36
-185691.220   167.805    -4.33    6.37
-185311.880   164.096    -9.78    6.63
-184932.480   159.347   -12.52    5.80
-184553.017   155.897    -9.09    2.71
-184184.009   155.280    -1.67    2.35
-183816.400   154.943    -0.92    2.04
-183448.734   154.867    -0.21    1.77
-183081.011   154.700    -0.45    1.82
-182713.230   155.133     1.18    1.49
-182345.390   155.357     0.61    1.53
-181977.494   155.840     1.31    1.33
-181609.539   156.348     1.38    1.11
-181241.527   156.533     0.50    1.03
-180873.457   156.775     0.66    1.14
-180505.328   157.093     0.87    1.09
-180137.142   157.507     1.12    1.03
-179768.899   157.805     0.81    0.99
-179400.597   157.986     0.49    0.98
-179032.237   158.203     0.59    0.94
-178663.819   158.365     0.44    0.96
-178295.343   158.295    -0.19    0.99
-177926.809   158.274    -0.06    0.99
-177558.217   158.263    -0.03    0.90
-177189.567   158.342     0.22    0.95
-176820.859   158.613     0.73    0.90
-176452.092   158.877     0.71    0.93
-176083.268   159.040     0.44    0.81
-175714.385   159.164     0.34    0.83
-175345.444   159.270     0.29    0.82
-174976.444   159.549     0.76    0.81
-174607.386   159.811     0.71    0.84
-174238.270   159.877     0.18    0.88
-173869.096   159.893     0.05    0.92
-173499.863   159.753    -0.38    1.06
-173130.572   159.613    -0.38    1.13
-172761.222   159.644     0.08    1.23
-172391.814   160.079     1.18    1.47
-172022.347   160.466     1.05    1.98
-171652.822   161.833     3.70    3.22
-171283.238   163.027     3.23    3.17
-170913.595   163.392     0.99    2.98
-170543.894   161.274    -5.73    6.15
-170174.135   156.382   -13.23    8.73
-169804.316   155.528    -2.31    9.75
-169434.439   156.013     1.31    9.88
-169064.503   158.466     6.63    8.75
-168694.509   161.493     8.18    4.61
-168324.455   159.614    -5.08    3.47
-167954.343   158.053    -4.22    2.58
-167584.172   157.600    -1.22    2.32
-167213.942   157.987     1.04    3.50
-166843.653   157.071    -2.47    4.30
-166473.305   155.763    -3.53    4.72
-166102.898   153.786    -5.34    4.09
-165732.433   151.974    -4.89    0.63
-165361.908   151.535    -1.18    0.69
-164991.324   150.987    -1.48    0.84
-164620.681   150.403    -1.58    0.88
-164249.979   149.654    -2.02    1.38
-163879.218   148.347    -3.52    2.58
-163508.397   146.532    -4.90    4.16
-163137.518   145.667    -2.33    4.35
-162766.579   146.171     1.36    4.57
-162395.581   147.127     2.58    4.73
-162024.523   148.747     4.37    3.89
-161653.407   150.889     5.77    2.11
-161282.231   152.347     3.93    2.25
-160910.995   153.634     3.47    2.10
-160539.701   154.107     1.27    2.03
-160168.346   153.726    -1.02    2.15
-159796.933   152.500    -3.30    2.66
-159425.459   150.581    -5.16    2.70
-159053.927   149.395    -3.19    2.17
-158682.335   148.680    -1.92    1.42
-158310.683   148.857     0.48    1.40
-157938.971   149.787     2.50    1.53
-157567.200   150.714     2.49    1.55
-157195.370   151.946     3.31    1.60
-156823.479   152.974     2.76    1.56
-156451.529   153.959     2.65    1.35
-156079.519   154.750     2.12    1.14
-155707.450   155.373     1.68    1.14
-155335.320   155.880     1.36    1.19
-154963.131   156.461     1.56    1.31
-154590.882   156.909     1.20    1.24
-154218.573   157.243     0.90    1.12
-153846.204   157.432     0.51    1.16
-153473.775   157.500     0.18    1.05
-153101.286   157.671     0.46    0.97
-152728.737   157.933     0.70    0.96
-152356.128   158.347     1.11    1.01
-151983.459   158.870     1.40    1.04
-151610.729   159.479     1.63    1.07
-151237.940   160.000     1.40    1.10
-150865.091   160.541     1.45    1.05
-150492.181   161.113     1.53    1.13
-150119.211   161.736     1.67    1.31
-149746.181   162.299     1.51    1.29
-149373.091   162.528     0.61    1.31
-148999.940   162.816     0.77    1.24
-148626.729   162.792    -0.06    1.30
-148253.457   162.947     0.42    1.21
-147880.125   163.211     0.71    1.30
-147506.733   163.440     0.61    1.28
-147133.280   163.716     0.74    1.29
-146759.767   163.960     0.65    1.32
-146386.193   164.230     0.72    1.41
-146012.559   164.468     0.64    1.36
-145638.864   164.750     0.76    1.27
-145265.109   165.053     0.81    1.19
-144891.293   165.680     1.68    1.38
-144517.416   166.824     3.06    2.26
-144143.478   168.267     3.86    3.09
-143769.480   169.853     4.24    3.72
-143395.421   172.289     6.51    4.61
-143021.301   175.434     8.40    5.88
-142647.121   179.618    11.18    6.67
-142272.879   183.757    11.06    6.76
-141898.577   188.720    13.26    6.94
-141524.214   193.662    13.20    7.65
-141149.789   198.160    12.01    7.83
-140775.304   202.614    11.89    8.38
-140400.758   206.895    11.43    8.42
-140026.151   211.753    12.97    9.36
-139651.483   216.105    11.61   10.17
-139276.753   223.792    20.51   12.80
-138901.963   233.418    25.68   17.98
-138527.111   247.162    36.66   24.91
-138152.198   265.872    49.90   33.13
-137777.224   288.093    59.25   37.42
-137402.189   311.818    63.25   38.30
-137027.092   336.566    65.97   39.82
-136651.935   361.526    66.53   41.98
-136276.715   387.558    69.37   47.09
-135901.435   409.934    59.62   47.99
-135526.093   437.149    72.50   45.90
-135150.689   461.493    64.84   47.34
-134775.225   489.065    73.42   44.48
-134399.698   514.120    66.71   43.21
-134024.110   537.039    61.02   38.01
-133648.461   559.236    59.08   34.41
-133272.750   572.544    35.42   37.86
-132896.977   588.722    43.05   43.12
-132521.143   610.316    57.45   48.32
-132145.247   630.319    53.21   46.50
-131769.290   653.346    61.24   39.02
-131393.270   670.760    46.31   32.04
-131017.189   675.487    12.57   28.36
-130641.046   666.653   -23.48   35.39
-130264.841   648.400   -48.51   44.88
-129888.575   616.908   -83.69   47.11
-129512.246   586.312   -81.29   48.29
-129135.856   546.329  -106.21   50.24
-128759.404   511.213   -93.27   49.17
-128382.889   469.218  -111.52   50.74
-128006.313   426.027  -114.68   48.98
-127629.674   377.513  -128.80   55.48
-127252.974   331.722  -121.54   47.68
-126876.211   294.438   -98.95   45.22
-126499.387   263.556   -81.94   36.39
-126122.500   241.329   -58.97   30.77
-125745.551   221.932   -51.45   20.22
-125368.539   209.827   -32.11   13.94
-124991.466   198.667   -29.59    9.21
-124614.330   191.560   -18.84    7.18
-124237.132   185.234   -16.77    5.60
-123859.871   180.818   -11.70    4.99
-123482.548   175.494   -14.11    5.55
-123105.163   170.276   -13.82    6.76
-122727.715   164.295   -15.85    6.85
-122350.205   159.338   -13.13    5.46
-121972.632   155.575    -9.96    4.13
-121594.996   153.014    -6.78    2.60
-121217.298   152.130    -2.34    2.17
-120839.538   152.027    -0.27    2.39
-120461.715   152.733     1.87    2.91
-120083.829   153.973     3.28    3.16
-119705.880   154.932     2.54    2.99
-119327.869   155.649     1.90    3.05
-118949.795   156.039     1.03    3.27
-118571.658   156.461     1.11    3.68
-118193.458   156.539     0.21    3.92
-117815.196   156.987     1.18    4.06
-117436.870   157.432     1.18    3.89
-117058.482   158.062     1.66    3.84
-116680.030   158.736     1.78    3.60
-116301.516   159.351     1.62    3.70
-115922.939   160.110     2.00    3.89
-115544.298   160.776     1.76    4.09
-115165.595   161.480     1.86    4.33
-114786.828   161.645     0.43    4.36
-114407.998   161.727     0.22    4.28
-114029.105   161.494    -0.62    4.04
-113650.149   161.250    -0.64    3.48
-113271.130   161.027    -0.59    2.82
-112892.047   160.910    -0.31    2.46
-112512.901   160.736    -0.46    2.67
-112133.692   160.513    -0.59    3.03
-111754.419   160.097    -1.10    3.13
-111375.083   159.628    -1.24    2.93
-110995.684   159.027    -1.59    2.91
-110616.221   157.763    -3.33    3.03
-110236.694   155.816    -5.13    3.65
-109857.104   153.182    -6.94    4.04
-109485.178   150.065    -8.38    3.95
-109117.752   147.468    -7.07    3.50
-108750.268   144.584    -7.84    2.73
-108382.724   142.610    -5.37    2.59
-108015.121   140.667    -5.29    2.04
-107647.459   139.487    -3.21    1.66
-107279.737   138.547    -2.56    1.12
-106911.957   138.053    -1.34    0.46
-106544.117   137.974    -0.21    0.46
-106176.218   137.961    -0.03    0.70
-105808.259   137.973     0.03    0.96
-105440.241   137.960    -0.04    0.99
-105072.164   137.867    -0.25    0.72
-104704.028   137.763    -0.28    0.54
-104335.832   138.147     1.04    0.82
-103967.576   138.705     1.52    1.11
-103599.261   139.293     1.60    1.33
-103230.887   139.709     1.13    1.43
-102862.453   139.838     0.35    1.79
-102493.959   139.620    -0.59    2.14
-102125.406   139.081    -1.46    2.24
-101756.793   138.558    -1.42    2.32
-101388.121   138.293    -0.72    2.52
-101019.388   138.026    -0.72    2.32
-100650.596   138.178     0.41    2.49
-100281.745   138.526     0.94    2.82
 -99912.833   138.813     0.78    3.10
 -99543.862   138.792    -0.06    3.13
 -99174.831   138.613    -0.48    3.09
 -98805.740   138.425    -0.51    2.84
 -98436.589   138.446     0.06    2.42
 -98067.378   138.646     0.54    2.14
 -97698.107   139.137     1.33    1.84
 -97328.776   139.724     1.59    1.84
 -96959.386   140.243     1.41    1.98
 -96589.935   140.408     0.45    1.98
 -96220.424   140.718     0.84    1.76
 -95850.853   140.961     0.66    1.39
 -95481.221   141.562     1.63    1.11
 -95111.530   142.481     2.49    1.29
 -94741.778   143.431     2.57    1.20
 -94371.967   144.500     2.89    1.25
 -94002.094   145.472     2.63    1.16
 -93632.162   146.308     2.26    1.00
 -93262.169   146.736     1.16    0.75
 -92892.116   146.803     0.18    0.75
 -92522.003   146.784    -0.05    0.88
 -92151.829   146.740    -0.12    0.91
 -91781.595   146.608    -0.36    0.82
 -91411.300   146.329    -0.75    0.91
 -91040.945   145.795    -1.44    1.00
 -90670.529   145.506    -0.78    1.05
 -90300.052   145.270    -0.64    1.06
 -89929.516   145.125    -0.39    1.19
 -89558.918   144.960    -0.45    1.29
 -89188.260   144.718    -0.65    1.34
 -88817.541   144.533    -0.50    1.26
 -88446.761   144.579     0.12    1.06
 -88075.921   144.419    -0.43    1.06
 -87705.020   144.213    -0.55    1.12
 -87334.058   143.760    -1.22    1.30
 -86963.035   143.346    -1.12    1.40
 -86591.951   142.986    -0.97    1.49
 -86220.807   142.797    -0.51    1.59
 -85849.601   142.811     0.04    1.81
 -85478.335   142.835     0.07    1.88
 -85107.008   142.920     0.23    1.57
 -84735.619   142.782    -0.37    1.08
 -84364.170   142.091    -1.86    0.99
 -83992.659   141.453    -1.72    1.02
 -83621.088   140.618    -2.25    0.98
 -83249.455   139.779    -2.26    1.13
 -82877.761   138.776    -2.70    1.34
 -82506.006   137.962    -2.19    1.38
 -82134.189   137.107    -2.30    1.02
 -81762.312   136.859    -0.67    0.86
 -81390.373   137.080     0.59    0.61
 -81018.373   137.234     0.41    0.69
 -80646.311   137.385     0.41    0.83
 -80274.188   137.416     0.08    0.94
 -79902.004   136.886    -1.42    1.42
 -79529.758   135.948    -2.52    1.94
 -79157.450   134.286    -4.46    2.36
 -78785.082   132.632    -4.44    2.39
 -78412.651   130.870    -4.73    2.44
 -78040.159   129.750    -3.01    2.20
 -77667.606   128.468    -3.44    2.00
 -77294.991   127.618    -2.28    1.93
 -76922.314   126.256    -3.65    2.17
 -76549.575   124.701    -4.17    2.48
 -76176.775   122.373    -6.24    2.80
 -75803.913   120.325    -5.49    2.66
 -75430.989   118.145    -5.85    2.18
 -75058.004   116.635    -4.05    1.62
 -74684.956   115.392    -3.33    1.34
 -74311.847   114.194    -3.21    1.31
 -73938.676   113.050    -3.07    1.65
 -73565.442   111.671    -3.69    1.81
 -73192.147   110.038    -4.37    2.09
 -72818.790   108.425    -4.32    1.91
 -72445.371   106.623    -4.82    2.08
 -72071.890   104.681    -5.20    2.32
 -71698.346   102.789    -5.06    2.59
 -71324.741   101.014    -4.75    2.48
 -70951.073    99.354    -4.44    3.06
 -70577.343    98.053    -3.48    3.99
 -70203.551    97.525    -1.41    6.02
 -69829.697    97.173    -0.94    8.77
 -69455.780    97.667     1.32   11.56
 -69081.801    97.805     0.37   13.65
 -68707.760    96.066    -4.65   14.20
 -68333.656    93.195    -7.67   13.11
 -67959.490    89.551    -9.74    9.41
 -67585.262    85.846    -9.90    4.66
 -67210.971    84.107    -4.65    2.53
 -66836.617    82.481    -4.34    2.12
 -66462.201    80.921    -4.16    2.10
 -66087.723    79.359    -4.17    1.53
 -65713.182    78.467    -2.38    0.84
 -65338.578    78.065    -1.07    0.25
 -64963.911    78.000    -0.17    0.00
 -64589.182    78.000     0.00    0.00
 -64214.390    78.000     0.00    0.00
 -63839.535    78.000     0.00    0.00
 -63464.618    78.000     0.00    0.00
 -63089.638    78.000     0.00    0.00
 -62714.594    78.000     0.00    0.00
 -62339.488    78.000     0.00    0.00
 -61964.319    78.000     0.00    0.00
 -61589.087    78.000     0.00    0.00
 -61213.792    78.000     0.00    0.00
 -60838.435    78.000     0.00    0.00
 -60463.014    78.000     0.00    0.00
 -60087.529    78.000     0.00    0.00
 -59711.982    78.000     0.00    0.00
 -59336.372    78.000     0.00    0.00
 -58960.698    78.000     0.00    0.00
 -58584.962    78.000     0.00    0.00
 -58209.162    78.000     0.00    0.00
 -57833.298    78.000     0.00    0.00
 -57457.372    78.000     0.00    0.00
 -57081.382    78.000     0.00    0.00
 -56705.329    78.000     0.00    0.00
 -56329.212    78.000     0.00    0.00
 -55953.032    78.000     0.00    0.00
 -55576.788    78.000     0.00    0.00
 -55200.481    78.000     0.00    0.00
 -54824.111    78.000     0.00    0.00
 -54447.677    79.395     3.70    2.74
 -54071.179    82.195     7.44    4.54
 -53694.617    85.234     8.07    5.09
 -53317.992    89.160    10.42    4.11
 -52941.304    92.051     7.68    3.62
 -52564.551    94.934     7.65    3.11
 -52187.735    96.961     5.38    2.59
 -51810.855    98.922     5.20    2.16
 -51433.911   100.338     3.76    2.04
 -51056.903   101.779     3.82    2.04
 -50679.831   103.013     3.27    2.13
 -50302.696   104.538     4.04    2.12
 -49925.496   105.743     3.19    1.87
 -49548.233   106.950     3.20    1.69
 -49170.905   108.069     2.97    1.42
 -48793.514   108.725     1.74    1.03
 -48416.058   109.216     1.30    0.63
 -48038.538   109.615     1.06    0.61
 -47660.954   110.052     1.16    0.92
 -47283.306   110.782     1.93    1.06
 -46905.594   111.654     2.31    1.09
 -46527.817   112.538     2.34    1.07
 -46149.976   113.494     2.53    1.00
 -45772.071   114.289     2.11    0.96
 -45394.101   115.203     2.42    0.93
 -45016.067   115.893     1.83    0.86
 -44637.969   116.436     1.43    0.68
 -44259.806   116.795     0.95    0.50
 -43881.579   116.948     0.41    0.63
 -43503.287   117.123     0.46    0.85
 -43124.930   117.397     0.72    0.97
 -42746.509   117.693     0.78    0.94
 -42368.024   117.788     0.25    0.81
 -41989.473   117.408    -1.00    1.05
 -41610.858   116.416    -2.62    1.72
 -41232.179   114.654    -4.65    2.45
 -40853.434   112.899    -4.63    2.64
 -40474.625   111.101    -4.74    2.44
 -40095.751   109.519    -4.17    2.35
 -39716.812   108.128    -3.67    2.18
 -39337.808   106.919    -3.19    1.82
 -38958.739   106.037    -2.33    1.70
 -38579.606   105.219    -2.16    1.87
 -38200.407   104.244    -2.57    4.32
 -37821.143   102.787    -3.84    6.79
 -37441.814   100.987    -4.74    8.47
 -37062.421    98.872    -5.58    9.71
 -36682.962    95.910    -7.80   10.22
 -36303.437    91.727   -11.02   10.36
 -35923.848    87.948    -9.96    9.44
 -35544.193    82.312   -14.84    6.80
 -35164.474    78.311   -10.54    4.77
 -34789.354    75.090    -8.59    3.74
 -34422.116    73.026    -5.62    2.83
 -34054.818    71.481    -4.21    2.57
 -33687.458    70.792    -1.87    2.28
 -33320.038    70.103    -1.88    1.98
 -32952.558    69.553    -1.50    1.72
 -32585.017    68.838    -1.95    1.63
 -32217.415    68.697    -0.38    1.88
 -31849.752    68.195    -1.37    2.11
 -31482.029    67.590    -1.65    2.67
 -31114.245    67.139    -1.22    2.82
 -30746.400    66.700    -1.19    3.17
 -30378.494    66.526    -0.47    3.07
 -30010.527    66.052    -1.29    3.17
 -29642.499    64.276    -4.82    4.19
 -29274.411    61.500    -7.54    5.45
 -28906.261    57.052   -12.08    6.75
 -28538.050    52.649   -11.96    7.14
 -28169.779    47.962   -12.73    6.57
 -27801.446    44.127   -10.41    5.93
 -27433.052    40.615    -9.53    4.77
 -27064.597    38.025    -7.03    4.18
 -26696.081    35.105    -7.92    3.15
 -26327.503    33.425    -4.56    2.71
 -25958.865    31.693    -4.70    2.33
 -25590.165    30.410    -3.48    2.34
 -25221.404    29.051    -3.69    2.03
 -24852.581    28.013    -2.82    1.90
 -24483.697    26.658    -3.67    1.53
 -24114.752    25.658    -2.71    1.53
 -23745.745    24.653    -2.72    1.29
 -23376.677    23.825    -2.24    1.30
 -23007.548    23.132    -1.88    1.31
 -22638.357    22.696    -1.18    1.40
 -22269.104    22.307    -1.05    1.38
 -21899.790    22.156    -0.41    1.29
 -21530.414    21.904    -0.68    1.13
 -21160.976    21.637    -0.72    0.96
 -20791.477    21.205    -1.17    0.91
 -20421.917    20.700    -1.37    0.95
 -20052.294    20.135    -1.53    1.01
 -19682.610    19.506    -1.70    1.08
 -19312.864    18.892    -1.66    1.12
 -18943.056    18.416    -1.29    1.10
 -18573.186    17.959    -1.23    1.09
 -18203.254    17.688    -0.74    1.01
 -17833.261    17.446    -0.65    0.89
 -17463.205    17.000    -1.21    0.88
 -17093.088    16.514    -1.31    0.86
 -16722.908    15.825    -1.86    0.96
 -16352.667    14.960    -2.34    1.06
 -15982.363    14.104    -2.31    1.11
 -15611.997    13.176    -2.51    0.97
 -15241.570    12.363    -2.20    0.98
 -14871.080    11.589    -2.09    0.85
 -14500.527    10.912    -1.83    0.93
 -14129.913    10.122    -2.13    0.98
 -13759.236     9.363    -2.05    0.98
 -13388.497     8.622    -2.00    0.92
 -13017.696     7.922    -1.89    0.85
 -12646.832     7.284    -1.72    0.71
 -12275.906     7.012    -0.73    0.49
 -11904.918     6.181    -2.24    1.95
 -11533.867     4.550    -4.39    3.21
 -11162.753     3.230    -3.56    3.41
 -10791.577     2.740    -1.32    3.35
 -10420.339     2.824     0.23    3.69
 -10049.038     4.671     4.97    4.07
  -9677.674     6.243     4.23    3.54
  -9306.248     7.525     3.45    2.50
  -8934.759     8.452     2.50    0.99
  -8563.207     8.887     1.17    1.27
  -8191.592     9.527     1.72    1.31
  -7819.915    10.299     2.08    1.21
  -7448.175    10.720     1.13    1.11
  -7076.372    10.924     0.55    0.71
  -6704.506    10.760    -0.44    0.79
  -6332.578    10.363    -1.07    0.83
  -5960.586     9.880    -1.30    0.72
  -5588.532     9.392    -1.31    0.88
  -5216.414     8.831    -1.51    1.07
  -4844.233     8.156    -1.81    1.30
  -4471.990     7.312    -2.27    1.15
  -4099.683     6.696    -1.65    0.90
  -3727.313     6.253    -1.19    0.44
  -3354.880     6.200    -0.14    0.40
  -2982.384     6.184    -0.04    0.45
  -2609.824     5.911    -0.73    1.16
  -2237.202     4.987    -2.48    2.35
  -1864.516     3.885    -2.96    3.00
  -1491.766     2.564    -3.54    3.07
  -1118.954     1.456    -2.97    2.63
   -746.078     0.316    -3.06    1.31
   -373.138     0.000    -0.85    0.00
     -0.135     0.000     0.00    0.00
    372.931     0.000     0.00    0.00
    746.061     0.000     0.00    0.00
   1119.255     0.000     0.00    0.00
   1492.512     0.000     0.00    0.00
   1865.833     0.000     0.00    0.00
   2239.217     0.000     0.00    0.00
   2612.665     0.000     0.00    0.00
   2986.177     0.000     0.00    0.00
   3359.752     0.000     0.00    0.00
   3733.391     0.872     2.33    2.13
   4107.095     2.091     3.26    2.93
   4480.862     3.225     3.03    2.90
   4854.692     3.844     1.66    2.55
   5228.587     4.076     0.62    2.31
   5602.546     3.872    -0.55    2.28
   5976.568     3.143    -1.95    2.52
   6350.655     2.693    -1.20    2.39
   6724.806     2.222    -1.26    2.23
   7099.021     1.703    -1.39    2.02
   7473.300     1.938     0.63    2.11
   7847.643     2.554     1.64    2.00
   8222.050     3.420     2.31    1.86
   8596.521     4.107     1.83    1.49
   8971.057     4.637     1.42    1.44
   9345.657     5.000     0.97    1.24
   9720.321     5.338     0.90    1.35
  10095.050     5.303    -0.09    1.65
  10469.843     5.262    -0.11    1.68
  10844.700     4.936    -0.87    1.57
  11219.622     4.200    -1.96    1.50
  11594.609     3.397    -2.14    1.61
  11969.660     2.316    -2.88    1.34
  12344.775     1.377    -2.51    0.89
  12719.955     0.821    -1.48    0.64
  13095.200     0.468    -0.94    0.57
  13470.509     0.350    -0.32    0.62
  13845.883     0.395     0.12    0.65
  14221.321     0.354    -0.11    0.79
  14596.825     0.266    -0.24    0.86
  14972.393     0.218    -0.13    0.85
  15348.026     0.213    -0.01    0.79
  15723.724     0.197    -0.04    0.67
  16099.486     0.215     0.05    0.59
  16475.314     0.351     0.36    0.58
  16851.207     0.575     0.60    0.52
  17227.164     0.892     0.84    0.59
  17603.187     1.247     0.94    0.62
  17979.274     1.622     1.00    0.59
  18355.427     2.049     1.14    0.67
  18731.645     2.442     1.04    0.57
  19107.928     2.835     1.05    0.71
  19484.276     3.231     1.05    0.79
  19860.690     3.430     0.53    0.92
  20237.168     3.731     0.80    0.95
  20613.712     4.139     1.08    1.05
  20990.322     4.823     1.82    1.20
  21366.996     5.625     2.13    1.43
  21743.736     6.838     3.22    1.59
  22120.542     8.205     3.63    1.76
  22497.413     9.963     4.66    1.93
  22874.349    11.474     4.01    1.95
  23251.351    13.412     5.14    2.04
  23628.419    15.053     4.35    1.71
  24005.552    16.364     3.47    1.32
  24382.751    17.132     2.04    0.64
  24760.015    17.213     0.21    0.54
  25137.345    16.932    -0.74    0.78
  25514.741    16.625    -0.81    0.86
  25892.203    16.447    -0.47    1.00
  26269.730    16.620     0.46    1.25
  26647.323    16.899     0.74    1.23
  27024.983    17.038     0.37    1.09
  27402.708    17.128     0.24    1.05
  27780.499    17.171     0.11    0.84
  28158.356    17.346     0.46    0.74
  28536.279    17.570     0.59    0.75
  28914.268    17.912     0.91    0.77
  29292.323    18.241     0.87    0.80
  29670.444    18.650     1.08    0.87
  30048.632    19.107     1.21    0.78
  30426.885    19.444     0.89    0.91
  30805.205    19.838     1.04    0.86
  31183.591    20.275     1.16    0.94
  31562.044    20.714     1.16    0.87
  31940.563    21.200     1.28    0.85
  32319.148    21.782     1.54    0.88
  32697.799    22.312     1.40    0.92
  33076.517    23.038     1.92    0.92
  33455.301    23.662     1.65    0.94
  33834.152    24.395     1.93    0.93
  34213.070    25.089     1.83    0.96
  34592.054    25.899     2.14    1.02
  34971.105    26.632     1.93    0.98
  35350.222    27.500     2.29    1.02
  35729.406    28.365     2.28    0.97
  36108.656    29.160     2.10    1.08
  36487.974    30.000     2.21    0.85
  36867.358    30.707     1.86    0.92
  37246.809    31.545     2.21    0.97
  37626.327    32.363     2.15    1.00
  38005.912    33.329     2.55    0.94
  38385.564    34.075     1.96    0.94
  38765.282    34.926     2.24    0.96
  39145.068    35.772     2.23    1.02
  39524.921    36.750     2.57    1.10
  39903.505    37.579     2.19    0.97
  40270.550    38.463     2.41    1.05
  40637.657    39.218     2.06    1.08
  41004.826    40.012     2.16    1.17
  41372.057    40.949     2.55    1.16
  41739.351    41.936     2.69    1.23
  42106.707    42.844     2.47    1.25
  42474.124    44.064     3.32    1.31
  42841.605    45.062     2.71    1.38
  43209.147    46.235     3.19    1.27
  43576.752    47.262     2.80    1.25
  43944.419    48.333     2.91    1.18
  44312.148    49.137     2.19    1.12
  44679.940    50.013     2.38    0.86
  45047.795    50.637     1.70    0.77
  45415.712    51.329     1.88    0.81
  45783.691    51.889     1.52    0.92
  46151.733    52.461     1.55    1.05
  46519.837    53.000     1.47    1.11
  46888.004    53.390     1.06    1.15
  47256.234    53.683     0.80    1.08
  47624.526    54.026     0.93    1.04
  47992.881    54.287     0.71    1.20
  48361.299    54.595     0.83    1.39
  48729.780    54.775     0.49    1.45
  49098.323    54.947     0.47    1.40
  49466.929    55.111     0.44    1.15
  49835.599    55.184     0.20    0.90
  50204.331    55.262     0.21    0.69
  50573.125    55.267     0.01    0.79
  50941.983    55.525     0.70    0.93
  51310.904    55.844     0.87    0.95
  51679.888    56.185     0.92    0.87
  52048.935    56.462     0.75    0.92
  52418.045    56.481     0.05    0.90
  52787.218    56.436    -0.12    0.86
  53156.455    56.262    -0.47    0.82
  53525.754    55.909    -0.96    0.88
  53895.117    55.185    -1.96    1.26
  54264.543    54.544    -1.73    1.26
  54634.032    53.889    -1.77    1.08
  55003.585    53.418    -1.28    0.69
  55373.201    53.363    -0.15    0.48
  55742.880    53.628     0.72    0.67
  56112.623    54.200     1.55    0.86
  56482.429    54.850     1.76    0.83
  56852.299    55.531     1.84    0.91
  57222.232    56.175     1.74    0.84
  57592.229    56.823     1.75    0.71
  57962.289    57.346     1.41    0.74
  58332.413    57.877     1.43    0.80
  58702.601    58.383     1.37    0.87
  59072.852    58.926     1.47    0.91
  59443.168    59.469     1.47    0.94
  59813.546    60.167     1.88    0.97
  60183.989    60.772     1.63    0.95
  60554.495    61.494     1.95    0.90
  60925.066    62.062     1.53    0.86
  61295.700    62.728     1.80    0.91
  61666.398    63.358     1.70    0.80
  62037.160    64.065     1.91    0.77
  62407.986    64.603     1.45    0.74
  62778.876    65.247     1.74    0.81
  63149.830    65.864     1.66    0.79
  63520.848    66.506     1.73    0.90
  63891.930    67.076     1.54    0.92
  64263.077    67.805     1.96    0.97
  64634.287    68.385     1.56    1.06
  65005.562    69.173     2.12    1.21
  65376.901    69.827     1.76    1.29
  65748.305    70.588     2.05    1.29
  66119.772    71.500     2.46    1.76
  66491.304    73.218     4.62    2.46
  66862.901    75.025     4.86    2.89
  67234.562    77.395     6.38    2.63
  67606.287    79.309     5.15    2.42
  67978.077    81.259     5.25    2.21
  68349.931    82.911     4.44    2.10
  68721.850    84.692     4.79    1.76
  69093.833    86.012     3.55    1.39
  69465.881    87.173     3.12    1.26
  69837.994    88.642     3.95    2.05
  70210.171    90.407     4.74    2.61
  70582.413    92.090     4.52    2.69
  70954.720    94.329     6.02    2.32
  71327.092    96.000     4.49    2.27
  71699.528    98.012     5.40    2.45
  72072.030   100.037     5.44    2.49
  72444.596   102.372     6.27    2.54
  72817.227   104.141     4.75    2.46
  73189.923   106.012     5.02    2.40
  73562.685   107.679     4.47    2.40
  73935.511   109.654     5.30    2.62
  74308.402   111.662     5.39    2.85
  74681.358   114.562     7.78    3.51
  75054.380   117.316     7.38    4.23
  75427.466   121.549    11.34    5.56
  75800.618   126.380    12.95    6.46
  76173.835   132.476    16.33    7.57
  76547.118   138.625    16.47    8.02
  76920.465   146.938    22.27    9.00
  77293.878   155.000    21.59   10.17
  77667.357   165.469    28.03   12.25
  78040.900   177.671    32.67   14.69
  78414.510   200.000    59.77   29.28
  78788.184   227.753    74.28   39.00
  79161.924   263.000    94.31   42.56
  79535.730   296.506    89.64   32.19
  79909.602   321.171    65.97   23.69
  80283.538   337.718    44.25   16.75
  80657.541   349.793    32.29   13.72
  81031.609   358.697    23.81   12.63
  81405.743   367.432    23.35   15.32
  81779.943   376.908    25.32   15.45
  82154.209   386.951    26.83   16.02
  82528.540   397.566    28.36   13.01
  82902.937   407.062    25.36   12.90
  83277.400   416.000    23.87   11.99
  83651.929   425.136    24.39   13.02
  84026.524   435.312    27.17   11.76
  84401.185   444.146    23.58   11.57
  84775.913   453.078    23.84    9.76
  85150.706   460.712    20.37   10.54
  85525.565   468.456    20.66   11.12
  85900.490   475.675    19.26   11.14
  86275.482   482.342    17.78    9.90
  86650.540   486.988    12.39    9.65
  87025.664   492.590    14.94    8.84
  87400.854   495.925     8.89    8.85
  87776.110   499.531     9.61    8.89
  88151.433   502.938     9.08    9.15
  88526.823   506.309     8.98    9.65
  88902.278   509.141     7.54    9.07
  89277.801   512.163     8.05    8.27
  89653.389   513.185     2.72    8.30
  90029.045   514.988     4.80    8.00
  90404.766   516.190     3.20    6.62
  90780.555   516.575     1.02    5.97
  91156.410   517.078     1.34    4.81
  91532.331   517.370     0.78    3.54
  91908.320   516.883    -1.30    3.08
  92284.375   516.086    -2.12    2.79
  92660.497   514.413    -4.45    3.13
  93036.686   511.500    -7.74    4.57
  93412.941   507.250   -11.30    5.34
  93789.264   501.864   -14.31    6.65
  94165.653   495.545   -16.79    7.05
  94542.109   488.390   -19.01    8.78
  94918.633   480.051   -22.15    9.24
  95295.223   471.519   -22.66   10.29
  95671.881   461.684   -26.11   10.46
  96048.605   452.241   -25.07   10.93
  96425.397   441.350   -28.91   11.51
  96802.256   431.600   -25.87   12.20
  97179.182   419.544   -31.99   11.99
  97556.175   409.476   -26.71   11.71
  97933.236   399.148   -27.39   11.10
  98310.363   390.099   -24.00   10.64
  98687.559   379.413   -28.33   10.85
  99064.821   369.938   -25.12   12.09
  99442.151   357.259   -33.60   14.08
  99819.549   345.101   -32.22   15.08
 100197.014   331.354   -36.42   13.59
 100574.546   320.640   -28.38    9.24
 100952.146   312.543   -21.44    8.79
 101329.814   304.132   -22.27    9.10
 101707.550   294.869   -24.52   11.04
 102085.353   285.462   -24.90   10.37
 102463.223   276.926   -22.59    9.28
 102841.162   268.883   -21.28    7.78
 103219.168   262.654   -16.48    7.76
 103597.242   256.253   -16.93    6.88
 103975.384   250.573   -15.02    6.94
 104353.594   244.812   -15.23    7.00
 104731.872   239.443   -14.20    6.50
 105110.218   234.457   -13.18    5.86
 105488.631   229.544   -12.98    6.18
 105867.113   223.386   -16.27    8.02
 106245.663   216.800   -17.40    8.79
 106624.281   209.425   -19.48    9.80
 107002.967   202.263   -18.91    9.27
 107381.722   195.060   -19.02   10.29
 107760.544   186.342   -23.02   11.11
 108139.435   178.695   -20.18   10.31
 108518.394   172.641   -15.98    6.82
 108897.422   169.037    -9.51    5.74
 109276.518   166.443    -6.84    5.69
 109655.682   163.646    -7.38    6.07
 110034.915   160.462    -8.40    5.59
 110414.216   158.127    -6.16    4.56
 110793.586   155.272    -7.53    2.30
 111173.024   153.812    -3.85    1.77
 111552.531   152.494    -3.47    1.71
 111932.107   151.212    -3.38    1.57
 112311.751   150.012    -3.16    1.58
 112691.464   148.961    -2.77    1.46
 113071.246   148.083    -2.31    1.48
 113451.096   147.169    -2.41    1.45
 113831.015   146.390    -2.05    1.59
 114211.004   145.474    -2.41    1.81
 114591.061   143.841    -4.30    2.21
 114960.192   142.000    -4.99    2.40
 115327.101   140.325    -4.56    2.31
 115694.074   138.610    -4.67    2.15
 116061.111   137.061    -4.22    2.34
 116428.211   135.579    -4.04    2.37
 116795.375   133.894    -4.59    2.74
 117162.603   132.237    -4.51    2.61
 117529.895   130.720    -4.13    2.64
 117897.250   129.105    -4.39    2.46
 118264.670   127.805    -3.54    2.81
 118632.153   126.911    -2.43    3.00
 118999.700   125.617    -3.52    3.21
 119367.311   124.316    -3.54    3.44
 119734.987   122.506    -4.92    3.53
 120102.726   121.000    -4.10    3.37
 120470.529   119.232    -4.81    3.13
 120838.397   117.741    -4.05    2.94
 121206.328   116.087    -4.49    2.89
 121574.324   114.951    -3.09    2.96
 121942.384   113.049    -5.17    3.17
 122310.508   111.439    -4.37    3.21
 122678.696   109.838    -4.35    2.93
 123046.949   108.925    -2.48    2.79
 123415.266   107.793    -3.07    2.74
 123783.648   106.446    -3.66    3.02
 124152.094   104.608    -4.99    3.62
 124520.604   102.914    -4.60    3.77
 124889.179   100.821    -5.68    3.24
 125257.818    99.232    -4.31    2.69
 125626.522    97.948    -3.48    2.02
 125995.290    97.049    -2.44    1.72
 126364.123    96.105    -2.56    1.11
 126733.021    95.427    -1.84    0.98
 127101.983    94.974    -1.23    0.89
 127471.011    94.576    -1.08    0.86
 127840.102    94.224    -0.96    0.76
 128209.259    93.852    -1.01    0.85
 128578.480    93.338    -1.39    0.82
 128947.767    92.795    -1.47    0.82
 129317.118    92.269    -1.42    0.73
 129686.534    91.805    -1.26    0.69
 130056.015    91.244    -1.52    0.84
 130425.561    90.580    -1.80    1.05
 130795.172    90.038    -1.47    0.99
 131164.848    89.590    -1.21    0.78
 131534.590    89.272    -0.86    0.76
 131904.396    89.062    -0.57    0.87
 132274.267    88.963    -0.27    0.87
 132644.204    88.683    -0.76    0.78
 133014.206    88.469    -0.58    0.82
 133384.273    88.000    -1.27    0.89
 133754.406    87.625    -1.01    0.77
 134124.604    87.085    -1.46    0.63
 134494.867    86.683    -1.09    0.56
 134865.195    86.378    -0.82    0.54
 135235.589    86.137    -0.65    0.57
 135606.049    86.232     0.25    0.73
 135976.574    86.519     0.77    0.88
 136347.165    87.061     1.46    1.11
 136717.821    87.854     2.14    1.19
 137088.543    88.679     2.23    1.23
 137459.330    89.610     2.51    1.24
 137830.183    90.704     2.95    1.15
 138201.102    91.512     2.18    1.18
 138572.087    92.296     2.11    0.84
 138943.137    92.723     1.15    0.57
 139314.253    93.025     0.81    0.16
 139685.435    93.085     0.16    0.32
 140056.683    93.235     0.40    0.62
 140427.997    93.741     1.36    1.26
 140799.377    95.247     4.06    2.72
 141170.823    97.446     5.92    4.03
 141542.335   100.407     7.97    4.74
 141913.912   102.790     6.41    4.83
 142285.557   105.500     7.29    4.19
 142657.267   107.711     5.95    2.86
 143029.043   109.438     4.64    1.61
 143400.886   110.296     2.31    1.43
 143772.795   111.284     2.66    1.42
 144144.770   112.155     2.34    1.44
 144516.811   113.165     2.71    1.44
 144888.919   114.084     2.47    1.54
 145261.093   115.049     2.59    1.46
 145633.334   115.915     2.32    1.34
 146005.641   116.734     2.20    1.27
 146378.014   117.494     2.04    1.27
 146750.454   118.171     1.82    0.99
 147122.961   118.605     1.17    0.63
 147495.534   118.914     0.83    0.32
 147868.174   119.289     1.01    0.48
 148240.881   119.741     1.21    0.75
 148613.654   120.383     1.72    0.99
 148986.494   121.305     2.47    1.09
 149359.401   122.048     1.99    1.06
 149732.375   122.716     1.79    0.98
 150105.415   123.210     1.32    0.80
 150478.523   123.444     0.63    0.65
 150851.697   123.663     0.58    0.99
 151224.938   124.012     0.94    1.34
 151598.247   124.226     0.57    1.33
 151971.622   124.366     0.37    1.25
 152345.064   124.060    -0.82    0.99
 152718.574   123.556    -1.35    0.96
 153092.151   122.939    -1.65    1.49
 153465.794   122.183    -2.02    1.65
 153839.505   121.244    -2.51    1.64
 154213.284   120.256    -2.64    1.36
 154587.129   119.439    -2.19    1.16
 154961.042   118.695    -1.99    0.93
 155335.023   118.537    -0.42    1.44
 155709.070   119.159     1.66    2.28
 156083.185   120.062     2.41    2.57
 156457.368   120.561     1.33    2.26
 156831.618   120.732     0.46    1.72
 157205.936   120.548    -0.49    1.42
 157580.321   119.988    -1.50    1.19
 157954.774   119.446    -1.45    0.93
 158329.294   119.198    -0.66    0.70
 158703.883   119.049    -0.40    0.38
 159078.539   119.200     0.40    0.49
 159453.262   119.524     0.86    0.50
 159828.054   119.778     0.68    0.42
 160202.913   119.840     0.16    0.37
 160577.840   119.630    -0.56    0.49
 160952.835   119.471    -0.42    0.50
 161327.899   119.337    -0.35    0.48
 161703.030   119.183    -0.41    0.50
 162078.229   119.127    -0.15    0.56
 162453.496   119.226     0.27    0.63
 162828.831   119.377     0.40    0.74
 163204.235   119.699     0.86    0.87
 163579.706   120.038     0.90    0.67
 163955.246   119.871    -0.45    0.80
 164330.854   119.603    -0.71    0.87
 164706.530   119.683     0.21    0.90
 165082.275   120.013     0.88    0.95
 165458.088   120.488     1.26    0.74
 165833.969   120.859     0.99    0.35
 166209.919   120.902     0.12    0.30
 166585.937   120.785    -0.31    0.41
 166962.024   120.434    -0.93    0.75
 167338.179   120.076    -0.95    0.78
 167714.403   119.714    -0.96    0.70
 168090.696   119.494    -0.59    0.50
 168467.057   119.560     0.17    0.50
 168843.487   119.732     0.46    0.55
 169219.986   120.012     0.75    0.60
 169596.553   120.232     0.58    0.57
 169973.189   120.325     0.25    0.57
 170349.894   120.476     0.40    0.59
 170726.668   120.654     0.47    0.65
 171103.511   121.220     1.50    0.90
 171480.423   121.720     1.33    0.89
 171857.404   122.417     1.85    0.93
 172234.454   122.802     1.02    0.90
 172611.572   123.210     1.08    0.98
 172988.761   123.663     1.20    0.93
 173366.018   124.176     1.36    1.00
 173743.344   124.910     1.94    0.97
 174120.740   125.378     1.24    0.86
 174498.205   125.808     1.14    0.49
 174875.739   126.229     1.12    0.67
 175253.342   126.405     0.47    0.63
 175631.015   126.143    -0.69    0.93
 176008.757   125.532    -1.62    1.36
 176386.569   124.904    -1.66    1.27
 176764.450   124.152    -1.99    1.19
 177142.401   124.107    -0.12    1.36
 177520.422   124.774     1.76    1.86
 177898.512   125.711     2.48    2.06
 178276.671   126.988     3.38    0.89
 178654.900   127.305     0.84    0.68
 179033.199   127.354     0.13    0.57
 179411.568   127.366     0.03    0.53
 179790.007   127.318    -0.13    0.49
 180168.515   127.148    -0.45    0.36
 180547.093   127.098    -0.13    0.30
 180925.742   127.076    -0.06    0.27
 181304.460   126.965    -0.29    0.47
 181683.248   126.654    -0.82    0.82
 182062.106   126.072    -1.54    1.05
 182441.034   125.443    -1.66    0.90
 182820.033   124.882    -1.48    0.75
 183199.101   124.469    -1.09    0.63
 183578.240   124.148    -0.85    0.57
 183957.449   123.939    -0.55    0.67
 184336.728   123.976     0.10    0.90
 184716.078   124.415     1.16    1.40
 185095.497   125.463     2.76    2.23
 185474.988   126.738     3.36    2.49
 185854.548   127.494     1.99    2.10
 186234.179   127.976     1.27    1.54
 186613.881   127.938    -0.10    1.12
 186993.653   127.598    -0.90    0.66
 187373.496   127.269    -0.86    1.02
 187753.409   127.047    -0.58    1.41
 188133.393   127.013    -0.09    1.69
 188513.448   127.451     1.15    1.47
 188893.573   127.731     0.74    1.05
