# NaN NaN NaN ;Mean Elev.(m), Avg Gradient(m/km), RMS Gradient(m/km) - SRTM1     
#  104.567 -10.883  12.998 ;Mean Elev.(m), Avg Gradient(m/km), RMS Gradient(m/km) - ASTER GDEM
#  117.000 -10.338  11.679 ;Mean Elev.(m), Avg Gradient(m/km), RMS Gradient(m/km) - GMTED2010 
  7 237.268730  62.138917   111.466   111.275  4 52445.80328699 25.599
  8 237.269209  62.136870   110.257   110.984  4 52480.80327901 45.039
  9 237.267841  62.133410   115.327   116.270  6 52515.80323030 18.449
 15 237.277480  62.135760   107.421   106.992  4 52725.80325940 16.901
 19 237.288639  62.135939   110.717   110.570  4 52865.80334410 41.731
 21 237.259134  62.133825   106.077   105.542  3 52935.80331580 25.959
 24 237.285827  62.136666   107.962   108.047  4 53040.80330237 16.465
 25 237.265619  62.133799   107.650   107.669  5 53075.80333620 16.623
 26 237.279313  62.134217   108.168   108.214  4 53110.80330571  7.367
 29 237.271559  62.133957   110.046   110.315  5 53215.80338014 37.624
 30 237.261995  62.136241   108.747   108.953  5 53250.80335692 25.377
 31 237.279206  62.134973   108.207   108.142  5 53285.80334996 28.712
 34 237.284896  62.136058   107.658   107.729  4 53390.80330828 15.577
 35 237.275098  62.135442   108.023   107.878  5 53425.80330569 15.067
 36 237.290217  62.136352   107.958   107.782  3 53460.80331389 13.364
 40 237.267549  62.133776   110.863   108.976  6 53600.80334344 20.548
 43 237.277260  62.138720   110.299   110.346  3 53705.80329367 22.932
 44 237.264564  62.140221   109.389   109.389  2 53740.80320659 19.911
 45 237.286633  62.139140   108.853   108.853  2 53775.80322805 15.792
 46 237.267132  62.139284   108.360   108.418  3 53810.80320927 14.955
 49 237.266706  62.134288   157.325   157.112  3 53915.80334048  4.086
 50 237.263213  62.135831   110.123   109.935  5 53950.80334822 18.081
 52 237.284074  62.135429   146.227   151.377  3 54020.80332344 11.400
 53 237.284795  62.134877   108.780   108.770  4 54055.80331517 30.791
 54 237.265462  62.132569   108.319   108.294  6 54090.80330248 16.302
 55 237.287781  62.134978   107.739   107.876  3 54125.80323065 13.987
 57 237.285516  62.136340   107.692   107.730  4 54195.80323243 10.893
 60 237.276549  62.135828   111.287   111.249  4 54300.80330384 42.962
 61 237.270564  62.135215   110.357   110.541  5 54335.80329254 42.767
 63 237.273162  62.137462   109.314   109.253  4 54405.80323668 42.679
 66 237.285926  62.134104   108.030   108.030  2 54510.80320994 14.319
 67 237.269438  62.131215   107.126   107.126  2 54545.80323960 15.413
 68 237.278068  62.133869   108.486   108.378  3 54580.80320554  4.366
 70 237.276432  62.137061   130.959   130.883  4 54650.80324006 17.139
 75 237.279421  62.135781   108.500   108.544  4 54825.80320437 18.349
 76 237.286790  62.135975   108.630   108.764  4 54860.80317167 15.774
 78 237.280433  62.133399   107.820   107.820  2 54930.80317005 12.510
 85 237.289357  62.135928   109.213   109.115  3 55175.80311134 20.040
 87 237.282076  62.135140   108.251   108.183  4 55245.80311711 18.302
 88 237.265695  62.129807   106.795   106.920  3 55280.80313988 12.774
 90 237.270273  62.134023   156.433   156.908  5 55350.80311056  3.957
 94 237.262469  62.137420   134.572   131.798  5 55490.80302233 17.581
