-126078.341   122.150     0.00   14.50
-125712.048   130.381    22.47   13.35
-125345.828   138.796    22.98   11.00
-124979.682   147.033    22.50    8.96
-124613.610   153.342    17.24    8.11
-124247.611   159.670    17.29    7.20
-123881.685   163.882    11.51    6.26
-123515.832   167.407     9.64    4.85
-123150.053   169.565     5.90    3.74
-122784.347   171.299     4.74    3.89
-122406.471   173.356     5.44    4.83
-122025.523   176.796     9.03    6.31
-121644.655   181.948    13.53    7.45
-121263.868   187.584    14.80    7.21
-120883.161   193.323    15.08    6.36
-120502.535   198.462    13.50    4.65
-120121.989   202.924    11.73    4.36
-119741.523   206.474     9.33    3.41
-119361.137   208.663     5.76    2.11
-118980.831   209.625     2.53    0.87
-118600.606   208.560    -2.80    2.89
-118220.461   207.331    -3.23    3.75
-117840.395   205.778    -4.09    3.91
-117460.410   204.864    -2.41    3.35
-117080.505   205.437     1.51    3.43
-116700.679   207.977     6.69    4.50
-116320.933   211.783    10.02    5.51
-115941.267   216.277    11.84    6.89
-115561.681   222.522    16.45    8.74
-115182.174   230.370    20.68   10.53
-114802.748   238.055    20.26   11.02
-114423.400   246.274    21.67   10.68
-114044.132   253.162    18.16    9.24
-113664.944   259.655    17.12    8.98
-113285.835   265.559    15.58    9.54
-112906.805   271.555    15.82    9.34
-112527.855   277.054    14.51    8.98
-112148.984   282.549    14.50    7.88
-111770.192   286.882    11.44    7.25
-111391.480   291.977    13.45    6.90
-111012.846   296.772    12.66    7.72
-110634.292   302.988    16.42    8.94
-110255.816   308.915    15.66    9.46
-109877.420   314.533    14.85    8.16
-109499.102   319.366    12.78    7.09
-109120.864   324.333    13.13    6.41
-108742.704   328.925    12.15    6.78
-108364.623   334.288    14.19    7.23
-107986.621   339.399    13.52    7.96
-107608.697   344.417    13.28    7.54
-107230.853   348.786    11.56    7.03
-106853.086   353.968    13.72    6.58
-106475.398   358.603    12.27    8.09
-106097.789   364.772    16.34    9.64
-105720.258   368.872    10.86    8.39
-105342.806   371.685     7.45    5.14
-104965.432   371.674    -0.03    3.95
-104588.136   369.598    -5.50    3.22
-104210.919   368.087    -4.01    2.93
-103833.779   366.707    -3.66    2.71
-103456.718   365.283    -3.78    2.63
-103079.735   364.098    -3.14    2.67
-102702.830   363.337    -2.02    2.57
-102326.003   361.935    -3.72    2.47
-101949.254   360.033    -5.05    3.52
-101572.583   356.576    -9.18    5.69
-101195.990   352.626   -10.49    6.19
-100819.475   348.696   -10.44    5.71
-100443.037   345.165    -9.38    3.82
-100066.677   342.435    -7.25    2.16
 -99690.395   340.703    -4.60    2.16
 -99314.190   338.431    -6.04    2.32
 -98938.063   337.435    -2.65    1.95
 -98562.014   337.109    -0.87    1.68
 -98186.042   337.435     0.87    1.60
 -97810.147   338.250     2.17    1.08
 -97434.330   338.718     1.24    0.54
 -97058.590   338.924     0.55    0.33
 -96682.928   338.228    -1.85    2.18
 -96307.343   336.495    -4.61    3.46
 -95931.835   334.522    -5.26    3.59
 -95556.404   332.452    -5.51    2.52
 -95181.050   331.294    -3.09    0.71
 -94805.773   330.775    -1.38    0.72
 -94430.574   330.228    -1.46    0.82
 -94055.451   329.359    -2.32    1.35
 -93680.405   327.813    -4.12    2.43
 -93305.436   325.934    -5.01    2.80
 -92930.544   324.207    -4.61    2.66
 -92555.729   323.177    -2.75    2.70
 -92180.990   322.439    -1.97    3.47
 -91806.329   321.288    -3.07    4.39
 -91431.743   319.700    -4.24    4.50
 -91057.235   318.100    -4.27    3.33
 -90682.803   317.054    -2.79    3.47
 -90308.447   314.453    -6.95    5.38
 -89934.168   310.657   -10.14    6.83
 -89559.965   305.788   -13.01    5.95
 -89185.839   301.140   -12.42    3.77
 -88811.789   298.276    -7.66    2.55
 -88437.815   296.743    -4.10    1.43
 -88063.918   296.218    -1.40    0.58
 -87690.097   296.829     1.63    1.33
 -87316.351   297.768     2.51    1.71
 -86942.682   299.001     3.30    1.78
 -86569.089   300.257     3.36    1.74
 -86195.572   301.022     2.05    1.68
 -85822.131   301.533     1.37    1.66
 -85448.766   301.315    -0.58    1.44
 -85075.477   300.725    -1.58    1.35
 -84702.263   299.366    -3.64    2.26
 -84329.125   296.833    -6.79    4.01
 -83956.063   293.087   -10.04    4.84
 -83583.077   289.516    -9.57    4.13
 -83210.166   286.261    -8.73    2.58
 -82837.331   284.576    -4.52    2.00
 -82464.571   282.910    -4.47    1.81
 -82091.887   281.500    -3.78    2.07
 -81719.279   278.810    -7.22    3.97
 -81346.745   275.076   -10.02    5.96
 -80974.287   269.399   -15.24    7.49
 -80601.905   263.152   -16.78    7.67
 -80229.598   256.277   -18.47    6.80
 -79857.365   250.162   -16.43    7.14
 -79485.208   243.680   -17.42    7.09
 -79113.127   237.120   -17.63    7.60
 -78741.120   230.323   -18.27    6.92
 -78369.188   224.163   -16.56    6.65
 -77997.332   218.660   -14.80    5.14
 -77625.550   215.196    -9.32    3.97
 -77253.843   212.837    -6.35    1.91
 -76882.211   212.044    -2.13    0.00
 -76510.654   212.044     0.00    0.00
 -76139.172   212.044     0.00    0.00
 -75767.764   212.044     0.00    0.00
 -75396.431   212.044     0.00    0.00
 -75025.173   212.044     0.00    0.00
 -74653.989   212.044     0.00    0.00
 -74282.880   212.044     0.00    0.00
 -73911.845   212.044     0.00    0.00
 -73540.885   212.044     0.00    0.00
 -73169.999   212.044     0.00    0.00
 -72799.188   212.044     0.00    0.00
 -72428.451   212.044     0.00    0.00
 -72057.788   212.044     0.00    0.00
 -71687.200   213.008     2.60    2.58
 -71316.685   215.241     6.03    5.02
 -70946.245   219.267    10.87    7.64
 -70575.879   226.528    19.60   11.39
 -70205.587   237.136    28.65   14.62
 -69835.369   250.598    36.37   16.41
 -69465.225   260.633    27.11   12.35
 -69095.155   264.033     9.19    8.74
 -68725.158   259.821   -11.38   10.45
 -68355.236   249.355   -28.30   12.60
 -67985.387   239.310   -27.16   11.75
 -67615.612   229.223   -27.28   10.18
 -67245.911   222.285   -18.77    8.40
 -66876.284   216.521   -15.60    5.19
 -66506.730   213.999    -6.82    3.38
 -66137.250   212.354    -4.45    0.83
 -65767.843   213.718     3.69    3.12
 -65398.510   215.925     5.98    4.14
 -65029.250   218.763     7.69    4.20
 -64660.064   221.567     7.60    2.13
 -64290.951   222.599     2.80    1.51
 -63921.911   223.239     1.73    1.22
 -63552.944   223.659     1.14    0.87
 -63184.051   223.785     0.34    0.49
 -62815.231   224.010     0.61    0.32
 -62446.484   224.263     0.69    0.61
 -62077.811   224.785     1.42    1.10
 -61709.210   225.783     2.71    1.84
 -61340.682   227.885     5.70    3.22
 -60972.227   231.065     8.63    4.33
 -60603.846   234.655     9.75    4.20
 -60235.537   237.923     8.87    3.62
 -59867.301   240.544     7.12    2.22
 -59499.137   241.810     3.44    1.68
 -59131.047   242.090     0.76    1.44
 -58763.029   241.406    -1.86    2.03
 -58395.084   239.248    -5.87    3.78
 -58027.212   234.439   -13.07    6.72
 -57659.412   229.710   -12.86    7.42
 -57291.684   224.826   -13.28    6.74
 -56924.030   220.934   -10.59    6.30
 -56556.447   216.943   -10.86    6.47
 -56188.937   211.250   -15.49    8.73
 -55821.500   203.675   -20.62   10.56
 -55454.134   192.468   -30.51   14.94
 -55086.841   179.811   -34.46   15.36
 -54719.621   166.516   -36.21   14.97
 -54352.472   155.009   -31.34   13.85
 -53985.396   142.333   -34.54   11.26
 -53618.391   133.855   -23.10    9.94
 -53251.459   124.044   -26.74    9.90
 -52884.599   115.121   -24.32   10.47
 -52517.811   105.933   -25.05   10.82
 -52151.095    97.261   -23.65   11.33
 -51784.450    88.869   -22.89    9.00
 -51417.878    82.707   -16.81    7.32
 -51051.377    77.985   -12.88    4.94
 -50684.949    74.780    -8.75    5.23
 -50318.592    70.850   -10.73    7.12
 -49952.306    65.421   -14.82    7.10
 -49586.092    61.392   -11.00    5.35
 -49219.950    58.703    -7.34    2.42
 -48853.880    58.461    -0.66    2.16
 -48487.881    58.688     0.62    2.44
 -48121.953    58.174    -1.40    3.32
 -47748.383    57.230    -2.53    4.12
 -47367.594    55.859    -3.60    4.32
 -46986.884    54.377    -3.89    3.81
 -46606.252    53.132    -3.27    3.41
 -46225.698    52.044    -2.86    3.21
 -45845.223    50.912    -2.97    3.72
 -45464.825    50.331    -1.53    4.17
 -45084.506    49.477    -2.25    4.23
 -44704.265    48.123    -3.56    3.83
 -44324.102    47.344    -2.05    3.28
 -43944.017    46.755    -1.55    2.26
 -43564.010    49.859     8.17    8.64
 -43184.081    64.788    39.30   25.54
 -42804.230    88.904    63.49   39.35
 -42424.457   120.044    82.00   40.03
 -42044.761   149.310    77.08   28.29
 -41665.143   168.566    50.73   19.82
 -41285.603   178.381    25.86   17.68
 -40906.141   187.359    23.66   14.58
 -40526.756   192.205    12.77    7.96
 -40147.448   190.466    -4.58    9.12
 -39768.218   189.520    -2.49   11.66
 -39389.066   193.954    11.69   18.59
 -39009.991   215.425    56.64   35.91
 -38630.993   247.931    85.77   41.99
 -38252.073   271.687    62.69   36.30
 -37873.230   279.351    20.23   40.93
 -37494.464   274.270   -13.42   49.63
 -37115.775   274.477     0.55   45.53
 -36737.164   288.901    38.10   43.64
 -36358.629   310.022    55.80   43.79
 -35980.171   335.718    67.90   32.40
 -35601.791   359.185    62.02   27.03
 -35223.487   367.641    22.35   26.82
 -34845.261   370.728     8.16   26.84
 -34467.111   362.664   -21.33   29.75
 -34089.038   347.033   -41.35   28.76
 -33711.041   342.635   -11.64   26.90
 -33333.122   346.274     9.63   25.09
 -32955.279   360.239    36.96   26.15
 -32577.512   377.868    46.67   22.54
 -32199.823   389.641    31.17   18.23
 -31822.209   400.666    29.20   14.10
 -31444.672   411.282    28.12   15.48
 -31067.212   416.414    13.60   16.72
 -30689.828   418.113     4.50   18.02
 -30312.520   417.121    -2.63   18.46
 -29935.289   418.159     2.75   21.07
 -29558.134   416.179    -5.25   21.83
 -29181.055   414.687    -3.95   24.53
 -28804.052   411.299    -8.99   26.19
 -28427.125   404.066   -19.19   27.21
 -28050.275   396.255   -20.73   29.86
 -27673.500   385.391   -28.83   34.40
 -27296.802   367.010   -48.80   30.89
 -26920.179   348.032   -50.39   23.32
 -26543.632   336.666   -30.19   14.79
 -26167.161   333.475    -8.47   14.00
 -25790.766   339.853    16.94   18.02
 -25414.446   348.906    24.06   19.46
 -25038.203   358.444    25.35   18.63
 -24662.034   367.112    23.04   17.10
 -24285.942   374.099    18.58   16.72
 -23909.925   389.308    40.45   26.09
 -23533.984   413.988    65.65   35.04
 -23158.118   442.010    74.55   36.00
 -22782.327   459.167    45.66   30.12
 -22406.612   457.886    -3.41   30.59
 -22030.972   449.377   -22.65   34.33
 -21655.408   434.381   -39.93   33.53
 -21279.918   416.444   -47.77   25.56
 -20904.504   402.455   -37.26   25.77
 -20529.165   392.021   -27.80   20.11
 -20153.901   386.316   -15.20   19.19
 -19778.713   379.875   -17.17   22.93
 -19403.599   371.860   -21.37   27.27
 -19028.560   357.802   -37.48   30.54
 -18653.596   341.407   -43.72   26.59
 -18278.707   328.302   -34.96   29.41
 -17903.893   310.078   -48.62   29.84
 -17529.154   289.868   -53.93   30.02
 -17154.490   262.354   -73.44   30.15
 -16779.900   241.033   -56.92   27.81
 -16405.385   220.112   -55.86   22.30
 -16030.944   204.414   -41.92   17.65
 -15656.578   191.179   -35.36   18.20
 -15282.287   175.628   -41.55   17.63
 -14908.070   158.527   -45.70   19.63
 -14533.927   141.110   -46.55   20.43
 -14159.859   126.572   -38.86   15.76
 -13785.866   118.886   -20.55    8.10
 -13411.946   116.241    -7.07    4.03
 -13038.101   115.549    -1.85    4.89
 -12664.330   112.531    -8.07    7.10
 -12290.633   105.617   -18.50    8.65
 -11917.011    97.639   -21.35    8.98
 -11543.462    90.388   -19.41    8.72
 -11169.988    84.175   -16.64    6.72
 -10796.587    80.736    -9.21    5.71
 -10423.261    79.253    -3.97    6.48
 -10050.008    88.772    25.50   20.86
  -9676.830    99.985    30.05   23.30
  -9303.725   106.362    17.09   19.99
  -8930.694   107.032     1.79   16.92
  -8557.737    95.785   -30.16   16.90
  -8184.853    83.276   -33.55   12.21
  -7812.043    73.190   -27.06    8.33
  -7439.307    66.698   -17.42    6.97
  -7066.644    60.819   -15.78    5.62
  -6694.055    55.802   -13.46    5.75
  -6321.539    47.644   -21.90   10.86
  -5949.097    40.239   -19.88   11.40
  -5576.728    34.444   -15.56    8.19
  -5204.433    32.692    -4.71    5.40
  -4832.210    35.544     7.66    6.77
  -4460.061    38.633     8.30    6.96
  -4087.986    41.482     7.66    6.12
  -3715.983    42.510     2.76    5.07
  -3344.054    42.521     0.03    4.51
  -2972.198    42.366    -0.42    5.01
  -2600.414    42.219    -0.39    4.71
  -2228.704    41.910    -0.83    4.17
  -1857.067    42.021     0.30    3.55
  -1485.503    40.777    -3.35    3.30
  -1114.011    35.251   -14.88   10.72
   -742.593    24.850   -28.00   17.31
   -371.247    12.425   -33.46   16.34
      0.026     3.392   -24.33    9.72
    371.226    -0.944   -11.68    0.11
    742.354    -0.956    -0.03    0.00
   1113.409    -0.956     0.00    0.00
   1484.391    -0.781     0.47    1.05
   1855.301     5.175    16.06   12.81
   2226.139    18.133    34.94   21.03
   2596.904    33.745    42.11   23.10
   2967.596    50.659    45.63   16.48
   3338.216    59.274    23.24    7.88
   3708.764    62.347     8.29    3.27
   4079.239    62.297    -0.14    2.97
   4449.642    63.009     1.92    4.02
   4819.973    65.740     7.37    5.68
   5190.232    69.975    11.44    6.21
   5560.419    74.931    13.39    5.74
   5930.534    79.251    11.67    5.16
   6300.576    82.873     9.79    4.80
   6670.547    86.288     9.23    4.19
   7040.445    88.471     5.90    3.16
   7410.272    91.055     6.99    3.84
   7780.027    94.180     8.45    5.48
   8149.710    97.734     9.61    6.32
   8519.321   101.681    10.68    5.75
   8888.860   105.114     9.29    4.52
   9258.328   107.615     6.77    3.24
   9627.724   109.416     4.87    2.10
   9997.049   110.299     2.39    1.60
  10366.302   111.170     2.36    1.85
  10735.483   112.605     3.89    2.44
  11104.593   114.205     4.33    2.89
  11473.631   117.009     7.60    2.67
  11842.598   120.448     9.32    5.22
  12211.493   126.260    15.75    8.54
  12580.318   135.156    24.12   13.04
  12949.071   148.334    35.74   16.81
  13317.752   160.650    33.41   16.73
  13686.363   171.444    29.28   10.89
  14054.902   175.998    12.36    6.02
  14423.370   177.675     4.55    3.64
  14791.767   179.296     4.40    3.56
  15160.093   181.197     5.16    3.03
  15528.348   182.835     4.45    2.08
  15896.532   183.733     2.44    1.91
  16264.645   184.510     2.11    2.50
  16632.687   185.423     2.48    2.83
  17000.659   186.515     2.97    2.72
  17368.559   187.122     1.65    2.41
  17736.389   186.169    -2.59    3.01
  18104.148   183.566    -7.08    4.83
  18471.837   178.687   -13.27    6.59
  18839.454   173.680   -13.62    7.15
  19207.002   168.175   -14.98    5.40
  19574.478   164.737    -9.35    4.54
  19941.884   160.263   -12.18    7.02
  20309.220   147.898   -33.66   24.48
  20676.485   132.385   -42.24   32.43
  21043.680   116.805   -42.43   32.06
  21410.804   108.124   -23.65   28.99
  21777.858   115.370    19.74   30.36
  22144.842   133.362    49.03   24.94
  22511.755   148.430    41.07   10.35
  22878.599   151.888     9.43    6.99
  23245.372   155.939    11.04    6.30
  23612.075   162.466    17.80    9.32
  23978.708   170.151    20.96   11.21
  24345.271   180.032    26.96   11.48
  24711.764   189.514    25.87    9.44
  25078.187   198.864    25.52   10.39
  25444.540   208.102    25.22   10.89
  25810.823   218.688    28.90   12.02
  26177.036   227.205    23.26   10.61
  26543.180   234.572    20.12    7.90
  26912.795   238.811    11.47    5.23
  27293.425   241.347     6.66    3.09
  27673.980   241.646     0.79    3.20
  28054.458   240.274    -3.61    4.06
  28434.860   236.997    -8.61    6.48
  28815.185   234.740    -5.93    6.68
  29195.435   234.573    -0.44    6.62
  29575.608   238.145     9.39    8.28
  29955.706   246.437    21.81   11.14
  30335.727   258.835    32.62   17.84
  30715.673   274.187    40.40   18.61
  31095.542   290.577    43.15   18.52
  31475.336   308.706    47.73   18.11
  31855.054   327.987    50.77   22.55
  32234.696   342.377    37.90   17.90
  32614.262   345.930     9.36   15.32
  32993.753   342.253    -9.69   18.48
  33373.168   337.399   -12.79   20.35
  33752.507   332.613   -12.62   21.09
  34131.771   331.177    -3.79   20.56
  34510.959   325.929   -13.84   18.77
  34890.072   314.760   -29.46   17.45
  35269.110   307.328   -19.61   17.41
  35648.072   305.381    -5.14   19.08
  36026.958   307.808     6.41   26.81
  36405.770   304.090    -9.81   37.41
  36784.506   286.453   -46.57   46.82
  37163.167   265.090   -56.42   43.64
  37541.753   245.316   -52.23   20.56
  37920.264   244.009    -3.45   13.37
  38298.699   254.896    28.77   20.70
  38677.060   268.311    35.46   23.91
  39055.346   282.223    36.78   22.10
  39433.556   295.150    34.18   18.60
  39811.692   307.021    31.39   22.20
  40189.753   320.603    35.92   31.46
  40567.739   334.600    37.03   37.24
  40945.651   348.727    37.38   40.82
  41323.488   355.078    16.81   38.30
  41701.250   358.617     9.37   35.28
  42078.937   360.191     4.17   30.10
  42456.550   360.996     2.13   27.26
  42834.088   363.769     7.34   25.34
  43211.552   368.901    13.60   27.02
  43588.941   376.373    19.80   28.22
  43966.256   387.471    29.41   31.27
  44343.497   398.282    28.66   31.46
  44720.663   409.913    30.84   33.53
  45097.755   419.339    25.00   33.32
  45474.773   426.785    19.75   35.05
  45851.717   435.875    24.11   38.16
  46228.586   439.726    10.22   39.91
  46605.382   419.302   -54.20   52.35
  46982.103   384.486   -92.42   61.96
  47358.750   344.612  -105.86   58.41
  47735.323   304.241  -107.20   29.14
  48111.823   291.532   -33.75   15.11
  48488.248   289.009    -6.70    5.83
  48864.600   296.953    21.11   15.38
  49240.878   310.462    35.90   31.05
  49617.082   324.441    37.16   37.91
  49993.212   335.986    30.69   39.21
  50369.269   341.687    15.16   41.10
  50745.252   346.009    11.49   42.67
  51121.162   366.745    55.16   50.18
  51496.998   388.814    58.72   45.52
  51872.760   396.044    19.24   42.77
  52248.449   392.480    -9.48   41.81
  52624.065   392.370    -0.30   40.39
  52999.607   416.906    65.33   61.16
  53375.076   459.100   112.37   63.82
  53750.471   501.825   113.81   39.91
  54125.794   529.079    72.61   19.63
  54501.043   549.214    53.66   24.37
  54876.219   564.953    41.95   27.72
  55251.322   583.676    49.91   20.28
  55626.352   591.328    20.40   14.66
  56001.308   592.618     3.44   15.48
  56376.192   587.453   -13.78   34.96
  56751.003   567.441   -53.39   63.67
  57125.741   556.502   -29.19   69.57
  57500.406   548.214   -22.12   68.29
  57874.999   554.816    17.62   61.25
  58249.518   568.078    35.41   56.55
  58623.965   584.225    43.12   61.58
  58998.339   619.526    94.29   65.31
  59372.640   655.816    96.95   55.20
  59746.869   688.975    88.60   29.96
  60121.025   707.291    48.95   21.61
  60495.109   719.549    32.77   18.48
  60869.120   728.089    22.83   19.17
  61243.059   728.687     1.60   28.40
  61616.926   721.430   -19.41   46.09
  61990.720   705.561   -42.45   61.82
  62364.441   687.607   -48.04   64.22
  62738.091   669.067   -49.62   57.79
  63111.668   665.400    -9.82   51.45
  63485.173   666.799     3.75   51.25
  63858.606   676.282    25.39   49.54
  64231.967   687.913    31.15   51.12
  64605.256   696.009    21.69   48.64
  64978.472   718.508    60.28   66.69
  65351.617   750.771    86.46   73.05
  65724.690   790.397   106.21   57.61
  66097.691   811.350    56.17   38.36
  66470.620   817.655    16.91   32.08
  66843.477   818.021     0.98   32.78
  67216.262   825.620    20.38   33.47
  67588.976   829.805    11.23   30.10
  67961.618   831.734     5.18   26.04
  68334.188   827.377   -11.69   31.38
  68706.687   808.861   -49.71   38.79
  69079.114   789.906   -50.89   46.11
  69451.470   761.995   -74.95   60.29
  69823.754   740.214   -58.50   59.43
  70195.967   733.885   -17.00   59.74
  70568.108   733.725    -0.43   68.04
  70940.178   755.983    59.82   84.35
  71312.177   790.503    92.79   84.03
  71684.104   821.885    84.37   70.34
  72055.960   842.136    54.45   50.82
  72427.745   852.663    28.31   35.42
  72799.459   855.350     7.23   22.53
  73171.101   856.317     2.60   12.12
  73542.673   857.441     3.02   11.63
  73914.173   860.985     9.54   13.79
  74285.603   864.538     9.57   14.54
  74656.961   868.195     9.85   15.66
  75028.249   870.974     7.48   16.37
  75399.465   875.939    13.37   18.46
  75770.611   874.169    -4.77   26.94
  76141.686   873.113    -2.85   39.95
  76512.691   914.691   112.06   98.94
  76883.624   984.646   188.58  144.53
  77254.487  1087.279   276.72  144.70
  77625.280  1166.239   212.94  110.35
  77996.001  1179.090    34.66  101.57
  78366.652  1127.825  -138.30  140.08
  78737.233   993.567  -362.27  177.73
  79107.743   866.520  -342.88  161.51
  79478.183   767.091  -268.39   99.57
  79848.552   694.271  -196.60   81.63
  80218.851   634.761  -160.70   98.37
  80589.080   584.021  -137.04   95.66
  80959.238   544.288  -107.33   52.70
  81329.326   576.549    87.17   86.02
  81699.344   644.763   184.34  107.93
  82069.292   707.998   170.92   92.12
  82439.170   769.312   165.76   68.16
  82808.977   809.768   109.39   64.10
  83178.715   844.246    93.24   63.55
  83548.383   881.791   101.56   60.13
  83917.980   922.020   108.84   52.41
  84287.508   942.881    56.45   64.57
  84656.966   953.526    28.81   83.06
  85026.354   936.864   -45.10  118.31
  85395.672   896.193  -110.12  152.35
  85764.920   843.020  -143.99  144.67
  86134.099   825.430   -47.64  122.40
  86503.208   849.434    65.03  142.46
  86872.247   909.858   163.72  154.21
  87241.217   965.230   150.06  136.01
  87610.117   958.782   -17.48  149.25
  87978.948   911.044  -129.42  149.14
  88347.709   860.434  -137.23  102.39
  88716.401   841.202   -52.16   59.51
  89085.023   851.078    26.79   52.89
  89453.576   886.031    94.83   64.95
  89822.060   931.183   122.53   72.77
  90190.474   989.214   157.51   79.12
  90558.819  1051.193   168.25  102.25
  90927.095  1090.853   107.68  116.44
  91295.302  1129.555   105.10  127.88
  91663.439  1174.997   123.43  128.89
  92031.508  1209.776    94.48  124.26
  92399.507  1236.561    72.78  120.62
  92767.438  1283.148   126.61  130.54
  93135.299  1309.613    71.94  117.35
  93503.091  1279.648   -81.47  144.54
  93870.815  1214.555  -177.00  173.56
  94238.470  1119.889  -257.47  170.43
  94606.056  1072.906  -127.81  185.69
  94973.573  1045.612   -74.26  193.05
  95341.021   989.475  -152.76  189.17
  95708.401   871.519  -321.05  195.37
  96075.712   723.411  -403.19  230.67
  96442.954   562.911  -437.01  187.47
  96810.128   437.648  -341.13  120.09
  97177.233   372.839  -176.53   56.18
  97544.269   349.771   -62.84   13.90
  97911.238   354.146    11.92   16.32
  98278.137   373.437    52.57   30.41
  98644.969   399.965    72.31   41.03
  99011.732   440.963   111.78   50.54
  99378.426   480.607   108.10   53.15
  99745.053   529.282   132.75   50.48
 100111.611   570.768   113.17   50.00
 100478.101   614.303   118.78   47.84
 100844.522   682.334   185.65   94.53
 101210.876   779.263   264.56  141.10
 101577.162   879.055   272.42  147.18
 101957.317  1000.760   320.12  126.73
 102337.720  1088.170   229.77  117.65
 102718.049  1169.219   213.08  129.73
 103098.303  1279.635   290.35  151.30
 103478.483  1361.934   216.46  139.55
 103858.589  1386.271    64.02  126.86
 104238.621  1403.160    44.44  125.46
 104618.579  1394.191   -23.60  118.18
 104998.463  1369.369   -65.34  111.55
 105378.273  1336.294   -87.08  109.60
 105758.009  1320.175   -42.44   91.69
 106137.671  1337.497    45.62   89.22
 106517.259  1361.169    62.36   81.98
 106896.774  1355.718   -14.36   99.80
 107276.214  1294.590  -161.09  120.39
 107655.582  1227.241  -177.51  102.13
 108034.875  1155.480  -189.18   93.71
 108414.095  1116.369  -103.13   91.02
 108793.241  1078.718   -99.30   99.95
 109172.314  1074.727   -10.53   87.67
 109551.313  1112.469    99.58  102.05
 109930.239  1170.970   154.37  126.72
 110309.091  1275.267   275.28  137.18
 110687.870  1364.056   234.39   94.01
 111066.576  1387.388    61.61   73.84
 111445.208  1361.056   -69.54   98.42
 111823.768  1297.102  -168.93  107.37
 112202.254  1242.797  -143.47  105.34
 112580.666  1235.044   -20.49   95.19
 112959.006  1249.032    36.97   87.04
 113337.273  1276.745    73.26   75.23
 113715.467  1330.164   141.24   88.90
 114093.587  1379.962   131.69   81.83
 114471.635  1416.354    96.25   56.99
 114849.610  1428.357    31.75   65.32
 115227.512  1410.276   -47.84   79.30
 115605.341  1404.549   -15.16   86.67
 115983.098  1430.401    68.43   82.65
 116360.781  1444.997    38.64   63.41
 116738.392  1421.032   -63.46   81.73
 117115.931  1352.763  -180.81  119.74
 117493.396  1260.486  -244.44  112.70
 117870.790  1193.632  -177.13   72.66
 118248.110  1157.021   -97.02   46.11
 118625.359  1140.128   -44.77   30.57
 119002.534  1142.765     6.99   29.18
 119379.638  1166.446    62.79   59.32
 119756.669  1227.917   163.02  108.72
 120133.628  1301.402   194.92  126.21
 120510.514  1382.323   214.69  134.27
 120887.328  1465.044   219.51  132.33
 121264.070  1544.916   211.99  148.07
 121640.740  1591.881   124.67  150.89
 122017.338  1558.067   -89.78  185.35
 122393.864  1473.871  -223.59  212.99
 122770.317  1363.730  -292.55  169.36
 123146.699  1285.581  -207.61  138.16
 123523.009  1226.067  -158.14  102.20
 123899.247  1194.791   -83.12   76.58
 124275.413  1175.687   -50.78   48.01
 124651.507  1175.829     0.38   35.69
 125027.529  1202.262    70.29   66.05
 125403.480  1252.397   133.34   94.26
 125779.359  1309.218   151.15   99.07
 126155.166  1370.779   163.79   96.66
 126530.902  1426.393   148.00  108.18
 126906.566  1508.625   218.88  132.33
 127282.159  1593.613   226.26  143.11
 127657.680  1684.200   241.21  134.27
 128033.130  1734.687   134.46  130.44
 128408.508  1763.491    76.72  133.72
 128783.815  1781.044    46.76  128.32
 129159.050  1825.765   119.17   82.51
 129534.214  1836.951    29.81   79.75
 129909.307  1819.899   -45.45   93.76
 130284.329  1805.846   -37.47  111.91
 130659.280  1834.520    76.47  110.88
 131034.159  1847.782    35.37   96.39
 131408.968  1800.416  -126.36  139.39
 131783.705  1711.334  -237.69  158.61
 132158.372  1622.730  -236.46  108.21
 132532.967  1603.444   -51.48  116.58
 132907.492  1605.323     5.02  138.17
 133281.945  1591.670   -36.46  141.80
 133656.328  1560.950   -82.05  134.06
 134030.640  1507.510  -142.75  124.22
 134404.881  1439.947  -180.51  108.53
 134779.051  1403.914   -96.29   83.12
 135153.151  1396.112   -20.85   86.66
 135527.180  1435.615   105.60  139.97
 135901.139  1498.615   168.45  173.85
 136275.027  1567.964   185.46  196.34
 136648.844  1605.508   100.42  175.18
 137022.591  1589.484   -42.87  149.66
 137396.267  1554.816   -92.76  131.74
 137769.874  1536.444   -49.17  101.79
 138143.409  1540.682    11.35   92.16
 138516.875  1549.768    24.33   86.33
 138890.270  1529.937   -53.10  108.11
 139263.595  1457.514  -193.97  120.85
 139636.849  1354.648  -275.56  103.22
 140010.034  1274.114  -215.78   86.58
 140383.148  1213.273  -163.05   66.98
 140756.192  1189.401   -63.98   51.45
 141129.166  1213.768    65.32   82.58
 141502.070  1273.937   161.33  103.99
 141874.905  1368.561   253.77  109.91
 142247.669  1425.282   152.15   83.14
 142620.363  1440.947    42.03   61.00
 142992.988  1422.408   -49.75   63.25
 143365.542  1356.544  -176.77   78.29
 143738.027  1302.150  -146.01   78.75
 144110.442  1247.068  -147.89   81.35
 144482.788  1193.939  -142.67  101.08
 144855.064  1125.556  -183.67  106.62
 145227.270  1072.644  -142.14   75.71
 145599.406  1047.173   -68.44   35.61
 145971.474  1052.916    15.43   35.05
 146343.471  1080.871    75.14   35.08
 146715.399  1111.427    82.15   41.18
 147087.258  1155.338   118.07   55.09
 147459.047  1204.963   133.46   69.40
 147830.767  1265.788   163.61   72.80
 148202.418  1330.056   172.91   72.87
 148573.999  1402.328   194.48   94.21
 148945.511  1506.625   280.71  160.95
 149316.954  1634.574   344.42  199.91
 149688.328  1737.561   277.28  179.02
 150059.632  1782.569   121.20  156.34
 150430.868  1716.055  -179.15  188.50
 150802.034  1586.344  -349.43  160.06
 151173.132  1503.867  -222.22  123.49
 151544.160  1472.944   -83.34  111.63
 151915.120  1512.497   106.61  122.52
 152286.011  1545.831    89.86  118.24
 152656.833  1557.916    32.58  106.93
 153027.586  1559.119     3.24  102.75
 153398.270  1592.974    91.32  111.45
 153768.885  1664.612   193.27  169.23
 154139.432  1770.163   284.82  176.42
 154509.910  1838.422   184.22  139.91
 154880.320  1832.262   -16.63  142.70
 155250.661  1764.598  -182.69  159.25
 155620.933  1661.185  -279.26  145.28
 155991.137  1598.920  -168.17  151.84
 156361.273  1549.230  -134.23  163.13
 156731.340  1497.916  -138.64  175.30
 157101.339  1402.115  -258.89  191.13
 157471.269  1303.425  -266.75  194.77
 157841.131  1177.385  -340.73  158.62
 158210.924  1086.817  -244.88  110.17
 158580.650  1012.863  -200.00   62.13
 158950.307   976.544   -98.24   45.98
 159319.896   945.644   -83.60   31.16
 159689.417   927.860   -48.12   25.26
 160058.870   912.687   -41.06   18.28
 160428.255   910.675    -5.45   18.10
 160797.572   915.735    13.70   23.69
 161166.820   927.302    31.32   29.97
 161536.001   943.153    42.93   30.71
 161905.114   960.579    47.20   29.57
 162274.159   976.081    42.00   28.42
 162643.137   993.125    46.19   31.21
 163012.046  1012.145    51.55   31.30
 163380.888  1037.467    68.64   41.92
 163749.662  1067.309    80.91   53.29
 164118.368  1119.102   140.45  102.00
 164487.007  1184.587   177.62  144.03
 164855.578  1280.311   259.68  175.72
 165224.081  1347.788   183.09  165.21
 165592.517  1385.138   101.36  125.68
 165960.886  1390.080    13.41   98.74
 166329.187  1352.055  -103.23  103.35
 166697.421  1272.608  -215.72  121.62
 167065.587  1178.983  -254.27  110.93
 167433.686  1126.472  -142.64   75.88
 167801.717  1116.765   -26.37   54.49
 168169.682  1163.267   126.36   82.06
 168537.579  1231.056   184.24   80.08
 168905.409  1290.556   161.74   65.29
 169273.171  1341.204   137.70   39.92
 169640.867  1374.497    90.53   40.34
 170008.495  1411.044    99.40   40.13
 170376.057  1453.951   116.72   52.99
 170743.551  1505.106   139.18   64.10
 171110.979  1562.055   154.97   74.11
 171478.339  1622.934   165.70   74.90
 171845.633  1695.808   198.38   95.47
 172212.860  1775.336   216.53  118.52
 172580.019  1868.291   253.14  138.95
 172947.113  1917.314   133.53  129.06
 173314.139  1925.502    22.30  131.98
 173681.099  1911.995   -36.80  124.87
 174047.991  1932.432    55.69  122.28
 174414.818  1969.714   101.62  128.20
 174781.577  2006.994   101.63  116.64
 175148.271  2016.413    25.68  112.74
 175514.897  2009.747   -18.18  120.63
 175881.457  1983.710   -71.02  120.82
 176247.951  1955.436   -77.14  123.18
 176624.395  1947.103   -22.13  115.65
 177004.646  1935.968   -29.28  117.48
 177384.824  1955.020    50.11  138.41
 177764.930  1947.706   -19.24  154.42
 178144.964  1925.437   -58.59  150.81
 178524.925  1889.887   -93.55  144.07
 178904.815  1857.140   -86.19  130.91
 179284.633  1842.722   -37.96  126.86
 179664.378  1848.935    16.36  113.63
 180044.051  1885.726    96.89  103.19
 180423.653  1889.637    10.30   89.66
 180803.182  1863.044   -70.06  113.84
 181182.640  1820.068  -113.24  113.78
 181562.026  1774.846  -119.18   90.51
 181941.340  1767.993   -18.06   93.40
 182320.582  1753.867   -37.24   90.45
 182699.753  1701.431  -138.27  111.51
 183078.852  1639.782  -162.60  111.87
 183457.879  1612.869   -71.00   82.69
 183836.835  1642.676    78.64   86.90
 184215.719  1700.580   152.81   91.78
 184594.532  1779.794   209.08  112.47
 184973.273  1860.278   212.47   98.54
 185351.943  1888.867    75.49   77.91
 185730.541  1890.808     5.13   70.38
 186109.068  1868.345   -59.34   86.04
 186487.523  1836.104   -85.18  108.60
 186865.908  1794.887  -108.91  113.94
 187244.221  1764.056   -81.49   96.47
 187622.463  1778.266    37.56  106.81
 188000.634  1817.265   103.11  112.59
 188378.734  1877.629   159.63  118.18
 188756.762  1963.817   227.96  128.36
 189134.720  2025.866   164.14  128.88
 189512.606  2055.844    79.32  111.31
 189890.422  2064.606    23.19   94.02
 190268.167  2004.644  -158.71  124.48
 190645.841  1923.244  -215.50  122.03
 191023.444  1833.947  -236.45  105.28
 191400.976  1782.234  -136.96   73.83
 191778.438  1776.883   -14.17   99.36
 192155.828  1783.463    17.43  122.46
 192533.148  1780.629    -7.51  124.55
 192910.398  1750.575   -79.66  121.00
 193287.577  1701.020  -131.36  114.21
 193664.685  1634.887  -175.34   93.88
 194041.723  1584.773  -132.89   78.62
 194418.690  1537.345  -125.80   48.89
 194795.587  1511.321   -69.04   40.38
 195172.414  1480.869   -80.80   41.86
 195549.170  1463.779   -45.36   31.38
 195925.856  1479.152    40.81   67.60
 196302.471  1525.751   123.71  110.99
 196679.017  1621.079   253.13  144.40
 197055.492  1712.266   242.17  148.60
 197431.897  1813.679   269.38  166.69
 197808.232  1877.187   168.73  168.41
 198184.496  1928.128   135.37  162.02
 198560.691  1947.068    50.34  171.14
 198936.816  1934.785   -32.65  172.01
 199312.870  1931.922    -7.61  187.41
 199688.855  1918.279   -36.28  194.43
 200064.770  1879.094  -104.22  206.00
 200440.615  1842.163   -98.25  189.03
 200816.390  1844.284     5.64  174.00
 201192.096  1920.150   201.90  170.36
 201567.732  1955.537    94.19  153.65
 201943.298  1918.984   -97.31  158.88
 202318.794  1871.005  -127.75  149.77
 202694.221  1812.161  -156.71  113.60
 203069.578  1805.841   -16.84  128.64
 203444.866  1790.187   -41.71  135.34
 203820.084  1749.613  -108.11  147.55
 204195.233  1679.055  -188.05  169.29
 204570.312  1577.661  -270.28  125.34
 204945.322  1512.312  -174.23   62.93
 205320.262  1503.331   -23.95   60.94
 205695.134  1566.613   168.78  139.57
 206069.936  1669.179   273.61  189.64
 206444.668  1783.947   306.22  177.54
 206819.332  1873.278   238.39  144.80
 207193.926  1954.232   216.07  147.05
 207568.451  2010.232   149.50  138.54
 207942.908  2030.586    54.35  128.07
 208317.295  1997.858   -87.40  157.08
 208691.613  1901.365  -257.74  156.49
 209065.862  1798.420  -275.03  146.75
 209440.042  1702.496  -256.32  165.69
 209814.154  1579.649  -328.32  171.93
 210188.196  1478.841  -269.46  126.18
 210562.170  1444.832   -90.93  103.87
 210936.075  1506.877   165.91  171.26
 211309.911  1621.678   307.04  193.20
 211683.678  1730.208   290.32  164.59
 212057.377  1848.658   316.91  144.94
 212431.007  1914.381   175.87  140.30
 212804.569  1944.775    81.35  112.90
 213178.062  1908.067   -98.27  144.04
 213551.487  1781.410  -339.12  196.49
 213924.843  1625.369  -417.87  205.14
 214298.130  1465.605  -427.92  178.86
 214671.349  1344.241  -325.12  125.48
 215044.500  1258.288  -230.31   55.09
 215417.583  1232.971   -67.85   28.20
 215790.597  1238.285    14.24   33.18
 216163.543  1266.734    76.27   49.64
 216536.421  1334.373   181.37   93.84
 216909.231  1416.610   220.55  123.84
 217281.972  1524.008   288.08  139.19
 217654.646  1608.722   227.28  140.51
 218027.251  1621.446    34.14  169.96
 218399.788  1573.836  -127.78  206.47
 218772.258  1475.755  -263.28  202.98
 219144.659  1392.710  -222.96  157.38
 219516.992  1310.727  -220.15   90.89
 219889.258  1282.983   -74.51   53.71
 220261.456  1301.726    50.35   89.60
 220633.586  1363.163   165.07  147.08
 221005.648  1435.273   193.78  178.87
 221377.642  1487.115   139.34  188.58
 221749.569  1508.770    58.21  192.74
 222121.428  1504.401   -11.75  159.40
 222493.220  1495.718   -23.35  133.76
 222864.944  1500.508    12.88  111.89
 223236.600  1498.984    -4.10   84.00
 223608.189  1506.889    21.27   62.56
 223979.710  1534.731    74.93   72.53
 224351.164  1576.591   112.67   92.68
 224722.551  1613.960   100.60  108.73
 225093.870  1629.103    40.77  112.08
 225465.122  1640.481    30.64  105.61
 225836.307  1660.755    54.61  107.44
 226207.424  1684.190    63.14  114.59
 226578.474  1713.291    78.41  105.97
 226949.457  1770.303   153.65  110.44
 227320.373  1846.080   204.26  150.44
 227691.222  1910.525   173.75  130.34
 228062.003  1931.550    56.69  124.83
 228432.718  1909.740   -58.82  116.45
 228803.366  1829.178  -217.32  158.56
 229173.946  1739.082  -243.08  187.83
 229544.460  1678.808  -162.65  151.95
 229914.907  1692.300    36.41  164.00
 230285.287  1739.056   126.21  146.45
 230655.600  1734.851   -11.35  147.52
 231025.847  1658.691  -205.66  191.33
 231396.026  1546.787  -302.24  186.15
 231766.139  1438.574  -292.33  198.13
 232136.186  1336.018  -277.09  174.53
 232506.165  1251.032  -229.66  134.23
 232876.078  1180.082  -191.77   57.70
 233245.925  1168.446   -31.46   36.01
 233615.705  1177.179    23.61   41.53
 233985.419  1214.750   101.60   64.81
 234355.066  1261.007   125.12   88.40
 234724.646  1321.661   164.09  111.34
 235094.161  1362.849   111.44  132.39
 235463.609  1382.314    52.68  136.23
 235832.990  1374.661   -20.72  130.70
 236202.306  1344.117   -82.69  109.99
 236571.555  1303.288  -110.55   72.62
 236940.738  1281.873   -57.99   47.32
 237309.854  1270.727   -30.19   29.11
 237678.905  1267.236    -9.46   24.51
 238047.890  1269.791     6.92   28.49
 238416.808  1279.471    26.23   42.68
 238785.661  1293.836    38.94   53.45
 239154.447  1312.556    50.75   59.10
 239523.167  1349.214    99.40   87.40
 239891.822  1406.156   154.43  124.73
 240260.411  1471.532   177.33  148.05
 240628.934  1555.365   227.44  148.67
 240997.391  1613.686   158.25  152.45
 241365.782  1657.208   118.12  145.31
 241734.108  1693.761    99.22  133.56
 242102.367  1718.262    66.52  123.32
 242470.562  1776.550   158.28  123.40
 242838.690  1814.236   102.35  110.75
 243206.753  1842.291    76.21  100.86
 243574.750  1879.326   100.62   98.09
 243942.682  1878.361    -2.62   87.86
 244310.549  1873.544   -13.09   83.30
 244678.350  1870.555    -8.12   84.42
 245046.085  1870.241    -0.85   87.73
 245413.755  1879.629    25.53   79.32
 245781.360  1896.266    45.25   85.65
 246148.899  1916.309    54.52  100.07
 246516.373  1932.349    43.64  107.67
 246883.782  1980.389   130.73  115.28
 247251.126  2007.044    72.55  105.46
 247618.404  1998.312   -23.77   98.46
 247985.618  1950.758  -129.47  108.35
 248352.766  1885.127  -178.72  111.34
 248719.849  1817.851  -183.24  114.51
 249086.867  1735.689  -223.82  120.04
 249453.820  1665.972  -189.95  100.34
 249820.708  1614.641  -139.88   87.30
 250187.532  1572.385  -115.17   90.98
 250554.290  1559.415   -35.36  102.89
 250920.983  1513.794  -124.39  157.48
 251294.008  1438.326  -202.27  209.38
 251674.110  1325.702  -296.24  225.72
 252054.141  1196.044  -341.11  154.18
 252434.102  1147.479  -127.79  104.96
 252813.992  1142.019   -14.37   81.13
 253193.812  1180.019   100.03  101.61
 253573.562  1245.945   173.57   93.46
 253953.242  1297.263   135.13   91.13
 254332.852  1355.718   153.96   88.11
 254712.391  1399.861   116.28   94.16
 255091.861  1450.901   134.48   93.84
 255471.260  1469.436    48.84   95.26
 255850.590  1438.176   -82.39  124.64
 256229.850  1357.018  -213.95  160.11
 256609.039  1266.019  -239.93  157.96
 256988.159  1194.685  -188.12  115.06
 257367.209  1172.772   -57.80   82.46
 257746.189  1199.109    69.48   99.28
 258125.100  1253.544   143.63  110.93
 258503.941  1324.544   187.37  128.20
 258882.712  1416.574   242.92  142.77
 259261.413  1523.821   283.14  157.31
 259640.045  1630.227   280.97  152.93
 260018.608  1738.178   285.10  125.16
 260397.100  1811.031   192.44   99.51
 260775.524  1868.405   151.58   79.95
 261153.878  1883.739    40.52   79.54
 261532.162  1874.579   -24.21   93.95
 261910.377  1863.854   -28.35   99.35
 262288.523  1878.092    37.64   95.59
 262666.600  1896.249    48.01   67.80
 263044.607  1893.605    -6.99   67.69
 263422.545  1871.505   -58.46   93.44
 263800.414  1879.458    21.04  103.50
 264178.214  1911.633    85.15  116.59
 264555.944  1946.434    92.11   97.06
 264933.606  1932.771   -36.17   93.59
 265311.198  1883.102  -131.51  108.24
 265688.722  1810.044  -193.48  114.55
 266066.177  1736.044  -196.01  117.57
 266443.563  1672.844  -167.43  109.29
 266820.879  1671.803    -2.76  120.56
 267198.127  1733.994   164.82  140.07
 267575.307  1780.956   124.48  135.66
 267952.417  1805.349    64.67  107.94
 268329.459  1770.056   -93.58  136.84
 268706.432  1676.702  -247.59  152.78
 269083.337  1582.167  -250.77  144.19
 269460.172  1477.788  -276.93  129.27
 269836.940  1405.906  -190.74  112.41
 270213.638  1325.925  -212.28  114.69
 270590.269  1252.244  -195.59  117.48
 270966.830  1183.945  -181.34  112.62
 271343.324  1114.866  -183.44   82.88
 271719.749  1057.902  -151.30   66.61
 272096.105  1010.979  -124.65   50.63
 272472.394   966.911  -117.09   55.66
 272848.614   923.108  -116.40   44.65
 273224.766   900.044   -61.30   35.06
 273600.849   884.654   -40.91   23.29
 273976.865   877.166   -19.91   15.80
 274352.812   867.423   -25.91   16.01
 274728.691   858.615   -23.43   21.90
 275104.503   868.385    25.99   51.68
 275480.246   914.861   123.66  111.48
 275855.921  1000.394   227.63  165.65
 276231.528  1110.117   292.06  205.58
 276607.068  1260.284   399.78  218.03
 276982.539  1415.397   413.02  230.21
 277357.943  1529.389   303.58  191.33
 277733.279  1575.176   121.96  153.20
 278108.547  1550.702   -65.20  151.59
 278483.747  1450.714  -266.43  155.90
 278858.880  1326.202  -331.84  179.48
 279233.945  1257.181  -183.98  181.57
 279608.943  1216.032  -109.71  139.60
 279983.873  1249.315    88.75  169.02
 280358.735  1344.922   254.99  211.70
 280733.530  1462.118   312.62  206.03
 281108.257  1559.315   259.32  165.15
 281482.917  1618.294   157.38  145.20
 281857.510  1695.114   205.03  135.57
 282232.035  1742.303   125.97  129.78
 282606.493  1784.356   112.28  135.03
 282980.884  1819.706    94.40  154.62
 283355.207  1843.902    64.63  139.31
 283729.464  1857.208    35.54  121.86
 284103.653  1839.723   -46.72  125.19
 284477.775  1809.967   -79.52  101.72
 284851.829  1819.763    26.18   92.01
 285225.817  1833.851    37.66   90.58
 285599.738  1828.056   -15.50   99.57
 285973.592  1776.031  -139.13  112.47
 286347.379  1722.324  -143.65  104.99
 286721.098  1692.823   -78.92  102.19
 287094.751  1701.044    22.00  109.42
 287468.338  1728.339    73.04  111.30
 287841.857  1739.032    28.62  110.72
 288215.310  1726.202   -34.35  121.52
 288588.695  1714.550   -31.20  133.22
 288962.015  1690.965   -63.16  130.17
 289335.267  1639.471  -137.93  128.43
 289708.453  1553.758  -229.62  163.69
 290081.572  1412.141  -379.46  225.62
 290454.625  1238.044  -466.57  185.26
 290827.611  1154.495  -223.95  104.13
 291200.531  1158.675    11.21  104.98
 291573.384  1273.641   308.27  171.04
 291946.171  1453.556   482.51  203.01
 292318.891  1604.008   403.56  186.46
 292691.545  1669.787   176.47  150.98
 293064.133  1622.772  -126.16  215.77
 293436.655  1493.904  -345.85  243.67
 293809.110  1345.622  -398.03  215.05
 294181.499  1236.749  -292.29  138.25
 294553.822  1220.142   -44.59   93.35
 294926.078  1258.563   103.18  117.57
 295298.269  1349.734   244.90  142.95
 295670.394  1460.148   296.64  125.56
 296042.452  1561.775   273.08  139.23
 296414.445  1654.018   247.91  153.07
 296786.372  1722.513   184.12  168.87
 297158.232  1779.170   152.33  183.04
 297530.027  1797.984    50.59  184.00
 297901.756  1787.563   -28.03  173.53
 298273.419  1787.244    -0.86  142.96
 298645.017  1779.019   -22.13  114.92
 299016.548  1801.297    59.95   98.00
 299388.014  1836.403    94.48   94.92
 299759.414  1891.007   146.99  105.42
 300130.749  1901.056    27.06  109.63
 300502.018  1850.166  -137.04  136.47
 300873.221  1758.200  -247.69  148.77
 301244.359  1678.568  -214.51  134.83
 301615.432  1600.123  -211.35   85.84
 301986.439  1541.873  -156.97   62.62
 302357.380  1506.070   -96.50   56.16
 302728.256  1494.210   -31.97   81.75
 303099.067  1476.544   -47.63  102.51
 303469.812  1459.476   -46.03  119.06
 303840.493  1452.641   -18.43  151.58
 304211.107  1458.315    15.31  173.75
 304581.657  1453.531   -12.91  191.46
 304952.141  1442.957   -28.53  199.11
 305322.561  1441.623    -3.60  214.05
 305692.915  1412.587   -78.38  200.08
 306063.204  1352.940  -161.04  192.35
 306433.428  1245.321  -290.61  199.73
 306803.587  1126.732  -320.29  204.91
 307173.681   984.507  -384.20  180.36
 307543.710   864.719  -323.65  115.25
 307913.674   779.718  -229.70   77.83
 308283.574   722.518  -154.60   57.14
 308653.408   687.044   -95.90   33.65
 309023.178   679.146   -21.35   23.07
 309392.883   720.275   111.22   75.62
 309762.523   788.436   184.35  112.79
 310132.098   907.863   323.07  152.71
 310501.609  1041.931   362.74  160.44
 310871.055  1168.581   342.72  143.82
 311240.437  1266.883   266.06  128.10
 311609.754  1366.730   270.29  133.43
 311979.006  1423.107   152.64  129.18
 312348.194  1419.760    -9.06  163.15
 312717.317  1386.156   -91.01  184.79
 313086.376  1347.945  -103.51  155.36
 313455.371  1356.476    23.11  130.95
 313824.301  1407.080   137.13  128.57
 314193.167  1459.908   143.18  139.00
 314561.968  1538.259   212.39  131.05
 314930.706  1615.723   210.03  137.85
 315299.379  1704.957   241.98  146.60
 315667.988  1750.690   124.04  135.36
 316036.532  1752.356     4.52  128.64
 316405.013  1758.606    16.96  135.43
 316773.430  1748.550   -27.29  115.40
 317141.782  1739.200   -25.38  101.30
 317510.070  1692.765  -126.05  155.74
 317878.295  1567.488  -340.13  199.64
 318246.455  1444.198  -334.80  149.46
 318614.552  1406.946  -101.17  133.72
 318982.584  1453.582   126.68  185.68
 319350.553  1522.883   188.29  177.16
 319718.458  1519.715    -8.61  176.94
 320086.299  1482.019  -102.45  168.20
 320454.076  1460.320   -58.99  157.24
 320821.790  1446.019   -38.88  165.92
 321189.440  1450.719    12.78  158.54
 321557.026  1438.349   -33.64  135.53
 321924.549  1406.095   -87.74  111.64
 322292.008  1371.328   -94.59  118.52
 322659.403  1348.715   -61.53  136.36
 323026.735  1303.465  -123.15  126.26
 323394.004  1281.106   -60.86   97.95
 323761.209  1275.056   -16.47   74.47
 324128.350  1280.019    13.51   66.24
 324495.428  1297.068    46.43   65.93
 324862.443  1316.957    54.18   68.19
 325229.395  1349.809    89.50   65.65
 325596.283  1379.819    81.77   77.80
 325966.169  1445.669   177.98  116.74
 326346.124  1503.397   151.89  146.15
 326726.011  1531.130    72.98  148.34
 327105.830  1537.463    16.67  136.73
 327485.580  1530.656   -17.92   91.01
 327865.262  1555.641    65.79   85.09
 328244.875  1635.617   210.62  106.32
 328624.420  1703.069   177.67   83.12
 329003.897  1699.402    -9.66   98.14
 329383.305  1661.070  -101.00  120.97
 329762.645  1619.194  -110.36  107.81
 330141.917  1599.231   -52.62  100.28
 330521.121  1598.767    -1.22  113.24
 330900.257  1556.394  -111.73  164.82
 331279.325  1456.481  -263.50  190.26
 331658.325  1347.172  -288.34  110.23
 332037.257  1340.594   -17.36   87.20
 332416.121  1428.068   230.82  145.47
 332794.917  1550.588   323.36  153.64
 333173.645  1650.797   264.52  102.51
 333552.305  1692.274   109.51   72.13
 333930.898  1667.678   -64.95  103.85
 334309.423  1587.991  -210.46  138.85
 334687.880  1486.044  -269.30  155.19
 335066.269  1385.215  -266.40  140.72
 335444.591  1284.894  -265.10  110.04
 335822.845  1215.524  -183.34   74.20
 336201.031  1171.669  -115.93   39.47
 336579.150  1147.537   -63.80   26.55
 336957.201  1141.044   -17.17   17.13
 337335.185  1135.677   -14.20   23.50
 337713.102  1121.480   -37.56   32.08
 338090.951  1110.068   -30.19   30.91
 338468.733  1105.481   -12.14   26.17
 338846.447  1116.718    29.74   29.19
 339224.094  1151.781    92.82   54.54
 339601.674  1216.544   171.47   95.81
 339979.187  1291.394   198.22  109.62
 340356.633  1377.513   228.10   94.75
 340734.011  1446.264   182.13   63.91
 341111.322  1497.167   134.87   64.69
 341488.566  1549.150   137.76   71.88
 341865.743  1612.731   168.52   84.77
 342242.854  1689.879   204.52   99.76
 342619.897  1731.742   111.00   95.78
 342996.873  1739.727    21.18   90.70
 343373.782  1718.612   -56.01  107.67
 343750.625  1667.556  -135.44  104.27
 344127.400  1600.980  -176.65   96.88
 344504.109  1514.352  -229.90  111.12
 344880.751  1462.797  -136.84   93.92
 345257.327  1462.982     0.49   98.79
 345633.836  1478.749    41.86  104.55
 346010.278  1500.781    58.51   97.50
 346386.653  1461.877  -103.34  116.40
 346762.962  1388.556  -194.79  120.21
 347139.204  1320.689  -180.33  103.83
 347515.380  1252.315  -181.71   71.46
 347891.489  1212.649  -105.43   48.59
 348267.532  1186.178   -70.37   25.25
 348643.509  1173.109   -34.75   11.77
 349019.419  1171.093    -5.36   11.19
 349395.263  1177.162    16.14   21.16
 349771.041  1195.747    49.44   38.36
 350146.752  1229.465    89.72   66.51
 350522.397  1268.414   103.66   84.69
 350897.976  1318.309   132.81   88.87
 351273.489  1358.019   105.72   92.60
 351648.935  1377.196    51.06  107.59
 352024.316  1409.488    86.00  121.11
 352399.630  1444.444    93.11  142.98
