# NaN NaN NaN ;Mean Elev.(m), Avg Gradient(m/km), RMS Gradient(m/km) - SRTM1     
#   17.001  -3.038  26.056 ;Mean Elev.(m), Avg Gradient(m/km), RMS Gradient(m/km) - ASTER GDEM
#   30.129  -3.020  25.364 ;Mean Elev.(m), Avg Gradient(m/km), RMS Gradient(m/km) - GMTED2010 
  7     7.675 52447.82848121 20.52 231.187537  65.784119 21.358
  7     7.412 52447.82848185 23.88 231.184387  65.781029 21.358
  7     7.399 52447.82848250 28.11 231.181247  65.777939 21.358
  8    28.386 52482.82846871 20.26 231.194808  65.791116 11.909
  8    29.263 52482.82846936 20.61 231.191668  65.788026 11.909
  8    29.929 52482.82847000 21.85 231.188518  65.784926 11.909
  8    30.304 52482.82847065 25.25 231.185378  65.781836 11.909
  8    30.143 52482.82847129 32.87 231.182228  65.778746 11.909
  9    56.577 52517.82842532 16.55 231.194209  65.792333 10.235
  9    28.408 52517.82842596 17.47 231.191069  65.789243 10.235
  9    28.911 52517.82842661 18.39 231.187919  65.786143 10.235
  9    29.944 52517.82842725 19.29 231.184779  65.783053 10.235
  9    29.434 52517.82842789 25.32 231.181639  65.779963 10.235
 10    43.266 52552.82847622 17.71 231.200697  65.783860 14.150
 10    28.009 52552.82847687 19.96 231.197557  65.780770 14.150
 10    28.263 52552.82847751 21.88 231.194407  65.777680 14.150
 10    28.309 52552.82847816 22.79 231.191267  65.774590 14.150
 10    28.206 52552.82847880 25.49 231.188117  65.771490 14.150
 10    27.705 52552.82847945 26.88 231.184977  65.768400 14.150
 10    28.560 52552.82848009 29.25 231.181827  65.765310 14.150
 10    28.502 52552.82848074 35.20 231.178687  65.762220 14.150
 11    28.307 52587.82845498 35.50 231.197056  65.786818 12.729
 11    28.334 52587.82845562 41.49 231.193906  65.783728 12.729
 11    28.564 52587.82845627 39.73 231.190766  65.780638 12.729
 11    28.993 52587.82845691 46.02 231.187616  65.777548 12.729
 11    29.193 52587.82845756 40.97 231.184476  65.774448 12.729
 11    27.868 52587.82845820 40.80 231.181334  65.771358  8.720
 12    67.486 52622.82841354 13.65 231.192046  65.791792  8.115
 12    65.383 52622.82841419 18.49 231.188896  65.788702  8.115
 12    47.664 52622.82841548 22.01 231.182606  65.782522  8.115
 13    66.991 52657.82842751 12.95 231.199082  65.783266  3.851
 13    66.209 52657.82842816 11.24 231.195932  65.780176  3.851
 13    66.425 52657.82842880 10.48 231.192792  65.777086  3.851
 13    63.931 52657.82842945 10.93 231.189642  65.773996  3.851
 13    65.913 52657.82843009 11.66 231.186502  65.770896  3.851
 13    64.204 52657.82843074 12.12 231.183359  65.767807  5.306
 13    69.562 52657.82843138 10.23 231.180219  65.764717  5.306
 15    69.409 52727.82845031  6.40 231.198802  65.784264  2.768
 15    66.484 52727.82845096  8.09 231.195662  65.781174  2.768
 15    66.137 52727.82845160  6.36 231.192512  65.778074  2.768
 15    65.493 52727.82845225  5.83 231.189372  65.774984  2.768
 15    67.387 52727.82845289  6.19 231.186232  65.771894  2.768
 15    69.739 52727.82845354  3.82 231.183082  65.768804  2.768
 15    68.805 52727.82845418  6.07 231.179942  65.765704  2.768
 16    59.573 52762.82846176 20.85 231.185747  65.797580 13.122
 16    30.853 52762.82846240 20.22 231.182597  65.794490 13.122
 16    30.790 52762.82846305 18.24 231.179457  65.791400 13.122
 19    28.282 52867.82854537 29.37 231.204659  65.782569 12.895
 19    28.997 52867.82854602 26.70 231.201509  65.779479 12.895
 19    28.991 52867.82854666 28.83 231.198369  65.776389 12.895
 19    29.138 52867.82854730 40.04 231.195219  65.773299 12.895
 20    27.761 52902.82856178 25.41 231.195653  65.789938 11.149
 20    28.285 52902.82856243 26.13 231.192513  65.786848 11.149
 20    28.357 52902.82856307 26.14 231.189363  65.783748 11.149
 20    28.615 52902.82856372 27.11 231.186223  65.780658 11.149
 20    28.336 52902.82856436 29.18 231.183073  65.777568 11.149
 20    29.389 52902.82856500 25.26 231.179933  65.774478 11.149
 21    27.303 52937.82849903 24.06 231.190127  65.796315 14.209
 21    27.409 52937.82849968 24.48 231.186977  65.793225 14.209
 21    28.062 52937.82850032 24.25 231.183837  65.790135 14.209
 21    28.240 52937.82850096 33.90 231.180687  65.787045 14.209
 22    68.398 52972.82853304 11.68 231.201930  65.786305  6.372
 22    67.770 52972.82853369 11.11 231.198780  65.783205  6.372
 22    66.400 52972.82853433 11.61 231.195640  65.780115  6.372
 22    67.116 52972.82853498  9.98 231.192490  65.777025  6.372
 22    62.652 52972.82853562 14.84 231.189350  65.773935  6.372
 22    34.134 52972.82853755 18.41 231.179916  65.764658  8.219
 23    71.331 53007.82854201  8.87 231.195105  65.791011  3.568
 23    66.813 53007.82854265  8.72 231.191955  65.787921  3.568
 23    66.152 53007.82854330  7.73 231.188815  65.784831  3.568
 23    64.286 53007.82854394  8.86 231.185665  65.781731  3.568
 23    65.070 53007.82854459  8.36 231.182525  65.778641  3.568
 24    72.173 53042.82849959  7.69 231.201846  65.780370  3.036
 24    67.930 53042.82850024  7.22 231.198706  65.777280  3.036
 24    66.556 53042.82850088  7.22 231.195556  65.774190  3.036
 24    67.010 53042.82850153  7.43 231.192416  65.771100  3.036
 25    67.247 53077.82853133  8.84 231.192190  65.790546  3.460
 25    66.056 53077.82853198  7.83 231.189050  65.787446  3.460
 25    64.869 53077.82853262  7.69 231.185900  65.784356  3.460
 25    63.781 53077.82853327  9.06 231.182760  65.781266  3.460
 26    67.880 53112.82850295  5.80 231.200212  65.781984  2.385
 26    68.213 53112.82850360  5.40 231.197062  65.778894  2.385
 26    67.314 53112.82850424  5.56 231.193922  65.775804  2.385
 26    67.831 53112.82850489  5.55 231.190772  65.772714  2.385
 26    68.590 53112.82850553  5.45 231.187632  65.769624  2.385
 26    69.242 53112.82850618  4.88 231.184484  65.766528  2.803
 26    70.405 53112.82850682  4.74 231.181344  65.763438  2.803
 27    31.581 53147.82854604 29.30 231.198796  65.788771 12.717
 27    31.740 53147.82854669 31.27 231.195646  65.785681 12.717
 27    31.433 53147.82854733 39.01 231.192506  65.782581 12.717
 27    32.157 53147.82854798 43.67 231.189356  65.779491 12.717
 28    28.512 53182.82854728 21.81 231.202581  65.785015  9.553
 28    29.386 53182.82854792 21.98 231.199431  65.781925  9.553
 28    29.480 53182.82854857 23.44 231.196281  65.778825  9.553
 28    29.515 53182.82854921 25.29 231.193141  65.775735  9.553
 29    27.858 53217.82857097 21.36 231.196771  65.788043 13.519
 29    28.382 53217.82857161 21.37 231.193631  65.784953 13.519
 29    28.725 53217.82857226 21.90 231.190481  65.781853 13.519
 29    29.037 53217.82857290 22.97 231.187341  65.778763 13.519
 29    29.229 53217.82857355 25.30 231.184191  65.775673 13.519
 29    28.777 53217.82857419 30.04 231.181051  65.772583 13.519
 30    55.828 53252.82854750 13.44 231.190287  65.796486 14.556
 30    27.956 53252.82854815 16.29 231.187137  65.793396 14.556
 30    46.458 53252.82854879 14.23 231.183987  65.790306 14.556
 30    49.710 53252.82854944 12.28 231.180847  65.787216 14.556
 31    73.213 53287.82854932 12.54 231.200749  65.783158 12.715
 31    65.685 53287.82854997 14.71 231.197599  65.780058 12.715
 32    68.655 53322.82852504  9.59 231.202937  65.784308  4.964
 32    67.600 53322.82852568  9.27 231.199797  65.781218  4.964
 32    68.117 53322.82852633  8.93 231.196647  65.778128  4.964
 32    63.941 53322.82852697 12.65 231.193507  65.775028  4.964
 32    62.343 53322.82852955 14.65 231.180937  65.762658  4.964
 33    67.294 53357.82848985 10.42 231.194301  65.788345  4.755
 33    66.319 53357.82849050  9.61 231.191151  65.785245  4.755
 33    64.881 53357.82849114 12.02 231.188011  65.782155  4.755
 33    62.328 53357.82849179 14.86 231.184871  65.779065  4.755
 34    69.286 53392.82850609  5.69 231.203208  65.781216  2.716
 34    69.025 53392.82850674  5.27 231.200068  65.778116  2.716
 34    65.648 53392.82850738  5.11 231.196918  65.775026  2.716
 34    68.043 53392.82850802  4.99 231.193768  65.771936  2.716
 35    68.218 53427.82849972  6.76 231.196328  65.789139  2.649
 35    71.914 53427.82850036  5.54 231.193178  65.786049  2.649
 35    66.608 53427.82850101  4.94 231.190038  65.782949  2.649
 35    67.078 53427.82850165  5.78 231.186888  65.779859  2.649
 35    68.300 53427.82850230  5.26 231.183748  65.776769  2.649
 35    69.039 53427.82850294  4.41 231.180608  65.773669  2.649
 36    74.162 53462.82851924  5.08 231.203991  65.777916  2.901
 36    65.549 53462.82851988  4.97 231.200851  65.774826  2.901
 37    32.182 53497.82858904 31.69 231.196934  65.791041 16.579
 37    32.803 53497.82858969 28.10 231.193784  65.787951 16.579
 37    32.877 53497.82859033 26.46 231.190634  65.784861 16.579
 37    33.021 53497.82859098 29.00 231.187494  65.781761 16.579
 37    32.713 53497.82859162 33.30 231.184344  65.778671 16.579
 37    33.121 53497.82859227 37.92 231.181204  65.775581 16.579
 38    30.601 53532.82857109 20.49 231.198446  65.787914 12.212
 38    30.896 53532.82857173 20.45 231.195306  65.784824 12.212
 38    31.257 53532.82857238 21.94 231.192156  65.781724 12.212
 38    30.980 53532.82857302 24.63 231.189016  65.778634 12.212
 38    31.427 53532.82857367 22.98 231.185876  65.775544 12.212
 38    31.372 53532.82857431 23.54 231.182726  65.772444 12.212
 38    31.501 53532.82857496 26.20 231.179586  65.769354 12.212
 40    28.187 53602.82853542 16.29 231.192995  65.792185 10.110
 40    28.121 53602.82853606 17.03 231.189855  65.789095 10.110
 40    28.474 53602.82853671 17.52 231.186705  65.785995 10.110
 40    29.099 53602.82853735 20.69 231.183565  65.782905 10.110
 40    29.189 53602.82853800 28.91 231.180425  65.779815 10.110
 41    48.824 53637.82853590 13.99 231.196211  65.777648 11.930
 41    28.267 53637.82853654 19.46 231.193061  65.774558 11.930
 41    28.124 53637.82853719 21.13 231.189921  65.771468 11.930
 41    37.964 53637.82853783 22.16 231.186771  65.768378 11.930
 41    28.103 53637.82853847 21.75 231.183634  65.765281 25.701
 41    28.286 53637.82853912 26.10 231.180494  65.762191 25.701
 42    27.702 53672.82855637 44.83 231.187932  65.780080 15.367
 42    27.633 53672.82855701 47.75 231.184792  65.776990 15.367
 42    27.440 53672.82855765 44.87 231.181642  65.773900 15.367
 43    68.081 53707.82848626  6.86 231.194431  65.788240  7.578
 43    66.498 53707.82848691  6.97 231.191281  65.785140  7.578
 44    66.362 53742.82839676 10.37 231.187451  65.794066  4.587
 44    65.977 53742.82839740  9.80 231.184311  65.790976  4.587
 44    64.417 53742.82839805  9.26 231.181161  65.787886  4.587
 45    67.659 53777.82842489  8.23 231.200312  65.781587  3.086
 45    68.828 53777.82842554  7.95 231.197162  65.778497  3.086
 45    66.847 53777.82842618  7.46 231.194022  65.775407  3.086
 45    67.129 53777.82842683  8.36 231.190882  65.772317  3.086
 45    67.297 53777.82842747  8.31 231.187732  65.769217  3.086
 45    69.733 53777.82842811  6.75 231.184595  65.766127  3.862
 45    69.735 53777.82842876  6.61 231.181455  65.763037  3.862
 46    66.488 53812.82839905  8.67 231.189014  65.793238  4.349
 46    65.757 53812.82839969  8.52 231.185864  65.790148  4.349
 46    66.253 53812.82840034  8.06 231.182724  65.787058  4.349
 46    63.887 53812.82840098  8.68 231.179574  65.783968  4.349
 47    68.027 53847.82845513  6.42 231.201208  65.783286  2.935
 47    67.485 53847.82845578  5.97 231.198068  65.780196  2.935
 47    67.149 53847.82845642  5.25 231.194918  65.777096  2.935
 47    66.466 53847.82845707  6.14 231.191768  65.774006  2.935
 47    66.976 53847.82845771  6.02 231.188628  65.770916  2.935
 47    68.583 53847.82845836  5.51 231.185488  65.767826  2.935
 47    69.501 53847.82845900  5.91 231.182338  65.764726  2.935
 47    70.550 53847.82845965  5.62 231.179200  65.761637  4.397
 49    66.816 53917.82853587 11.95 231.193036  65.790058 12.980
 49    29.913 53917.82853652 16.07 231.189886  65.786968 12.980
 49    30.342 53917.82853716 20.78 231.186746  65.783878 12.980
 49    30.012 53917.82853781 26.90 231.183596  65.780778 12.980
 49    30.275 53917.82853845 29.39 231.180456  65.777688 12.980
 50    28.802 53952.82853917 21.74 231.192183  65.792513  8.824
 50    28.964 53952.82853982 20.81 231.189033  65.789423  8.824
 50    29.239 53952.82854046 21.02 231.185883  65.786333  8.824
 50    29.164 53952.82854110 23.74 231.182743  65.783243  8.824
 52    28.093 54022.82852017 27.57 231.203463  65.781380 11.229
 52    27.979 54022.82852081 35.37 231.200323  65.778290 11.229
 52    27.303 54022.82852146 32.38 231.197173  65.775190 11.229
 52    27.318 54022.82852210 27.41 231.194033  65.772100 11.229
 53    68.034 54057.82851228 14.70 231.203888  65.783448  8.659
 53    67.040 54057.82851292 12.49 231.200748  65.780358  8.659
 53    65.864 54057.82851357 12.26 231.197598  65.777258  8.659
 54    68.055 54092.82849198 11.47 231.193658  65.794180  8.342
 54    67.052 54092.82849263 11.20 231.190508  65.791090  8.342
 54    66.049 54092.82849327 11.04 231.187368  65.788000  8.342
 54    63.605 54092.82849392 14.19 231.184218  65.784910  8.342
 55    72.297 54127.82843038  8.66 231.206010  65.778832  6.737
 55    71.642 54127.82843103  9.01 231.202870  65.775732  6.737
 56    67.522 54162.82846209  9.55 231.195237  65.788731  6.200
 56    66.251 54162.82846274  9.15 231.192097  65.785641  6.200
 57    69.484 54197.82843247  3.42 231.202842  65.781642  2.328
 57    68.463 54197.82843311  3.39 231.199702  65.778552  2.328
 57    66.989 54197.82843375  3.35 231.196552  65.775462  2.328
 57    63.725 54197.82843440  7.12 231.193412  65.772372  2.328
 57    66.325 54197.82843504  6.98 231.190262  65.769282  2.328
 58    37.542 54232.82847584 23.48 231.200919  65.785169 11.759
 58    37.729 54232.82847648 31.58 231.197779  65.782069 11.759
 58    36.600 54232.82847712 33.83 231.194629  65.778979 11.759
 58    36.930 54232.82847777 25.84 231.191489  65.775889 11.759
 58    37.307 54232.82847841 22.65 231.188339  65.772799 11.759
 58    37.246 54232.82847906 22.99 231.185199  65.769699 11.759
 58    37.213 54232.82847970 23.56 231.182054  65.766607 23.273
 59    46.634 54267.82849495 12.12 231.195221  65.783169 11.053
 59    30.273 54267.82849559 14.12 231.192071  65.780069 11.053
 59    48.403 54267.82849624 12.49 231.188931  65.776979 11.053
 59    48.563 54267.82849688 12.52 231.185781  65.773889 11.053
 59    38.551 54267.82849753 18.85 231.182641  65.770799 11.053
 59    38.707 54267.82849817 23.55 231.179501  65.767699 11.053
 60    29.104 54302.82849826 18.48 231.199140  65.786917 13.912
 60    29.263 54302.82849891 20.76 231.196000  65.783827 13.912
 60    29.966 54302.82849955 18.95 231.192850  65.780727 13.912
 60    29.737 54302.82850020 19.09 231.189710  65.777637 13.912
 60    30.046 54302.82850084 17.68 231.186560  65.774547 13.912
 60    39.876 54302.82850213 18.72 231.180280  65.768357 13.912
 61    28.422 54337.82848395 24.35 231.194908  65.788661 15.765
 61    29.035 54337.82848460 30.89 231.191768  65.785571 15.765
 61    28.919 54337.82848524 32.03 231.188618  65.782471 15.765
 61    29.149 54337.82848589 39.05 231.185478  65.779381 15.765
 61    29.421 54337.82848653 44.61 231.182338  65.776291 15.765
 62    66.626 54372.82843229 11.06 231.200489  65.781536 10.202
 62    45.226 54372.82843293 12.86 231.197339  65.778446 10.202
 62    39.153 54372.82843358 13.79 231.194199  65.775356 10.202
 62    28.162 54372.82843422 14.18 231.191049  65.772266 10.202
 62    38.320 54372.82843487 14.47 231.187907  65.769169 18.435
 62    39.073 54372.82843551 15.00 231.184767  65.766079 18.435
 62    28.298 54372.82843616 17.30 231.181617  65.762989 18.435
 62    28.396 54372.82843680 21.14 231.178477  65.759889 18.435
 63    28.029 54407.82843178 45.84 231.184662  65.776942 12.597
 63    27.480 54407.82843243 48.56 231.181522  65.773842 12.597
 65    71.454 54477.82841881  7.34 231.198269  65.785788  5.358
 65    66.106 54477.82841945  9.25 231.195129  65.782698  5.358
 65    64.529 54477.82842010 11.76 231.191979  65.779608  5.358
 66    71.886 54512.82840817  5.45 231.205069  65.779178  3.264
 66    74.035 54512.82840882  5.10 231.201919  65.776088  3.264
 67    67.504 54547.82843203  6.72 231.195494  65.789455  3.254
 67    69.936 54547.82843267  6.42 231.192344  65.786365  3.254
 67    65.238 54547.82843332  6.69 231.189204  65.783275  3.254
 67    64.247 54547.82843396  7.19 231.186054  65.780185  3.254
 67    61.476 54547.82843461 11.46 231.182914  65.777085  3.254
 68    68.679 54582.82840295  4.13 231.199037  65.784065  2.659
 68    67.071 54582.82840360  3.83 231.195887  65.780975  2.659
 68    67.042 54582.82840424  4.20 231.192737  65.777885  2.659
 68    68.346 54582.82840489  4.36 231.189597  65.774785  2.659
 68    68.626 54582.82840553  3.93 231.186454  65.771695  2.630
 68    69.548 54582.82840618  3.81 231.183314  65.768605  2.630
 68    69.830 54582.82840682  3.88 231.180164  65.765515  2.630
 69    57.188 54617.82842308 14.30 231.200175  65.787120 12.434
 69    30.370 54617.82842373 18.18 231.197035  65.784030 12.434
 69    30.577 54617.82842437 17.86 231.193885  65.780940 12.434
 69    30.314 54617.82842502 21.03 231.190745  65.777850 12.434
 69    38.300 54617.82842566 17.72 231.187595  65.774750 12.434
 69    39.203 54617.82842630 18.80 231.184458  65.771661 22.467
 69    39.004 54617.82842695 25.06 231.181308  65.768571 22.467
 70    30.322 54652.82843624 15.04 231.192560  65.782653 16.442
 70    30.199 54652.82843688 18.41 231.189420  65.779563 16.442
 70    32.059 54652.82843752 18.26 231.186270  65.776463 16.442
 70    48.618 54652.82843817 13.78 231.183127  65.773374 22.071
 70    39.076 54652.82843881 16.65 231.179987  65.770284 22.071
 72    43.812 54722.82838343 14.68 231.206096  65.779921 16.775
 72    28.732 54722.82838408 17.75 231.202946  65.776831 16.775
 73    27.386 54757.82840047 33.55 231.197663  65.789055 16.352
 73    27.619 54757.82840111 38.48 231.194523  65.785965 16.352
 73    27.901 54757.82840176 37.93 231.191373  65.782875 16.352
 73    27.820 54757.82840240 42.26 231.188233  65.779785 16.352
 73    28.368 54757.82840305 42.15 231.185083  65.776685 16.352
 73    28.004 54757.82840369 43.99 231.181947  65.773597  8.181
 74    67.771 54792.82837704 11.61 231.205033  65.780115  4.554
 74    66.737 54792.82837768  9.48 231.201883  65.777025  4.554
 75    67.671 54827.82839919  9.47 231.198277  65.784306  3.130
 75    66.828 54827.82839984  9.00 231.195127  65.781216  3.130
 75    66.603 54827.82840048  8.04 231.191987  65.778126  3.130
 75    66.236 54827.82840113  7.99 231.188837  65.775026  3.130
 75    67.942 54827.82840177  7.65 231.185694  65.771937  3.243
 75    69.188 54827.82840242  8.26 231.182554  65.768847  3.243
 75    69.843 54827.82840306  7.95 231.179414  65.765757  3.243
 76    69.750 54862.82837065  7.00 231.204893  65.782005  3.174
 76    66.819 54862.82837129  6.76 231.201743  65.778915  3.174
 76    65.449 54862.82837194  6.27 231.198603  65.775825  3.174
 77    68.059 54897.82839826  5.86 231.196772  65.790948  2.696
 77    66.990 54897.82839890  6.17 231.193632  65.787858  2.696
 77    65.923 54897.82839955  5.38 231.190482  65.784768  2.696
 77    65.412 54897.82840019  5.33 231.187342  65.781678  2.696
 77    65.230 54897.82840084  5.70 231.184192  65.778578  2.696
 77    68.911 54897.82840148  4.76 231.181053  65.775489  3.011
 78    68.362 54932.82836535  4.73 231.203203  65.784717  2.828
 78    68.119 54932.82836600  4.37 231.200053  65.781627  2.828
 78    67.091 54932.82836664  3.80 231.196913  65.778537  2.828
 78    67.310 54932.82836729  4.44 231.193763  65.775437  2.828
 78    66.591 54932.82836793  4.43 231.190622  65.772350  2.574
 78    67.276 54932.82836858  4.10 231.187482  65.769260  2.574
 78    68.850 54932.82836922  3.09 231.184332  65.766170  2.574
 78    69.984 54932.82836987  3.18 231.181192  65.763070  2.574
 79    33.386 54967.82839978 45.24 231.198097  65.786079 14.897
 79    33.838 54967.82840042 41.23 231.194947  65.782989 14.897
 79    34.175 54967.82840107 43.81 231.191797  65.779899 14.897
 79    33.569 54967.82840171 46.60 231.188657  65.776809 14.897
 79    32.486 54967.82840236 37.30 231.185507  65.773709 14.897
 79    33.840 54967.82840300 28.32 231.182374  65.770618 13.143
 80    30.685 55002.82841939 20.42 231.197700  65.788452 14.278
 80    31.223 55002.82842004 22.98 231.194560  65.785362 14.278
 80    31.193 55002.82842068 24.38 231.191410  65.782272 14.278
 80    31.429 55002.82842133 25.47 231.188270  65.779182 14.278
 80    31.530 55002.82842197 25.12 231.185120  65.776092 14.278
 80    31.740 55002.82842262 25.54 231.181978  65.772994 11.827
 81    56.458 55037.82840603 15.44 231.200235  65.787658 12.163
 81    29.296 55037.82840667 16.60 231.197095  65.784568 12.163
 81    29.399 55037.82840732 17.57 231.193945  65.781478 12.163
 81    29.676 55037.82840796 17.57 231.190805  65.778388 12.163
 81    30.662 55037.82840861 19.22 231.187655  65.775288 12.163
 81    29.249 55037.82840925 19.68 231.184518  65.772198 26.329
 81    39.532 55037.82840990 22.10 231.181368  65.769108 26.329
 82    57.051 55072.82839178 11.94 231.193742  65.790121 14.587
 82    54.677 55072.82839243 12.25 231.190592  65.787021 14.587
 82    30.710 55072.82839307 14.41 231.187452  65.783931 14.587
 82    31.012 55072.82839372 16.05 231.184302  65.780841 14.587
 82    30.750 55072.82839436 23.92 231.181162  65.777741 14.587
 83    67.548 55107.82833936 14.18 231.203631  65.781681 10.208
 83    52.322 55107.82834000 15.31 231.200481  65.778591 10.208
 83    45.401 55107.82834065 16.84 231.197341  65.775501 10.208
 83    28.356 55107.82834129 19.01 231.194194  65.772407 16.211
 84    27.896 55142.82834287 28.81 231.197560  65.790762 11.759
 84    28.549 55142.82834352 32.01 231.194420  65.787672 11.759
 84    28.208 55142.82834416 36.40 231.191270  65.784582 11.759
 84    28.802 55142.82834481 37.01 231.188130  65.781492 11.759
 84    28.741 55142.82834545 39.03 231.184980  65.778392 11.759
 84    28.571 55142.82834609 39.31 231.181840  65.775304  8.822
 85    73.235 55177.82831151 11.14 231.206424  65.778792  3.775
 85    66.216 55177.82831215 11.07 231.203274  65.775702  3.775
 86    68.264 55212.82833786 10.38 231.198427  65.788073  3.279
 86    71.167 55212.82833850 10.10 231.195287  65.784983  3.279
 86    66.573 55212.82833915  9.70 231.192137  65.781893  3.279
 86    69.740 55212.82833979  9.64 231.188997  65.778803  3.279
 86    68.597 55212.82834044 12.06 231.185847  65.775703  3.279
 86    61.122 55212.82834108 14.09 231.182711  65.772615  3.801
 86    47.381 55212.82834173 16.11 231.179561  65.769525  3.801
 87    67.781 55247.82831243  8.53 231.202626  65.782541  3.531
 87    66.307 55247.82831307  8.55 231.199486  65.779451  3.531
 87    65.639 55247.82831372  7.41 231.196336  65.776361  3.531
 87    69.442 55247.82831436  7.63 231.193193  65.773267  3.415
 87    68.231 55247.82831501  7.87 231.190043  65.770177  3.415
 87    67.818 55247.82831565  6.84 231.186903  65.767077  3.415
 87    68.987 55247.82831629  6.20 231.183763  65.763987  3.415
 88    67.456 55282.82833145  8.41 231.194597  65.789437  3.160
 88    66.410 55282.82833209  8.46 231.191447  65.786347  3.160
 88    70.013 55282.82833274  7.40 231.188297  65.783257  3.160
 88    69.203 55282.82833338  8.15 231.185157  65.780167  3.160
 88    61.928 55282.82833402 12.24 231.182017  65.777067  3.160
 89    30.559 55317.82830104 29.37 231.196626  65.787174 15.967
 89    31.559 55317.82830169 28.38 231.193476  65.784084 15.967
 89    30.444 55317.82830233 32.85 231.190326  65.780994 15.967
 89    31.358 55317.82830297 32.76 231.187186  65.777904 15.967
 89    31.829 55317.82830362 33.15 231.184036  65.774804 15.967
 90    29.034 55352.82830416 22.97 231.195298  65.788023 13.730
 90    29.379 55352.82830480 25.96 231.192148  65.784933 13.730
 90    29.578 55352.82830545 28.87 231.189008  65.781843 13.730
 90    29.816 55352.82830609 30.84 231.185858  65.778753 13.730
 90    29.710 55352.82830674 34.62 231.182718  65.775653 13.730
 91    29.627 55387.82830208 16.50 231.201450  65.780968 11.818
 91    29.676 55387.82830273 17.05 231.198310  65.777878 11.818
 91    29.682 55387.82830337 17.05 231.195160  65.774788 11.818
 91    29.933 55387.82830401 19.08 231.192016  65.771693 18.196
 91    31.166 55387.82830466 22.83 231.188876  65.768603 18.196
 91    29.485 55387.82830530 24.17 231.185726  65.765513 18.196
 92    54.497 55422.82832206 13.18 231.197980  65.786490 14.121
 92    42.082 55422.82832270 13.50 231.194830  65.783400 14.121
 92    29.072 55422.82832334 18.22 231.191680  65.780310 14.121
 92    30.020 55422.82832399 18.47 231.188540  65.777220 14.121
 92    28.606 55422.82832463 17.77 231.185400  65.774120 14.121
 92    28.405 55422.82832528 16.92 231.182250  65.771029 24.655
 93    66.560 55457.82829433 12.07 231.193502  65.790113 13.189
 93    43.834 55457.82829498 13.33 231.190352  65.787023 13.189
 93    40.183 55457.82829562 15.96 231.187212  65.783933 13.189
 93    28.572 55457.82829627 20.64 231.184062  65.780843 13.189
 93    28.714 55457.82829691 24.82 231.180922  65.777743 13.189
