# NaN NaN NaN ;Mean Elev.(m), Avg Gradient(m/km), RMS Gradient(m/km) - SRTM1     
#    0.121 -15.188  22.037 ;Mean Elev.(m), Avg Gradient(m/km), RMS Gradient(m/km) - ASTER GDEM
#   17.249 -15.135  22.033 ;Mean Elev.(m), Avg Gradient(m/km), RMS Gradient(m/km) - GMTED2010 
  8    76.458 52506.22313131  1.68 228.598093  67.455277  5.372
  8    74.423 52506.22313196  3.38 228.594533  67.458337  5.372
  8    73.910 52506.22313260  4.15 228.590973  67.461397  5.372
  9    12.066 52541.22311480 26.09 228.578842  67.459100 13.754
  9    13.790 52541.22311545 28.25 228.575272  67.462160 13.754
  9    14.075 52541.22311609 34.43 228.571712  67.465220 13.754
 10    82.111 52576.22316213 11.92 228.585291  67.457153  9.256
 10    12.488 52576.22316406 38.24 228.574591  67.466323  9.256
 11    83.217 52611.22312369  1.55 228.598569  67.455799  5.935
 11    82.312 52611.22312563 13.41 228.587879  67.464979  5.935
 12    11.792 52646.22311125 20.20 228.587001  67.456058  5.816
 12    12.426 52646.22311190 19.69 228.583431  67.459118  5.816
 12    12.651 52646.22311254 18.29 228.579861  67.462168  5.816
 12    12.670 52646.22311319 17.90 228.576291  67.465228  5.816
 12    12.222 52646.22311383 17.30 228.572731  67.468288  5.816
 13    84.215 52681.22308280  1.46 228.609046  67.455144  5.702
 13    83.057 52681.22308344  5.56 228.605486  67.458204  5.702
 13    10.696 52681.22308537 18.36 228.594786  67.467374  5.702
 16    24.787 52786.22310953 29.98 228.564769  67.462200  9.798
 16    24.008 52786.22311017 39.90 228.561199  67.465250  9.798
 17    16.911 52821.22318204 43.73 228.576815  67.456891 19.733
 17    17.655 52821.22318268 44.20 228.573255  67.459951 19.733
 17    16.349 52821.22318333 44.82 228.569685  67.463011 19.733
 17    16.481 52821.22318397 42.14 228.566115  67.466071 19.733
 18    15.885 52856.22322925 29.31 228.586661  67.456408 19.092
 18    15.709 52856.22322990 37.82 228.583091  67.459458 19.092
 18    15.094 52856.22323054 36.49 228.579521  67.462518 19.092
 18    14.799 52856.22323119 38.32 228.575961  67.465578 19.092
 19    13.035 52891.22326199 24.89 228.586092  67.457396 11.209
 19    11.728 52891.22326264 20.55 228.582522  67.460446 11.209
 19    12.748 52891.22326328 15.01 228.578952  67.463506 11.209
 19    80.131 52891.22326393 11.04 228.575392  67.466566 11.209
 20     8.904 52926.22321308 27.24 228.610358  67.452775 11.473
 20    12.735 52926.22321373 21.37 228.606798  67.455835 11.473
 20    13.079 52926.22321437 18.99 228.603238  67.458895 11.473
 20    12.653 52926.22321502 17.83 228.599668  67.461945 11.473
 20    12.373 52926.22321566 16.31 228.596108  67.465005 11.473
 20    85.192 52926.22321631 14.84 228.592538  67.468065 11.473
 21    12.389 52961.22318261 24.48 228.584739  67.457949  6.989
 21    11.382 52961.22318325 24.28 228.581169  67.460999  6.989
 21    13.475 52961.22318390 20.89 228.577599  67.464059  6.989
 21    12.784 52961.22318454 19.50 228.574029  67.467119  6.989
 22    82.635 52996.22322141  5.06 228.587578  67.456772  4.078
 22    78.949 52996.22322270 16.88 228.580438  67.462882  4.078
 22    80.356 52996.22322334 15.27 228.576878  67.465942  4.078
 23    87.511 53031.22318183  7.85 228.611446  67.451748  3.832
 23    83.198 53031.22318248 11.24 228.607886  67.454808  3.832
 23    81.168 53031.22318312 11.50 228.604326  67.457868  3.832
 23    82.890 53031.22318377  9.74 228.600756  67.460928  3.832
 23    82.090 53031.22318441 11.77 228.597196  67.463988  3.832
 23    83.863 53031.22318506 10.33 228.593626  67.467048  3.832
 24    80.502 53066.22319084 10.13 228.591686  67.456290  3.518
 24    80.698 53066.22319149  9.84 228.588126  67.459350  3.518
 24    79.365 53066.22319213  9.88 228.584556  67.462410  3.518
 24    82.031 53066.22319278  9.51 228.580986  67.465460  3.518
 24    82.992 53066.22319342 10.37 228.577416  67.468520  3.518
 25    87.461 53101.22318959  5.00 228.608070  67.452506  3.179
 25    84.690 53101.22319024  4.85 228.604510  67.455566  3.179
 25    83.052 53101.22319088  5.32 228.600940  67.458626  3.179
 25    83.097 53101.22319152  5.95 228.597380  67.461686  3.179
 25    83.262 53101.22319217  4.87 228.593810  67.464746  3.179
 25    83.903 53101.22319281  5.50 228.590250  67.467806  3.179
 26    14.582 53136.22319243 10.96 228.591822  67.455829 10.630
 26    14.352 53136.22319307 10.88 228.588252  67.458889 10.630
 26    13.163 53136.22319372 11.90 228.584682  67.461949 10.630
 26    11.195 53136.22319436 13.49 228.581122  67.464999 10.630
 27    17.161 53171.22324515 13.39 228.583072  67.457958 12.529
 27    74.512 53171.22324580 13.89 228.579502  67.461018 12.529
 27    79.383 53171.22324644 15.38 228.575932  67.464078 12.529
 27    83.879 53171.22324708 13.72 228.572372  67.467138 12.529
 29    13.494 53241.22322410 14.45 228.610967  67.451347 12.575
 29    13.339 53241.22322475 15.94 228.607407  67.454407 12.575
 29    13.048 53241.22322539 18.54 228.603837  67.457457 12.575
 29    13.507 53241.22322604 14.87 228.600277  67.460517 12.575
 29    13.529 53241.22322668 13.30 228.596707  67.463577 12.575
 29    83.304 53241.22322733 11.74 228.593147  67.466637 12.575
 30    10.418 53276.22319577 33.56 228.573416  67.456393 13.488
 30    10.852 53276.22319641 23.51 228.569846  67.459453 13.488
 30    11.557 53276.22319706 17.20 228.566276  67.462503 13.488
 30    11.488 53276.22319770 15.47 228.562706  67.465563 13.488
 31    11.232 53311.22323861 32.38 228.577759  67.463439  7.932
 31    14.705 53311.22323926 31.45 228.574189  67.466489  7.932
 32    83.178 53346.22320262 10.62 228.598975  67.456121  6.398
 32    11.498 53346.22320391 23.61 228.591845  67.462241  6.398
 32    11.447 53346.22320456 23.27 228.588275  67.465301  6.398
 32    10.975 53346.22320520 22.57 228.584705  67.468351  6.398
 33    78.967 53381.22316089 12.36 228.575776  67.457286  3.460
 33    78.178 53381.22316153 13.65 228.572206  67.460346  3.460
 33    76.348 53381.22316218 13.59 228.568636  67.463396  3.460
 33    80.686 53381.22316282 12.21 228.565066  67.466456  3.460
 34    79.268 53416.22318070 14.17 228.599365  67.456983  4.381
 34    71.874 53416.22318135 14.28 228.595795  67.460043  4.381
 34    79.267 53416.22318199 13.68 228.592235  67.463103  4.381
 34    81.820 53416.22318264 14.14 228.588665  67.466163  4.381
 34    82.369 53416.22318328 13.27 228.585095  67.469213  4.381
 35    11.531 53451.22317865 12.43 228.571365  67.457405  5.061
 35    11.821 53451.22317929 12.06 228.567795  67.460465  5.061
 35    11.889 53451.22317994 11.88 228.564225  67.463515  5.061
 35    70.741 53451.22318058 11.52 228.560655  67.466575  5.061
 39   139.998 53591.22322007  1.37 228.608024  67.458710 15.574
 39   112.502 53591.22322071  4.68 228.604454  67.461770 15.574
 39   138.751 53591.22322136  6.63 228.600894  67.464830 15.574
 39   140.208 53591.22322200  4.75 228.597324  67.467890 15.574
 40    15.487 53626.22320755 18.63 228.563826  67.458566 15.723
 40    13.827 53626.22320820 17.47 228.560256  67.461616 15.723
 41    13.399 53661.22323249 17.00 228.583252  67.456920  6.174
 41    81.306 53661.22323313 15.46 228.579692  67.459980  6.174
 41    83.503 53661.22323378 12.96 228.576122  67.463040  6.174
 41    84.984 53661.22323442 13.70 228.572552  67.466090  6.174
 42    14.747 53696.22320031 24.04 228.607446  67.450399 11.050
 42    14.816 53696.22320160 23.61 228.600326  67.456509 11.050
 42    16.113 53696.22320225 23.17 228.596756  67.459569 11.050
 42    16.908 53696.22320289 25.07 228.593196  67.462629 11.050
 42    15.123 53696.22320354 27.50 228.589626  67.465689 11.050
 42    13.987 53696.22320418 24.53 228.586056  67.468749 11.050
 43    12.682 53731.22312308 16.28 228.617689  67.452131  7.670
 43    12.192 53731.22312372 17.53 228.614129  67.455191  7.670
 43    14.495 53731.22312437 15.77 228.610569  67.458251  7.670
 43    14.251 53731.22312501 16.29 228.606999  67.461311  7.670
 43    13.075 53731.22312566 16.29 228.603439  67.464371  7.670
 43    13.450 53731.22312630 15.35 228.599869  67.467431  7.670
 44    12.093 53766.22309586 16.56 228.589982  67.457345  4.927
 44    12.799 53766.22309651 15.23 228.586422  67.460405  4.927
 44    13.002 53766.22309715 14.97 228.582852  67.463465  4.927
 44    12.944 53766.22309780 14.06 228.579282  67.466515  4.927
 45    84.562 53801.22309704  9.20 228.611907  67.453610  4.289
 45    79.891 53801.22309769 12.99 228.608347  67.456660  4.289
 45    11.310 53801.22309833 14.63 228.604777  67.459720  4.289
 45    12.346 53801.22309898 13.54 228.601217  67.462780  4.289
 45    11.645 53801.22309962 12.94 228.597647  67.465840  4.289
 45    82.569 53801.22310027 12.91 228.594077  67.468900  4.289
 46    12.142 53836.22310560 13.74 228.573779  67.458462  5.144
 46    12.330 53836.22310625 12.91 228.570209  67.461522  5.144
 46    12.837 53836.22310689 12.00 228.566639  67.464572  5.144
 46    12.325 53836.22310754 12.26 228.563069  67.467632  5.144
 47    22.635 53871.22316181 37.95 228.584411  67.458845 13.792
 47    22.910 53871.22316245 37.69 228.580841  67.461905 13.792
 47    21.691 53871.22316310 34.53 228.577271  67.464955 13.792
 47    21.794 53871.22316374 27.92 228.573701  67.468015 13.792
 48    17.133 53906.22319992 41.76 228.584267  67.457562 12.397
 48    19.371 53906.22320056 40.49 228.580697  67.460622 12.397
 48    18.234 53906.22320121 40.86 228.577127  67.463682 12.397
 48    19.829 53906.22320185 38.74 228.573557  67.466742 12.397
 49    11.872 53941.22322952 17.58 228.579127  67.459016  9.333
 49    12.668 53941.22323017 15.89 228.575557  67.462076  9.333
 50    11.105 53976.22318321 24.71 228.607502  67.452089 14.506
 50    13.856 53976.22318385 19.78 228.603942  67.455139 14.506
 50    11.805 53976.22318450 17.58 228.600382  67.458199 14.506
 50    12.975 53976.22318514 16.94 228.596812  67.461259 14.506
 51    11.270 54011.22318677 31.94 228.573191  67.458364 17.034
 51    12.098 54011.22318741 23.52 228.569621  67.461424 17.034
 51    10.776 54011.22318806 22.22 228.566051  67.464474 17.034
 51    11.445 54011.22318870 22.16 228.562481  67.467534 17.034
 52    83.261 54046.22319984  8.46 228.596181  67.455190  8.313
 52    10.931 54046.22320242 34.22 228.581911  67.467420  8.313
 53    83.557 54081.22319279  7.98 228.600998  67.455652  4.779
 53    81.695 54081.22319343 13.47 228.597438  67.458712  4.779
 53    11.254 54081.22319472 20.51 228.590308  67.464832  4.779
 53    80.501 54081.22319537 18.51 228.586738  67.467892  4.779
 54    86.665 54116.22312510  3.73 228.616175  67.452424  4.321
 54    84.032 54116.22312575  8.62 228.612615  67.455474  4.321
 54    83.716 54116.22312639 10.82 228.609055  67.458534  4.321
 54    82.106 54116.22312768 16.65 228.601925  67.464654  4.321
 54    82.761 54116.22312833 16.10 228.598355  67.467714  4.321
 55    76.889 54151.22314447 14.85 228.584262  67.461301  4.104
 55    73.798 54151.22314512 14.47 228.580692  67.464361  4.104
 55    79.913 54151.22314576 13.81 228.577122  67.467411  4.104
 56    84.527 54186.22311785  2.30 228.610561  67.455133  3.913
 56    83.532 54186.22311849  5.49 228.607001  67.458183  3.913
 56    10.738 54186.22311978 14.29 228.599871  67.464303  3.913
 56    82.052 54186.22312043 13.17 228.596311  67.467363  3.913
 57    12.189 54221.22315341  8.48 228.582942  67.457442  6.452
 57    13.316 54221.22315406  8.72 228.579372  67.460502  6.452
 57    13.291 54221.22315470  8.34 228.575812  67.463562  6.452
 57    13.076 54221.22315534  8.06 228.572242  67.466622  6.452
 58    17.179 54256.22317609 20.04 228.592932  67.456288  6.167
 58    15.727 54256.22317674 21.20 228.589362  67.459348  6.167
 58    13.837 54256.22317738 20.95 228.585792  67.462408  6.167
 58    12.860 54256.22317803 19.93 228.582232  67.465468  6.167
 58    12.418 54256.22317867 20.48 228.578662  67.468528  6.167
 59    14.942 54291.22317892 19.35 228.588168  67.462302  8.045
 59    15.882 54291.22317956 22.25 228.584608  67.465362  8.045
 59    13.889 54291.22318021 23.74 228.581038  67.468422  8.045
 60    72.800 54326.22317510 12.75 228.598397  67.456401 13.270
 60    73.635 54326.22317574 12.09 228.594837  67.459451 13.270
 60    14.641 54326.22317768 33.32 228.584137  67.468631 13.270
 61     7.685 54361.22312556 45.81 228.616304  67.452598 13.802
 61    10.444 54361.22312621 43.33 228.612734  67.455648 13.802
 61    15.509 54361.22312685 36.72 228.609174  67.458708 13.802
 61    15.340 54361.22312749 39.02 228.605614  67.461768 13.802
 61    14.163 54361.22312814 40.90 228.602044  67.464828 13.802
 61    13.826 54361.22312878 39.29 228.598484  67.467888 13.802
 62    12.848 54396.22311559 40.49 228.588552  67.458337 11.238
 62    12.458 54396.22311624 43.30 228.584982  67.461397 11.238
 62    14.072 54396.22311688 41.17 228.581412  67.464447 11.238
 62    14.730 54396.22311753 38.39 228.577842  67.467507 11.238
 63    14.251 54431.22307538 15.40 228.611847  67.451436  6.077
 63    81.691 54431.22307602 14.39 228.608287  67.454496  6.077
 63    76.871 54431.22307667 15.49 228.604717  67.457556  6.077
 63    79.556 54431.22307731 14.01 228.601157  67.460616  6.077
 63    79.865 54431.22307795 14.76 228.597587  67.463676  6.077
 63    84.579 54431.22307860 12.82 228.594027  67.466726  6.077
 64    81.652 54466.22309636 11.82 228.584834  67.458101  4.242
 64    82.123 54466.22309701 11.68 228.581264  67.461161  4.242
 64    84.136 54466.22309765 11.44 228.577694  67.464211  4.242
 64    85.228 54466.22309830 10.92 228.574124  67.467271  4.242
 65    88.137 54501.22308854  3.11 228.608820  67.450359  4.529
 65    85.222 54501.22308919  6.61 228.605260  67.453409  4.529
 65    83.428 54501.22308983  9.16 228.601690  67.456469  4.529
 65    83.354 54501.22309048  9.56 228.598130  67.459529  4.529
 65    85.401 54501.22309112  9.22 228.594560  67.462589  4.529
 65    85.561 54501.22309177  8.93 228.591000  67.465649  4.529
 65    86.469 54501.22309241 10.18 228.587430  67.468709  4.529
 66    83.203 54536.22311063  6.86 228.596326  67.455454  3.622
 66    82.800 54536.22311127  7.40 228.592766  67.458514  3.622
 66    83.679 54536.22311192  7.01 228.589196  67.461574  3.622
 66    84.832 54536.22311256  7.42 228.585626  67.464634  3.622
 66    85.815 54536.22311321  8.48 228.582066  67.467684  3.622
 67    88.359 54571.22309102  5.38 228.613440  67.451457  3.773
 67    84.334 54571.22309167  6.86 228.609870  67.454517  3.773
 67    83.622 54571.22309231  6.17 228.606310  67.457567  3.773
 67    84.088 54571.22309296  5.74 228.602750  67.460627  3.773
 67    85.193 54571.22309360  5.33 228.599180  67.463687  3.773
 67    87.489 54571.22309425  5.64 228.595620  67.466747  3.773
 67    87.466 54571.22309489  6.16 228.592050  67.469807  3.773
 68    22.539 54606.22310518 23.90 228.589524  67.457532 13.042
 68    22.173 54606.22310582 27.00 228.585964  67.460592 13.042
 68    21.881 54606.22310647 24.18 228.582394  67.463652 13.042
 68    21.809 54606.22310711 23.08 228.578824  67.466702 13.042
 69    17.968 54641.22311381 19.19 228.597606  67.455226 11.362
 69    17.872 54641.22311445 27.62 228.594036  67.458286 11.362
 69    12.311 54641.22311510 27.91 228.590476  67.461346 11.362
 69    16.104 54641.22311574 19.27 228.586906  67.464406 11.362
 71    14.483 54711.22307040 14.97 228.614069  67.452252  9.618
 71    15.213 54711.22307104 14.14 228.610509  67.455302  9.618
 71    15.219 54711.22307169 15.95 228.606939  67.458362  9.618
 71    14.035 54711.22307233 15.56 228.603379  67.461422  9.618
 71    13.438 54711.22307298 15.63 228.599809  67.464482  9.618
 71    13.041 54711.22307362 15.54 228.596249  67.467542  9.618
 72    13.159 54746.22308452 39.80 228.587255  67.457903  9.245
 72    12.767 54746.22308517 40.67 228.583695  67.460963  9.245
 72    12.119 54746.22308581 36.08 228.580125  67.464023  9.245
 72    15.227 54746.22308646 28.43 228.576555  67.467083  9.245
 73    14.178 54781.22305649 22.42 228.599199  67.456400  8.336
 73    14.601 54781.22305714 23.56 228.595629  67.459460  8.336
 73    16.623 54781.22305778 23.22 228.592069  67.462520  8.336
 73    12.930 54781.22305843 29.29 228.588499  67.465580  8.336
 73    14.863 54781.22305907 23.19 228.584929  67.468630  8.336
 74    11.506 54816.22307732 17.77 228.587593  67.456377  5.605
 74    11.979 54816.22307797 18.95 228.584033  67.459437  5.605
 74    12.593 54816.22307861 18.79 228.580463  67.462497  5.605
 74    12.926 54816.22307925 19.57 228.576893  67.465557  5.605
 75    10.956 54851.22305447 15.02 228.602067  67.455648  4.489
 75    76.805 54851.22305511 15.35 228.598507  67.458708  4.489
 75    80.233 54851.22305576 14.63 228.594937  67.461768  4.489
 75    73.782 54851.22305640 14.51 228.591377  67.464828  4.489
 75    81.550 54851.22305705 14.22 228.587807  67.467888  4.489
 76    79.812 54886.22308110 12.76 228.590066  67.455734  3.693
 76    79.590 54886.22308174 12.81 228.586506  67.458794  3.693
 76    78.706 54886.22308239 12.27 228.582936  67.461854  3.693
 76    81.262 54886.22308303 12.21 228.579366  67.464904  3.693
 76    83.060 54886.22308368 12.24 228.575796  67.467964  3.693
 77    86.129 54921.22305483  2.56 228.613230  67.453220  3.452
 77    83.925 54921.22305547  5.94 228.609660  67.456270  3.452
 77    82.235 54921.22305612 11.51 228.606100  67.459330  3.452
 77    83.127 54921.22305676 11.47 228.602540  67.462390  3.452
 77    83.892 54921.22305741 11.78 228.598970  67.465450  3.452
 77    85.384 54921.22305805 11.01 228.595410  67.468510  3.452
 78    11.696 54956.22307773 16.63 228.583949  67.458103  7.013
 78    12.887 54956.22307837 15.09 228.580379  67.461163  7.013
 78    79.134 54956.22307902 15.13 228.576809  67.464223  7.013
 78    13.009 54956.22307966 19.04 228.573239  67.467273  7.013
 80    16.182 55026.22309064 18.80 228.601594  67.454407 12.269
 80    15.037 55026.22309128 19.96 228.598024  67.457467 12.269
 80    14.538 55026.22309193 19.76 228.594464  67.460527 12.269
 80    13.221 55026.22309257 20.19 228.590894  67.463587 12.269
 82    33.062 55096.22303294 19.56 228.617272  67.451046  9.339
 82    12.450 55096.22303488 38.25 228.606582  67.460216  9.339
 82    10.609 55096.22303552 40.51 228.603022  67.463276  9.339
 82    13.002 55096.22303617 38.79 228.599452  67.466336  9.339
 82     9.903 55096.22303681 40.06 228.595892  67.469396  9.339
 83    82.681 55131.22302724 13.85 228.589940  67.456311  8.090
 83    10.710 55131.22302917 37.97 228.579240  67.465481  8.090
 83    10.168 55131.22302982 37.12 228.575670  67.468541  8.090
 84    83.314 55166.22299596  4.68 228.603232  67.454488  5.485
 84    83.053 55166.22299661 10.07 228.599662  67.457548  5.485
 84    83.650 55166.22299725 14.61 228.596102  67.460598  5.485
 84    84.637 55166.22299790 16.61 228.592532  67.463658  5.485
 85    82.776 55201.22301934  2.43 228.588962  67.455962  4.000
 85    79.611 55201.22301998 11.54 228.585402  67.459022  4.000
 85    82.811 55201.22302063 13.74 228.581832  67.462082  4.000
 85    85.591 55201.22302127 14.26 228.578262  67.465132  4.000
 85    81.597 55201.22302192 17.75 228.574692  67.468192  4.000
 86    83.118 55236.22300241  4.37 228.604780  67.455507  4.446
 86    82.512 55236.22300306  9.41 228.601220  67.458557  4.446
 86    81.265 55236.22300370 15.24 228.597650  67.461617  4.446
 86    82.810 55236.22300435 16.59 228.594090  67.464677  4.446
 86    84.001 55236.22300499 16.71 228.590520  67.467737  4.446
 87    79.178 55271.22301363 14.25 228.593542  67.456488  4.563
 87    79.040 55271.22301428 15.88 228.589982  67.459548  4.563
 87    75.910 55271.22301492 16.71 228.586412  67.462608  4.563
 87    80.211 55271.22301557 15.44 228.582842  67.465658  4.563
 87    84.502 55271.22301621 15.61 228.579282  67.468718  4.563
 88    81.178 55306.22298604  1.24 228.600356  67.465208  6.602
 88    10.831 55306.22298668 12.44 228.596786  67.468268  6.602
 89    84.084 55341.22298440  7.60 228.593192  67.456653  7.966
 89    83.774 55341.22298504  8.36 228.589622  67.459713  7.966
 89    83.924 55341.22298569 10.05 228.586062  67.462773  7.966
 89    85.599 55341.22298633  9.58 228.582492  67.465833  7.966
 91    15.812 55411.22300051 36.55 228.588356  67.457735 22.331
 91    15.232 55411.22300116 40.94 228.584786  67.460795 22.331
 91    14.283 55411.22300180 37.39 228.581216  67.463845 22.331
 91    15.361 55411.22300245 38.00 228.577656  67.466905 22.331
 92    12.520 55446.22299240 22.52 228.599149  67.455059  5.754
 92    11.122 55446.22299304 21.15 228.595589  67.458119  5.754
 93     8.559 55481.22292413 23.22 228.618605  67.453641 10.907
 93    12.407 55481.22292477 16.23 228.615045  67.456701 10.907
 93    12.748 55481.22292542 12.72 228.611485  67.459761 10.907
 93    83.467 55481.22292606 12.31 228.607915  67.462811 10.907
 93    85.189 55481.22292671 11.80 228.604355  67.465871 10.907
