# NaN NaN NaN ;Mean Elev.(m), Avg Gradient(m/km), RMS Gradient(m/km) - SRTM1     
#    5.469  -2.007  17.608 ;Mean Elev.(m), Avg Gradient(m/km), RMS Gradient(m/km) - ASTER GDEM
#    6.067  -1.365  16.692 ;Mean Elev.(m), Avg Gradient(m/km), RMS Gradient(m/km) - GMTED2010 
  8 226.466613  67.390510    49.661    48.191  6 52478.84610293 11.840
  9 226.469093  67.391557     6.292     6.227  5 52513.84604743 42.216
 10 226.476732  67.385047     7.639     7.337  7 52548.84609207 38.022
 11 226.473223  67.387470    90.825    93.586  7 52583.84608488 15.811
 12 226.463170  67.397061    88.455    90.427  5 52618.84605977 14.477
 13 226.479197  67.384064    93.474    93.292  7 52653.84604134 13.165
 14 226.464125  67.394910    89.182    89.136  6 52688.84603755 10.586
 15 226.473284  67.389484    93.261    94.062  6 52723.84608355  6.575
 17 226.481756  67.382856    94.951    95.029  7 52793.84605856  6.161
 18 226.481993  67.382321     9.046     8.718  7 52828.84612612 40.718
 19 226.480811  67.384431     8.473     8.350  6 52863.84617056 33.653
 20 226.466575  67.391880    94.616    96.735  5 52898.84619900  6.381
 21 226.463503  67.398616    79.223    77.641  5 52933.84614251 13.130
 22 226.476783  67.385815    94.195    94.140  7 52968.84615623 13.085
 23 226.466024  67.392714    87.688    87.757  6 53003.84617609 10.464
 24 226.460529  67.397230    89.379    88.831  5 53038.84612452  8.238
 25 226.466425  67.390522    87.972    89.785  6 53073.84615464  8.243
 26 226.462143  67.401073    95.530    97.462  5 53108.84612399  4.237
 27 226.474868  67.388340    89.131    91.199  6 53143.84616485  4.218
 28 226.473191  67.388738     9.697     9.805  6 53178.84618268 43.539
 29 226.467356  67.388335     6.848     7.095  6 53213.84620417 42.183
 30 226.464903  67.393337     6.532     6.128  5 53248.84617282 39.047
 31 226.475881  67.385558    94.617    94.634  6 53283.84616741 12.411
 32 226.477945  67.387159    91.814    91.220  6 53318.84616076 11.831
 33 226.468173  67.391527    90.783    90.139  6 53353.84612695 11.887
 34 226.478170  67.383998    88.497    89.881  6 53388.84612807 11.923
 35 226.472560  67.388196    81.311    84.687  6 53423.84612690 10.794
 36 226.482438  67.382809    94.380    94.327  6 53458.84613267  7.300
 38 226.472208  67.386901    71.410    80.082  6 53528.84619414  9.717
 39 226.464090  67.394457    72.518    72.906  5 53563.84622332  8.992
 41 226.476543  67.385145    37.502    38.824  6 53633.84616173 19.497
 42 226.467835  67.389280    91.824    91.951  6 53668.84618315 14.272
 43 226.469423  67.389142    92.484    91.925  6 53703.84612388  5.340
 44 226.461617  67.396581    79.961    84.000  5 53738.84603200  6.479
 45 226.478376  67.385990    92.452    91.975  6 53773.84605012  6.968
 46 226.465572  67.394697    89.659    89.377  5 53808.84603423  8.874
 48 226.476242  67.385221    21.530    21.556  6 53878.84610562 38.170
 49 226.466528  67.389562    72.355    82.549  6 53913.84615950  9.139
 50 226.463497  67.393992     8.055     8.371  5 53948.84617099 44.125
 51 226.463668  67.393111     7.915     8.147  5 53983.84611111 44.352
 52 226.479318  67.384870    80.086    82.221  6 54018.84614431  7.284
 53 226.478291  67.385396    94.111    94.525  7 54053.84613587 15.572
 54 226.466657  67.391159    94.458    94.143  5 54088.84612679 14.103
 55 226.481656  67.383579    93.905    94.570  7 54123.84605028 11.412
 56 226.471661  67.390450    90.435    90.284  6 54158.84609129 10.138
 57 226.480894  67.384781    92.271    92.857  6 54193.84605242  8.308
 58 226.472338  67.388107    93.105    92.950  6 54228.84610374  3.643
 59 226.472512  67.387470    91.174    93.512  7 54263.84612220  6.548
 60 226.471173  67.387138    70.413    72.294  6 54298.84612638  9.195
 61 226.468586  67.392056     8.262     8.413  6 54333.84611589 43.587
 63 226.468899  67.390326    80.556    77.523  6 54403.84605987 11.812
 64 226.482643  67.382957    82.888    79.011  6 54438.84601787 11.552
 65 226.474831  67.386427    83.753    82.786  6 54473.84604652 12.723
 66 226.481064  67.384655    93.723    93.759  6 54508.84602941 12.318
 67 226.471485  67.389992    91.974    90.771  6 54543.84606039 11.715
 68 226.472846  67.385947    89.262    92.023  6 54578.84602995  6.837
 69 226.469832  67.387883    42.131    43.024  6 54613.84605092 19.390
 70 226.472881  67.387750    93.035    93.155  6 54648.84605940  6.135
 71 226.468056  67.391903    70.138    70.983  6 54683.84605717  9.464
 72 226.481364  67.383546    28.773    29.268  6 54718.84600515 24.307
 73 226.471059  67.386593    89.804    93.013  6 54753.84603142 15.248
 74 226.479825  67.384523    83.541    79.283  7 54788.84599797 12.191
 75 226.473606  67.385495    91.158    90.531  6 54823.84602659 10.513
 76 226.481296  67.382966    93.356    93.222  6 54858.84599179  9.729
 77 226.467969  67.391503    81.771    82.355  6 54893.84602781  9.498
 78 226.477585  67.384928    86.423    87.477  7 54928.84599084  7.744
 79 226.469858  67.387196     8.804     9.035  6 54963.84602798 28.610
 80 226.468061  67.389335    67.024    72.971  6 54998.84604833 10.927
 81 226.474645  67.388242    89.964    91.422  6 55033.84603633  6.580
 82 226.465278  67.391191    54.997    55.163  6 55068.84602482 11.603
 83 226.479006  67.385072    77.008    78.375  7 55103.84596504 10.589
 84 226.470180  67.387670    95.189    95.956  6 55138.84597278 16.431
 85 226.480175  67.382934    94.764    95.248  7 55173.84593371 14.035
 86 226.473554  67.387897    92.229    91.831  6 55208.84596736 12.528
 87 226.477718  67.385161    92.679    92.628  7 55243.84593880 11.382
 88 226.466711  67.390690    88.267    88.602  6 55278.84596087 10.451
 89 226.473565  67.388461    93.022    92.764  6 55313.84592442  8.386
 90 226.467170  67.389146    57.845    65.900  6 55348.84593179 12.541
 91 226.478662  67.386464    71.712    68.342  5 55383.84592364 11.694
 92 226.474474  67.388074     7.079     7.465  6 55418.84595057 41.226
 93 226.465849  67.392990    91.305    90.092  5 55453.84592928  6.355
 94 226.461873  67.396553    74.892    77.629  5 55488.84584929 14.990
