# NaN NaN NaN ;Mean Elev.(m), Avg Gradient(m/km), RMS Gradient(m/km) - SRTM1     
#   21.215  -9.175  11.269 ;Mean Elev.(m), Avg Gradient(m/km), RMS Gradient(m/km) - ASTER GDEM
#   44.796  -9.429  10.635 ;Mean Elev.(m), Avg Gradient(m/km), RMS Gradient(m/km) - GMTED2010 
  7 232.055533  65.580208   123.129   123.202  8 52468.21876180  5.677
  8 232.059132  65.580787   122.029   122.039  9 52503.21875080  9.337
  9 232.032119  65.587161   128.102   127.168  6 52538.21873719 10.859
 10 232.049920  65.580683   118.614   117.459  7 52573.21877581  5.980
 11 232.064677  65.578352   116.822   115.293  8 52608.21873316  5.106
 12 232.046145  65.580332   118.753   118.447  6 52643.21872985  4.667
 13 232.071310  65.575002   122.672   123.584  8 52678.21871088  0.636
 16 232.030369  65.586998   130.437   129.464  7 52783.21871855 10.280
 17 232.033325  65.585327   123.962   122.621  8 52818.21879590  5.668
 18 232.048210  65.581381   122.261   121.885  7 52853.21884446  3.485
 20 232.069233  65.576891    33.341    33.342  9 52923.21883126 41.613
 21 232.048338  65.582251   115.576   115.704  7 52958.21879883  6.294
 22 232.043797  65.590288   116.546   116.546  2 52993.21882627  0.971
 24 232.056489  65.581335   124.919   123.749  7 53063.21879744  0.439
 25 232.061234  65.579823   127.918   126.567  8 53098.21881432  0.900
 26 232.056398  65.581331    34.638    34.705  8 53133.21879562 31.906
 28 232.056853  65.576154   117.547   117.456  5 53203.21886942  2.179
 29 232.076831  65.573531   126.690   126.905  9 53238.21883701  2.804
 30 232.034724  65.584152   122.109   120.136  8 53273.21879982  9.327
 31 232.044911  65.580470   123.646   123.177  6 53308.21885802  4.265
 33 232.037698  65.582970   129.041   129.477  7 53378.21876587  2.293
 34 232.060272  65.580014   127.098   126.265  8 53413.21880022  0.712
 35 232.033813  65.582663   128.490   128.731  7 53448.21878934  3.135
 36 232.045563  65.576033   130.018   129.916  3 53483.21887321  0.193
 37 232.058264  65.580781   122.358   121.876  9 53518.21887348  8.378
 38 232.050694  65.579961   118.917   118.303  6 53553.21889512  1.978
 39 232.077958  65.569830    36.116    36.178  5 53588.21884241 39.166
 40 232.028509  65.584205   123.639   124.054  7 53623.21881787  5.212
 41 232.042533  65.583195   117.145   117.189  8 53658.21884461  4.719
 42 232.062262  65.578337   114.594   114.581  7 53693.21882446  5.288
 43 232.078745  65.575691   125.587   125.470  6 53728.21874676  1.349
 44 232.051656  65.580432   121.917   122.094  3 53763.21870676  1.614
 45 232.069908  65.580325   123.667   123.228  5 53798.21871583  0.508
 47 232.044703  65.582672    46.170    46.487  7 53868.21877679 27.287
 48 232.051404  65.581435   121.002   121.671  8 53903.21880831  5.288
 49 232.047658  65.576339   119.588   119.700  4 53938.21884355  1.260
 50 232.062468  65.578880    33.537    33.538  8 53973.21880590 36.938
 52 232.054154  65.579769   115.318   115.693  7 54043.21881794  7.342
 53 232.067619  65.575126   114.250   114.507  7 54078.21881049  3.599
 54 232.066990  65.585435   109.781   109.781  2 54113.21875052  1.442
 57 232.045852  65.581615    33.057    33.076  8 54218.21876559  3.660
 58 232.051964  65.581676   121.419   121.523  7 54253.21879069  8.820
 59 232.060397  65.579770    36.486    36.522  9 54288.21879407 51.680
 61 232.079174  65.573120   114.651   114.178 10 54358.21874675  2.182
 62 232.057100  65.578093   115.985   115.859  7 54393.21873145  3.806
 63 232.072756  65.571559    36.429    36.531  4 54428.21869672 20.149
 64 232.039224  65.591316    36.813    36.813  2 54463.21871274  8.516
 65 232.060429  65.582928    53.789    49.309  6 54498.21870832  5.474
 68 232.051016  65.582040   122.458   122.172  7 54603.21871955 11.296
 69 232.056992  65.580238   120.624   121.690  9 54638.21872984  3.203
 70 232.057687  65.579840   115.578   115.385  8 54673.21873278  4.246
 71 232.071819  65.575856   123.305   123.672 10 54708.21869037  6.884
 72 232.050644  65.582122   119.561   119.242  7 54743.21869904  8.030
 73 232.065341  65.577397   115.048   115.215  8 54778.21867287  5.268
 74 232.048740  65.579385   122.545   122.174  6 54813.21869206  2.002
 75 232.065562  65.578193    95.028   112.027  9 54848.21867286  3.569
 78 232.049156  65.582034   118.582   119.637  8 54953.21869038 15.326
 79 232.050019  65.581234   120.730   119.965  7 54988.21871429  5.076
 80 232.061762  65.579943   120.420   121.156  9 55023.21870574  9.366
 81 232.060361  65.579260   123.026   123.053  9 55058.21870119  3.757
 82 232.074935  65.574226   125.748   125.949 10 55093.21865466  6.130
 83 232.055930  65.578531   116.340   116.521  7 55128.21864156  7.382
 84 232.065323  65.576441   116.199   115.069  7 55163.21861679  4.797
 85 232.051273  65.578314   121.109   120.803  5 55198.21863304  3.158
 87 232.053701  65.581086   123.755   123.637  3 55268.21862813  0.235
 89 232.056215  65.581394   120.145   120.775  8 55338.21860169 11.691
 90 232.060923  65.579597   122.708   122.904  9 55373.21859180  4.484
 91 232.054972  65.579049   117.508   118.315  6 55408.21861266  0.832
 92 232.059888  65.580495   116.225   115.974  9 55443.21861025  2.396
 93 232.084006  65.569823    33.057    33.054 10 55478.21854653 51.039
