-227617.644  1709.326     0.00  122.65
-227246.971  1792.808   225.18  132.90
-226876.229  1826.442    90.71  103.87
-226505.418  1799.267   -73.27  131.41
-226134.537  1739.197  -161.94  146.96
-225763.587  1701.405  -101.86  111.20
-225392.568  1726.654    68.04  119.94
-225021.479  1797.018   189.58  141.89
-224650.322  1889.313   248.62  121.03
-224279.094  1913.345    64.73  105.19
-223907.797  1871.108  -113.74  140.96
-223536.431  1809.878  -164.85  150.21
-223164.995  1768.490  -111.41  124.26
-222793.490  1795.654    73.11  136.92
-222421.914  1851.181   149.41  111.28
-222050.270  1871.103    53.59   95.88
-221678.555  1833.286  -101.72  136.18
-221306.771  1758.053  -202.32  160.15
-220934.917  1679.803  -210.40  158.48
-220562.993  1611.704  -183.07  167.43
-220191.000  1527.762  -225.62  162.36
-219818.936  1468.696  -158.73  117.80
-219446.803  1471.301     7.00  120.15
-219074.599  1535.254   171.79  173.03
-218702.326  1634.301   266.01  172.85
-218329.982  1706.402   193.61  136.76
-217957.568  1755.219   131.06  109.77
-217585.085  1744.684   -28.28  104.38
-217212.531  1665.683  -212.02  151.39
-216839.907  1556.888  -291.92  188.49
-216467.212  1445.543  -298.71  118.37
-216094.448  1442.181    -9.02  116.18
-215721.613  1536.400   252.67  180.68
-215348.707  1659.317   329.56  169.49
-214975.731  1737.046   208.37  116.32
-214602.685  1705.832   -83.66  157.68
-214229.569  1633.280  -194.42  156.33
-213856.381  1554.305  -211.59  106.05
-213483.123  1522.805   -84.38   81.89
-213109.795  1537.890    40.40   93.69
-212736.396  1536.861    -2.76   99.17
-212362.926  1539.693     7.58   78.76
-211989.386  1516.447   -62.22   79.06
-211615.774  1490.193   -70.26   96.78
-211242.092  1470.638   -52.32  114.92
-210868.340  1432.271  -102.64  115.80
-210494.516  1435.122     7.63  104.55
-210120.621  1413.688   -57.32   95.79
-209746.655  1364.159  -132.42  101.03
-209372.619  1330.309   -90.49  103.74
-208998.511  1304.206   -69.76  105.44
-208624.332  1311.776    20.23  109.83
-208250.082  1336.441    65.89   98.50
-207875.761  1341.489    13.48   63.23
-207501.369  1317.996   -62.74   55.43
-207126.905  1271.541  -124.04   70.04
-206752.370  1223.688  -127.75   67.49
-206377.764  1188.960   -92.69   63.58
-206003.086  1164.179   -66.13   57.49
-205628.337  1141.374   -60.84   53.47
-205253.517  1117.675   -63.22   55.29
-204878.625  1086.845   -82.22   58.45
-204503.661  1053.269   -89.53   52.58
-204128.626  1023.110   -80.41   54.55
-203753.520   993.791   -78.15   51.02
-203378.341   971.007   -60.72   37.82
-203003.091   959.430   -30.85   35.37
-202627.769   967.362    21.13   59.42
-202252.376   979.972    33.58   81.55
-201876.910   996.443    43.86   96.94
-201501.373  1026.405    79.77  119.08
-201125.764  1049.100    60.41  131.64
-200750.083  1085.948    98.07  135.82
-200374.330  1109.581    62.89  140.04
-199998.505  1124.088    38.59  150.48
-199622.608  1147.425    62.07  162.18
-199246.638  1165.757    48.75  177.66
-198870.597  1169.133     8.97  171.10
-198494.483  1141.634   -73.10  156.40
-198118.297  1064.134  -205.98  133.58
-197742.039  1023.902  -106.91   93.36
-197365.709  1030.078    16.41   83.38
-196989.306  1101.242   189.04  128.89
-196612.831  1198.460   258.19  139.07
-196236.283  1302.031   275.01  136.89
-195859.663  1352.066   132.83  121.33
-195482.970  1354.733     7.08  108.33
-195106.205  1315.722  -103.53  113.42
-194729.367  1264.867  -134.93  108.96
-194352.457  1216.134  -129.28  117.82
-193975.474  1172.646  -115.34  130.19
-193598.418  1121.414  -135.85  149.05
-193221.289  1098.369   -61.10  141.41
-192844.087  1107.743    24.85  134.50
-192466.813  1135.788    74.32  148.41
-192089.466  1166.043    80.17  154.18
-191712.046  1122.650  -114.96  152.44
-191334.553  1100.779   -57.93  126.34
-190956.986  1123.832    61.05  132.70
-190579.347  1192.313   181.31  145.84
-190201.635  1260.210   179.73  121.84
-189823.849  1281.764    57.05  113.47
-189445.990  1249.831   -84.50  112.56
-189068.058  1173.216  -202.69  129.49
-188690.053  1060.710  -297.59  142.66
-188311.975   988.033  -192.20  130.11
-187933.823   983.937   -10.83  150.34
-187555.597   992.104    21.59  171.67
-187177.299   971.650   -54.06  164.45
-186798.926   903.518  -180.04  169.47
-186420.481   823.332  -211.85  145.76
-186041.961   747.448  -200.45  119.00
-185663.368   703.017  -117.34  109.57
-185284.701   677.650   -66.98   87.89
-184905.961   662.454   -40.12   75.36
-184527.147   671.154    22.96  103.73
-184148.259   685.348    37.46  130.36
-183769.297   678.902   -17.01  128.90
-183390.262   663.472   -40.70  111.24
-183011.152   640.271   -61.19   80.39
-182631.969   626.216   -37.06   54.91
-182252.711   610.259   -42.07   33.18
-181873.380   604.591   -14.94   19.49
-181493.974   599.565   -13.25   11.55
-181114.494   595.280   -11.29    8.76
-180734.940   591.809    -9.14    9.48
-180355.312   574.569   -45.41   32.78
-179975.610   538.256   -95.62   52.80
-179595.833   504.021   -90.13   45.61
-179215.982   482.324   -57.11   24.11
-178836.056   483.936     4.24   23.38
-178456.056   521.892    99.87   65.94
-178075.982   604.739   217.95  118.28
-177695.833   715.855   292.26  155.57
-177315.610   886.983   450.01  187.06
-176935.311  1059.017   452.30  214.69
-176554.939  1260.305   529.11  215.21
-176181.988  1441.075   484.64  209.61
-175815.809  1581.681   383.93  154.82
-175449.561  1640.328   160.11  112.04
-175083.244  1631.219   -24.86  138.73
-174716.859  1593.704  -102.38  133.15
-174350.405  1595.779     5.66  119.98
-173983.883  1647.545   141.22  119.10
-173617.292  1705.594   158.33  105.04
-173250.633  1710.259    12.72  117.98
-172883.904  1663.793  -126.69  147.39
-172517.107  1626.029  -102.94  123.54
-172150.242  1640.489    39.41  112.98
-171783.307  1696.938   153.82  119.04
-171416.304  1736.301   107.24   98.52
-171049.232  1749.301    35.41   93.86
-170682.091  1734.646   -39.91  105.63
-170314.880  1712.008   -61.64   93.88
-169947.601  1698.642   -36.39   71.94
-169580.253  1709.140    28.57   69.96
-169212.836  1710.857     4.67   72.80
-168845.349  1694.280   -45.10   83.51
-168477.794  1645.824  -131.82   89.76
-168110.169  1606.630  -106.60   82.54
-167742.475  1598.016   -23.42   98.29
-167374.712  1590.543   -20.32  101.00
-167006.880  1575.790   -40.10   94.31
-166638.978  1558.262   -47.64   88.66
-166271.006  1511.844  -126.13   76.74
-165902.966  1462.699  -133.51   81.72
-165534.855  1410.904  -140.69   84.87
-165166.676  1371.760  -106.30   70.16
-164798.426  1353.007   -50.92   71.24
-164430.108  1349.739    -8.87   83.12
-164061.719  1341.686   -21.86   90.46
-163693.261  1307.972   -91.49   95.31
-163324.733  1261.638  -125.71   88.24
-162956.136  1221.420  -109.10   72.70
-162587.468  1187.873   -90.98   40.50
-162218.731  1180.111   -21.05   36.55
-161849.924  1180.228     0.32   38.57
-161481.047  1188.133    21.43   36.03
-161112.100  1197.731    26.01   36.36
-160743.083  1206.983    25.07   34.14
-160373.996  1204.866    -5.74   34.55
-160004.839  1187.222   -47.79   40.46
-159635.612  1162.088   -68.06   43.11
-159266.315  1126.088   -97.47   42.65
-158896.948  1095.267   -83.43   40.42
-158527.510  1073.335   -59.36   31.10
-158158.002  1060.583   -34.51   29.14
-157788.424  1069.742    24.78   43.22
-157418.776  1092.585    61.79   47.54
-157049.057  1117.222    66.63   39.79
-156679.267  1125.202    21.58   26.22
-156309.408  1108.681   -44.66   32.83
-155939.477  1082.517   -70.72   39.13
-155569.477  1059.225   -62.94   31.90
-155199.405  1059.029    -0.53   33.59
-154829.263  1078.569    52.79   47.45
-154459.050  1121.983   117.25   50.58
-154088.767  1163.155   111.18   42.87
-153718.413  1196.983    91.33   45.01
-153347.988  1229.829    88.66   42.76
-152977.492  1256.017    70.68   39.58
-152606.926  1269.519    36.43   29.73
-152236.288  1254.154   -41.45   46.75
-151865.580  1215.018  -105.56   73.36
-151494.800  1142.619  -195.24  102.55
-151123.950  1055.913  -233.78  130.86
-150753.028   964.466  -246.51  129.41
-150382.036   898.165  -178.69   93.21
-150010.972   873.739   -65.82   54.68
-149639.837   922.506   131.38  112.03
-149268.631  1012.854   243.36  150.35
-148897.353  1103.646   244.51  152.28
-148526.004  1201.615   263.79  114.29
-148154.584  1262.041   162.67   77.98
-147783.093  1290.716    77.18   64.37
-147411.530  1304.684    37.59   55.01
-147039.895  1315.783    29.86   45.53
-146668.189  1329.165    36.00   35.28
-146296.412  1343.831    39.44   20.84
-145924.563  1350.354    17.54   21.88
-145552.642  1358.317    21.41   19.82
-145180.650  1368.619    27.69   19.52
-144808.585  1382.008    35.98   19.17
-144436.449  1392.351    27.79   17.43
-144064.242  1399.430    19.02   14.24
-143691.962  1403.905    12.02   12.45
-143319.611  1407.289     9.09   11.41
-142947.187  1401.313   -16.04   21.87
-142574.692  1391.606   -26.06   28.40
-142202.125  1368.937   -60.84   44.18
-141829.485  1341.569   -73.44   55.04
-141456.774  1286.317  -148.23   93.19
-141083.990  1222.779  -170.42  107.17
-140711.134  1215.805   -18.70  104.42
-140338.206  1236.442    55.33  113.08
-139965.206  1304.522   182.50  105.38
-139592.133  1370.407   176.58   37.23
-139218.988  1374.972    12.23   43.71
-138845.771  1360.567   -38.59   65.43
-138472.481  1349.381   -29.96   62.96
-138099.119  1349.902     1.40   52.95
-137725.684  1366.399    44.17   47.90
-137352.177  1386.725    54.41   42.77
-136978.597  1410.710    64.20   28.71
-136604.944  1421.355    28.49   17.95
-136231.219  1420.074    -3.43   17.20
-135857.421  1411.867   -21.95   25.57
-135483.551  1396.960   -39.87   32.98
-135109.607  1377.362   -52.40   43.37
-134735.591  1339.483  -101.27   61.34
-134361.501  1286.581  -141.40   75.72
-133987.339  1246.038  -108.34   69.03
-133613.104  1230.799   -40.72   55.85
-133238.796  1233.699     7.75   50.92
-132864.415  1241.638    21.20   34.29
-132489.960  1235.811   -15.56   31.00
-132115.433  1221.937   -37.04   39.14
-131740.832  1210.707   -29.97   43.96
-131366.158  1201.512   -24.54   47.12
-130991.411  1200.545    -2.58   52.61
-130616.590  1194.087   -17.23   60.31
-130241.697  1195.590     4.01   70.98
-129866.729  1194.108    -3.95   78.78
-129491.689  1187.517   -17.57   81.20
-129116.574  1177.362   -27.07   78.82
-128741.387  1135.512  -111.53   95.41
-128366.125  1064.420  -189.43  121.77
-127990.790   989.801  -198.79  113.79
-127615.382   937.574  -139.11   74.46
-127239.900   927.882   -25.81   54.00
-126864.344   954.995    72.19   82.51
-126488.714   992.994   101.15   97.08
-126113.010  1026.144    88.23  100.97
-125737.233  1056.489    80.74   97.40
-125361.381  1075.797    51.37   95.25
-124985.456  1108.585    87.21   97.97
-124609.456  1132.868    64.58   96.10
-124233.383  1160.369    73.12   94.17
-123857.235  1173.627    35.24   91.72
-123481.014  1191.761    48.20   86.50
-123104.718  1214.321    59.95   89.17
-122728.348  1246.792    86.27   88.90
-122351.903  1278.202    83.43   86.81
-121975.385  1314.540    96.50   78.66
-121598.792  1346.530    84.94   72.17
-121222.124  1364.006    46.39   65.15
-120845.382  1366.181     5.77   68.27
-120468.566  1349.605   -43.99   73.80
-120091.675  1328.600   -55.73   78.36
-119714.710  1303.638   -66.21   72.59
-119337.670  1272.983   -81.30   64.41
-118960.555  1236.654   -96.33   60.98
-118583.365  1200.888   -94.81   52.72
-118206.101  1165.399   -94.06   49.01
-117828.762  1142.228   -61.40   40.37
-117451.348  1130.811   -30.25   36.87
-117073.860  1134.297     9.23   41.71
-116696.296  1136.127     4.85   41.46
-116318.658  1131.781   -11.51   43.52
-115940.944  1114.015   -47.03   47.79
-115563.155  1089.995   -63.57   29.78
-115185.292  1079.960   -26.55   20.57
-114807.353  1077.838    -5.62   18.73
-114429.339  1078.713     2.32   17.86
-114051.249  1083.781    13.40   18.63
-113673.085  1086.563     7.35   18.48
-113294.845  1083.658    -7.68   20.81
-112916.529  1076.927   -17.79   24.26
-112538.139  1085.098    21.59   43.84
-112159.673  1113.680    75.51   67.17
-111781.131  1142.108    75.09   65.21
-111402.514  1172.131    79.29   61.92
-111023.821  1180.156    21.19   54.80
-110645.052  1177.328    -7.46   51.84
-110266.208  1194.167    44.44   61.57
-109887.288  1222.420    74.56   75.03
-109508.293  1259.916    98.93   65.97
-109129.221  1278.131    48.05   50.62
-108750.074  1266.691   -30.17   51.35
-108370.851  1245.397   -56.15   49.70
-107991.552  1219.376   -68.60   44.47
-107612.176  1197.523   -57.60   30.89
-107232.725  1178.561   -49.97   24.85
-106853.198  1166.500   -31.77   20.99
-106473.595  1157.455   -23.83   18.71
-106093.915  1151.160   -16.58   16.98
-105714.159  1151.851     1.82   19.67
-105334.327  1159.972    21.38   36.63
-104954.419  1164.847    12.83   41.76
-104574.434  1167.459     6.88   39.86
-104194.373  1150.387   -44.92   39.51
-103814.235  1125.959   -64.26   30.37
-103434.021  1106.574   -50.98   24.70
-103053.730  1091.600   -39.37   17.93
-102673.363  1084.561   -18.50   13.81
-102292.919  1082.937    -4.27    9.28
-101912.398  1076.105   -17.95   14.95
-101534.746  1066.253   -26.09   19.93
-101168.783  1054.538   -32.01   22.92
-100802.751  1044.402   -27.69   23.01
-100436.648  1036.339   -22.02   27.46
-100070.476  1024.189   -33.18   36.99
 -99704.233  1010.972   -36.09   38.56
 -99337.920   996.876   -38.48   33.10
 -98971.536   996.803    -0.20   35.81
 -98605.083   992.811   -10.89   41.06
 -98238.558   999.208    17.45   37.68
 -97871.964  1004.540    14.54   33.64
 -97505.299  1014.638    27.54   31.72
 -97138.563  1025.399    29.34   30.60
 -96771.757  1032.297    18.81   35.53
 -96404.881  1022.994   -25.36   43.80
 -96037.934  1004.710   -49.82   52.91
 -95670.916  1018.493    37.55   73.59
 -95303.827  1047.948    80.23   93.48
 -94936.668  1112.279   175.20  141.35
 -94569.438  1193.868   222.16  155.41
 -94202.137  1240.849   127.90  148.99
 -93834.765  1215.466   -69.09  167.25
 -93467.323  1160.779  -148.82  146.32
 -93099.809  1132.461   -77.05   98.97
 -92732.224  1160.623    76.61  108.19
 -92364.569  1225.710   177.02  113.12
 -91996.842  1296.535   192.59  113.64
 -91629.045  1347.365   138.19  116.47
 -91261.176  1381.032    91.51  130.35
 -90893.236  1407.342    71.50  134.87
 -90525.224  1423.767    44.63  133.41
 -90157.142  1463.222   107.18  126.68
 -89788.988  1505.611   115.13  114.98
 -89420.763  1520.438    40.26   95.62
 -89052.466  1514.803   -15.30  109.75
 -88684.098  1509.994   -13.05  116.77
 -88315.659  1505.638   -11.82  119.82
 -87947.148  1492.298   -36.20  134.02
 -87578.565  1457.668   -93.95  151.87
 -87209.911  1372.029  -232.29  126.72
 -86841.185  1309.927  -168.41   94.68
 -86472.388  1276.719   -90.04   97.23
 -86103.518  1262.027   -39.83  107.02
 -85734.577  1239.772   -60.32  125.13
 -85365.565  1189.642  -135.84  134.95
 -84996.480  1123.698  -178.66  117.79
 -84627.324  1051.174  -196.45  140.13
 -84258.095   968.053  -225.11  142.13
 -83888.795   887.073  -219.27  120.31
 -83519.422   830.914  -152.03   76.83
 -83149.978   809.680   -57.47   56.57
 -82780.461   813.880    11.37   78.23
 -82410.873   814.905     2.77   86.71
 -82041.212   785.063   -80.72   84.00
 -81671.479   749.244   -96.87   70.92
 -81301.673   710.772  -104.03   53.90
 -80931.796   684.142   -71.99   49.88
 -80561.846   677.163   -18.86   44.86
 -80191.823   694.088    45.74   64.07
 -79821.728   748.861   147.99   94.69
 -79451.561   844.231   257.62  124.19
 -79081.321   950.378   286.68  150.47
 -78711.009  1056.115   285.52  142.57
 -78340.624  1150.015   253.51  135.39
 -77970.166  1233.379   225.02  125.64
 -77599.636  1321.697   238.34  133.21
 -77229.033  1377.006   149.23   97.40
 -76858.357  1355.061   -59.20  116.26
 -76487.608  1274.518  -217.23  150.12
 -76116.786  1126.279  -399.74  148.15
 -75745.892  1028.317  -264.11  118.65
 -75374.925   980.585  -128.66   72.19
 -75003.884  1006.983    71.14  100.01
 -74632.771  1100.859   252.94  141.72
 -74261.584  1216.949   312.74  139.15
 -73890.325  1294.938   210.05  109.80
 -73518.992  1310.216    41.14  106.98
 -73147.586  1266.592  -117.45  138.78
 -72776.107  1175.062  -246.38  132.24
 -72404.555  1092.650  -221.79   90.60
 -72032.929  1072.216   -54.98   75.31
 -71661.230  1078.204    16.11   92.26
 -71289.457  1075.488    -7.31   94.04
 -70917.611  1060.841   -39.39   88.50
 -70545.691  1019.642  -110.77   73.98
 -70173.698   980.902  -104.14   46.41
 -69801.632   953.993   -72.32   48.02
 -69429.491   923.355   -82.32   61.84
 -69057.277   880.330  -115.59   80.08
 -68684.990   822.079  -156.46   77.50
 -68312.628   776.444  -122.55   57.79
 -67940.193   758.018   -49.47   49.79
 -67567.684   737.072   -56.23   83.94
 -67195.101   716.879   -54.19  133.21
 -66822.444   628.826  -236.27  183.37
 -66449.713   544.904  -225.14  178.66
 -66076.908   444.180  -270.16  134.17
 -65704.029   390.673  -143.49   88.64
 -65331.076   372.219   -49.48   51.81
 -64958.048   386.506    38.30   61.14
 -64584.947   408.545    59.07   60.67
 -64211.771   423.027    38.81   53.94
 -63838.521   426.238     8.60   45.82
 -63465.197   415.861   -27.80   45.64
 -63091.798   394.261   -57.84   31.82
 -62718.325   383.005   -30.14   21.33
 -62344.777   375.619   -19.77   21.87
 -61971.155   369.432   -16.56   23.32
 -61597.458   360.438   -24.07   19.52
 -61223.687   353.137   -19.53   11.66
 -60849.841   349.194   -10.55    8.48
 -60475.920   346.805    -6.39    8.46
 -60101.925   344.694    -5.64    8.24
 -59727.855   342.516    -5.82    6.36
 -59353.710   340.848    -4.46    4.32
 -58979.490   339.873    -2.61    2.32
 -58605.195   339.665    -0.56    1.46
 -58230.826   339.873     0.56    1.27
 -57856.381   340.297     1.13    1.00
 -57481.861   340.477     0.48    0.85
 -57107.267   340.483     0.02    0.79
 -56732.597   340.241    -0.65    0.64
 -56357.852   339.757    -1.29    0.71
 -55983.031   338.511    -3.33    3.33
 -55608.136   337.150    -3.63    4.78
 -55233.165   336.305    -2.25    5.53
 -54858.118   335.631    -1.80    6.54
 -54482.997   336.895     3.37    7.72
 -54107.800   339.424     6.74    8.20
 -53732.527   342.972     9.45    6.99
 -53357.179   346.414     9.17    2.33
 -52981.755   345.841    -1.52    2.36
 -52606.256   344.239    -4.27    2.51
 -52230.681   341.396    -7.57    3.81
 -51855.030   339.495    -5.06    3.78
 -51479.304   338.559    -2.49    4.29
 -51103.501   338.424    -0.36    4.87
 -50727.623   338.323    -0.27    4.90
 -50351.669   336.650    -4.45    5.52
 -49975.639   333.246    -9.05    6.58
 -49599.533   328.960   -11.40    5.34
 -49223.351   325.305    -9.72    4.07
 -48847.093   322.972    -6.20    3.66
 -48470.759   320.792    -5.79    3.55
 -48094.349   319.138    -4.39    3.39
 -47717.862   317.361    -4.72    3.39
 -47341.299   315.760    -4.25    3.05
 -46964.660   314.235    -4.05    2.87
 -46587.944   313.031    -3.20    2.25
 -46211.152   312.411    -1.64    1.84
 -45834.284   311.948    -1.23    1.50
 -45457.339   311.873    -0.20    1.42
 -45080.318   311.832    -0.11    1.42
 -44703.220   311.667    -0.44    1.64
 -44326.045   311.716     0.13    1.98
 -43948.794   311.809     0.25    2.03
 -43571.466   312.041     0.62    1.85
 -43194.061   312.254     0.56    1.49
 -42816.579   312.271     0.04    1.19
 -42439.021   312.049    -0.59    0.93
 -42061.385   310.744    -3.45    2.44
 -41683.673   309.686    -2.80    2.59
 -41305.884   309.179    -1.34    2.23
 -40928.017   309.146    -0.09    1.88
 -40550.074   309.397     0.67    1.90
 -40172.053   309.796     1.06    1.82
 -39793.955   310.286     1.30    1.90
 -39415.780   312.082     4.75    3.98
 -39037.528   316.290    11.13    7.26
 -38659.198   320.598    11.39    8.47
 -38280.791   326.142    14.65    7.54
 -37902.306   330.104    10.47    5.40
 -37523.744   333.676     9.44    3.91
 -37145.105   336.427     7.27    5.29
 -36766.388   342.904    17.10   13.06
 -36387.593   349.697    17.93   16.63
 -36008.721   356.494    17.94   18.46
 -35629.771   359.538     8.03   18.94
 -35250.743   360.616     2.84   16.78
 -34871.637   362.594     5.22   12.95
 -34492.454   364.049     3.84   10.01
 -34113.192   364.567     1.37    8.16
 -33733.853   368.583    10.59    7.71
 -33354.436   372.983    11.60    7.45
 -32974.940   377.853    12.83    8.20
 -32595.367   383.313    14.38    8.02
 -32215.716   386.576     8.60    7.83
 -31835.986   389.392     7.42    8.17
 -31456.178   389.730     0.89    8.25
 -31076.292   389.937     0.54    8.73
 -30696.327   406.776    44.32   42.76
 -30316.284   425.890    50.29   57.64
 -29936.163   427.853     5.16   55.67
 -29555.963   422.501   -14.08   53.22
 -29175.685   407.520   -39.39   44.35
 -28795.328   393.100   -37.91   40.87
 -28414.892   371.167   -57.65   55.78
 -28034.378   348.041   -60.77   70.95
 -27653.785   285.646  -163.94  112.22
 -27273.113   216.868  -180.67  102.31
 -26892.363   147.176  -183.04   87.34
 -26524.643    89.530  -156.76   39.11
 -26158.833    71.885   -48.23   27.78
 -25792.950    61.193   -29.22    3.17
 -25426.996    61.906     1.95    2.96
 -25060.970    63.061     3.15    3.13
 -24694.872    63.916     2.34    2.94
 -24328.702    63.667    -0.68    3.60
 -23962.460    61.747    -5.24    4.19
 -23596.146    60.576    -3.20    4.18
 -23229.759    59.779    -2.18    3.21
 -22863.301    59.885     0.29    2.43
 -22496.770    60.113     0.62    2.42
 -22130.167    59.374    -2.02    2.86
 -21763.492    57.385    -5.42    3.50
 -21396.745    53.102   -11.68    7.64
 -21029.925    45.583   -20.50   12.98
 -20663.033    35.104   -28.56   15.78
 -20296.068    25.983   -24.85   14.92
 -19929.031    16.545   -25.71    9.19
 -19561.921    13.675    -7.82    5.17
 -19194.739    14.756     2.94    5.26
 -18827.484    16.983     6.06    4.03
 -18460.156    18.414     3.89    5.86
 -18092.756    20.211     4.89   11.11
 -17725.283    23.867     9.95   14.60
 -17357.737    31.532    20.85   17.45
 -16990.118    36.676    13.99   16.42
 -16622.426    41.144    12.15   14.09
 -16254.662    39.049    -5.69   17.06
 -15886.824    33.875   -14.07   18.39
 -15518.914    29.427   -12.09   17.06
 -15150.930    27.950    -4.01   14.88
 -14782.873    28.884     2.54   11.76
 -14414.744    31.960     8.36    9.84
 -14046.541    34.776     7.65    7.88
 -13678.264    37.914     8.52    1.30
 -13309.915    37.841    -0.20    0.60
 -12941.492    37.702    -0.38    0.49
 -12572.996    36.841    -2.34    2.23
 -12204.426    34.983    -5.04    4.43
 -11835.783    30.733   -11.53    7.82
 -11467.066    25.272   -14.81   10.28
 -11098.276    17.383   -21.39   11.34
 -10729.413    10.874   -17.65    9.49
 -10360.475     5.594   -14.31    5.23
  -9991.465     3.700    -5.13    2.89
  -9622.380     3.085    -1.67    2.00
  -9253.221     3.692     1.64    2.21
  -8883.989     4.030     0.91    2.52
  -8514.683     4.230     0.54    3.00
  -8145.303     4.267     0.10    3.43
  -7775.849     3.483    -2.12    3.55
  -7406.322     2.961    -1.41    3.53
  -7036.720     2.906    -0.15    3.81
  -6667.044     2.456    -1.22    3.73
  -6297.294     2.027    -1.16    3.77
  -5927.470     1.137    -2.41    2.99
  -5557.571     0.028    -3.00    0.28
  -5187.599     3.906    10.48   12.35
  -4817.552    26.904    62.15   47.00
  -4447.431    63.906    99.97   76.37
  -4077.235   122.144   157.32  100.34
  -3706.965   182.455   162.88  103.09
  -3336.621   228.669   124.79   83.51
  -2966.202   215.613   -35.25   82.65
  -2595.708   177.983  -101.57  100.60
  -2225.140   120.091  -156.22   95.28
  -1854.497    61.972  -156.81   50.64
  -1483.780    29.113   -88.64   31.80
  -1112.988    11.585   -47.27   19.24
   -742.121     2.122   -25.52    8.60
   -371.179    -0.028    -5.80    0.00
     -0.163    -0.028     0.00    0.00
    370.929    -0.028     0.00    0.00
    742.095     0.058     0.23    0.48
   1113.337     0.389     0.89    1.27
   1484.653     0.798     1.10    1.81
   1856.045     1.219     1.13    2.21
   2227.512     1.616     1.07    2.55
   2599.054     1.580    -0.10    2.49
   2970.671     1.530    -0.14    2.21
   3342.363     1.189    -0.92    1.74
   3714.131     1.297     0.29    1.63
   4085.974     1.874     1.55    2.15
   4457.892     1.948     0.20    3.88
   4829.886     1.591    -0.96    5.81
   5201.956     1.516    -0.20    6.62
   5574.101     3.309     4.82    8.19
   5946.321     6.727     9.18    9.38
   6318.617    10.521    10.19    8.55
   6690.989    13.262     7.36    7.03
   7063.437    14.235     2.61    5.78
   7435.960    14.391     0.42    5.11
   7808.559    14.783     1.05    4.45
   8181.234    15.504     1.94    4.84
   8553.985    15.702     0.53    5.24
   8926.812    16.176     1.27    5.46
   9299.715    15.744    -1.16    5.31
   9672.694    15.830     0.23    5.56
  10045.749    14.565    -3.39    6.09
  10418.880    11.080    -9.34    9.28
  10792.088     4.838   -16.73   12.01
  11165.371    -0.974   -15.57   11.41
  11538.731    -6.764   -15.51    7.89
  11912.167    -9.953    -8.54    0.73
  12285.680   -10.028    -0.20    0.00
  12659.269   -10.028     0.00    0.00
  13032.934   -10.028     0.00    0.00
  13406.676   -10.028     0.00    0.00
  13780.495   -10.028     0.00    0.00
  14154.390   -10.028     0.00    0.00
  14528.361   -10.028     0.00    0.00
  14902.410   -10.028     0.00    0.00
  15276.535   -10.028     0.00    0.00
  15650.737   -10.007     0.06    0.21
  16025.016    -9.995     0.03    0.23
  16399.371   -10.017    -0.06    0.10
  16773.804   -10.028    -0.03    0.00
  17148.314   -10.028     0.00    0.00
  17522.900   -10.028     0.00    0.00
  17897.564   -10.028     0.00    0.00
  18272.305   -10.028     0.00    0.00
  18647.123   -10.028     0.00    0.00
  19022.018   -10.028     0.00    0.00
  19396.990    -9.328     1.87    3.16
  19772.040    -6.351     7.94    7.59
  20147.167    -2.373    10.60    9.83
  20522.371     1.595    10.58   10.76
  20897.653     4.905     8.82    9.96
  21273.013     6.548     4.38    8.77
  21648.450     8.183     4.36    7.37
  22023.964     9.026     2.25    6.29
  22399.557    10.358     3.55    4.25
  22775.226    10.950     1.58    3.72
  23150.974    11.455     1.34    3.42
  23526.799    11.461     0.02    3.60
  23902.703    11.149    -0.83    3.91
  24278.684    10.348    -2.13    4.45
  24654.743     9.356    -2.64    5.04
  25030.880     7.689    -4.43    5.79
  25407.095     4.613    -8.18    7.80
  25783.388     1.287    -8.84    8.11
  26159.759     0.257    -2.74    7.44
  26536.208     2.320     5.48    7.79
  26912.736     5.894     9.49    8.09
  27289.342     7.520     4.32    9.71
  27666.026     6.461    -2.81   11.57
  28042.788     4.663    -4.77   12.80
  28419.629     2.224    -6.47   13.78
  28796.549    -0.405    -6.98   13.48
  29173.547    -2.600    -5.82   13.19
  29550.623    -4.539    -5.14   12.16
  29927.778    -5.501    -2.55   11.75
  30305.012    -6.986    -3.94    9.85
  30682.324    -8.017    -2.73    8.45
  31059.715   -10.186    -5.75    3.80
  31437.185   -10.984    -2.11    0.42
  31814.734   -11.028    -0.12    0.00
  32192.361   -11.028     0.00    0.00
  32570.068   -11.028     0.00    0.00
  32947.853   -11.028     0.00    0.00
  33325.718   -11.028     0.00    0.00
  33703.662   -11.028     0.00    0.00
  34081.685   -11.028     0.00    0.00
  34459.787   -10.973     0.15    0.27
  34837.968   -10.759     0.57    0.49
  35216.228   -10.468     0.77    0.54
  35594.568   -10.220     0.66    0.45
  35972.987   -10.017     0.54    0.11
  36351.486   -10.028    -0.03    0.00
  36730.064   -10.028     0.00    0.00
  37108.722   -10.028     0.00    0.00
  37487.459   -10.028     0.00    0.00
  37866.276   -10.028     0.00    0.00
  38245.173   -10.028     0.00    0.00
  38624.149   -10.028     0.00    0.00
  39003.205   -10.028     0.00    0.00
  39382.341   -10.028     0.00    0.00
  39761.557   -10.028     0.00    0.00
  40140.852   -10.028     0.00    0.00
  40520.228   -10.028     0.00    0.00
  40899.684   -10.017     0.03    0.10
  41279.220    -8.544     3.88    5.88
  41658.835    -7.162     3.64    8.26
  42038.532    -4.846     6.10   11.02
  42418.308    -3.306     4.05   12.07
  42798.164     0.036     8.80   14.80
  43178.101     1.572     4.04   15.82
  43558.119     3.440     4.92   16.93
  43938.216     4.883     3.80   17.11
  44318.395     6.876     5.24   17.60
  44698.653    11.091    11.09   18.09
  45078.993    16.165    13.34   17.76
  45459.413    23.455    19.16   16.64
  45839.913    30.982    19.78   12.03
  46220.495    37.049    15.94    6.74
  46601.157    40.456     8.95    5.25
  46981.900    42.916     6.46    3.24
  47362.724    44.230     3.45    1.25
  47743.628    43.949    -0.74    1.70
  48116.428    42.908    -2.79    2.23
  48482.011    42.016    -2.44    2.25
  48847.667    41.820    -0.54    2.42
  49213.397    40.800    -2.79    3.61
  49579.201    37.631    -8.66    6.19
  49945.078    27.853   -26.73   16.69
  50311.029    15.383   -34.08   18.44
  50677.054     7.402   -21.81   14.15
  51043.152     1.495   -16.14    6.49
  51409.325     4.886     9.26    6.24
  51775.571     9.466    12.51    6.47
  52141.891    13.885    12.06    5.76
  52508.286    16.472     7.06    5.07
  52874.754    18.789     6.32    5.26
  53241.296    19.365     1.57    5.35
  53607.913    18.083    -3.50    6.65
  53974.603    15.653    -6.63    7.12
  54341.368    12.123    -9.62    6.36
  54708.207    11.456    -1.82    5.73
  55075.120    14.433     8.12    8.93
  55442.108    19.585    14.04   11.05
  55809.170    25.509    16.14   11.18
  56176.306    32.906    20.15    6.64
  56543.517    33.855     2.58    7.25
  56910.803    31.852    -5.45    9.29
  57278.163    28.929    -7.96   10.05
  57645.597    26.271    -7.23    9.59
  58013.107    26.735     1.26    9.26
  58380.691    30.282     9.65    9.58
  58748.349    34.336    11.03    9.44
  59116.083    38.334    10.87    7.32
  59483.891    41.595     8.87    2.60
  59851.774    42.972     3.74    2.56
  60219.732    44.542     4.27    2.99
  60587.766    46.195     4.49    3.42
  60955.874    48.178     5.39    3.13
  61324.057    49.546     3.72    2.76
  61692.315    50.926     3.75    1.90
  62060.649    51.674     2.03    1.35
  62429.057    52.190     1.40    0.80
  62797.541    52.248     0.16    0.59
  63166.100    52.180    -0.18    0.46
  63534.735    52.026    -0.42    0.31
  63903.445    51.982    -0.12    0.28
  64272.230    52.015     0.09    0.33
  64641.091    52.070     0.15    0.33
  65010.027    52.048    -0.06    0.45
  65379.039    51.951    -0.26    0.58
  65748.126    51.769    -0.49    0.69
  66117.289    51.499    -0.73    0.67
  66486.528    51.167    -0.90    0.57
  66855.843    50.823    -0.93    0.60
  67225.233    50.505    -0.86    0.60
  67594.699    50.078    -1.16    0.71
  67964.241    49.649    -1.16    0.83
  68333.859    49.330    -0.87    0.94
  68703.553    49.135    -0.53    1.03
  69073.323    49.227     0.25    1.14
  69443.169    49.570     0.93    1.38
  69813.091    50.276     1.91    1.66
  70183.090    51.195     2.48    2.13
  70553.164    52.264     2.89    2.56
  70923.315    53.836     4.25    3.23
  71293.542    55.461     4.39    3.26
  71663.846    56.761     3.51    3.63
  72034.226    58.298     4.15    3.73
  72404.682    60.036     4.69    3.71
  72775.215    61.711     4.52    3.61
  73145.824    63.291     4.26    3.59
  73516.510    64.270     2.64    3.60
  73887.273    65.993     4.65    3.85
  74258.112    67.161     3.15    4.03
  74629.028    69.016     5.00    4.04
  75000.021    70.855     4.96    4.14
  75371.090    72.664     4.88    3.97
  75742.237    74.203     4.15    3.88
  76113.460    75.684     3.99    3.40
  76484.760    77.144     3.93    3.26
  76856.138    78.684     4.15    2.80
  77227.592    80.259     4.24    2.89
  77599.124    81.642     3.72    2.77
  77970.732    83.227     4.27    2.91
  78342.418    84.380     3.10    3.06
  78714.181    85.466     2.92    3.23
  79086.022    86.337     2.34    3.29
  79457.939    87.014     1.82    3.35
  79829.935    87.408     1.06    3.27
  80202.007    87.738     0.89    3.25
  80574.157    87.483    -0.69    3.23
  80946.385    86.972    -1.37    3.27
  81318.690    85.735    -3.32    3.12
  81691.073    84.620    -2.99    3.01
  82063.533    83.614    -2.70    2.56
  82436.071    83.161    -1.22    2.33
  82808.687    83.374     0.57    2.21
  83181.381    83.827     1.22    2.00
  83554.153    84.972     3.07    2.50
  83927.003    86.210     3.32    2.58
  84299.930    87.716     4.04    2.68
  84672.936    88.972     3.37    2.39
  85046.019    90.709     4.66    2.90
  85419.181    92.133     3.82    2.89
  85792.421    93.706     4.21    2.70
  86165.739    95.089     3.70    2.38
  86539.136    96.642     4.16    2.32
  86912.610    98.305     4.45    2.85
  87286.164   100.599     6.14    3.04
  87659.795   102.488     5.05    2.96
  88033.505   104.291     4.82    2.86
  88407.293   105.993     4.55    2.80
  88781.160   107.385     3.72    2.62
  89155.106   109.014     4.36    2.32
  89529.130   110.461     3.87    2.07
  89903.233   111.824     3.64    1.69
  90277.415   112.938     2.98    1.40
  90651.675   113.677     1.97    1.41
  91026.015   114.335     1.76    1.70
  91400.433   115.142     2.15    1.89
  91774.930   115.995     2.28    1.96
  92149.506   116.759     2.04    1.73
  92524.161   117.167     1.09    1.58
  92898.896   116.940    -0.61    1.59
  93273.709   116.246    -1.85    1.52
  93648.602   115.298    -2.53    1.49
  94023.574   114.355    -2.52    1.45
  94398.625   113.393    -2.56    1.17
  94773.755   113.091    -0.80    1.64
  95148.965   113.909     2.18    3.45
  95524.255   114.993     2.89    4.55
  95899.624   116.089     2.92    4.79
  96275.072   114.897    -3.17    5.08
  96650.600   111.280    -9.63    7.30
  97026.208   105.536   -15.30    9.01
  97401.895    99.057   -17.25    7.14
  97777.662    95.397    -9.74    4.51
  98153.509    93.738    -4.42    1.49
  98529.436    95.355     4.30    3.72
  98905.442    98.674     8.83    5.23
  99281.529   102.046     8.97    5.89
  99657.695   105.671     9.64    5.48
 100033.942   109.024     8.91    5.20
 100410.268   112.874    10.23    4.75
 100786.675   116.572     9.82    4.83
 101163.162   120.483    10.39    5.17
 101539.729   123.909     9.10    5.44
 101916.377   128.341    11.77    6.29
 102293.105   132.774    11.77    7.27
 102669.913   137.587    12.77    5.50
 103046.802   140.151     6.80    3.41
 103423.771   141.483     3.53    2.51
 103800.821   142.961     3.92    3.34
 104177.951   144.853     5.02    3.95
 104555.162   147.182     6.17    3.81
 104932.454   149.345     5.73    3.47
 105309.826   150.274     2.46    3.24
 105687.280   149.960    -0.83    4.06
 106064.814   147.761    -5.83    6.37
 106442.429   144.847    -7.72    7.32
 106820.125   138.656   -16.39   12.72
 107197.902   130.994   -20.28   16.27
 107575.760   119.763   -29.72   19.71
 107953.699   106.972   -33.85   17.70
 108331.720    94.900   -31.94   16.75
 108709.821    84.216   -28.26   12.23
 109088.004    75.815   -22.22   11.03
 109466.268    69.039   -17.92    8.76
 109844.614    63.397   -14.91    8.07
 110223.041    58.029   -14.19    5.79
 110601.549    54.365    -9.68    3.76
 110980.139    51.316    -8.05    2.54
 111358.811    49.095    -5.86    2.76
 111737.564    46.993    -5.55    2.58
 112116.399    45.295    -4.48    2.28
 112495.315    44.005    -3.40    2.11
 112874.314    43.055    -2.51    1.86
 113253.394    42.290    -2.02    1.82
 113632.556    42.121    -0.45    1.87
 114011.800    42.271     0.40    1.72
 114391.126    42.624     0.93    1.38
 114770.534    42.938     0.83    1.15
 115150.024    42.673    -0.70    1.71
 115529.597    41.993    -1.79    2.36
 115909.251    41.257    -1.94    2.53
 116288.988    40.661    -1.57    2.46
 116668.807    40.077    -1.54    2.18
 117048.709    39.904    -0.46    2.04
 117428.693    40.193     0.76    1.84
 117808.759    40.683     1.29    1.56
 118188.908    41.793     2.92    1.88
 118569.140    43.233     3.79    2.15
 118949.454    44.761     4.02    2.84
 119329.851    46.695     5.08    2.78
 119710.330    47.940     3.27    2.26
 120090.892    48.113     0.45    2.42
 120471.538    47.302    -2.13    3.11
 120852.266    44.950    -6.18    5.37
 121233.077    40.900   -10.64    8.33
 121613.971    33.585   -19.21   11.78
 121994.948    25.232   -21.93   15.28
 122376.008    15.161   -26.43   16.27
 122754.314     6.130   -23.88   16.56
 123119.663    -2.507   -23.64   14.03
 123485.087    -9.131   -18.13   11.15
 123850.586   -14.562   -14.86    5.83
 124216.161   -16.935    -6.49    2.81
 124581.812   -17.867    -2.55    0.68
 124947.538   -17.688     0.49    1.27
 125313.339   -17.382     0.83    1.75
 125679.216   -17.313     0.19    1.75
 126045.168   -17.327    -0.04    1.74
 126411.196   -17.928    -1.64    0.34
 126777.300   -18.028    -0.27    0.00
 127143.480   -17.528     1.37    2.11
 127509.735   -15.407     5.79    5.99
 127876.066   -12.816     7.08    9.69
 128242.473    -6.891    16.17   14.83
 128608.956    -2.351    12.39   17.55
 128975.515     6.211    23.36   22.70
 129342.150    19.260    35.59   34.47
 129708.861    36.638    47.39   45.57
 130075.648    59.393    62.04   57.42
 130442.511    77.102    48.28   61.03
 130809.451    92.497    41.96   58.09
 131176.467    97.982    14.95   50.85
 131543.559    95.856    -5.79   42.63
 131910.727    83.722   -33.05   41.85
 132277.972    72.080   -31.70   38.50
 132645.293    63.868   -22.36   32.86
 133012.691    67.113     8.83   32.83
 133380.165    79.621    34.04   36.09
 133747.716    98.525    51.44   35.10
 134115.343   115.951    47.41   22.28
 134483.047   123.466    20.44   13.11
 134850.828   123.533     0.18   12.33
 135218.686   119.211   -11.75   11.51
 135586.620   111.635   -20.59   12.34
 135954.632   103.690   -21.59   15.45
 136322.720    93.264   -28.33   19.27
 136690.885    85.704   -20.54   18.69
 137059.127    79.493   -16.87   16.15
 137427.447    74.624   -13.22   12.01
 137795.843    71.326    -8.95    8.62
 138164.317    68.561    -7.50    5.87
 138532.867    65.866    -7.31    4.01
 138901.496    63.603    -6.14    3.81
 139270.201    61.424    -5.91    4.62
 139638.983    59.016    -6.53    5.48
 140007.844    56.580    -6.60    5.53
 140376.781    54.301    -6.18    5.02
 140745.796    52.394    -5.17    4.10
 141114.889    51.101    -3.51    2.99
 141484.059    49.909    -3.23    3.00
 141853.307    48.513    -3.78    3.90
 142222.632    47.645    -2.35    3.99
 142592.035    46.607    -2.81    4.32
 142961.516    46.211    -1.07    4.50
 143331.075    46.414     0.55    4.95
 143700.712    46.455     0.11    5.02
 144070.426    46.638     0.50    4.96
 144440.219    47.567     2.51    4.37
 144810.090    48.137     1.54    3.85
 145180.038    48.886     2.02    3.21
 145550.065    48.732    -0.42    3.06
 145920.170    47.778    -2.58    3.99
 146290.353    46.509    -3.43    4.74
 146660.615    45.374    -3.07    4.62
 147030.955    44.357    -2.75    5.23
 147401.373    43.014    -3.63    5.87
 147771.870    42.068    -2.55    6.83
 148142.445    42.518     1.21    6.99
 148513.098    44.151     4.41    6.59
 148883.831    45.086     2.52    5.45
 149254.641    44.216    -2.35    4.94
 149625.531    41.482    -7.37    5.60
 149996.499    38.149    -8.99    5.78
 150367.546    35.555    -6.99    5.02
 150738.672    33.193    -6.37    4.81
 151109.876    31.380    -4.88    4.80
 151481.160    29.555    -4.92    4.76
 151852.523    27.593    -5.28    4.69
 152223.964    25.415    -5.86    4.45
 152595.485    23.849    -4.21    4.30
 152967.085    22.858    -2.67    3.83
 153338.763    22.559    -0.81    2.98
 153710.522    23.244     1.84    2.18
 154082.359    23.950     1.90    2.59
 154454.276    23.961     0.03    2.82
 154826.272    23.445    -1.39    2.92
 155198.347    23.776     0.89    3.09
 155570.502    25.280     4.04    3.56
 155942.737    29.128    10.34    5.69
 156315.051    32.328     8.60    5.70
 156687.444    35.405     8.26    4.00
