-108770.315    -5.712     0.00    0.00
-108392.995    -5.712     0.00    0.00
-108015.766    -5.712     0.00    0.00
-107638.629    -5.712     0.00    0.00
-107261.582    -5.712     0.00    0.00
-106884.626    -5.712     0.00    0.00
-106507.761    -5.712     0.00    0.00
-106130.986    -5.712     0.00    0.00
-105754.302    -5.712     0.00    0.00
-105377.708    -5.712     0.00    0.00
-105001.205    -5.712     0.00    0.00
-104624.793    -5.712     0.00    0.00
-104248.470    -5.712     0.00    0.00
-103872.238    -5.712     0.00    0.00
-103496.096    -5.712     0.00    0.00
-103120.044    -5.712     0.00    0.00
-102744.083    -5.712     0.00    0.00
-102368.211    -5.712     0.00    0.00
-101992.429    -5.712     0.00    0.00
-101616.737    -5.712     0.00    0.00
-101241.135    -5.712     0.00    0.00
-100865.623    -5.712     0.00    0.00
-100490.201    -5.712     0.00    0.00
-100114.868    -5.712     0.00    0.00
 -99739.624    -5.712     0.00    0.00
 -99364.470    -5.712     0.00    0.00
 -98989.406    -5.712     0.00    0.00
 -98614.431    -5.629     0.22    0.28
 -98239.545    -5.452     0.47    0.44
 -97864.749    -5.161     0.78    0.50
 -97490.041    -4.902     0.69    0.39
 -97115.423    -4.923    -0.06    0.41
 -96740.894    -5.014    -0.24    0.46
 -96366.454    -4.880     0.36    0.68
 -95992.103    -4.768     0.30    0.84
 -95617.840    -4.269     1.33    1.17
 -95243.667    -3.786     1.29    1.45
 -94869.582    -3.128     1.76    1.56
 -94495.586    -2.203     2.47    1.77
 -94121.678    -1.110     2.92    1.81
 -93747.860    -0.198     2.44    1.94
 -93374.129     0.354     1.48    2.24
 -93000.487     0.839     1.30    2.75
 -92626.934     0.718    -0.33    3.14
 -92253.468     0.099    -1.66    3.70
 -91880.091    -1.272    -3.67    3.61
 -91506.802    -2.581    -3.51    2.59
 -91133.602    -3.184    -1.62    1.54
 -90760.489    -2.794     1.05    1.54
 -90387.464    -1.648     3.07    2.17
 -90014.528     0.769     6.48    4.33
 -89641.679     4.578    10.22    6.44
 -89268.918     8.522    10.58    7.23
 -88896.245    11.618     8.31    5.98
 -88523.659    13.618     5.37    5.68
 -88151.161    15.094     3.96    5.69
 -87778.751    16.867     4.76    6.14
 -87406.428    17.053     0.50    5.69
 -87034.193    16.890    -0.44    4.73
 -86662.045    16.496    -1.06    4.17
 -86289.984    16.090    -1.09    3.63
 -85918.011    17.587     4.03    4.08
 -85546.125    19.948     6.35    3.96
 -85174.326    21.427     3.98    3.17
 -84802.614    22.645     3.28    2.12
 -84430.989    23.270     1.68    1.71
 -84059.451    23.711     1.19    1.09
 -83688.000    23.618    -0.25    0.98
 -83316.636    22.665    -2.57    2.64
 -82945.358    20.961    -4.59    4.05
 -82574.168    19.176    -4.81    5.03
 -82203.063    17.451    -4.65    5.56
 -81832.046    15.010    -6.58    5.08
 -81461.115    13.048    -5.29    3.93
 -81090.271    11.524    -4.11    3.10
 -80719.513    11.120    -1.09    2.67
 -80348.841    10.826    -0.79    3.03
 -79978.256    10.297    -1.43    3.47
 -79607.757     9.476    -2.22    3.21
 -79237.344     8.606    -2.35    1.96
 -78867.017     8.153    -1.22    1.44
 -78496.777     8.269     0.31    1.42
 -78126.622     8.583     0.85    1.30
 -77756.554     9.279     1.88    1.34
 -77386.571    10.005     1.96    1.20
 -77016.674    10.605     1.62    0.96
 -76646.863    11.121     1.40    0.95
 -76277.137    12.062     2.54    2.64
 -75907.497    13.185     3.04    3.71
 -75537.943    13.050    -0.37    3.92
 -75168.474    12.644    -1.10    4.15
 -74799.091    11.901    -2.01    3.50
 -74429.793    11.210    -1.87    2.11
 -74060.581    11.428     0.59    1.62
 -73691.454    11.851     1.15    1.58
 -73322.412    12.326     1.29    1.76
 -72953.455    13.545     3.30    3.08
 -72584.583    15.696     5.83    4.19
 -72215.797    17.571     5.09    3.92
 -71847.095    18.676     3.00    3.32
 -71478.479    18.945     0.73    3.23
 -71109.947    18.653    -0.79    3.13
 -70741.500    18.807     0.42    2.83
 -70373.138    18.896     0.24    2.67
 -70004.861    19.179     0.77    2.48
 -69636.668    19.021    -0.43    2.18
 -69268.560    19.298     0.75    2.35
 -68900.537    20.391     2.97    2.34
 -68532.598    21.031     1.74    2.01
 -68164.743    21.726     1.89    1.81
 -67796.973    22.436     1.93    1.47
 -67429.287    22.747     0.85    1.36
 -67061.685    23.335     1.60    1.08
 -66694.168    23.803     1.27    0.67
 -66326.734    24.024     0.60    0.46
 -65959.385    24.069     0.12    0.42
 -65592.120    24.210     0.38    0.27
 -65224.938    24.279     0.19    0.10
 -64857.841    24.288     0.03    0.00
 -64490.828    24.231    -0.15    0.23
 -64123.898    24.115    -0.32    0.45
 -63757.052    24.009    -0.29    0.63
 -63390.290    24.014     0.01    0.81
 -63023.611    24.179     0.45    1.22
 -62657.016    23.826    -0.96    1.71
 -62290.504    23.608    -0.59    1.91
 -61924.076    23.307    -0.82    1.80
 -61557.732    22.854    -1.24    1.67
 -61191.470    22.932     0.21    1.49
 -60825.292    23.279     0.95    1.28
 -60459.197    23.494     0.59    1.25
 -60093.186    23.996     1.37    0.95
 -59727.257    24.203     0.57    0.55
 -59361.412    24.152    -0.14    0.51
 -58995.649    24.213     0.17    0.36
 -58629.970    24.288     0.21    0.00
 -58264.373    24.269    -0.05    0.14
 -57898.859    24.137    -0.36    0.36
 -57533.428    23.942    -0.53    0.48
 -57168.080    23.726    -0.59    0.50
 -56802.815    23.688    -0.10    0.53
 -56437.632    23.911     0.61    0.65
 -56072.531    24.021     0.30    0.76
 -55707.513    23.721    -0.82    1.03
 -55342.578    23.326    -1.08    1.09
 -54977.725    22.842    -1.32    0.90
 -54612.954    22.580    -0.72    0.85
 -54248.266    22.618     0.10    1.13
 -53883.659    23.571     2.61    3.07
 -53518.942    25.241     4.58    4.59
 -53137.067    27.676     6.38    7.58
 -52755.285    29.260     4.15    9.13
 -52373.594    29.882     1.63    8.42
 -51991.995    29.719    -0.43    5.89
 -51610.488    31.892     5.70    6.83
 -51229.073    36.101    11.04    8.72
 -50847.750    39.686     9.40    9.42
 -50466.518    43.288     9.45    8.08
 -50085.378    47.023     9.80    6.41
 -49704.329    49.571     6.69    5.32
 -49323.372    51.130     4.09    3.85
 -48942.506    52.547     3.72    2.76
 -48561.731    53.131     1.53    2.42
 -48181.048    53.439     0.81    2.36
 -47800.456    54.121     1.79    1.89
 -47419.955    54.413     0.77    1.74
 -47039.545    54.686     0.72    1.21
 -46659.226    53.835    -2.24    4.19
 -46278.998    52.076    -4.63    6.36
 -45898.861    48.797    -8.63    8.07
 -45518.815    45.239    -9.36    8.26
 -45138.859    42.165    -8.09    6.84
 -44758.994    40.345    -4.79    5.05
 -44379.220    40.612     0.70    5.20
 -43999.536    41.707     2.88    6.16
 -43619.943    43.231     4.01    7.06
 -43240.440    43.459     0.60    7.23
 -42861.027    42.526    -2.46    6.90
 -42481.705    41.164    -3.59    5.99
 -42102.473    39.482    -4.44    3.78
 -41723.331    39.846     0.96    3.90
 -41344.280    41.308     3.86    4.46
 -40965.318    43.288     5.22    4.43
 -40586.446    44.074     2.07    3.57
 -40207.664    43.069    -2.65    3.20
 -39828.972    41.247    -4.81    2.57
 -39450.370    40.562    -1.81    2.88
 -39071.858    40.852     0.77    3.80
 -38693.435    42.703     4.89    5.24
 -38315.102    44.706     5.29    5.58
 -37936.858    45.936     3.25    5.25
 -37558.704    45.288    -1.71    4.20
 -37180.639    44.730    -1.48    3.59
 -36802.664    43.589    -3.02    2.54
 -36424.777    42.807    -2.07    2.06
 -36046.981    42.402    -1.07    1.33
 -35669.273    42.553     0.40    1.22
 -35291.654    43.448     2.37    2.04
 -34914.124    44.961     4.01    2.65
 -34536.684    46.812     4.90    3.02
 -34159.332    48.553     4.62    2.85
 -33782.069    49.628     2.85    2.27
 -33404.895    50.441     2.16    1.79
 -33027.810    51.057     1.63    1.50
 -32650.813    51.592     1.42    1.43
 -32273.905    52.346     2.00    2.25
 -31897.085    53.857     4.01    4.42
 -31520.354    56.754     7.69    8.45
 -31143.711    62.278    14.67   12.50
 -30767.157    73.212    29.04   20.53
 -30390.691    85.609    32.93   24.40
 -30014.313    96.065    27.78   25.01
 -29638.024   101.486    14.41   23.24
 -29261.822   101.968     1.28   22.81
 -28885.709   101.574    -1.05   21.84
 -28509.683   103.502     5.13   19.69
 -28133.746   103.845     0.91   16.69
 -27757.896   106.359     6.69   16.81
 -27382.134   114.000    20.33   20.74
 -27006.460   123.142    24.34   24.70
 -26630.874   131.574    22.45   25.48
 -26255.375   134.644     8.18   24.06
 -25879.964   133.162    -3.95   22.34
 -25504.640   131.431    -4.61   20.00
 -25129.403   126.082   -14.25   16.74
 -24754.255   123.153    -7.81   16.13
 -24379.193   124.106     2.54   15.24
 -24004.219   125.326     3.25   13.47
 -23629.332   127.451     5.67   13.98
 -23254.532   127.574     0.33   16.18
 -22879.819   125.425    -5.73   18.03
 -22505.193   120.118   -14.17   15.95
 -22130.654   117.298    -7.53   11.62
 -21756.202   117.907     1.63   10.11
 -21381.837   120.698     7.45   10.24
 -21007.558   123.948     8.69    9.65
 -20633.367   122.807    -3.05    9.78
 -20259.262   116.773   -16.13   10.86
 -19885.243   110.665   -16.33   10.51
 -19511.312   105.757   -13.13   10.32
 -19137.466   100.971   -12.80   11.31
 -18763.707    96.229   -12.69   10.56
 -18390.035    92.688    -9.48    8.47
 -18016.449    93.016     0.88    9.25
 -17642.949    96.783    10.09   11.45
 -17269.535   102.936    16.48   13.47
 -16896.207   110.376    19.93   13.58
 -16522.966   114.961    12.28   11.41
 -16149.810   119.618    12.48   10.28
 -15776.740   125.288    15.20   12.43
 -15403.757   131.460    16.55   14.07
 -15030.859   139.403    21.30   11.47
 -14658.047   143.269    10.37    8.30
 -14285.320   143.012    -0.69    9.82
 -13912.680   141.593    -3.81   11.23
 -13540.125   141.026    -1.52   11.41
 -13167.655   142.317     3.47   10.18
 -12795.271   142.788     1.27    9.39
 -12422.972   143.421     1.70    8.88
 -12050.759   145.861     6.55    4.79
 -11678.631   147.115     3.37    1.11
 -11306.589   147.180     0.18    0.83
 -10934.631   146.903    -0.74    1.05
 -10562.759   146.659    -0.66    1.53
 -10190.971   146.502    -0.42    2.06
  -9819.269   147.107     1.63    2.61
  -9447.652   148.500     3.75    3.02
  -9076.120   149.722     3.29    3.22
  -8704.672   149.236    -1.31    7.29
  -8333.309   141.807   -20.01   17.49
  -7962.031   128.788   -35.07   33.97
  -7590.838   101.971   -72.25   52.84
  -7219.730    70.993   -83.47   56.03
  -6848.705    41.764   -78.78   47.25
  -6477.766    19.211   -60.80   26.94
  -6106.911     6.910   -33.17    8.99
  -5736.140     3.184   -10.05    3.73
  -5365.454     1.309    -5.06    3.30
  -4994.852    -0.654    -5.30    2.06
  -4624.334    -1.615    -2.59    1.19
  -4253.900    -1.921    -0.83    1.08
  -3883.550    -1.731     0.51    1.44
  -3513.285    -0.957     2.09    1.90
  -3143.103    -0.231     1.96    1.86
  -2773.006     0.215     1.21    1.42
  -2402.992     0.144    -0.19    1.10
  -2033.062    -0.402    -1.48    1.33
  -1663.216    -1.222    -2.22    1.36
  -1293.453    -1.693    -1.27    1.12
   -923.775    -1.741    -0.13    0.91
   -554.179    -1.274     1.26    1.11
   -184.668    -0.212     2.87    1.64
    184.760     1.005     3.29    1.93
    554.105     2.410     3.81    1.90
    923.366     3.769     3.68    1.62
   1292.544     4.793     2.77    1.29
   1661.639     5.533     2.01    0.87
   2030.650     5.968     1.18    0.53
   2399.579     6.199     0.63    0.29
   2768.424     6.288     0.24    0.00
   3137.186     6.298     0.03    0.10
   3505.865     6.376     0.21    0.29
   3874.462     6.612     0.64    0.47
   4242.975     6.886     0.74    0.49
   4611.406     7.086     0.54    0.40
   4979.753     7.209     0.33    0.31
   5348.019     7.230     0.06    0.31
   5716.201     7.206    -0.06    0.40
   6084.301     7.201    -0.01    0.48
   6452.318     7.258     0.15    0.54
   6820.253     7.424     0.45    0.52
   7188.105     7.576     0.41    0.48
   7555.875     7.684     0.29    0.49
   7923.563     7.871     0.51    0.57
   8291.168     8.115     0.66    0.64
   8658.691     8.336     0.60    0.60
   9026.132     8.602     0.72    0.53
   9393.491     8.817     0.59    0.50
   9760.768     9.021     0.56    0.44
  10127.963     9.188     0.45    0.30
  10495.076     9.288     0.27    0.00
  10862.107     9.288     0.00    0.00
  11229.056     9.288     0.00    0.00
  11595.923     9.288     0.00    0.00
  11962.709     9.288     0.00    0.00
  12329.413     9.288     0.00    0.00
  12696.035     9.288     0.00    0.00
  13062.576     9.288     0.00    0.00
  13429.035     9.288     0.00    0.00
  13795.413     9.288     0.00    0.00
  14161.710     9.288     0.00    0.00
  14527.925     9.288     0.00    0.00
  14894.058     9.288     0.00    0.00
  15260.111     9.288     0.00    0.00
  15626.082     9.288     0.00    0.00
  15991.972     9.288     0.00    0.00
  16357.781     9.288     0.00    0.00
  16723.510     9.288     0.00    0.00
  17089.157     9.288     0.00    0.00
  17454.723     9.288     0.00    0.00
  17820.208     9.288     0.00    0.00
  18185.613     9.288     0.00    0.00
  18550.936     9.288     0.00    0.00
  18916.179     9.288     0.00    0.00
  19281.342     9.288     0.00    0.00
  19646.424     9.288     0.00    0.00
  20011.425     9.288     0.00    0.00
  20376.345     9.288     0.00    0.00
  20741.186     9.288     0.00    0.00
  21105.946     9.288     0.00    0.00
  21482.493     9.288     0.00    0.00
  21864.106     9.288     0.00    0.00
  22245.630     9.288     0.00    0.00
  22627.064     9.288     0.00    0.00
  23008.409     9.288     0.00    0.00
  23389.664     9.288     0.00    0.00
  23770.830     9.288     0.00    0.00
  24151.906     9.288     0.00    0.00
  24532.893     9.288     0.00    0.00
  24913.791     9.288     0.00    0.00
  25294.600     9.288     0.00    0.00
  25675.320     9.288     0.00    0.00
  26055.951     9.288     0.00    0.00
  26436.493     9.288     0.00    0.00
  26816.945     9.288     0.00    0.00
  27197.310     9.288     0.00    0.00
  27577.585     9.288     0.00    0.00
  27957.771     9.288     0.00    0.00
  28337.869     9.288     0.00    0.00
  28717.879     9.288     0.00    0.00
  29097.799     9.288     0.00    0.00
  29477.632     9.288     0.00    0.00
  29857.376     9.288     0.00    0.00
  30237.031     9.288     0.00    0.00
  30616.599     9.288     0.00    0.00
  30996.078     9.288     0.00    0.00
  31375.469     9.288     0.00    0.00
  31754.771     9.288     0.00    0.00
  32133.986     9.288     0.00    0.00
  32513.113     9.288     0.00    0.00
  32892.152     9.288     0.00    0.00
  33271.103     9.288     0.00    0.00
  33649.966     9.288     0.00    0.00
  34028.741     9.288     0.00    0.00
  34407.429     9.288     0.00    0.00
  34786.029     9.288     0.00    0.00
  35164.542     9.288     0.00    0.00
  35542.967     9.288     0.00    0.00
  35921.304     9.288     0.00    0.00
  36299.555     9.288     0.00    0.00
  36677.718     9.288     0.00    0.00
  37055.793     9.288     0.00    0.00
  37433.782     9.288     0.00    0.00
  37811.683     9.288     0.00    0.00
  38189.497     9.288     0.00    0.00
  38567.224     9.288     0.00    0.00
  38944.864     9.288     0.00    0.00
  39322.418     9.288     0.00    0.00
  39699.884     9.288     0.00    0.00
  40077.264     9.288     0.00    0.00
  40454.557     9.288     0.00    0.00
  40831.763     9.288     0.00    0.00
  41208.883     9.288     0.00    0.00
  41585.916     9.288     0.00    0.00
  41962.862     9.288     0.00    0.00
  42339.722     9.288     0.00    0.00
  42716.496     9.288     0.00    0.00
  43093.183     9.288     0.00    0.00
  43469.785     9.288     0.00    0.00
  43846.300     9.288     0.00    0.00
  44222.728     9.288     0.00    0.00
  44599.071     9.288     0.00    0.00
  44975.328     9.288     0.00    0.00
  45351.498     9.288     0.00    0.00
  45727.583     9.288     0.00    0.00
  46103.582     9.288     0.00    0.00
  46479.495     9.288     0.00    0.00
  46855.323     9.288     0.00    0.00
  47231.064     9.288     0.00    0.00
  47606.721     9.288     0.00    0.00
  47982.291     9.288     0.00    0.00
  48357.776     9.288     0.00    0.00
  48733.176     9.288     0.00    0.00
  49108.490     9.288     0.00    0.00
  49483.719     9.288     0.00    0.00
  49858.862     9.288     0.00    0.00
  50233.921     9.288     0.00    0.00
  50608.894     9.288     0.00    0.00
  50983.782     9.288     0.00    0.00
  51358.585     9.288     0.00    0.00
  51733.303     9.288     0.00    0.00
  52107.936     9.288     0.00    0.00
  52482.484     9.288     0.00    0.00
  52856.948     9.288     0.00    0.00
  53231.326     9.288     0.00    0.00
  53605.620     9.288     0.00    0.00
  53979.829     9.288     0.00    0.00
  54353.954     9.288     0.00    0.00
  54727.994     9.288     0.00    0.00
  55101.950     9.288     0.00    0.00
  55475.821     9.288     0.00    0.00
  55849.608     9.288     0.00    0.00
  56223.310     9.288     0.00    0.00
  56596.929     9.288     0.00    0.00
  56970.463     9.288     0.00    0.00
  57343.913     9.288     0.00    0.00
  57717.278     9.288     0.00    0.00
  58090.560     9.288     0.00    0.00
  58463.758     9.288     0.00    0.00
  58836.872     9.288     0.00    0.00
  59209.902     9.288     0.00    0.00
  59582.848     9.288     0.00    0.00
  59955.711     9.288     0.00    0.00
  60328.490     9.267    -0.06    0.14
  60701.185     9.180    -0.23    0.31
  61073.796     8.998    -0.49    0.46
  61446.324     8.842    -0.42    0.50
  61818.769     8.793    -0.13    0.50
  62191.130     8.621    -0.46    0.47
  62563.408     8.488    -0.36    0.40
  62935.602     8.553     0.17    0.44
  63307.713     8.694     0.38    0.49
  63679.742     8.838     0.39    0.50
  64051.686     8.896     0.16    0.49
  64423.548     8.998     0.27    0.46
  64795.327     9.072     0.20    0.41
  65167.023     9.204     0.35    0.28
  65538.636     9.199    -0.01    0.29
  65910.166     9.157    -0.11    0.34
  66281.613     9.088    -0.18    0.40
  66652.977     8.991    -0.26    0.46
  67024.259     9.056     0.17    0.42
  67395.458     9.149     0.25    0.35
  67766.574     9.246     0.26    0.20
  68137.608     9.288     0.11    0.00
  68508.560     9.288     0.00    0.00
  68879.429     9.239    -0.13    0.22
  69250.215     9.106    -0.36    0.39
  69620.920     8.872    -0.63    0.50
  69991.542     8.773    -0.27    0.50
  70362.081     8.793     0.05    0.50
  70732.539     8.700    -0.25    0.49
  71102.915     8.652    -0.13    0.48
  71473.208     8.651    -0.00    0.48
  71843.420     8.614    -0.10    0.47
  72213.549     8.808     0.52    0.50
  72583.597     8.914     0.29    0.55
  72953.563     8.465    -1.22    1.20
  73323.447     7.688    -2.10    1.63
  73693.249     7.159    -1.43    1.48
  74062.970     7.288     0.35    1.46
  74432.609     7.858     1.54    1.42
  74802.166     8.259     1.08    1.09
  75171.642     7.897    -0.98    1.88
  75541.036     6.813    -2.93    2.48
  75910.349     5.941    -2.36    2.40
  76279.581     4.852    -2.95    2.03
  76648.731     4.338    -1.39    2.04
  77017.801     3.823    -1.40    2.60
  77386.789     2.872    -2.58    2.38
  77755.695     2.390    -1.31    2.43
  78124.521     2.734     0.93    2.28
  78493.266     3.299     1.53    1.69
  78861.929     3.847     1.49    1.18
  79230.512     4.227     1.03    0.32
  79599.014     4.288     0.17    0.00
  79967.435     4.288     0.00    0.00
  80335.775     4.288     0.00    0.00
  80704.035     4.288     0.00    0.00
  81072.214     4.288     0.00    0.00
  81440.312     4.288     0.00    0.00
  81808.330     4.288     0.00    0.00
  82176.267     4.288     0.00    0.00
  82544.124     4.288     0.00    0.00
  82911.900     4.288     0.00    0.00
  83279.596     4.288     0.00    0.00
  83647.212     4.288     0.00    0.00
  84014.747     4.288     0.00    0.00
  84382.202     4.288     0.00    0.00
  84749.577     4.288     0.00    0.00
  85116.872     4.288     0.00    0.00
  85484.087     4.288     0.00    0.00
  85851.222     4.288     0.00    0.00
  86218.277     4.288     0.00    0.00
  86585.252     4.288     0.00    0.00
  86952.147     4.288     0.00    0.00
  87318.963     4.288     0.00    0.00
  87685.699     4.288     0.00    0.00
  88052.355     4.288     0.00    0.00
  88418.931     4.288     0.00    0.00
  88785.428     4.288     0.00    0.00
  89151.845     4.288     0.00    0.00
  89518.183     4.288     0.00    0.00
  89884.442     4.288     0.00    0.00
  90250.621     4.288     0.00    0.00
  90616.720     4.288     0.00    0.00
  90982.741     4.288     0.00    0.00
  91348.682     4.288     0.00    0.00
  91714.544     4.288     0.00    0.00
  92080.327     4.288     0.00    0.00
  92446.031     4.288     0.00    0.00
  92811.656     4.288     0.00    0.00
  93177.202     4.288     0.00    0.00
  93542.669     4.288     0.00    0.00
  93908.057     4.288     0.00    0.00
  94273.366     4.288     0.00    0.00
  94638.597     4.288     0.00    0.00
  95003.748     4.288     0.00    0.00
  95368.822     4.288     0.00    0.00
  95733.816     4.288     0.00    0.00
  96105.255     4.288     0.00    0.00
  96486.698     4.288     0.00    0.00
  96868.053     4.288     0.00    0.00
  97249.320     4.288     0.00    0.00
  97630.501     4.398     0.29    0.31
  98011.594     4.553     0.41    0.44
  98392.600     4.698     0.38    0.49
  98773.520     4.865     0.44    0.50
  99154.352     4.768    -0.26    0.50
  99535.097     4.717    -0.14    0.50
  99915.755     4.698    -0.05    0.49
 100296.327     4.597    -0.26    0.46
 100676.812     4.518    -0.21    0.42
 101057.210     4.513    -0.01    0.42
 101437.522     4.528     0.04    0.43
 101817.746     4.615     0.23    0.47
 102197.885     4.638     0.06    0.48
 102577.937     4.656     0.05    0.48
 102957.902     4.698     0.11    0.49
 103337.782     4.731     0.09    0.50
 103717.575     4.793     0.16    0.50
 104097.281     4.799     0.01    0.50
 104476.902     4.598    -0.53    0.46
 104856.436     4.434    -0.43    0.35
 105235.885     4.288    -0.38    0.00
 105615.247     4.288     0.00    0.00
 105994.523     4.288     0.00    0.00
 106373.714     4.288     0.00    0.00
 106752.819     4.378     0.24    0.29
 107131.838     4.592     0.57    0.46
 107510.771     4.872     0.74    0.50
 107889.618     5.173     0.80    0.38
 108268.380     5.338     0.43    0.22
 108647.057     5.342     0.01    0.23
 109025.648     5.348     0.01    0.24
 109404.153     5.371     0.06    0.28
 109782.574     5.378     0.02    0.29
 110160.908     5.362    -0.04    0.26
 110539.158     5.318    -0.12    0.17
 110917.323     5.288    -0.08    0.00
 111295.402     5.288     0.00    0.00
 111673.396     5.288     0.00    0.00
 112051.305     5.238    -0.13    0.22
 112429.129     5.154    -0.22    0.34
 112806.869     5.018    -0.36    0.45
 113184.523     5.058     0.11    0.55
 113562.093     5.359     0.80    0.79
 113939.578     6.102     1.97    1.68
 114316.978     8.918     7.46    6.44
 114694.293    14.712    15.36   12.54
 115071.524    23.982    24.57   17.44
 115448.671    34.046    26.68   20.13
 115825.733    47.880    36.69   22.08
 116202.710    62.704    39.32   22.49
 116579.604    78.840    42.81   25.26
 116956.413    95.258    43.57   28.23
 117333.137   114.530    51.15   30.07
 117709.778   132.348    47.30   27.55
 118086.334   149.043    44.33   23.54
 118462.806   163.608    38.68   19.48
 118839.195   175.223    30.86   13.45
 119215.499   185.388    27.01    9.80
 119591.719   194.469    24.14   11.24
 119967.856   204.036    25.43   13.47
 120343.909   215.480    30.43   16.63
 120719.878   228.076    33.50   16.94
 121095.763   237.088    23.97   16.98
 121471.565   243.864    18.03   14.32
 121847.283   244.808     2.51   14.77
 122222.918   238.147   -17.73   17.00
 122598.469   230.788   -19.59   16.09
 122973.936   224.348   -17.15   11.58
 123349.321   221.137    -8.55    7.91
 123724.622   223.882     7.31    9.90
 124099.840   228.472    12.23   12.44
 124474.974   233.757    14.09   11.30
 124850.026   238.448    12.51    9.40
 125224.994   244.804    16.95   10.08
 125599.879   250.543    15.31   11.97
 125974.682   256.527    15.96   11.83
 126349.401   260.498    10.60   11.51
 126724.038   265.788    14.12   13.31
 127098.592   273.798    21.38   15.84
 127473.063   284.667    29.02   13.52
 127847.451   293.676    24.06    9.09
 128221.757   297.381     9.90    6.96
 128595.980   299.948     6.86    8.23
 128970.120   304.594    12.42   10.85
 129344.178   311.431    18.28   12.61
 129718.154   316.908    14.64   12.42
 130092.047   322.588    15.19   10.37
 130465.858   322.043    -1.46   12.02
 130839.587   310.923   -29.75   23.16
 131213.233   298.578   -33.04   26.44
 131586.797   288.899   -25.91   24.62
 131960.279   283.898   -13.39   24.16
 132333.679   283.940     0.11   24.35
 132706.998   285.218     3.42   24.16
 133080.234   292.256    18.86   26.30
 133453.388   301.461    24.67   26.09
 133826.460   313.061    31.09   22.01
 134199.451   322.116    24.27   26.19
 134572.360   330.142    21.52   29.55
 134945.187   345.390    40.89   35.48
 135317.932   362.574    46.10   36.12
 135690.596   380.808    48.93   28.58
 136063.178   390.461    25.91   16.60
 136435.679   389.403    -2.84   15.95
 136808.099   380.348   -24.31   18.46
 137180.437   372.342   -21.50   15.56
 137552.694   373.918     4.23   16.58
 137924.869   382.060    21.87   20.91
 138296.964   399.450    46.73   25.48
 138668.977   414.277    39.85   23.93
 139040.909   425.046    28.95   19.46
 139412.760   431.106    16.30   18.11
 139784.530   430.048    -2.84   19.57
 140156.219   420.712   -25.12   22.45
 140527.827   408.849   -31.92   24.93
 140899.354   402.349   -17.49   21.42
 141270.801   400.160    -5.89   16.84
 141642.167   410.319    27.35   22.42
 142013.452   426.832    44.47   25.30
 142384.656   446.358    52.60   21.56
 142755.780   460.569    38.29   17.55
 143126.823   475.140    39.26   17.84
 143497.786   483.163    21.63   15.56
 143868.669   484.546     3.73   19.33
 144239.471   480.053   -12.11   24.89
 144610.192   470.175   -26.64   29.64
 144980.834   462.876   -19.69   30.23
 145351.395   462.172    -1.90   29.77
 145721.876   472.737    28.51   31.48
 146092.277   491.451    50.52   34.79
 146462.598   516.429    67.44   33.34
 146832.839   533.809    46.94   26.71
 147202.999   533.553    -0.69   24.18
 147573.080   522.478   -29.93   29.42
 147943.081   488.793   -91.03   46.79
 148313.003   459.278   -79.78   43.90
 148682.844   446.699   -34.01   33.43
 149052.606   446.702     0.01   29.56
 149422.288   454.549    21.22   25.33
 149791.891   458.018     9.39   20.28
 150161.414   456.560    -3.95   16.54
 150530.857   465.808    25.03   18.77
 150900.221   480.153    38.83   24.70
 151269.506   501.144    56.84   27.90
 151638.711   520.702    52.97   29.23
 152007.837   539.824    51.80   29.06
 152376.884   551.072    30.47   30.43
 152745.851   555.846    12.94   40.44
 153114.739   557.502     4.49   57.72
 153483.549   559.222     4.66   75.49
 153852.279   540.074   -51.93   87.71
 154220.930   499.267  -110.68   91.56
 154589.502   438.543  -164.74   86.41
 154957.995   398.846  -107.72   56.66
 155326.410   379.849   -51.56   23.37
 155694.746   386.196    17.23   20.43
 156063.003   401.654    41.97   13.20
 156431.181   413.043    30.93   15.15
 156799.280   427.821    40.14   20.96
 157167.301   446.510    50.78   24.51
 157535.244   460.299    37.47   21.15
 157903.108   471.717    31.04   16.63
 158270.893   478.968    19.72   14.88
 158638.600   488.132    24.92   16.84
 159006.229   497.722    26.08   18.78
 159373.779   506.246    23.19   15.87
 159741.251   508.621     6.46   13.66
 160108.645   507.832    -2.15   13.06
 160475.961   505.157    -7.28   11.47
 160843.199   504.751    -1.10   11.28
 161210.358   506.615     5.07   14.01
 161577.440   508.401     4.87   15.66
 161944.443   510.745     6.39   15.24
 162311.369   515.788    13.74   16.98
 162678.217   520.505    12.86   17.11
 163044.987   527.758    19.77   17.95
 163411.679   536.151    22.89   20.22
 163778.294   550.972    40.42   22.13
 164144.831   568.986    49.14   20.97
 164511.290   586.507    47.81   20.81
 164877.672   600.217    37.42   20.46
 165243.976   616.835    45.36   18.53
 165610.203   633.066    44.31   18.44
 165976.352   648.712    42.73   18.71
 166342.424   664.298    42.57   20.71
 166708.419   679.120    40.49   19.07
 167074.336   692.945    37.78   19.12
 167440.177   703.359    28.47   19.65
 167805.940   709.406    16.53   25.26
 168171.625   716.237    18.68   26.81
 168537.234   730.734    39.65   36.29
 168902.766   756.680    70.97   46.36
 169268.221   793.256   100.07   57.47
 169633.599   838.176   122.93   60.53
 169998.900   876.649   105.31   72.53
 170364.124   913.362   100.51   82.60
 170730.845   916.798     9.37   82.46
 171112.117   902.944   -36.33   80.97
 171493.304   901.808    -2.98   68.52
 171874.406   913.150    29.76   66.60
 172255.423   939.574    69.34   63.59
 172636.356   981.105   109.01   70.14
 173017.203  1034.186   139.36   94.75
 173397.966  1084.086   131.04   92.36
 173778.644  1103.999    52.30   76.77
 174159.237  1091.226   -33.56   96.28
 174539.746  1031.472  -157.02  102.15
 174920.170   988.600  -112.68   78.79
 175300.509   972.702   -41.79   64.33
 175680.764   948.604   -63.37   61.32
 176060.935   928.403   -53.13   68.46
 176441.021   897.381   -81.61   78.58
 176821.023   860.461   -97.14   76.32
 177200.941   826.471   -89.46   76.85
 177580.775   803.033   -61.70   60.51
 177960.524   769.193   -89.10   43.22
 178340.190   750.809   -48.42   43.72
 178719.771   730.072   -54.63   47.71
 179099.268   703.931   -68.87   36.44
 179478.682   692.729   -29.52   34.19
 179858.012   699.227    17.13   34.38
 180237.257   699.830     1.59   33.41
 180616.419   691.486   -22.00   34.76
 180995.498   677.351   -37.28   26.47
 181374.493   667.793   -25.21   14.48
 181753.404   670.503     7.15   16.76
 182132.231   673.460     7.80   19.07
 182510.976   669.080   -11.56   22.30
 182889.636   656.705   -32.68   23.11
 183268.214   644.214   -32.99   21.54
 183646.708   638.829   -14.22   22.69
 184025.119   637.442    -3.66   21.87
 184403.446   633.023   -11.68   21.52
 184781.691   629.288    -9.87   22.35
 185159.852   628.510    -2.06   18.67
 185537.931   620.799   -20.39   18.71
 185915.926   615.400   -14.28   35.29
 186293.838   627.844    32.92   45.81
 186671.668   650.556    60.11   49.23
 187049.415   682.816    85.39   37.96
 187427.078   685.722     7.70   30.27
 187804.660   674.418   -29.93   35.02
 188182.158   659.155   -40.43   27.96
 188559.574   647.211   -31.64   11.03
 188936.908   647.798     1.56   11.31
 189314.159   646.977    -2.18   11.98
 189691.327   641.999   -13.20   12.46
 190068.413   637.309   -12.44   10.73
 190445.417   629.278   -21.30   14.90
 190822.338   623.603   -15.05   14.57
 191199.177   618.094   -14.62   13.18
 191575.934   615.549    -6.75   11.56
 191952.609   618.788     8.60   10.77
 192329.202   623.632    12.86    9.94
 192705.713   632.538    23.65   13.78
 193082.141   645.078    33.31   16.55
 193458.488   660.123    39.97   20.10
 193834.753   674.583    38.42   20.32
 194210.936   689.067    38.50   19.63
 194587.038   698.513    25.11   18.91
 194963.057   703.488    13.23   18.19
 195338.995   709.559    16.15   19.82
 195714.852   713.444    10.34   23.27
 196090.627   715.236     4.77   27.01
 196466.320   717.088     4.93   28.20
 196841.932   723.113    16.04   29.56
 197217.463   736.460    35.54   35.92
 197592.912   760.484    63.98   42.37
 197968.280   792.004    83.96   50.93
 198343.566   825.767    89.95   60.91
 198718.772   868.288   113.31   84.38
 199093.896   915.941   127.02  105.06
 199468.939   961.121   120.45  115.49
 199843.902  1013.831   140.55  110.58
 200218.783  1044.799    82.60   92.79
 200593.583  1060.793    42.67   79.74
 200968.303  1043.679   -45.66   83.82
 201342.941  1024.028   -52.45   90.94
 201717.499   986.406  -100.43   95.35
 202091.976   955.030   -83.77   86.57
 202466.373   918.625   -97.22   86.60
 202840.689   883.041   -95.05   84.73
 203214.924   862.635   -54.52   84.36
 203589.079   826.896   -95.51   75.76
 203963.153   796.226   -81.98   64.49
 204337.147   774.120   -59.10   55.60
 204711.060   755.731   -49.17   52.07
 205084.893   745.111   -28.41   49.53
 205458.646   733.845   -30.14   39.38
 205832.319   719.168   -39.27   30.87
 206205.912   702.474   -44.68   26.02
 206579.424   682.755   -52.79   25.50
 206952.857   662.247   -54.91   27.76
 207326.209   640.277   -58.84   28.12
 207699.481   618.096   -59.41   30.21
 208072.674   594.668   -62.77   29.94
 208445.787   566.824   -74.62   32.44
 208818.820   551.114   -42.11   26.34
 209191.773   561.886    28.88   44.49
 209564.646   587.826    69.56   65.46
 209937.440   638.996   137.24   74.13
 210310.154   674.870    96.23   64.29
 210682.789   714.372   105.99   57.81
 211055.344   724.745    27.84   51.96
 211427.820   722.726    -5.42   50.74
 211800.216   704.435   -49.11   55.65
 212172.533   687.499   -45.48   54.73
 212544.770   670.639   -45.29   52.23
 212916.929   652.580   -48.52   51.76
 213289.008   652.309    -0.73   55.02
 213661.008   635.832   -44.29   52.94
 214032.929   609.927   -69.64   52.74
 214404.771   592.628   -46.51   53.47
 214776.534   580.194   -33.44   36.71
 215148.218   575.363   -13.00   25.61
 215519.823   587.246    31.97   30.01
 215891.349   609.309    59.38   33.65
 216262.796   634.204    67.01   40.11
 216634.165   650.162    42.96   49.37
 217005.455   665.650    41.71   47.79
 217376.666   673.955    22.37   48.68
 217747.799   678.440    12.08   44.83
 218118.853   676.216    -5.99   42.30
 218489.829   678.723     6.76   43.95
 218860.726   672.298   -17.32   42.10
 219231.545   662.925   -25.27   40.39
 219602.285   650.267   -34.14   28.07
 219972.947   641.288   -24.22   18.59
 220343.531   629.499   -31.81   20.28
 220714.037   621.618   -21.27   23.93
 221084.464   607.809   -37.27   26.93
 221454.814   590.569   -46.54   24.86
 221825.085   566.086   -66.11   27.65
 222195.278   550.808   -41.26   23.52
 222565.394   547.071   -10.10   19.80
 222935.431   552.155    13.74   19.62
 223305.391   565.908    37.17   17.07
 223675.273   579.401    36.48   13.95
 224045.077   589.625    27.64   15.89
 224414.803   605.556    43.08   18.64
 224784.451   615.414    26.67   13.33
 225154.022   614.625    -2.14   14.67
 225523.516   610.920   -10.03   16.72
 225892.932   612.916     5.40   20.82
 226262.270   618.788    15.90   23.11
 226631.531   628.505    26.31   19.84
 227000.714   626.184    -6.29   22.55
 227369.821   613.538   -34.26   25.50
 227738.850   602.513   -29.87   19.03
 228107.801   603.772     3.41   22.57
 228476.676   616.423    34.29   35.23
 228845.473   635.033    50.45   40.66
 229214.193   652.751    48.05   42.30
 229582.837   668.871    43.72   43.13
 229951.403   689.449    55.82   42.03
 230319.892   707.845    49.91   29.47
 230688.305   714.591    18.31   22.49
 231056.640   706.969   -20.69   28.04
 231424.899   684.888   -59.95   31.60
 231793.081   670.803   -38.25   27.66
 232161.186   663.078   -20.99   30.51
 232529.215   659.778    -8.96   32.23
 232897.167   654.320   -14.83   31.88
 233265.042   642.309   -32.64   29.69
 233632.841   625.351   -46.10   25.66
 234000.563   605.163   -54.89   27.99
 234368.209   582.020   -62.94   26.27
 234735.779   562.055   -54.31   22.36
 235103.272   550.986   -30.11   14.84
 235470.689   548.343    -7.19   13.83
 235838.030   555.909    20.59   19.49
 236205.294   564.490    23.36   20.88
 236572.483   576.741    33.36   24.08
 236939.595   583.996    19.76   22.74
 237306.631   584.673     1.84   21.88
 237673.591   585.488     2.22   21.56
 238040.476   585.388    -0.27   19.63
 238407.284   584.413    -2.66   17.08
 238774.016   584.041    -1.02   14.95
 239140.673   583.162    -2.40   15.14
 239507.254   590.572    20.21   25.31
 239873.759   609.814    52.49   32.52
 240240.189   627.215    47.48   28.64
 240606.542   641.996    40.34   25.39
 240972.821   652.721    29.28   25.06
 241339.023   662.021    25.39   24.42
 241705.151   677.425    42.06   30.46
 242071.202   694.342    46.21   33.13
 242437.179   713.926    53.50   37.66
 242803.080   722.192    22.59   37.43
 243168.906   712.990   -25.15   37.94
 243534.656   698.614   -39.30   37.50
 243900.331   685.299   -36.41   35.11
 244265.931   682.107    -8.73   38.86
 244631.456   689.185    19.36   42.45
 244996.906   697.625    23.09   29.31
 245362.281   693.234   -12.01   25.07
 245740.362   673.572   -52.00   31.59
 246121.381   645.214   -74.42   39.21
 246502.318   611.246   -89.15   40.76
 246883.171   589.084   -58.18   33.95
 247263.942   572.404   -43.80   35.81
 247644.631   563.859   -22.44   40.18
 248025.236   554.757   -23.91   39.08
 248405.759   543.245   -30.25   32.22
 248786.200   528.604   -38.48   24.98
 249166.558   515.951   -33.26   20.49
 249546.834   504.371   -30.45   19.55
 249927.028   492.342   -31.63   19.52
 250307.139   482.917   -24.79   19.37
 250687.168   472.632   -27.06   14.20
 251067.115   459.309   -35.06   16.75
 251446.980   443.323   -42.08   21.06
 251826.763   428.852   -38.10   21.60
 252206.464   420.070   -23.13   17.96
 252586.083   423.341     8.62   21.92
 252965.619   434.088    28.31   23.95
 253345.074   448.133    37.01   22.10
 253724.448   464.277    42.55   18.96
 254103.739   475.649    29.98   21.39
 254482.949   488.010    32.59   19.48
 254862.077   495.882    20.76   15.87
 255241.124   496.515     1.67   15.42
 255620.089   490.767   -15.17   17.47
 255998.972   482.828   -20.95   15.09
 256377.774   475.118   -20.35   17.07
 256756.495   475.164     0.12   18.66
 257135.135   479.257    10.81   19.88
 257513.693   483.166    10.32   17.70
 257892.170   480.859    -6.09   17.91
 258270.565   469.866   -29.05   21.51
 258648.880   456.715   -34.75   17.65
 259027.113   446.839   -26.11   11.58
 259405.266   443.922    -7.71   11.07
 259783.338   441.380    -6.72   12.07
 260161.328   440.150    -3.25   11.13
 260539.238   441.081     2.46   10.85
 260917.067   443.277     5.81   10.63
 261294.815   446.577     8.73    5.76
 261672.482   444.793    -4.72    7.89
 262050.069   440.655   -10.96   11.27
 262427.575   430.680   -26.42   18.27
 262805.001   416.455   -37.68   22.46
 263182.346   400.038   -43.50   23.38
 263559.611   386.254   -36.53   16.44
 263936.795   379.267   -18.52   11.34
 264313.899   367.874   -30.20   22.17
 264690.922   353.628   -37.78   29.76
 265067.866   336.978   -44.16   25.78
 265444.729   338.692     4.55   28.07
 265821.512   355.895    45.65   35.83
 266198.214   382.684    71.10   37.04
 266574.837   408.832    69.41   24.97
 266951.380   425.046    43.05   17.23
 267327.843   432.310    19.29   14.96
 267704.226   435.469     8.39   13.34
 268080.529   437.629     5.74   12.63
 268456.752   442.467    12.86   15.95
 268832.895   452.365    26.31   21.34
 269208.959   467.080    39.12   24.63
 269584.943   482.761    41.70   24.49
 269960.848   500.958    48.40   24.19
 270336.673   516.643    41.73   25.42
 270712.418   538.362    57.79   31.25
 271088.084   563.398    66.63   43.99
 271463.671   594.569    82.98   50.76
 271839.178   614.364    52.70   43.34
 272214.606   625.480    29.60   31.18
 272589.955   623.990    -3.97   26.64
 272965.224   605.086   -50.37   30.76
 273340.415   580.405   -65.77   29.31
 273715.526   553.750   -71.04   27.26
 274090.558   532.705   -56.11   28.05
 274465.511   508.366   -64.90   27.47
 274840.385   493.751   -38.98   22.61
 275215.181   491.976    -4.73   21.39
 275589.897   500.614    23.05   23.79
 275964.535   513.016    33.10   19.63
 276339.093   513.340     0.86   19.35
 276713.574   504.024   -24.87   21.10
 277087.975   500.678    -8.94   18.87
 277462.298   505.633    13.24   22.29
 277836.542   519.501    37.05   24.24
 278210.708   530.445    29.24   19.57
 278584.795   527.618    -7.56   19.99
 278958.804   519.288   -22.27   25.84
 279332.735   500.309   -50.75   29.20
 279706.587   479.188   -56.48   27.90
 280080.361   466.501   -33.94   22.37
 280454.056   460.777   -15.31   14.30
 280827.674   465.458    12.53   16.33
 281201.213   475.858    27.84   19.86
 281574.675   489.309    36.01   14.58
 281948.058   493.525    11.29    9.78
 282321.363   488.937   -12.29   15.23
 282694.591   479.373   -25.62   18.19
 283067.740   471.022   -22.38   12.55
 283440.812   471.543     1.40   11.68
 283813.805   479.405    21.07   15.23
 284186.722   488.321    23.90   15.81
 284559.560   499.321    29.50   18.31
 284932.321   512.517    35.40   26.23
 285305.004   528.398    42.60   26.67
 285677.609   542.575    38.04   26.45
 286050.138   559.759    46.12   34.60
 286422.588   575.628    42.60   56.49
 286794.961   600.389    66.48   61.23
 287167.257   646.278   123.23   76.85
 287539.476   689.655   116.51   69.54
 287911.617   708.109    49.58   51.72
 288283.681   699.947   -21.93   49.10
 288655.668   658.299  -111.94   62.47
 289027.578   611.832  -124.92   58.73
 289399.411   580.920   -83.12   44.44
 289771.166   569.501   -30.71   37.76
 290142.845   580.320    29.10   43.48
 290514.447   605.777    68.49   39.67
 290885.972   623.760    48.39   30.08
 291257.420   623.783     0.06   26.71
 291628.791   615.101   -23.37   32.22
 292000.086   598.628   -44.36   36.47
 292371.304   578.621   -53.88   27.24
 292742.445   574.862   -10.13   18.41
 293113.509   580.218    14.43   15.10
 293484.497   577.747    -6.66   18.49
 293855.409   574.795    -7.96   21.36
 294226.244   570.621   -11.25   19.79
 294597.003   568.092    -6.82   20.37
