# NaN NaN NaN ;Mean Elev.(m), Avg Gradient(m/km), RMS Gradient(m/km) - SRTM1     
#   90.491  -2.909  10.029 ;Mean Elev.(m), Avg Gradient(m/km), RMS Gradient(m/km) - ASTER GDEM
#  107.281  -2.330   8.810 ;Mean Elev.(m), Avg Gradient(m/km), RMS Gradient(m/km) - GMTED2010 
  7 236.789937  62.710925   101.528   101.518  7 52446.21219750 50.082
  8 236.789540  62.724599   100.778   100.870  6 52481.21219113 27.903
  9 236.794034  62.738867    99.945    99.526  3 52516.21214533 51.114
 10 236.789088  62.707471    99.326    99.330  7 52551.21218736 51.183
 11 236.794182  62.733586    98.423    98.469  5 52586.21216468 48.929
 12 236.793509  62.732204   100.307   100.180  5 52621.21214255 21.959
 15 236.789198  62.727528   140.212   140.236  5 52726.21217185  6.988
 16 236.789543  62.726629   101.350   101.413  5 52761.21218805 34.616
 17 236.790882  62.719416   103.028   102.981  8 52796.21214549 45.561
 18 236.791360  62.719664   101.679   101.549  8 52831.21221247 48.528
 19 236.792603  62.729534    99.563    99.556  5 52866.21225783 50.487
 20 236.790666  62.729747    99.352    99.020  4 52901.21228581 48.928
 21 236.794685  62.734122    98.622    98.629  5 52936.21222751 50.575
 22 236.791160  62.716895    99.178    99.100  8 52971.21224857 33.445
 23 236.791017  62.719220    99.975    99.984  8 53006.21226273 17.273
 24 236.788355  62.708576    99.629    99.686  7 53041.21221294 12.762
 25 236.789926  62.726465    98.986    98.958  4 53076.21224881  8.292
 26 236.784345  62.710906   122.353   131.937  5 53111.21221635  3.157
 27 236.791653  62.716270   102.064   102.051  8 53146.21226001 49.938
 28 236.791140  62.729998   100.564   100.549  5 53181.21226995 51.200
 29 236.787428  62.727986   139.232   139.558  3 53216.21229248  8.094
 30 236.792982  62.731907    98.709    98.700  5 53251.21227162 51.547
 31 236.787982  62.708243    98.929    98.934  8 53286.21226057 51.123
 32 236.792921  62.731281    97.971    97.949  5 53321.21224088 46.852
 34 236.794903  62.705395   100.150   100.185  3 53391.21221809  8.703
 35 236.794760  62.732656   136.334   136.548  5 53426.21221951  7.915
 36 236.794343  62.714370   111.090   111.788  6 53461.21222695  7.127
 37 236.789506  62.714050   104.039   103.986  8 53496.21230651 40.510
 38 236.793986  62.730999   102.065   102.006  4 53531.21228731 21.737
 39 236.789966  62.724689   103.913   103.056  5 53566.21231178 13.443
 40 236.794683  62.734054   106.081   107.216  5 53601.21225691  8.703
 41 236.789615  62.710617   100.118   100.120  7 53636.21225001 49.736
 42 236.790855  62.716414    98.855    98.896  9 53671.21227200 18.329
 43 236.797941  62.734857   100.453   100.477  6 53706.21220741 19.939
 44 236.801074  62.741503   100.642   100.497  5 53741.21212162 14.711
 46 236.798050  62.738064   142.925   143.132  5 53811.21212365  3.878
 47 236.791472  62.711467   137.018   137.079  8 53846.21216721  4.189
 48 236.790420  62.726079   102.159   102.189  5 53881.21219406 50.826
 49 236.791459  62.715452   101.468   101.067  8 53916.21225153 18.323
 50 236.790269  62.718362    99.909    99.874  8 53951.21225904 50.682
 52 236.790869  62.716391    99.006    98.922  8 54021.21223511 50.337
 53 236.792338  62.731404    97.955    97.869  5 54056.21222930 46.447
 54 236.795770  62.731958    98.952    99.025  5 54091.21221466 25.223
 55 236.790605  62.712374    99.149    99.171  8 54126.21214214 27.027
 56 236.789794  62.727835   100.906   102.813  5 54161.21218201  8.625
 57 236.796624  62.708012    99.012    98.943  4 54196.21214304  7.814
 58 236.791489  62.722501   101.800   101.663  6 54231.21219403 50.514
 59 236.790079  62.726894   102.357   102.338  4 54266.21221225 37.933
 60 236.790924  62.728191   106.909   107.569  5 54301.21221717 23.928
 61 236.792293  62.731539    99.925    99.963  5 54336.21220565 50.986
 62 236.791658  62.717405   132.463   135.183  8 54371.21214737 11.339
 63 236.790662  62.729195    99.372    99.371  4 54406.21214989 50.524
 64 236.789066  62.711747    99.700    99.677  7 54441.21210476 24.043
 65 236.789545  62.727938   100.154   100.159  5 54476.21213744 16.069
 66 236.791185  62.712709    99.878    99.863  8 54511.21212078 10.903
 67 236.791126  62.729966   139.039   139.222  5 54546.21215205  7.598
 68 236.789395  62.727102   138.738   138.121  4 54581.21211928  5.988
 69 236.790591  62.728314   102.231   102.214  5 54616.21214088 45.768
 70 236.790477  62.723119   139.279   138.830  6 54651.21215284  7.383
 72 236.791072  62.712644   126.478   134.416  8 54721.21209621 10.990
 74 236.789699  62.711496    98.440    98.447  8 54791.21208932 44.200
 75 236.790349  62.722958    99.968    99.811  7 54826.21211682 30.282
 76 236.791148  62.714459    99.902    99.935  9 54861.21208348 10.189
 78 236.798561  62.705163    98.802    98.802  2 54931.21207896  8.560
 79 236.789408  62.727043   105.544   105.553  5 54966.21211907 33.225
 80 236.791074  62.722082   102.605   102.540  6 55001.21213801 24.827
 81 236.789468  62.728125   100.518   100.489  5 55036.21212505 50.799
 82 236.793514  62.731572   100.557   100.565  5 55071.21211411 51.717
 83 236.790483  62.712972   119.538   123.010  8 55106.21205420 14.162
 84 236.789963  62.729134    98.733    98.732  4 55141.21206330 49.747
 85 236.789911  62.713080   100.401   100.397  8 55176.21202315 22.709
 86 236.789867  62.726001   101.816   101.802  4 55211.21205741 10.652
 87 236.791660  62.715905   100.421   100.156  8 55246.21202796 13.087
 88 236.791662  62.729039   101.661   101.610  4 55281.21205170  9.212
 89 236.789699  62.725380   102.721   102.701  4 55316.21201838 28.680
 90 236.791811  62.729717   100.131   100.155  4 55351.21202367 51.995
 91 236.793547  62.709825   115.395   110.421  6 55386.21201470 15.312
 92 236.790322  62.727834    99.592    99.581  5 55421.21204166 47.101
 93 236.794993  62.731288    99.746    99.493  5 55456.21201742 50.060
