# NaN NaN NaN ;Mean Elev.(m), Avg Gradient(m/km), RMS Gradient(m/km) - SRTM1     
#   11.019  -9.662  26.597 ;Mean Elev.(m), Avg Gradient(m/km), RMS Gradient(m/km) - ASTER GDEM
#   29.197  -9.217  26.354 ;Mean Elev.(m), Avg Gradient(m/km), RMS Gradient(m/km) - GMTED2010 
 11   172.352 52590.83228423  5.69 230.642841  66.630893  8.789
 11   170.455 52590.83228487  7.74 230.639501  66.627823  8.789
 11   168.486 52590.83228552  6.24 230.636151  66.624743  8.789
 12   173.439 52625.83220870  4.32 230.645402  66.633074  5.027
 12   179.979 52625.83220934  1.41 230.642062  66.630004  5.027
 12   169.971 52625.83220999  3.34 230.638712  66.626924  5.027
 12   167.965 52625.83221063  2.46 230.635372  66.623844  5.027
 15    31.369 52730.83225674  6.87 230.652764  66.630295  5.820
 15    19.394 52730.83225738  7.88 230.649414  66.627215  5.820
 15    19.538 52730.83225803  8.21 230.646074  66.624145  5.820
 15    44.140 52730.83225867  6.84 230.642724  66.621065  5.820
 27   185.562 53150.83236807  5.76 230.645572  66.629875  2.718
 27   183.621 53150.83236872  5.17 230.642222  66.626805  2.718
 27   182.313 53150.83236936  4.08 230.638872  66.623725  2.718
 32   172.246 53325.83234531  2.75 230.651665  66.631672  5.515
 32   175.451 53325.83234660  1.45 230.644974  66.625514  5.941
 32   166.418 53325.83234724  3.63 230.641624  66.622444  5.941
 37   172.325 53500.83240454  4.02 230.642190  66.630432  2.221
 37   167.360 53500.83240519  3.42 230.638840  66.627352  2.221
 37   168.548 53500.83240583  2.61 230.635500  66.624282  2.221
 48   171.605 53885.83228589  1.80 230.657429  66.628983  2.521
 48   169.712 53885.83228654  1.41 230.654079  66.625903  2.521
 48   167.703 53885.83228718  1.22 230.650739  66.622833  2.521
 53   171.344 54060.83233040  3.91 230.654696  66.630967  5.284
 53   167.917 54060.83233169  0.24 230.648006  66.624817  5.284
 53   165.780 54060.83233233  1.64 230.644656  66.621747  5.284
 54   172.614 54095.83230469  5.89 230.636715  66.632125  8.741
 54   169.039 54095.83230598  2.37 230.630025  66.625965  8.741
 58    44.454 54235.83229152  1.84 230.650883  66.627248  5.595
 58    25.671 54235.83229217 16.49 230.647543  66.624168  5.595
 58    25.897 54235.83229281 23.06 230.644193  66.621098  5.595
 79   185.277 54970.83221505  6.14 230.650945  66.629656  2.414
 79   183.792 54970.83221569  5.24 230.647595  66.626576  2.414
 79   181.946 54970.83221634  4.54 230.644255  66.623496  2.414
 79   179.604 54970.83221698  4.23 230.640905  66.620426  2.414
 83   170.541 55110.83215543  3.31 230.655041  66.628385  5.848
 83   168.572 55110.83215607  2.95 230.651691  66.625305  5.848
 85   169.497 55180.83213232  5.34 230.662032  66.628698  6.669
 85   167.928 55180.83213297  2.81 230.658682  66.625618  6.669
 85   171.116 55180.83213361  2.83 230.655332  66.622548  6.669
 85   164.074 55180.83213426  1.23 230.651992  66.619468  6.669
 85   165.612 55180.83213490  0.37 230.648642  66.616398  6.669
 86   179.404 55215.83215248  1.48 230.644480  66.629993  5.455
 86   174.764 55215.83215377  0.48 230.637790  66.623843  5.455
