# NaN NaN NaN ;Mean Elev.(m), Avg Gradient(m/km), RMS Gradient(m/km) - SRTM1     
#  124.420  -8.039   9.711 ;Mean Elev.(m), Avg Gradient(m/km), RMS Gradient(m/km) - ASTER GDEM
#  140.578  -8.492   9.286 ;Mean Elev.(m), Avg Gradient(m/km), RMS Gradient(m/km) - GMTED2010 
  6   143.208 52440.20390389 21.67 240.827223  61.221616 14.031
  6   143.405 52440.20390454 20.83 240.824873  61.224766 14.031
  6   143.972 52440.20390518 22.47 240.822523  61.227926 14.031
  7   141.756 52475.20390191 43.97 240.830770  61.223537 11.162
  7   141.494 52475.20390256 48.82 240.828420  61.226697 11.162
  7   140.124 52475.20390320 47.59 240.826070  61.229847 11.162
  8   143.222 52510.20386004 20.08 240.845011  61.225101  7.670
  8   143.516 52510.20386068 20.33 240.842661  61.228261  7.670
  8   143.880 52510.20386133 24.87 240.840321  61.231421  7.670
  9   171.374 52545.20386922  3.89 240.830602  61.222523  8.350
  9   167.211 52545.20386986  5.46 240.828252  61.225683  8.350
  9   163.162 52545.20387051  5.96 240.825902  61.228833  8.350
 10   162.167 52580.20390047 13.89 240.831260  61.223509  7.230
 10   161.019 52580.20390111 16.14 240.828910  61.226659  7.230
 11   161.145 52615.20386849  7.00 240.840722  61.223621  5.531
 11   161.257 52615.20386914  7.61 240.838372  61.226771  5.531
 11   159.913 52615.20386978  7.85 240.836022  61.229931  5.531
 14   141.540 52720.20388436 10.42 240.833392  61.222591  6.916
 14   143.492 52720.20388500  9.21 240.831042  61.225751  6.916
 14   141.158 52720.20388565 10.67 240.828692  61.228911  6.916
 15   182.787 52755.20390849  3.92 240.831523  61.222880  4.194
 15   167.531 52755.20390914  5.49 240.829183  61.226040  4.194
 16   174.469 52790.20385729  7.83 240.823453  61.222884  5.678
 16   173.182 52790.20385793 11.71 240.821103  61.226044  5.678
 17   142.794 52825.20392743 25.86 240.827979  61.225533  6.587
 17   142.625 52825.20392808 37.33 240.825629  61.228683  6.587
 18   170.323 52860.20397281  4.28 240.832443  61.223444  5.490
 18   166.520 52860.20397345  3.92 240.830093  61.226604  5.490
 18   144.239 52860.20397410 19.04 240.827743  61.229754  5.490
 21   179.414 52965.20394332  1.02 240.829950  61.222374  4.156
 21   161.082 52965.20394396  4.68 240.827600  61.225524  4.156
 21   156.005 52965.20394460  9.76 240.825253  61.228681  3.997
 25   141.824 53105.20392886  2.72 240.844148  61.226489  3.897
 25   142.609 53105.20392950  1.93 240.841808  61.229649  3.897
 28   140.781 53210.20400421 30.42 240.836181  61.222891 11.152
 28   140.721 53210.20400486 39.61 240.833831  61.226051 11.152
 28   140.300 53210.20400550 47.62 240.831481  61.229211 11.152
 29   139.899 53245.20397208 26.29 240.842695  61.223680 11.428
 29   139.477 53245.20397272 29.79 240.840345  61.226840 11.428
 29   140.592 53245.20397337 40.77 240.837995  61.230000 11.428
 31   160.748 53315.20397218  7.57 240.833292  61.223675  6.299
 31   139.871 53315.20397347 22.61 240.828592  61.229985  6.299
 32   139.796 53350.20393850 14.04 240.840353  61.228210  4.844
 32   139.205 53350.20393915 19.54 240.838003  61.231370  4.844
 34   139.826 53420.20392299  9.58 240.840927  61.228595  3.747
 34   139.486 53420.20392364 11.24 240.838577  61.231755  3.747
 36   174.876 53490.20401302  4.57 240.827933  61.221321  3.922
 36   189.985 53490.20401367  0.49 240.825583  61.224481  3.922
 36   163.717 53490.20401431  8.03 240.823233  61.227631  3.922
 37   142.650 53525.20399795 20.51 240.838933  61.223828  6.085
 37   143.507 53525.20399859 19.78 240.836583  61.226978  6.085
 37   144.129 53525.20399924 22.80 240.834233  61.230138  6.085
 39   141.476 53595.20396392 22.32 240.847498  61.227307  5.643
 39   142.577 53595.20396457 21.04 240.845158  61.230467  5.643
 40   173.405 53630.20395729 11.32 240.816966  61.222529  6.563
 40   174.646 53630.20395794  9.10 240.814616  61.225679  6.563
 40   172.462 53630.20395858  6.56 240.812268  61.228836  8.772
 41   168.367 53665.20398077  0.62 240.829873  61.224712  5.117
 41   141.451 53665.20398142 16.67 240.827523  61.227872  5.117
 42   166.457 53700.20393522  5.56 240.841434  61.226157  5.306
 42   160.018 53700.20393586  7.07 240.839084  61.229317  5.306
 47   168.914 53875.20390584  4.52 240.833795  61.224651  8.566
 47   163.106 53875.20390648  8.52 240.831445  61.227801  8.566
 49   141.397 53945.20397286 33.77 240.829371  61.223294  6.527
 49   139.342 53945.20397350 34.50 240.827021  61.226454  6.527
 49   141.126 53945.20397415 25.65 240.824671  61.229604  6.527
 50   141.493 53980.20391995 34.80 240.842012  61.225107  8.236
 50   141.559 53980.20392060 42.55 240.839662  61.228267  8.236
 50   140.012 53980.20392124 48.67 240.837322  61.231427  8.236
 51   142.039 54015.20393821 44.13 240.825415  61.223839 15.706
 51   141.680 54015.20393886 40.36 240.823065  61.226999 15.706
 54   140.798 54120.20386025  9.37 240.849543  61.228391  3.294
 54   139.986 54120.20386090 10.18 240.847193  61.231551  3.294
 56   169.072 54190.20385660  1.77 240.846319  61.226824  3.300
 56   163.020 54190.20385724  1.26 240.843969  61.229984  3.300
 57   173.043 54225.20390131  3.06 240.831799  61.224226  8.553
 57   165.448 54225.20390196  5.72 240.829449  61.227386  8.553
 58   141.996 54260.20392160 20.59 240.836142  61.223663 14.157
 58   142.951 54260.20392225 18.90 240.833792  61.226823 14.157
 58   143.668 54260.20392289 19.56 240.831442  61.229983 14.157
 59   141.328 54295.20392556 17.38 240.836148  61.225553 10.802
 59   143.445 54295.20392621 14.71 240.833798  61.228713 10.802
 60   141.316 54330.20391841 32.70 240.841498  61.226395 10.417
 60   141.499 54330.20391906 26.25 240.839148  61.229555 10.417
 61   143.376 54365.20386278 17.77 240.848198  61.224677 12.782
 61   143.543 54365.20386342 17.90 240.845858  61.227837 12.782
 61   144.080 54365.20386407 20.82 240.843508  61.230997 12.782
 62   162.648 54400.20385981 16.22 240.836244  61.225833  4.915
 62   162.616 54400.20386045 19.85 240.833894  61.228993  4.915
 63   139.811 54435.20381722 22.56 240.843726  61.226749  6.493
 63   138.445 54435.20381786 29.30 240.841376  61.229909  6.493
 64   141.421 54470.20384381 15.34 240.830377  61.226891  4.701
 64   140.524 54470.20384446 18.84 240.828027  61.230041  4.701
 66   169.966 54540.20385816  1.02 240.838431  61.224430  3.334
 66   166.211 54540.20385881  0.44 240.836086  61.227592  3.187
 66   157.599 54540.20385945  6.77 240.833736  61.230752  3.187
 67   141.749 54575.20383223  5.99 240.845524  61.226671  3.487
 67   142.280 54575.20383288 10.55 240.843184  61.229831  3.487
 68   174.437 54610.20385034  8.55 240.837792  61.223299  4.196
 68   173.807 54610.20385099  8.59 240.835442  61.226449  4.196
 69   142.607 54645.20385788 20.84 240.837609  61.223480  6.610
 69   142.140 54645.20385852 21.90 240.835259  61.226630  6.610
 69   144.229 54645.20385917 20.24 240.832908  61.229793 11.528
 70   140.788 54680.20385953 21.07 240.837196  61.224609  6.499
 70   141.161 54680.20386017 21.48 240.834846  61.227769  6.499
 70   141.651 54680.20386082 24.56 240.832493  61.230922  9.487
 71   140.738 54715.20381021 40.86 240.848000  61.226663 10.956
 71   140.680 54715.20381086 46.72 240.845650  61.229823 10.956
 72   142.807 54750.20383016 15.48 240.831301  61.224838  7.115
 72   143.848 54750.20383081 14.39 240.828952  61.227999 10.482
 73   140.725 54785.20379869 34.22 240.842266  61.225919  5.107
 73   139.615 54785.20379934 33.09 240.839916  61.229069  5.107
 79   141.691 54995.20384710 39.14 240.834324  61.224830  7.264
 79   141.534 54995.20384774 46.99 240.831977  61.227993 16.365
 80   142.939 55030.20383693 17.31 240.837055  61.225505  6.365
 80   144.078 55030.20383757 18.20 240.834709  61.228668  8.186
 81   166.858 55065.20382775  4.04 240.839813  61.226125  7.748
 81   142.288 55065.20382840 15.51 240.837463  61.229285  7.748
 82   139.826 55100.20377038 27.68 240.848297  61.225381  7.039
 82   144.139 55100.20377103 18.98 240.845947  61.228541  7.039
 82   141.815 55100.20377167 26.11 240.843597  61.231701  7.039
 83   168.210 55135.20377256  1.06 240.832601  61.225056  4.456
 83   141.606 55135.20377321 14.29 240.830245  61.228215  3.811
 86   140.959 55240.20374207 14.10 240.844522  61.225250  4.108
 86   140.316 55240.20374272 17.46 240.842172  61.228410  4.108
 86   140.214 55240.20374336 17.13 240.839822  61.231560  4.108
 87   141.062 55275.20375961  8.60 240.838654  61.224954  2.971
 87   141.108 55275.20376026  9.47 240.836314  61.228116  3.603
 88   174.390 55310.20372595  5.00 240.847302  61.224247  4.589
 88   165.378 55310.20372660  6.98 240.844952  61.227407  4.589
 88   160.964 55310.20372724 12.31 240.842612  61.230567  4.589
 89   143.693 55345.20372832 18.66 240.838691  61.224203  7.512
 89   144.120 55345.20372897 20.14 240.836346  61.227358 15.123
 89   145.031 55345.20372961 25.45 240.833996  61.230508 15.123
 90   168.726 55380.20372164  7.26 240.842259  61.223819  7.032
 90   165.595 55380.20372229  7.07 240.839919  61.226969  7.032
 91   140.417 55415.20374872 38.80 240.829937  61.226883  7.655
 91   138.771 55415.20374936 46.37 240.827587  61.230043  7.655
 92   143.511 55450.20373379 18.82 240.843521  61.224582  8.416
 92   141.147 55450.20373444 26.45 240.841171  61.227742  8.416
 92   140.609 55450.20373508 41.55 240.838821  61.230902  8.416
 93   163.332 55485.20365856 11.27 240.851555  61.225322  6.873
 93   140.387 55485.20365985 35.49 240.846855  61.231642  6.873
