# NaN NaN NaN ;Mean Elev.(m), Avg Gradient(m/km), RMS Gradient(m/km) - SRTM1     
#    7.000  -1.198  11.152 ;Mean Elev.(m), Avg Gradient(m/km), RMS Gradient(m/km) - ASTER GDEM
#   15.238  -1.063  11.356 ;Mean Elev.(m), Avg Gradient(m/km), RMS Gradient(m/km) - GMTED2010 
  7 227.387314  67.251800    50.054    50.335  4 52474.22710478 11.551
  8 227.394095  67.258073     3.471     3.317  6 52509.22706990 34.394
  9 227.381402  67.254033    61.397    61.563  6 52544.22706693  9.933
 10 227.381914  67.254455    60.632    60.605  6 52579.22710727 19.809
 11 227.390836  67.258668    60.613    59.160  6 52614.22707445 15.926
 12 227.384394  67.255643    60.135    60.200  6 52649.22705465 16.481
 13 227.395938  67.259861    59.822    59.188  7 52684.22703570 14.823
 14 227.383361  67.254510    60.589    60.783  6 52719.22708898 11.870
 16 227.376645  67.248383    65.162    65.238  6 52789.22706006 12.167
 17 227.379765  67.252929    62.687    62.434  7 52824.22713129 10.313
 18 227.381956  67.254512    61.353    61.686  7 52859.22717772 10.211
 19 227.386565  67.255132     8.037     8.114  7 52894.22720886 33.151
 20 227.395490  67.260460    58.202    58.308  7 52929.22715948 17.170
 21 227.381103  67.252252    61.650    61.427  6 52964.22714348 17.120
 22 227.383322  67.254823    60.943    61.044  7 52999.22718022 15.832
 23 227.394727  67.259290    59.253    59.253  6 53034.22713240 12.637
 24 227.385931  67.255098    60.176    60.386  6 53069.22714808 11.682
 25 227.395996  67.261015    58.872    59.562  7 53104.22713448  8.521
 26 227.383440  67.254142    61.598    61.555  7 53139.22715321  4.719
 28 227.386596  67.256619    52.088    50.437  7 53209.22720890 12.339
 29 227.392299  67.259045     7.346     7.338  6 53244.22717688 22.024
 30 227.376522  67.250187    60.940    60.306  6 53279.22715504 17.260
 31 227.384862  67.254132    60.989    60.754  6 53314.22717904 14.418
 32 227.392497  67.257916    59.653    59.934  7 53349.22714520 15.004
 33 227.377851  67.251640    61.908    61.673  6 53384.22711859 13.685
 34 227.393131  67.258572    59.188    59.005  6 53419.22712583 13.434
 35 227.375742  67.251355    62.998    63.037  6 53454.22713090 10.263
 37 227.388629  67.256811    65.661    65.489  7 53524.22720363  9.811
 38 227.384307  67.255269     9.556     9.450  6 53559.22723013 22.115
 39 227.398278  67.261903    57.671    55.989  6 53594.22716860  9.758
 40 227.372708  67.245731    63.098    63.248  6 53629.22715886  9.186
 41 227.382476  67.254544    60.949    61.188  7 53664.22718418 19.447
 42 227.393279  67.258004    60.114    60.450  7 53699.22714272 11.232
 43 227.401307  67.262826    58.458    58.856  7 53734.22706566  7.633
 44 227.388157  67.255707    59.484    59.849  6 53769.22704861 10.934
 45 227.397301  67.260694    58.868    59.288  7 53804.22704501 11.228
 46 227.376714  67.251549    62.705    62.460  6 53839.22706367  8.352
 47 227.384866  67.255360    49.354    50.529  6 53874.22711032 20.702
 48 227.380509  67.252795    65.257    65.027  7 53909.22715460 10.620
 49 227.381500  67.254546    61.385    61.150  7 53944.22717750 10.785
 50 227.393793  67.259071     8.295     8.269  7 53979.22712716 31.260
 51 227.377398  67.250281     8.924     8.111  7 54014.22714005 16.976
 52 227.390930  67.257370    59.810    60.211  7 54049.22714631 19.179
 54 227.401030  67.262499    57.537    58.450  7 54119.22706809 17.162
 55 227.387202  67.255263    62.353    61.419  6 54154.22709425 14.975
 56 227.398141  67.260580    56.938    56.912  6 54189.22706325 14.248
 57 227.382738  67.254601    60.420    60.551  6 54224.22710484  6.420
 58 227.387237  67.256201    64.457    64.596  6 54259.22712611  9.546
 59 227.383427  67.260064    31.516    31.601  3 54294.22713005 22.669
 60 227.393507  67.257960    10.852    10.919  7 54329.22712340 44.877
 61 227.393598  67.265733     7.647     7.621  3 54364.22707125 30.777
 62 227.387228  67.256227    58.490    58.198  6 54399.22706388 19.697
 63 227.397088  67.259376    58.094    58.965  6 54434.22702188 14.658
 64 227.382908  67.254607    60.664    60.811  6 54469.22704674 15.507
 65 227.395093  67.259488    58.007    58.001  6 54504.22703687 16.289
 66 227.388715  67.257551    59.314    59.382  6 54539.22706239 14.488
 67 227.396449  67.260996    57.423    56.695  7 54574.22703776 13.140
 68 227.385334  67.258253    40.115    35.734  5 54609.22705540 22.630
 69 227.388544  67.256984    12.174    12.259  6 54644.22706298 36.519
 70 227.388128  67.256065     9.368     9.550  7 54679.22706445 35.733
 71 227.399879  67.260843    12.636    10.086  6 54714.22701675 41.587
 72 227.383159  67.254971    61.526    60.520  6 54749.22703415 19.215
 73 227.392435  67.259199    57.590    56.476  6 54784.22700438 16.203
 74 227.385194  67.253783    61.295    61.616  7 54819.22702634 13.666
 75 227.393968  67.257884    59.479    59.409  6 54854.22700100 12.167
 76 227.387347  67.255814    60.375    60.425  7 54889.22703132 11.443
 77 227.398333  67.260741    58.515    59.121  7 54924.22700098 11.131
 78 227.382620  67.254414    64.323    64.592  7 54959.22702891 13.720
 79 227.387112  67.255202    12.063    12.057  6 54994.22705095 22.827
 80 227.392787  67.254544    11.096    10.928  5 55029.22704067 24.589
 81 227.390790  67.257593    62.455    61.798  7 55064.22703279  8.292
 82 227.398597  67.262314    63.869    65.523  6 55099.22697806 13.690
 83 227.385104  67.254434    60.064    60.527  6 55134.22697663 20.026
 84 227.395147  67.259365    59.091    58.969  6 55169.22694161 19.590
 85 227.383963  67.255034    60.538    60.450  6 55204.22696973 17.009
 86 227.394464  67.260120    59.332    59.372  7 55239.22694867 15.483
 87 227.389009  67.257802    59.471    59.470  6 55274.22696395 13.089
 88 227.397451  67.260949    61.348    60.323  6 55309.22693223 10.648
 89 227.388902  67.256910    57.118    54.305  7 55344.22693197 10.349
 90 227.391798  67.259136    64.427    65.135  7 55379.22692699  9.801
 91 227.387364  67.251405    59.875    59.768  4 55414.22695104  7.017
 92 227.393938  67.257880    62.092    61.409  6 55449.22693963  8.888
 93 227.401579  67.262863    57.831    57.974  7 55484.22686642 16.482
