# NaN NaN NaN ;Mean Elev.(m), Avg Gradient(m/km), RMS Gradient(m/km) - SRTM1     
#    4.882   0.337  18.599 ;Mean Elev.(m), Avg Gradient(m/km), RMS Gradient(m/km) - ASTER GDEM
#    7.234  -0.520  18.857 ;Mean Elev.(m), Avg Gradient(m/km), RMS Gradient(m/km) - GMTED2010 
  7 226.435853  67.457799   103.326   103.754 14 52458.22912588 10.798
  8 226.438632  67.463473   106.270   108.002  9 52493.22910532  7.306
 10 226.426271  67.461394   104.327   104.704 11 52563.22912433 18.258
 12 226.412950  67.466415   101.991   100.113  9 52633.22909394 16.278
 13 226.436743  67.454669   108.757   108.232 15 52668.22910689 13.344
 14 226.435045  67.452155   106.249   106.549 10 52703.22908429 10.243
 16 226.453267  67.457570   111.901   110.529 10 52773.22908219  6.670
 17 226.426657  67.451259   100.686   101.066  8 52808.22914661 11.102
 18 226.446749  67.437477     7.354     7.841  9 52843.22920129 49.926
 19 226.434605  67.452397    56.070    55.498  8 52878.22924253 17.962
 20 226.445061  67.464485    98.613    99.534  4 52913.22920251 15.066
 21 226.427334  67.452131   101.178   101.073 10 52948.22915867 18.196
 23 226.446054  67.455890   115.089   115.483 14 53018.22918497  9.868
 24 226.417617  67.465598   105.982   103.212  9 53053.22916942 10.225
 25 226.439613  67.456060   113.485   114.962 15 53088.22920412  7.820
 27 226.411781  67.467308   100.160    99.235  9 53158.22923479 17.356
 28 226.432189  67.464284    98.019    97.471  9 53193.22922755  9.109
 30 226.442739  67.462223   101.560   108.490  8 53263.22919585  6.575
 31 226.445260  67.434249    99.634   100.528  9 53298.22923092 17.044
 33 226.453240  67.457456   117.210   119.805 10 53368.22914921 13.279
 35 226.449855  67.455810   110.521   110.912 12 53438.22916738 10.134
 36 226.446975  67.437423   105.596   108.712  9 53473.22922068  6.859
 37 226.427919  67.461887   103.571   102.771 11 53508.22925067 15.590
 38 226.434257  67.456663   105.556   104.906 15 53543.22926000  9.213
 39 226.438849  67.460438    15.789    15.330 11 53578.22924392 35.198
 40 226.441658  67.462239   107.268   106.115  9 53613.22919722  7.769
 41 226.447187  67.440543   101.998   103.125  9 53648.22919874 17.641
 42 226.437249  67.454153   105.909   106.340 16 53683.22921632  6.510
 43 226.451481  67.456710   109.388   108.911 12 53718.22914348  7.437
 44 226.434833  67.452332   106.480   106.443 10 53753.22906418  7.327
 45 226.445684  67.455489   112.260   110.219 14 53788.22909450  7.882
 46 226.425455  67.451000   102.428   103.494  8 53823.22904925  9.040
 47 226.429926  67.453267   107.081   106.994 10 53858.22914189  6.272
 48 226.435960  67.456216   100.464   104.112 15 53893.22915717 12.348
 49 226.408953  67.470365    78.563    92.775  6 53928.22921849 10.810
 50 226.429858  67.463123    98.482    98.556 11 53963.22919862  7.449
 51 226.402131  67.467785    47.533    18.160  9 53998.22914879 40.574
 52 226.418658  67.467700   101.584   104.865  8 54033.22919694 23.036
 54 226.448653  67.457803   112.857   111.626 12 54103.22914665 15.159
 55 226.431491  67.453231   106.464   106.326 10 54138.22911736 12.666
 56 226.445766  67.455665   116.186   118.253 13 54173.22912429  9.686
 57 226.448190  67.437371   104.539   107.778  9 54208.22911988  8.603
 59 226.435618  67.456479   103.668   105.446 14 54278.22916861  9.834
 60 226.432277  67.462842    96.888   100.400 10 54313.22917004  8.797
 61 226.436864  67.467281   101.735   107.583  6 54348.22914189  8.002
 62 226.413712  67.470613   101.292   100.576  6 54383.22910951 18.201
 63 226.443876  67.456999   109.273   108.810 14 54418.22908919 12.067
 64 226.445495  67.437359   103.650   106.240  9 54453.22907287 13.015
 65 226.443210  67.454250   106.783   107.374 15 54488.22908697 13.667
 66 226.426040  67.461427   107.145   105.192 12 54523.22909080 13.918
 67 226.445863  67.455861   110.322   110.466 14 54558.22909704 12.504
 68 226.436107  67.454954   112.981   110.300 15 54593.22908559  3.685
 69 226.432766  67.460986   105.587   105.568 12 54628.22910162 10.026
 70 226.431156  67.458002     7.533     7.490 14 54663.22910847 51.370
 71 226.443826  67.460827   106.451   107.889  9 54698.22908236  9.101
 72 226.431377  67.452537   101.932   102.089 10 54733.22906476  9.857
 73 226.442545  67.454060   109.139   108.305 15 54768.22906058 16.841
 74 226.430372  67.452349   105.172   104.749  8 54803.22905860 11.754
 75 226.440088  67.454184   114.971   116.567 16 54838.22905411 11.400
 76 226.447812  67.439999   111.367   112.072  9 54873.22905522 10.288
 77 226.446014  67.457361   119.611   119.492 13 54908.22906144  9.268
 78 226.446285  67.439768   109.441   113.344  9 54943.22904824  7.748
 79 226.434039  67.457849   104.359   104.774 13 54978.22907911 14.945
 80 226.431466  67.462104    99.814    97.858 11 55013.22908605  9.804
 81 226.438824  67.454356     5.230     5.251 15 55048.22907736 50.232
 82 226.443932  67.462787    90.153   102.423  8 55083.22904875 13.123
 83 226.416914  67.467067   100.347    99.715  8 55118.22901184 23.610
 84 226.443086  67.454041   108.156   107.385 15 55153.22900567 18.218
 85 226.448231  67.437554   102.907   103.980  9 55188.22899402 15.869
 86 226.440052  67.456157   111.127   110.757 15 55223.22900518 13.505
 87 226.432251  67.457845   107.949   106.645 14 55258.22899392 12.729
 88 226.447638  67.456492   113.727   111.116 13 55293.22899259 10.740
 89 226.429831  67.459623   104.752   104.719 12 55328.22897777 11.430
 90 226.439071  67.459761    94.147    81.031  9 55363.22897272 12.582
 91 226.432144  67.452207   100.912   101.262 10 55398.22898048 11.317
 92 226.432784  67.462169   105.461   105.538 11 55433.22898916  9.823
 93 226.443961  67.465521   105.207   106.199  5 55468.22894666 19.200
