-316602.265   381.241     0.00    2.87
-316231.251   381.752     1.38    2.81
-315860.178   382.073     0.87    3.09
-315489.048   382.501     1.15    3.50
-315117.861   383.406     2.44    4.54
-314746.615   383.457     0.14    5.02
-314375.312   383.670     0.57    5.33
-314003.951   382.520    -3.10    4.96
-313632.532   382.301    -0.59    4.66
-313261.055   382.075    -0.61    4.81
-312889.520   382.233     0.43    4.63
-312517.927   381.857    -1.01    4.70
-312146.276   381.541    -0.85    4.66
-311774.568   381.039    -1.35    4.60
-311402.801   380.487    -1.48    3.81
-311030.976   379.586    -2.42    3.10
-310659.094   379.914     0.88    3.31
-310287.153   379.878    -0.10    3.58
-309915.154   380.967     2.93    3.94
-309543.096   381.258     0.78    4.50
-309170.981   382.234     2.62    5.24
-308798.807   381.903    -0.89    5.46
-308426.575   381.127    -2.08    4.72
-308054.285   380.606    -1.40    3.80
-307681.937   380.643     0.10    3.93
-307309.530   380.247    -1.06    3.76
-306937.065   379.854    -1.05    3.62
-306564.541   378.774    -2.90    4.11
-306191.959   377.914    -2.31    4.01
-305819.319   377.503    -1.10    3.96
-305446.620   376.876    -1.68    3.40
-305073.863   377.054     0.48    3.39
-304701.047   377.177     0.33    4.09
-304328.173   377.274     0.26    4.65
-303955.240   376.958    -0.85    5.56
-303582.248   375.981    -2.62    5.57
-303209.198   374.465    -4.06    4.81
-302836.089   373.874    -1.58    4.10
-302462.921   374.089     0.58    3.52
-302089.695   374.652     1.51    3.79
-301716.410   375.807     3.09    4.26
-301343.066   376.061     0.68    4.84
-300969.663   376.387     0.87    4.83
-300596.202   375.781    -1.62    4.55
-300222.682   374.886    -2.40    3.61
-299849.102   374.981     0.25    3.26
-299475.464   375.835     2.29    3.82
-299101.767   376.421     1.57    3.67
-298728.011   377.384     2.58    2.87
-298354.196   377.725     0.91    3.59
-297980.322   377.479    -0.66    4.39
-297606.388   377.479     0.00    5.14
-297232.396   376.084    -3.73    5.17
-296858.345   375.003    -2.89    3.79
-296484.234   374.679    -0.87    3.11
-296110.064   375.711     2.76    3.68
-295735.835   376.959     3.33    4.05
-295361.547   378.841     5.03    4.74
-294987.200   381.393     6.82    5.05
-294612.793   384.439     8.13    5.50
-294238.327   389.807    14.33    6.79
-293863.802   394.856    13.48    8.03
-293489.217   400.261    14.43    7.53
-293114.573   401.370     2.96    6.70
-292739.869   393.138   -21.96   16.46
-292365.106   384.203   -23.84   17.25
-291990.283   381.511    -7.18   14.00
-291615.401   380.370    -3.05   11.75
-291240.460   385.077    12.55    6.00
-290865.458   386.098     2.72    2.98
-290490.397   386.541     1.18    2.25
-290115.277   388.003     3.90    1.89
-289740.097   389.026     2.73    1.95
-289364.857   389.954     2.47    2.16
-288989.557   390.341     1.03    2.24
-288614.198   390.551     0.56    2.31
-288238.779   390.684     0.35    2.74
-287863.300   390.167    -1.38    2.81
-287487.761   388.990    -3.13    3.54
-287112.162   386.807    -5.81    4.02
-286736.504   384.443    -6.29    3.97
-286360.785   382.434    -5.34    4.12
-285985.007   380.671    -4.69    4.34
-285609.169   379.247    -3.79    4.28
-285233.270   376.561    -7.15    5.46
-284857.312   374.725    -4.88    5.56
-284481.293   372.410    -6.16    5.21
-284105.214   370.422    -5.28    4.89
-283729.075   368.461    -5.21    4.25
-283352.876   366.260    -5.85    4.11
-282976.617   364.394    -4.96    4.06
-282600.298   362.260    -5.67    4.22
-282223.918   359.434    -7.51    5.16
-281847.478   356.273    -8.40    6.08
-281470.978   354.354    -5.10    5.67
-281094.417   352.300    -5.45    5.27
-280717.796   351.701    -1.59    4.65
-280341.115   351.201    -1.33    4.36
-279964.373   350.561    -1.70    4.15
-279587.571   349.897    -1.76    3.87
-279210.708   349.117    -2.07    3.58
-278833.785   348.584    -1.41    3.62
-278456.801   347.747    -2.22    3.51
-278079.757   346.893    -2.26    3.43
-277702.652   346.422    -1.25    3.74
-277325.486   346.223    -0.53    4.20
-276948.260   344.800    -3.77    5.12
-276570.973   341.847    -7.82    6.77
-276193.625   338.535    -8.78    6.93
-275816.217   336.501    -5.39    5.48
-275438.747   335.155    -3.57    4.68
-275061.217   334.557    -1.58    4.40
-274683.626   334.821     0.70    4.92
-274305.974   335.177     0.94    5.32
-273928.262   335.861     1.81    6.22
-273550.488   336.741     2.33    6.67
-273172.653   337.611     2.30    6.66
-272794.758   337.643     0.08    6.15
-272416.801   337.192    -1.19    5.07
-272038.783   337.050    -0.38    3.28
-271660.704   339.274     5.88    3.56
-271282.565   342.543     8.64    3.91
-270904.363   345.607     8.10    4.76
-270526.101   348.821     8.49    4.60
-270147.778   351.730     7.69    4.21
-269769.393   354.774     8.04    3.62
-269390.947   357.274     6.61    3.51
-269012.440   359.557     6.03    3.54
-268633.871   361.801     5.92    3.47
-268255.241   364.184     6.29    3.10
-267876.550   366.177     5.26    2.35
-267497.797   367.709     4.04    1.67
-267118.983   368.455     1.97    1.51
-266740.107   368.901     1.18    1.62
-266361.170   369.089     0.50    1.65
-265982.171   369.447     0.95    1.45
-265603.111   369.876     1.13    1.56
-265223.989   370.517     1.69    1.89
-264844.805   371.807     3.40    2.08
-264465.560   372.931     2.96    1.99
-264086.253   374.191     3.32    2.02
-263706.884   375.369     3.10    1.79
-263327.454   376.167     2.10    1.65
-262958.060   376.763     1.61    1.44
-262590.468   377.474     1.93    1.46
-262222.817   378.089     1.67    1.52
-261855.110   379.074     2.68    1.86
-261487.344   379.985     2.48    2.13
-261119.521   381.077     2.97    2.08
-260751.640   381.999     2.51    1.99
-260383.702   382.968     2.63    1.93
-260015.706   383.876     2.47    1.86
-259647.652   384.867     2.69    2.13
-259279.540   386.246     3.74    2.36
-258911.371   388.028     4.84    2.69
-258543.143   390.369     6.35    3.18
-258174.858   392.574     5.99    3.19
-257806.515   394.720     5.82    2.95
-257438.114   396.814     5.68    2.11
-257069.655   397.720     2.46    1.74
-256701.138   398.701     2.66    1.53
-256332.564   399.698     2.70    1.82
-255963.931   400.931     3.34    1.86
-255595.240   402.287     3.68    2.09
-255226.490   403.670     3.75    1.84
-254857.683   404.780     3.01    1.68
-254488.818   406.026     3.38    1.46
-254119.894   406.972     2.56    1.79
-253750.913   408.301     3.60    2.21
-253381.873   409.274     2.63    2.11
-253012.775   410.431     3.14    2.16
-252643.618   411.409     2.65    1.85
-252274.403   412.173     2.07    1.54
-251905.130   413.191     2.76    1.29
-251535.799   414.002     2.20    1.36
-251166.409   414.634     1.71    1.36
-250796.960   415.444     2.19    1.52
-250427.454   416.328     2.39    1.70
-250057.888   417.015     1.86    1.66
-249688.265   417.674     1.78    1.58
-249318.582   418.210     1.45    1.57
-248948.842   418.409     0.54    1.34
-248579.042   418.634     0.61    1.25
-248209.184   418.643     0.02    1.39
-247839.267   418.747     0.28    1.66
-247469.292   418.670    -0.21    1.64
-247099.258   419.111     1.19    1.91
-246729.165   419.231     0.32    1.91
-246359.013   418.927    -0.82    1.96
-245988.803   418.122    -2.17    1.93
-245618.534   417.741    -1.03    1.65
-245248.205   417.670    -0.19    1.51
-244877.819   417.972     0.81    1.52
-244507.373   418.106     0.36    1.46
-244136.868   418.506     1.08    1.33
-243766.304   418.870     0.98    1.17
-243395.681   419.173     0.82    1.14
-243024.999   419.606     1.17    1.33
-242654.259   419.880     0.74    1.49
-242283.459   420.455     1.55    1.85
-241912.600   421.617     3.13    2.62
-241541.681   422.614     2.69    2.82
-241170.704   423.880     3.41    2.95
-240799.668   425.186     3.52    3.18
-240428.572   426.047     2.32    2.69
-240057.417   427.100     2.83    2.54
-239686.203   428.101     2.70    2.06
-239314.929   428.928     2.23    1.72
-238943.596   429.551     1.68    1.35
-238572.204   429.684     0.36    1.27
-238200.752   429.527    -0.42    1.08
-237829.241   429.177    -0.94    0.82
-237457.670   429.071    -0.29    0.86
-237086.040   429.396     0.88    1.34
-236714.351   430.457     2.85    2.00
-236342.601   432.300     4.96    2.17
-235970.793   434.210     5.14    2.22
-235598.924   436.127     5.15    2.01
-235226.996   437.801     4.50    1.98
-234855.009   439.801     5.37    2.25
-234482.962   442.064     6.08    2.86
-234110.855   444.994     7.87    4.06
-233738.688   448.927    10.57    6.03
-233366.461   455.380    17.33    9.35
-232994.175   462.394    18.84   11.60
-232621.829   472.327    26.67   13.40
-232249.423   482.077    26.18   13.54
-231876.957   491.459    25.18   11.40
-231504.431   499.011    20.27   10.18
-231131.845   506.067    18.93   10.79
-230759.199   513.301    19.41   13.13
-230386.493   522.197    23.86   13.82
-230013.728   530.536    22.37   11.10
-229640.902   536.930    17.14    7.90
-229268.016   541.424    12.05    5.08
-228895.069   543.840     6.48    4.43
-228522.063   545.564     4.62    4.01
-228148.997   547.807     6.01    4.04
-227775.870   549.731     5.15    4.81
-227402.683   552.867     8.40    4.98
-227029.436   555.643     7.44    4.34
-226656.128   557.701     5.51    3.02
-226282.760   559.028     3.56    1.32
-225909.332   559.604     1.54    0.61
-225535.843   559.786     0.49    0.63
-225162.294   559.781    -0.01    0.79
-224788.685   559.434    -0.93    1.01
-224415.015   558.801    -1.69    1.39
-224041.284   557.557    -3.33    2.00
-223667.493   556.145    -3.78    2.41
-223293.641   554.368    -4.75    2.34
-222919.729   552.867    -4.01    2.04
-222545.756   551.167    -4.54    2.14
-222171.723   549.847    -3.53    1.68
-221797.628   548.683    -3.11    1.70
-221423.473   548.207    -1.27    1.86
-221049.258   548.861     1.75    2.56
-220674.981   550.787     5.15    3.83
-220300.644   553.218     6.49    3.92
-219926.245   555.476     6.03    3.59
-219551.786   557.621     5.73    3.20
-219177.266   559.522     5.08    3.09
-218802.685   561.090     4.19    2.81
-218428.044   563.134     5.45    2.86
-218053.341   564.808     4.47    3.00
-217678.577   566.856     5.46    3.79
-217303.752   569.452     6.92    5.51
-216928.866   572.409     7.89    6.43
-216553.918   576.083     9.80    6.68
-216178.910   580.114    10.75    6.48
-215803.841   584.235    10.99    5.40
-215428.710   588.074    10.23    4.96
-215053.518   591.525     9.19    4.36
-214678.265   595.169     9.71    3.67
-214302.950   597.538     6.31    2.70
-213927.574   599.503     5.24    1.68
-213552.137   600.220     1.91    1.70
-213176.638   600.457     0.63    1.94
-212801.078   600.071    -1.03    2.19
-212425.457   598.968    -2.94    2.61
-212049.774   596.953    -5.36    3.22
-211674.029   594.947    -5.34    3.40
-211298.223   592.842    -5.60    2.78
-210922.356   591.200    -4.37    1.85
-210546.426   590.272    -2.47    1.09
-210170.435   589.525    -1.99    0.90
-209794.383   588.661    -2.30    2.03
-209418.269   586.914    -4.64    3.72
-209042.093   584.679    -5.94    4.10
-208665.855   582.581    -5.58    3.73
-208289.555   580.564    -5.36    2.94
-207913.194   579.106    -3.87    2.94
-207536.771   576.577    -6.72    3.38
-207160.286   573.874    -7.18    4.26
-206783.739   570.032   -10.20    5.98
-206407.130   565.273   -12.63    7.31
-206030.459   560.789   -11.90    6.75
-205653.726   555.981   -12.76    5.81
-205276.931   551.464   -11.98    5.82
-204900.074   547.272   -11.12    6.18
-204523.155   541.590   -15.07    6.47
-204146.173   536.247   -14.17    7.29
-203769.130   530.138   -16.20    7.45
-203392.024   523.701   -17.07    7.02
-203014.856   518.727   -13.18    5.97
-202637.626   513.756   -13.18    4.78
-202260.334   510.156    -9.54    4.54
-201882.979   506.380   -10.01    4.40
-201505.562   502.994    -8.97    4.38
-201128.082   499.712    -8.69    4.37
-200750.540   496.503    -8.50    4.48
-200372.936   493.164    -8.84    4.99
-199995.269   489.356   -10.08    5.26
-199617.540   484.937   -11.69    5.40
-199239.748   480.876   -10.75    5.28
-198861.893   476.735   -10.96    5.35
-198483.976   473.341    -8.98    4.79
-198105.997   471.901    -3.81    4.13
-197727.954   470.678    -3.23    4.51
-197349.849   469.236    -3.81    5.84
-196971.681   466.788    -6.47    6.89
-196593.451   462.514   -11.30    5.76
-196215.158   459.494    -7.98    5.43
-195836.801   456.679    -7.44    4.75
-195458.382   454.264    -6.38    4.08
-195079.900   451.786    -6.55    3.73
-194701.356   448.891    -7.65    3.87
-194322.748   445.733    -8.34    3.83
-193944.077   442.665    -8.10    3.56
-193565.343   439.807    -7.54    3.15
-193186.546   437.433    -6.27    2.62
-192807.686   435.367    -5.45    1.96
-192428.763   434.145    -3.22    1.09
-192049.777   433.511    -1.67    0.49
-191670.728   433.327    -0.49    0.12
-191291.615   433.314    -0.04    0.00
-190912.439   433.314     0.00    0.00
-190533.200   433.390     0.20    0.27
-190153.898   433.578     0.50    0.58
-189774.532   433.947     0.97    0.99
-189395.103   434.194     0.65    1.16
-189015.611   434.184    -0.03    1.25
-188636.055   433.878    -0.81    1.04
-188263.641   433.626    -0.68    0.67
-187896.229   433.709     0.23    0.63
-187528.757   434.028     0.87    0.84
-187161.227   434.730     1.91    1.27
-186793.637   435.691     2.61    1.69
-186425.989   436.867     3.20    1.84
-186058.281   437.756     2.42    1.63
-185690.514   438.754     2.71    1.07
-185322.688   439.250     1.35    0.76
-184954.803   439.669     1.14    0.63
-184586.859   440.045     1.02    0.64
-184218.855   440.434     1.06    0.68
-183850.792   440.821     1.05    0.85
-183482.670   441.235     1.13    0.86
-183114.488   441.533     0.81    0.82
-182746.247   442.007     1.29    0.80
-182377.947   442.340     0.90    0.86
-182009.587   442.594     0.69    0.73
-181641.168   442.417    -0.48    0.89
-181272.689   441.931    -1.32    1.01
-180904.151   441.427    -1.37    1.14
-180535.553   440.774    -1.77    1.27
-180166.895   440.071    -1.91    1.51
-179798.178   439.395    -1.83    1.66
-179429.402   438.617    -2.11    1.69
-179060.565   437.909    -1.92    1.81
-178691.669   437.169    -2.00    1.79
-178322.713   436.231    -2.54    2.00
-177953.698   435.261    -2.63    2.05
-177584.623   433.976    -3.48    2.46
-177215.487   432.444    -4.15    2.82
-176846.292   430.620    -4.94    3.10
-176477.038   428.339    -6.18    3.32
-176107.723   426.064    -6.16    3.33
-175738.348   423.036    -8.20    3.92
-175368.914   419.561    -9.40    4.23
-174999.419   416.709    -7.72    3.52
-174629.864   415.533    -3.18    2.94
-174260.250   417.051     4.11    3.84
-173890.575   419.443     6.47    3.62
-173520.840   421.906     6.66    2.41
-173151.045   423.684     4.81    1.73
-172781.190   425.340     4.48    2.01
-172411.274   427.022     4.55    2.13
-172041.298   429.327     6.23    2.93
-171671.263   431.536     5.97    3.05
-171301.166   434.071     6.85    3.35
-170931.010   436.356     6.17    3.07
-170560.793   438.393     5.50    3.53
-170190.516   440.410     5.45    3.51
-169820.178   442.015     4.33    3.76
-169449.780   443.544     4.13    3.58
-169079.321   444.998     3.93    3.55
-168708.802   446.369     3.70    3.35
-168338.223   447.529     3.13    3.30
-167967.582   448.476     2.55    3.10
-167596.882   449.089     1.65    3.09
-167226.120   449.679     1.59    2.87
-166855.298   449.981     0.81    2.84
-166484.415   450.087     0.29    2.71
-166113.472   449.954    -0.36    2.56
-165742.468   450.127     0.47    2.88
-165371.403   449.781    -0.93    2.98
-165000.277   449.577    -0.55    3.37
-164629.091   449.224    -0.95    3.69
-164257.843   448.394    -2.24    3.89
-163886.535   447.074    -3.56    3.93
-163515.166   445.538    -4.13    3.89
-163143.735   443.681    -5.00    4.09
-162772.244   441.301    -6.41    4.33
-162400.692   438.942    -6.35    4.22
-162029.079   436.197    -7.39    4.01
-161657.404   433.656    -6.84    3.07
-161285.669   431.169    -6.69    2.50
-160913.872   429.169    -5.38    2.44
-160542.014   427.028    -5.76    2.38
-160170.096   425.067    -5.27    2.44
-159798.115   422.861    -5.93    2.34
-159426.074   420.775    -5.61    2.47
-159053.971   418.581    -5.90    2.61
-158681.807   416.541    -5.48    2.67
-158309.582   414.457    -5.60    2.77
-157937.295   412.660    -4.83    2.85
-157564.947   410.561    -5.64    3.03
-157192.537   408.444    -5.68    3.03
-156820.066   406.393    -5.51    2.74
-156447.533   404.564    -4.91    2.50
-156074.939   402.686    -5.04    2.44
-155702.283   401.038    -4.42    2.35
-155329.566   399.048    -5.34    2.39
-154956.787   397.234    -4.87    2.36
-154583.947   395.340    -5.08    2.60
-154211.044   393.381    -5.25    2.62
-153838.080   390.946    -6.53    2.61
-153465.054   388.917    -5.44    2.54
-153091.967   386.248    -7.15    2.57
-152718.817   383.985    -6.06    2.33
-152345.606   381.840    -5.75    2.62
-151972.333   380.064    -4.76    2.50
-151598.998   378.660    -3.76    2.72
-151225.601   377.467    -3.20    2.63
-150852.142   376.552    -2.45    2.68
-150478.621   375.615    -2.51    2.75
-150105.038   374.669    -2.53    2.84
-149731.393   373.409    -3.37    3.14
-149357.686   373.002    -1.09    3.18
-148983.917   372.604    -1.07    3.49
-148610.085   372.301    -0.81    3.70
-148236.192   371.807    -1.32    3.85
-147862.236   371.263    -1.45    3.60
-147488.218   370.701    -1.50    3.20
-147114.137   370.626    -0.20    3.24
-146739.995   370.340    -0.76    2.90
-146365.790   369.891    -1.20    2.60
-145991.522   368.483    -3.76    2.71
-145617.192   366.491    -5.32    3.12
-145242.800   363.485    -8.03    3.34
-144868.345   360.551    -7.83    3.59
-144493.828   356.763   -10.11    4.12
-144119.248   353.434    -8.89    3.92
-143744.606   350.302    -8.36    3.40
-143369.901   348.514    -4.77    2.77
-142995.133   347.712    -2.14    2.52
-142620.303   347.492    -0.59    2.60
-142245.410   347.814     0.86    2.53
-141870.455   348.147     0.89    2.51
-141495.436   348.156     0.02    2.10
-141120.355   348.260     0.28    1.81
-140745.211   348.403     0.38    1.73
-140370.004   348.487     0.23    1.95
-139994.734   348.402    -0.23    2.15
-139619.401   348.167    -0.62    2.15
-139244.006   347.622    -1.45    2.05
-138868.547   346.788    -2.22    1.76
-138493.025   346.045    -1.98    1.58
-138117.441   345.036    -2.69    1.44
-137741.793   344.276    -2.02    1.34
-137366.082   343.288    -2.63    1.38
-136990.308   342.498    -2.10    1.38
-136614.471   341.732    -2.04    1.51
-136238.570   341.167    -1.50    1.49
-135862.606   340.301    -2.30    1.50
-135486.579   339.421    -2.34    1.48
-135110.489   338.498    -2.45    1.45
-134734.335   337.745    -2.00    1.44
-134358.119   337.156    -1.56    1.87
-133981.838   336.517    -1.70    2.15
-133605.494   335.083    -3.81    2.42
-133229.087   333.341    -4.63    2.56
-132852.616   331.439    -5.05    2.64
-132476.082   329.341    -5.57    2.14
-132099.484   327.891    -3.85    1.78
-131722.822   326.665    -3.26    1.46
-131346.097   325.998    -1.77    1.57
-130969.309   325.415    -1.55    1.79
-130592.456   325.058    -0.95    1.85
-130215.540   324.522    -1.42    1.94
-129838.560   324.474    -0.13    2.12
-129461.516   324.927     1.20    2.66
-129084.409   325.781     2.26    3.22
-128707.237   326.453     1.78    3.62
-128330.002   327.192     1.96    4.05
-127952.703   328.498     3.46    3.81
-127575.339   329.931     3.79    4.12
-127197.912   331.209     3.39    3.50
-126820.421   331.933     1.92    3.56
-126442.866   331.757    -0.46    3.58
-126065.246   330.643    -2.95    3.60
-125687.563   329.917    -1.92    3.91
-125309.815   328.919    -2.64    4.10
-124932.003   328.158    -2.01    4.37
-124554.127   327.093    -2.82    4.30
-124176.187   326.730    -0.96    4.52
-123798.182   325.998    -1.93    3.97
-123420.113   325.179    -2.17    3.62
-123041.980   323.739    -3.81    3.73
-122663.782   321.661    -5.49    4.59
-122285.520   319.164    -6.60    5.41
-121907.194   316.801    -6.25    5.77
-121528.803   314.506    -6.06    6.53
-121150.347   313.236    -3.36    5.81
-120771.827   313.226    -0.03    4.74
-120393.242   313.618     1.04    4.76
-120014.593   314.686     2.82    5.28
-119635.879   315.860     3.10    5.26
-119257.100   314.906    -2.52    5.80
-118878.257   311.952    -7.80    7.13
-118499.349   308.474    -9.18    7.87
-118120.376   303.878   -12.13    7.71
-117741.338   299.848   -10.63    6.87
-117362.236   296.119    -9.84    5.89
-116983.068   293.084    -8.00    5.03
-116603.836   291.147    -5.11    4.69
-116224.539   289.498    -4.35    4.33
-115845.176   287.415    -5.49    4.86
-115465.749   283.551   -10.18    6.50
-115086.256   279.067   -11.81    7.17
-114706.699   273.795   -13.89    5.73
-114327.076   269.942   -10.15    4.15
-113947.389   267.002    -7.74    2.97
-113571.691   265.868    -3.02    2.34
-113204.468   264.770    -2.99    2.78
-112837.186   262.967    -4.91    4.17
-112469.842   257.102   -15.97   10.44
-112102.439   251.687   -14.73   10.93
-111734.974   248.904    -7.57    9.83
-111367.450   248.950     0.13    9.30
-110999.864   251.858     7.91    7.79
-110632.218   255.327     9.43    1.82
-110264.511   256.392     2.90    2.17
-109896.743   256.788     1.08    2.18
-109528.915   256.301    -1.32    2.53
-109161.026   255.051    -3.40    2.53
-108793.076   252.418    -7.16    2.85
-108425.065   251.532    -2.41    2.98
-108056.994   248.014    -9.56    6.97
-107688.861   243.884   -11.22    8.82
-107320.668   239.377   -12.24    8.66
-106952.414   235.236   -11.24    4.90
-106584.098   232.756    -6.73    3.63
-106215.722   229.972    -7.55    5.67
-105847.285   225.064   -13.32    7.01
-105478.786   221.275   -10.28    6.39
-105110.227   216.743   -12.30    5.15
-104741.606   212.276   -12.12    6.21
-104372.924   208.236   -10.96    5.88
-104004.181   204.724    -9.52    4.62
-103635.377   200.941   -10.26    4.98
-103266.511   199.802    -3.09    4.91
-102897.584   200.314     1.39    5.14
-102528.596   202.301     5.39    5.04
-102159.546   203.906     4.35    3.15
-101790.435   202.626    -3.47    4.13
-101421.263   198.378   -11.50    6.12
-101052.029   193.160   -14.13    8.95
-100682.734   189.527    -9.84    9.20
-100313.377   188.039    -4.03    8.93
 -99943.959   186.354    -4.56    8.33
 -99574.479   185.112    -3.36    7.65
 -99204.938   183.747    -3.69    6.42
 -98835.334   179.509   -11.46    7.61
 -98465.670   176.287    -8.71    7.27
 -98095.943   173.390    -7.84    6.85
 -97726.155   171.098    -6.20    6.29
 -97356.305   170.352    -2.02    5.69
 -96986.393   170.615     0.71    4.93
 -96616.419   169.427    -3.21    4.40
 -96246.384   167.821    -4.34    4.55
 -95876.287   165.717    -5.69    3.51
 -95506.127   163.652    -5.58    2.56
 -95135.906   161.251    -6.49    3.30
 -94765.623   159.963    -3.48    3.00
 -94395.278   160.339     1.02    3.50
 -94024.871   161.492     3.11    3.75
 -93654.401   162.777     3.47    2.54
 -93283.870   163.218     1.19    1.82
 -92913.276   162.989    -0.62    1.58
 -92542.621   162.760    -0.62    1.40
 -92171.903   162.466    -0.79    1.39
 -91801.122   162.152    -0.85    1.27
 -91430.280   162.014    -0.37    0.95
 -91059.375   162.111     0.26    0.64
 -90688.408   162.377     0.71    0.64
 -90317.379   162.711     0.90    0.49
 -89946.287   162.873     0.43    0.50
 -89575.133   163.342     1.26    0.60
 -89203.916   163.871     1.43    0.84
 -88832.637   164.449     1.56    0.88
 -88461.295   165.202     2.03    0.83
 -88089.891   165.874     1.81    0.70
 -87718.424   166.464     1.59    0.81
 -87346.895   167.021     1.50    0.69
 -86975.303   167.392     1.00    0.68
 -86603.648   167.714     0.87    0.75
 -86231.931   167.947     0.63    0.91
 -85860.151   167.927    -0.05    1.08
 -85488.308   167.627    -0.81    1.38
 -85116.402   167.433    -0.52    1.61
 -84744.433   167.276    -0.42    1.91
 -84372.402   167.301     0.07    2.04
 -84000.307   167.555     0.68    1.96
 -83628.150   167.132    -1.13    2.02
 -83255.930   166.428    -1.89    2.14
 -82883.646   165.455    -2.61    2.10
 -82511.300   165.137    -0.85    2.21
 -82138.891   165.071    -0.18    2.30
 -81766.418   164.788    -0.76    2.46
 -81393.883   163.631    -3.11    2.91
 -81021.284   161.593    -5.47    3.29
 -80648.622   158.937    -7.12    3.46
 -80275.897   156.504    -6.53    3.53
 -79903.108   153.354    -8.45    3.46
 -79530.257   151.160    -5.88    3.24
 -79157.342   149.048    -5.66    2.76
 -78784.363   147.377    -4.48    2.67
 -78411.321   145.302    -5.56    3.04
 -78038.216   143.200    -5.63    3.86
 -77665.048   139.737    -9.28    4.60
 -77291.815   136.525    -8.61    4.52
 -76918.520   133.124    -9.11    4.04
 -76545.161   131.212    -5.12    3.71
 -76171.738   129.019    -5.87    3.45
 -75798.251   127.896    -3.01    3.43
 -75424.701   127.188    -1.90    3.55
 -75051.087   126.314    -2.34    3.47
 -74677.410   124.727    -4.25    3.81
 -74303.669   122.893    -4.91    3.85
 -73929.864   120.839    -5.49    3.41
 -73555.995   120.125    -1.91    4.06
 -73182.062   121.704     4.22    5.66
 -72808.066   122.247     1.45    5.52
 -72434.005   119.352    -7.74    6.74
 -72059.881   115.395   -10.57    7.62
 -71685.692   110.709   -12.52    5.40
 -71311.440   107.706    -8.02    1.80
 -70937.124   107.714     0.02    1.57
 -70562.743   107.972     0.69    2.00
 -70188.299   109.213     3.31    4.41
 -69813.790   109.007    -0.55    5.74
 -69439.217   107.839    -3.12    6.62
 -69064.580   105.472    -6.32    7.27
 -68689.878   101.124   -11.60    4.50
 -68315.113    97.937    -8.50    3.67
 -67940.283    95.389    -6.80    3.48
 -67565.388    93.200    -5.84    2.94
 -67190.429    91.673    -4.07    2.28
 -66815.406    89.583    -5.57    3.79
 -66440.319    78.801   -28.74   22.40
 -66065.167    60.160   -49.69   31.21
 -65689.950    42.481   -47.12   28.45
 -65314.669    37.064   -14.43   23.82
 -64939.323    47.719    28.39   30.84
 -64563.913    68.669    55.80   29.56
 -64188.438    83.288    38.93   18.08
 -63812.898    89.952    17.74    1.59
 -63437.294    89.840    -0.30    1.35
 -63061.625    89.462    -1.01    1.63
 -62685.891    89.101    -0.96    1.95
 -62310.092    88.639    -1.23    2.39
 -61934.229    88.841     0.54    3.02
 -61558.300    88.635    -0.55    3.84
 -61182.307    88.301    -0.89    4.36
 -60806.249    87.652    -1.73    4.64
 -60430.125    87.077    -1.53    4.59
 -60053.937    86.527    -1.46    4.20
 -59677.684    85.745    -2.08    3.58
 -59301.365    85.276    -1.24    3.16
 -58924.982    84.276    -2.66    2.98
 -58548.533    83.801    -1.26    2.88
 -58172.019    82.981    -2.18    2.62
 -57795.440    82.732    -0.66    2.60
 -57418.796    82.314    -1.11    2.48
 -57042.086    82.058    -0.68    2.30
 -56665.311    81.770    -0.76    2.12
 -56288.471    81.367    -1.07    1.90
 -55911.565    80.802    -1.50    1.78
 -55534.594    80.192    -1.62    1.52
 -55157.557    79.549    -1.71    1.48
 -54780.455    78.855    -1.84    1.46
 -54403.287    78.002    -2.26    1.85
 -54026.054    77.152    -2.25    1.99
 -53648.755    76.227    -2.45    2.18
 -53271.391    75.459    -2.03    2.01
 -52893.961    74.745    -1.89    1.94
 -52516.465    74.150    -1.58    1.74
 -52138.903    73.870    -0.74    1.43
 -51761.276    73.614    -0.68    1.28
 -51383.583    73.558    -0.15    1.38
 -51005.824    74.002     1.18    1.83
 -50627.999    74.444     1.17    2.03
 -50250.108    75.427     2.60    2.06
 -49872.152    75.707     0.74    2.05
 -49494.129    75.365    -0.90    2.26
 -49116.040    74.720    -1.71    2.33
 -48737.885    73.539    -3.12    2.17
 -48359.665    72.567    -2.57    1.85
 -47981.378    71.759    -2.14    1.68
 -47603.025    71.080    -1.79    1.48
 -47224.605    70.771    -0.82    1.33
 -46846.120    70.455    -0.83    1.19
 -46467.568    70.377    -0.21    1.16
 -46088.950    70.275    -0.27    1.22
 -45710.265    70.109    -0.44    1.20
 -45331.515    69.896    -0.56    1.09
 -44952.698    69.770    -0.33    1.02
 -44573.814    69.439    -0.87    0.99
 -44194.864    68.406    -2.73    2.20
 -43815.847    66.702    -4.50    3.08
 -43436.764    64.834    -4.93    2.97
 -43057.615    63.402    -3.78    2.17
 -42678.398    62.548    -2.25    0.84
 -42299.115    62.536    -0.03    0.92
 -41919.766    62.417    -0.32    0.62
 -41540.349    62.314    -0.27    0.00
 -41160.866    62.314     0.00    0.00
 -40781.316    62.314     0.00    0.00
 -40401.700    62.314     0.00    0.00
 -40022.016    62.314     0.00    0.00
 -39642.266    62.314     0.00    0.00
 -39262.448    62.314     0.00    0.00
 -38883.165    62.314     0.00    0.00
 -38516.134    62.314     0.00    0.00
 -38149.042    62.314     0.00    0.00
 -37781.887    62.365     0.14    0.27
 -37414.670    62.697     0.90    0.83
 -37047.391    63.071     1.02    0.98
 -36680.050    63.414     0.94    0.91
 -36312.647    63.506     0.25    0.72
 -35945.181    63.517     0.03    0.56
 -35577.654    63.339    -0.48    0.55
 -35210.064    63.018    -0.87    0.51
 -34842.412    62.814    -0.55    0.50
 -34474.698    62.770    -0.12    0.50
 -34106.921    62.802     0.09    0.50
 -33739.082    62.865     0.17    0.50
 -33371.181    62.952     0.23    0.48
 -33003.217    62.770    -0.49    0.78
 -32635.191    62.352    -1.14    1.06
 -32267.102    61.717    -1.72    1.39
 -31898.951    60.602    -3.03    2.28
 -31530.737    58.237    -6.42    3.95
 -31162.460    55.314    -7.94    4.95
 -30794.121    52.390    -7.94    4.32
 -30425.720    50.263    -5.77    3.35
 -30057.255    50.247    -0.04    4.46
 -29688.728    53.927     9.98    6.91
 -29320.139    56.354     6.59    7.26
 -28951.486    58.623     6.15    6.31
 -28582.771    60.525     5.16    4.40
 -28213.993    60.964     1.19    4.97
 -27845.152    61.652     1.86    6.61
 -27476.248    63.427     4.81    7.46
 -27107.281    62.077    -3.66    8.86
 -26738.251    60.264    -4.91    9.48
 -26369.158    59.748    -1.40    8.72
 -26000.002    58.124    -4.40    7.65
 -25630.783    58.381     0.69    7.22
 -25261.501    58.414     0.09    6.18
 -24892.156    57.574    -2.27    5.38
 -24522.748    57.827     0.68    4.36
 -24153.276    57.135    -1.87    2.97
 -23783.742    57.487     0.95    2.35
 -23414.144    58.496     2.73    2.35
 -23044.482    59.977     4.01    2.56
 -22674.758    61.472     4.04    2.59
 -22304.970    61.952     1.30    2.34
 -21935.118    62.491     1.46    1.93
 -21565.204    62.485    -0.02    1.73
 -21195.225    62.686     0.54    0.63
 -20825.184    62.902     0.58    0.72
 -20455.078    63.173     0.73    0.89
 -20084.909    63.428     0.69    1.19
 -19714.677    63.871     1.20    1.60
 -19344.381    64.413     1.46    1.84
 -18974.021    65.124     1.92    2.01
 -18603.598    65.964     2.27    2.15
 -18233.111    66.635     1.81    2.21
 -17862.560    67.427     2.14    2.11
 -17491.945    68.214     2.12    1.92
 -17121.267    68.709     1.34    1.81
 -16750.525    69.099     1.05    1.68
 -16379.718    69.589     1.32    1.74
 -16008.848    70.067     1.29    1.83
 -15637.914    70.517     1.21    1.90
 -15266.916    70.939     1.14    1.82
 -14895.854    71.018     0.21    1.63
 -14524.728    70.802    -0.58    1.56
 -14153.538    70.227    -1.55    1.52
 -13782.283    69.660    -1.53    1.48
 -13410.965    68.752    -2.45    1.52
 -13039.582    67.931    -2.21    1.62
 -12668.135    66.857    -2.89    1.74
 -12296.624    65.902    -2.57    1.81
 -11925.049    64.777    -3.03    1.87
 -11553.409    63.878    -2.42    1.88
 -11181.705    62.623    -3.38    2.18
 -10809.936    61.377    -3.35    2.45
 -10438.103    59.796    -4.25    3.21
 -10066.206    58.150    -4.43    4.01
  -9694.244    56.227    -5.17    4.66
  -9322.218    55.517    -1.91    4.58
  -8950.127    55.265    -0.68    3.88
  -8577.971    55.795     1.43    2.46
  -8205.751    56.129     0.90    1.57
  -7833.466    55.567    -1.51    2.87
  -7461.117    53.589    -5.31    4.58
  -7088.702    51.517    -5.56    5.01
  -6716.223    49.351    -5.81    5.04
  -6343.680    47.858    -4.01    4.82
  -5971.071    47.064    -2.13    4.97
  -5598.397    47.096     0.09    4.98
  -5225.659    48.152     2.83    5.52
  -4852.856    47.006    -3.07    7.52
  -4479.987    37.704   -24.95   15.66
  -4107.054    34.238    -9.29   17.07
  -3734.056    28.734   -14.76   19.08
  -3360.992    22.976   -15.43   20.51
  -2987.864    18.764   -11.29   21.50
  -2614.670    13.479   -14.16   20.10
  -2241.412     5.289   -21.94   13.39
  -1868.088    -0.058   -14.32    2.14
  -1494.698    -0.451    -1.05    0.62
  -1121.244    -0.278     0.46    1.54
   -747.724    -0.271     0.02    1.73
   -374.139    -0.413    -0.38    1.22
     -0.488    -0.612    -0.53    0.57
    373.228    -0.633    -0.06    0.46
    747.009    -0.491     0.38    1.12
   1120.856     1.501     5.33    7.19
   1494.768     6.610    13.67   13.49
   1868.746    11.933    14.23   16.49
   2242.790    18.697    18.08   18.20
   2616.899    28.880    27.22   17.18
   2991.074    37.952    24.24   14.14
   3365.314    46.678    23.32    5.74
   3739.620    49.863     8.51    3.95
   4113.992    51.301     3.84    2.72
   4488.430    50.944    -0.96    2.70
   4862.934    49.466    -3.95    2.33
   5237.503    48.327    -3.04    1.72
   5612.139    47.389    -2.50    1.02
   5986.840    46.882    -1.35    0.87
   6361.607    46.627    -0.68    0.87
   6736.440    46.669     0.11    0.89
   7111.340    46.750     0.22    0.78
   7486.305    46.907     0.42    0.63
   7861.336    47.018     0.30    0.80
   8236.434    46.956    -0.16    1.06
   8611.598    46.709    -0.66    1.46
   8986.828    46.112    -1.59    1.92
   9362.124    45.289    -2.19    2.47
   9737.487    44.086    -3.20    3.04
  10112.915    43.411    -1.80    3.09
  10488.411    43.074    -0.90    3.06
  10863.972    42.952    -0.32    2.77
  11239.600    43.392     1.17    2.44
  11615.295    44.070     1.81    2.05
  11991.056    44.717     1.72    1.70
  12366.883    45.462     1.98    1.51
  12742.777    46.057     1.58    1.37
  13118.738    46.729     1.79    1.47
  13494.765    47.382     1.74    1.45
  13870.859    48.191     2.15    1.68
  14247.020    49.093     2.40    1.86
  14623.247    50.030     2.49    2.08
  14999.541    51.366     3.55    2.13
  15375.902    52.746     3.67    2.10
  15752.330    54.352     4.27    1.90
  16128.825    55.882     4.06    1.97
  16505.387    57.499     4.29    1.96
  16882.015    58.820     3.51    1.93
  17258.711    60.514     4.50    1.86
  17635.474    61.808     3.43    1.80
  18012.303    63.364     4.13    1.84
  18389.200    64.802     3.82    2.23
  18766.164    66.944     5.68    2.76
  19143.195    69.058     5.61    2.67
  19520.294    71.067     5.33    2.24
  19897.459    73.054     5.27    2.08
  20274.692    75.055     5.30    2.15
  20651.992    76.807     4.65    1.92
  21029.360    78.778     5.22    2.23
  21406.795    80.692     5.07    2.36
  21784.297    83.055     6.26    2.88
  22161.867    85.847     7.39    2.85
  22539.504    88.487     6.99    3.15
  22917.209    91.417     7.76    3.14
  23294.982    94.326     7.70    3.47
  23672.822    98.127    10.06    3.94
  24050.729   101.722     9.51    4.30
  24428.705   105.610    10.29    4.18
  24806.748   108.494     7.63    3.32
  25184.859   112.191     9.78    4.36
  25563.037   116.154    10.48    6.26
  25941.284   123.170    18.55   10.16
  26319.598   130.477    19.32   11.35
  26697.980   139.927    24.98   13.87
  27076.431   152.288    32.66   17.19
  27454.949   170.376    47.79   28.91
  27833.535   192.006    57.14   34.49
  28212.189   218.672    70.42   40.48
  28590.911   248.950    79.95   38.82
  28969.702   277.077    74.25   42.39
  29348.560   308.202    82.16   47.65
  29727.487   341.660    88.30   57.59
  30106.482   375.314    88.80   61.25
  30485.545   402.852    72.65   60.06
  30864.677   430.927    74.05   52.21
  31243.877   445.870    39.41   46.86
  31623.145   467.399    56.77   41.77
  32002.481   488.099    54.57   32.63
  32381.887   505.499    45.86   22.17
  32761.360   518.459    34.15   10.95
  33140.902   524.030    14.68    8.45
  33520.513   528.160    10.88    5.79
  33900.192   530.413     5.93    4.73
  34279.940   532.262     4.87    3.60
  34659.757   533.539     3.36    3.17
  35039.642   534.561     2.69    2.87
  35419.596   535.005     1.17    2.38
  35799.619   535.119     0.30    1.97
  36169.571   534.573    -1.47    1.77
  36536.463   533.314    -3.43    2.14
  36903.419   531.643    -4.55    2.58
  37270.439   529.555    -5.69    2.48
  37637.523   527.582    -5.37    2.27
  38004.670   525.757    -4.97    2.09
  38371.880   524.177    -4.30    2.14
  38739.155   522.327    -5.04    2.14
  39106.493   519.941    -6.50    3.20
  39473.894   517.314    -7.15    3.67
  39841.360   513.924    -9.23    4.89
  40208.890   510.459    -9.43    5.65
  40576.483   506.462   -10.87    7.75
  40944.140   502.457   -10.89    8.91
  41311.862   496.887   -15.15   11.48
  41679.647   490.353   -17.77   12.88
  42047.496   482.709   -20.78   13.84
  42415.409   477.023   -15.46   13.20
  42783.387   470.171   -18.62   12.33
  43151.428   465.117   -13.73   11.10
  43519.534   460.364   -12.91    9.28
  43887.704   457.514    -7.74    7.63
  44255.938   454.534    -8.09    5.92
  44624.236   452.981    -4.22    4.17
  44992.598   452.894    -0.23    2.97
  45361.025   453.479     1.59    2.84
  45729.516   453.989     1.39    4.14
  46098.072   454.070     0.22    6.22
  46466.692   453.252    -2.22    8.13
  46835.376   450.778    -6.71    9.75
  47204.125   445.689   -13.80   12.39
  47572.938   437.265   -22.84   14.64
  47941.816   422.631   -39.67   18.23
  48310.759   405.109   -47.49   22.41
  48679.766   384.567   -55.67   23.10
  49048.838   365.914   -50.54   22.03
  49417.974   346.664   -52.15   16.89
  49787.176   332.097   -39.46   15.74
  50156.441   318.483   -36.87   13.50
  50525.772   305.717   -34.57   13.83
  50895.168   294.538   -30.26   10.98
  51264.628   284.919   -26.04   10.01
  51634.154   276.199   -23.60    8.30
  52003.744   267.944   -22.34    9.71
  52373.399   259.893   -21.78    8.87
  52743.119   252.485   -20.04    8.49
  53112.904   245.639   -18.51    6.50
  53482.755   240.005   -15.23    6.80
  53852.670   234.574   -14.68    6.14
  54222.651   229.577   -13.51    6.57
  54592.696   225.402   -11.28    5.96
  54962.807   221.032   -11.81    5.65
  55332.983   217.656    -9.12    4.98
  55703.225   212.536   -13.83    7.86
  56073.531   209.378    -8.53    8.11
  56443.903   210.204     2.23    8.27
  56814.341   213.871     9.90    9.15
  57184.844   220.880    18.92    7.18
  57555.412   226.339    14.73    6.54
  57926.046   235.598    24.98   11.43
  58296.745   246.064    28.23   15.75
  58667.510   261.712    42.21   21.49
  59038.340   278.412    45.04   21.87
  59409.236   296.002    47.43   19.68
  59780.198   308.870    34.69   16.53
  60151.225   323.521    39.49   17.47
  60522.318   337.401    37.40   19.82
  60893.477   356.154    50.53   25.28
  61264.702   372.302    43.50   27.98
  61635.992   389.375    45.99   26.32
  62007.349   403.104    36.97   20.30
  62378.771   412.229    24.57    9.99
  62750.259   413.092     2.32    6.42
  63121.813   412.097    -2.68    5.10
  63493.433   411.082    -2.73    3.88
  63865.119   409.729    -3.64    3.23
  64236.872   407.664    -5.55    3.87
  64608.690   403.402   -11.46    6.41
  64980.575   399.046   -11.71    7.66
  65352.525   393.363   -15.28    9.13
  65724.542   389.290   -10.95    9.71
  66096.625   386.573    -7.30   10.09
  66468.775   387.577     2.70   10.89
  66840.991   386.339    -3.33   13.90
  67213.273   381.034   -14.25   20.12
  67585.621   362.534   -49.69   34.93
  67958.036   335.907   -71.50   46.74
  68330.518   297.936  -101.95   52.04
  68703.065   260.623  -100.16   48.35
  69075.680   222.631  -101.97   38.00
  69448.361   191.919   -82.41   34.13
  69821.109   151.495  -108.46   49.74
  70193.923   108.363  -115.70   64.09
  70566.804    61.826  -124.81   59.30
  70939.752    32.425   -78.84   38.03
  71312.766    35.727     8.85   31.60
  71685.847    56.228    54.95   38.80
  72058.995    81.351    67.33   32.38
  72432.210    97.981    44.56   16.63
  72805.492   104.820    18.32    5.05
  73178.841   104.894     0.20    3.29
  73552.256   103.037    -4.97    4.59
  73925.739   100.365    -7.16    4.38
  74299.289    98.143    -5.95    3.05
  74672.906    97.623    -1.39    2.91
  75046.590    98.471     2.27    3.33
  75420.341    99.479     2.70    3.65
  75794.159   102.411     7.84    5.41
  76168.044   107.427    13.42    8.35
  76541.997   115.092    20.50   10.32
  76916.017   123.614    22.79   10.45
  77290.105   133.505    26.44   10.51
  77664.259   142.289    23.48   10.64
  78038.481   154.080    31.51   13.10
  78412.771   167.504    35.87   16.44
  78787.128   182.671    40.52   17.66
  79161.553   194.724    32.19   12.29
  79536.045   200.107    14.37    6.90
  79910.604   200.340     0.62    7.57
  80285.232   197.044    -8.80    7.14
  80659.927   193.925    -8.32    4.34
  81034.690   194.001     0.20    3.39
  81409.520   194.904     2.41    3.86
  81784.418   197.868     7.91    5.70
  82159.384   201.135     8.71    6.10
  82534.418   204.619     9.29    5.94
  82909.520   208.077     9.22    4.94
  83284.689   211.941    10.30    5.58
  83659.927   216.002    10.83    5.48
  84035.232   219.671     9.78    5.56
  84410.606   223.289     9.64    4.89
  84786.048   226.875     9.55    5.27
  85161.558   229.707     7.54    4.37
  85537.135   231.802     5.58    3.44
  85912.782   233.857     5.47    3.66
  86288.496   235.095     3.29    4.71
  86664.278   237.462     6.30    6.18
  87040.129   240.302     7.56    7.18
  87416.048   244.863    12.13    6.88
  87792.036   248.156     8.76    6.26
  88168.092   252.778    12.29    6.25
  88544.216   256.765    10.60    6.61
  88920.409   261.874    13.58    6.85
  89296.670   266.013    11.00    6.95
  89673.000   271.243    13.90    7.84
  90049.399   276.884    14.99    8.29
  90425.866   283.362    17.21    8.27
  90802.402   289.985    17.59    6.80
  91179.006   297.178    19.10    9.76
  91555.679   307.353    27.01   14.51
  91932.421   320.185    34.06   17.34
  92309.232   334.058    36.82   13.73
  92686.112   344.230    26.99   11.40
  93063.060   353.609    24.88    8.99
  93440.078   362.279    23.00   10.23
  93817.164   372.006    25.80   11.80
  94194.320   384.104    32.08   13.74
  94571.544   397.089    34.42   14.45
  94948.838   409.502    32.90   15.67
  95326.200   422.672    34.90   16.15
  95703.632   431.973    24.64   13.70
  96081.133   435.660     9.77   10.33
  96458.703   430.579   -13.46   12.38
  96836.343   419.241   -30.03   13.86
  97214.052   407.579   -30.88   14.12
  97591.830   393.411   -37.51   14.07
  97969.677   382.436   -29.05   14.35
  98347.594   370.362   -31.95   13.67
  98725.581   360.156   -27.00   11.69
  99103.637   349.899   -27.13   11.05
  99481.762   341.114   -23.24   11.33
  99859.957   331.985   -24.14   11.68
 100238.222   323.506   -22.42   11.42
 100616.556   316.290   -19.08   10.38
 100994.960   310.173   -16.17    9.90
 101373.434   305.017   -13.63    9.76
 101751.977   299.930   -13.44    9.97
 102130.590   293.759   -16.30    8.85
 102509.273   287.857   -15.58    7.82
 102888.026   283.067   -12.65    6.46
 103266.849   278.765   -11.36    5.44
 103645.742   274.217   -12.01    5.31
 104024.705   271.619    -6.85    4.72
 104403.738   271.534    -0.23    5.92
 104782.841   273.576     5.39    7.96
 105162.014   279.483    15.58    9.78
 105541.257   290.612    29.35   18.46
 105920.571   306.048    40.70   26.40
 106299.954   328.886    60.20   31.04
 106679.408   353.904    65.94   23.33
 107058.932   368.540    38.57   15.97
 107438.527   376.417    20.75   13.68
 107818.192   378.363     5.13   16.60
 108197.927   376.934    -3.76   19.28
 108577.733   371.183   -15.14   18.11
 108957.609   365.023   -16.22   15.97
 109337.556   360.386   -12.21   15.75
 109717.574   355.517   -12.81   13.58
 110097.662   352.387    -8.23   13.06
 110477.821   347.953   -11.67   13.51
 110851.623   344.595    -8.98   13.50
 111218.315   340.814   -10.31   13.19
 111585.072   336.832   -10.86   12.08
 111951.894   331.784   -13.76   11.33
 112318.782   328.814    -8.10   11.98
 112685.734   326.005    -7.66   11.76
 113052.752   325.603    -1.09   11.26
 113419.835   325.074    -1.44   10.90
 113786.983   325.588     1.40   10.71
 114154.197   327.058     4.00   10.21
 114521.476   329.109     5.59    8.55
 114888.821   331.301     5.97    7.05
 115256.231   334.230     7.97    5.37
 115623.706   337.263     8.25    5.05
 115991.247   340.421     8.59    5.83
 116358.854   342.808     6.49    5.92
 116726.526   344.904     5.70    5.65
 117094.264   345.826     2.51    4.79
 117462.068   345.719    -0.29    3.54
 117829.937   344.760    -2.61    3.54
 118197.872   341.688    -8.35    5.29
 118565.873   337.076   -12.53    7.54
 118933.939   331.753   -14.46    8.78
 119302.072   324.929   -18.54    9.94
 119670.270   317.290   -20.75   10.11
 120038.534   310.534   -18.35    9.63
 120406.864   303.215   -19.87    9.15
 120775.261   297.279   -16.11   10.23
 121143.723   290.156   -19.34   12.74
 121512.251   280.643   -25.81   15.01
 121880.845   267.036   -36.92   17.89
 122249.506   254.044   -35.24   18.39
 122618.233   240.481   -36.79   17.02
 122987.026   229.731   -29.15   15.86
 123355.885   220.239   -25.74   12.93
 123724.810   216.361   -10.51   13.93
 124093.802   214.160    -5.97   16.83
 124462.860   212.692    -3.98   17.08
 124831.984   209.972    -7.37   18.33
 125201.175   206.091   -10.52   17.78
 125570.432   202.968    -8.46   15.92
 125939.756   196.656   -17.09   12.83
 126309.146   191.914   -12.84   10.79
 126678.603   187.538   -11.85    9.07
 127048.127   183.862    -9.95    7.23
 127417.717   180.600    -8.83    5.25
 127787.374   178.473    -5.76    3.69
 128157.097   177.133    -3.62    2.19
 128526.888   176.695    -1.19    1.46
 128896.745   176.411    -0.77    0.64
 129266.668   176.314    -0.26    0.00
 129636.659   176.314     0.00    0.00
 130006.717   176.314     0.00    0.00
 130376.841   176.314     0.00    0.00
 130747.033   176.314     0.00    0.00
 131117.291   176.314     0.00    0.00
 131487.617   176.314     0.00    0.00
 131858.009   176.314     0.00    0.00
 132228.469   176.337     0.06    0.22
 132598.996   176.692     0.96    1.22
 132969.590   177.278     1.58    2.07
 133340.251   178.487     3.26    2.98
 133710.979   180.726     6.04    4.46
 134081.775   184.203     9.38    6.10
 134452.638   189.424    14.08    7.88
 134823.569   196.871    20.08   11.09
 135194.567   206.396    25.68   15.01
 135565.632   216.994    28.56   17.08
 135936.765   228.374    30.67   16.90
 136307.965   237.058    23.40   15.12
 136679.233   242.255    14.00   12.87
 137050.568   247.527    14.20   11.79
 137421.971   253.802    16.90   10.52
 137793.442   261.071    19.57   11.85
 138164.980   271.138    27.10   14.01
 138536.586   281.481    27.84   17.94
 138908.260   290.126    23.26   17.73
 139280.002   295.571    14.65   15.67
 139651.811   301.253    15.29   13.61
 140023.689   307.045    15.58   13.45
 140395.634   314.596    20.31   13.10
 140767.647   321.532    18.65   12.12
 141139.729   329.170    20.53   10.36
 141511.878   335.188    16.17    8.12
 141884.095   340.102    13.21    7.74
 142256.381   343.188     8.29    8.17
 142628.734   345.856     7.17    8.81
 143001.156   348.127     6.10    9.62
 143373.646   350.605     6.65   10.34
 143746.204   353.089     6.67   10.45
 144118.831   354.555     3.93   10.04
 144491.526   355.036     1.29    9.59
 144864.289   354.785    -0.67    9.51
 145237.121   354.141    -1.73    9.82
 145610.021   352.957    -3.18   10.43
 145982.989   353.127     0.45   11.11
 146356.026   352.632    -1.33   10.86
 146729.132   351.521    -2.98   10.36
 147102.306   349.985    -4.12    8.55
 147475.549   349.415    -1.53    7.48
 147848.861   348.612    -2.15    6.29
 148222.241   348.095    -1.39    4.87
 148595.690   348.349     0.68    3.73
 148969.208   350.086     4.65    5.00
 149342.794   354.157    10.90    8.15
 149716.450   360.364    16.61   10.35
 150090.174   369.977    25.72   15.50
 150463.967   379.952    26.69   17.10
 150837.830   391.302    30.36   17.90
 151211.761   400.226    23.87   17.64
 151585.761   410.926    28.61   20.20
 151959.831   424.213    35.52   21.78
 152333.969   437.194    34.70   20.97
 152708.177   447.099    26.47   15.84
 153082.454   450.942    10.27   14.20
 153456.800   450.377    -1.51   14.79
 153831.215   450.433     0.15   11.98
 154205.700   450.801     0.98    9.59
 154580.254   452.714     5.11    6.36
 154954.877   454.527     4.84    3.85
 155329.570   455.832     3.48    3.19
 155704.333   456.972     3.04    3.02
 156079.164   458.421     3.87    2.91
 156454.066   459.955     4.09    2.89
 156829.037   461.844     5.04    3.15
 157204.077   463.947     5.61    3.56
 157579.188   466.528     6.88    3.93
 157954.368   469.127     6.93    3.75
 158329.617   471.361     5.95    3.18
 158704.937   473.289     5.14    2.38
 159080.326   474.688     3.73    2.21
 159455.785   475.944     3.35    2.89
 159831.315   477.361     3.77    3.50
 160206.914   479.435     5.52    3.66
 160582.583   482.133     7.18    3.43
 160958.322   484.833     7.18    3.05
 161334.131   487.112     6.07    2.44
 161710.010   488.961     4.92    1.70
 162085.959   490.302     3.57    1.33
 162461.978   491.339     2.76    1.52
 162838.068   492.102     2.03    2.08
 163214.228   493.112     2.68    2.77
 163590.458   493.784     1.79    3.29
 163966.759   494.194     1.09    3.60
 164343.130   494.954     2.02    4.22
 164719.571   495.267     0.83    5.05
 165096.083   495.170    -0.26    5.97
 165472.665   495.055    -0.30    6.77
 165849.318   495.671     1.64    7.46
 166226.041   495.820     0.39    7.85
 166602.835   496.483     1.76    7.98
 166979.699   497.013     1.41    7.83
 167356.635   497.845     2.21    7.49
 167733.641   497.733    -0.30    7.50
 168110.717   496.351    -3.67    9.03
 168487.865   481.872   -38.39   31.37
 168865.083   458.061   -63.13   44.51
 169242.372   428.608   -78.07   52.34
 169619.733   389.452  -103.78   52.60
 169997.164   352.138   -98.88   53.46
 170374.666   317.202   -92.56   43.85
 170752.239   290.862   -69.77   31.79
 171129.883   271.714   -50.71   25.53
 171507.599   262.567   -24.22   20.53
 171885.385   261.005    -4.13   24.83
 172263.243   265.445    11.75   32.33
 172641.172   271.808    16.84   36.28
 173019.172   266.855   -13.10   39.64
 173397.244   251.926   -39.49   45.70
 173775.386   223.945   -74.01   49.98
 174153.601   196.904   -71.51   39.60
 174531.887   181.326   -41.19   25.20
 174910.244   174.616   -17.74   19.65
 175288.673   173.507    -2.93   23.38
 175667.173   174.091     1.54   29.61
 176045.745   169.709   -11.57   35.71
 176424.388   158.514   -29.57   29.76
 176803.104   151.948   -17.34   19.77
 177181.891   151.679    -0.71   12.25
 177560.749   159.539    20.75   10.92
 177939.680   167.396    20.74    7.52
 178318.682   173.577    16.31    5.15
 178697.757   178.647    13.38    5.59
 179076.903   184.177    14.59    6.01
 179456.121   190.454    16.55    7.68
 179835.411   199.531    23.94   12.33
 180214.773   215.749    42.76   28.49
 180594.208   235.647    52.45   36.77
 180973.714   252.114    43.40   35.01
 181353.293   265.844    36.18   27.92
 181732.944   277.989    32.00   22.60
 182112.667   302.171    63.69   37.89
 182492.462   334.826    85.99   43.85
 182872.330   368.291    88.11   39.60
 183252.270   390.302    57.94   24.13
 183632.283   396.433    16.14   18.99
 184012.368   392.570   -10.16   21.45
 184392.525   395.268     7.10   24.20
 184772.755   403.048    20.47   28.69
 185153.058   418.445    40.49   25.55
 185531.032   433.977    41.10   21.25
 185897.513   439.396    14.79   23.05
 186264.060   446.039    18.12   26.59
 186630.674   451.514    14.94   27.88
 186997.355   456.651    14.01   30.23
 187364.103   467.636    29.95   33.52
 187730.917   484.961    47.24   39.41
 188097.799   505.731    56.62   41.19
 188464.747   525.097    52.78   40.22
 188831.763   544.073    51.71   41.71
 189198.845   552.386    22.65   40.03
 189565.994   556.143    10.24   36.08
 189933.211   562.731    17.94   34.53
 190300.494   580.351    47.98   44.84
 190667.845   601.854    58.55   50.64
 191035.263   624.191    60.80   49.63
 191402.748   641.337    46.67   45.99
 191770.301   653.552    33.24   42.06
 192137.921   649.716   -10.43   36.58
 192505.608   647.191    -6.87   33.46
 192873.362   644.268    -7.95   30.71
 193241.184   652.960    23.64   33.48
 193609.073   644.067   -24.18   36.84
 193977.030   626.073   -48.91   41.20
 194345.054   609.773   -44.30   38.20
 194713.146   600.126   -26.21   24.38
 195081.306   602.397     6.17   25.49
 195449.533   602.591     0.53   28.12
 195817.828   600.938    -4.49   35.17
 196186.190   595.020   -16.07   38.79
 196554.620   597.450     6.60   52.59
 196923.118   619.561    60.01   77.02
 197291.684   661.957   115.05  106.76
 197660.318   706.475   120.78  122.05
 198029.019   739.981    90.89  125.74
 198397.789   769.302    79.52  113.65
 198766.626   781.902    34.16   97.42
 199135.532   766.538   -41.65   90.61
 199504.505   719.425  -127.70  112.08
 199873.547   655.977  -171.95  133.22
 200242.657   586.561  -188.09  124.07
 200611.835   526.128  -163.72  100.73
 200981.081   479.904  -125.20   76.15
 201350.395   447.797   -86.95   39.83
 201719.778   438.109   -26.23   22.73
 202089.229   447.902    26.51   36.74
 202458.748   469.748    59.13   56.84
 202828.336   505.938    97.93   79.67
 203197.992   539.058    89.61   85.01
 203567.716   555.124    43.46   76.19
 203937.509   553.100    -5.47   67.22
 204307.371   529.547   -63.69   57.18
 204677.301   502.209   -73.91   50.44
 205047.300   483.109   -51.63   47.67
 205417.367   482.338    -2.09   59.74
 205787.503   492.973    28.74   76.63
 206157.708   513.268    54.83   74.58
 206527.982   537.519    65.50   62.09
 206898.324   553.267    42.53   54.56
 207268.735   561.302    21.70   49.10
 207639.215   575.175    37.45   42.96
 208009.764   590.425    41.16   36.80
 208380.382   603.186    34.44   34.63
 208751.069   620.977    48.00   44.35
 209121.825   647.802    72.37   43.32
 209492.651   664.477    44.97   45.13
 209863.545   675.651    30.13   54.86
 210234.508   667.814   -21.13   65.98
 210605.541   663.119   -12.66   68.74
 210976.642   661.631    -4.01   65.16
 211347.813   661.547    -0.23   58.25
 211719.054   656.717   -13.01   54.35
 212090.363   636.119   -55.48   63.91
 212461.743   595.808  -108.56   75.13
 212833.191   558.444  -100.61   73.30
 213204.709   543.423   -40.44   77.26
 213576.296   515.756   -74.47   84.56
 213947.953   481.686   -91.69   93.73
 214319.680   446.705   -94.12   84.09
 214691.476   419.528   -73.11   87.96
 215063.342   411.337   -22.03  100.62
 215435.278   392.555   -50.51   98.96
 215807.283   372.779   -53.17   92.18
 216179.358   350.349   -60.29   84.04
 216551.503   329.957   -54.81   69.88
 216923.717   319.528   -28.02   65.23
 217296.002   291.564   -75.13   72.39
 217668.356   268.647   -61.56   66.51
 218040.781   245.421   -62.38   58.26
 218413.275   242.405    -8.10   59.08
 218785.840   268.314    69.55   80.55
 219158.474   298.088    79.91   79.30
 219531.179   317.176    51.22   71.35
 219903.954   295.814   -57.32   91.07
 220276.799   224.820  -190.44   98.06
 220649.715   169.682  -147.88   83.96
 221022.700   120.000  -133.22   38.50
 221395.756   104.897   -40.49   13.77
 221768.882   111.337    17.26   20.97
 222142.079   125.430    37.77   26.45
 222515.346   165.386   107.06   61.41
 222888.684   204.768   105.50   79.33
 223262.092   268.221   169.96   91.70
 223635.571   328.302   160.90   74.84
 224009.120   362.514    91.60   56.93
 224382.740   370.442    21.22   64.11
 224756.431   365.796   -12.43   73.52
 225130.192   358.884   -18.50   82.93
 225504.024   358.977     0.25   79.56
 225877.927   390.361    83.95   95.05
 226251.901   461.996   191.59  104.89
 226625.946   513.314   137.22   89.41
 227000.061   554.206   109.32   49.67
 227374.248   565.605    30.47   34.55
 227748.505   562.709    -7.74   40.35
 228122.834   556.338   -17.02   41.73
 228497.234   536.196   -53.81   62.81
 228871.704   496.728  -105.42   93.07
 229246.246   450.555  -123.30   87.88
 229620.859   449.058    -4.00   84.49
 229995.544   478.651    79.00   84.28
 230370.299   505.679    72.13   72.83
 230745.126   519.640    37.25   57.17
 231120.025   499.705   -53.18   66.05
 231494.995   496.097    -9.62   64.62
 231870.036   510.430    38.22   66.09
 232245.148   537.337    71.74   61.96
 232620.333   562.695    67.60   45.63
 232995.588   568.774    16.20   40.55
 233370.916   563.166   -14.94   33.94
 233746.315   543.453   -52.52   56.15
 234121.786   532.790   -28.40   57.29
