-140130.464   139.363     0.00    0.78
-139761.342   139.053    -0.84    0.87
-139392.286   138.480    -1.55    0.96
-139023.297   137.845    -1.72    1.02
-138654.373   136.874    -2.63    1.45
-138285.516   135.236    -4.44    2.85
-137916.725   132.760    -6.71    3.76
-137547.999   130.802    -5.31    3.25
-137179.340   129.711    -2.96    2.36
-136810.746   130.069     0.97    2.48
-136442.219   131.200     3.07    2.27
-136073.757   131.164    -0.10    2.08
-135705.361   130.425    -2.00    2.35
-135337.031   129.605    -2.23    1.87
-134968.766   128.868    -2.00    1.41
-134600.568   128.886     0.05    1.46
-134232.435   129.030     0.39    1.44
-133864.367   129.127     0.26    1.41
-133496.365   128.979    -0.40    1.34
-133128.429   128.577    -1.09    1.19
-132760.558   127.863    -1.94    1.48
-132392.753   126.772    -2.97    2.09
-132025.013   125.248    -4.14    2.76
-131657.339   123.621    -4.42    3.21
-131289.730   121.935    -4.59    3.65
-130922.186   119.938    -5.43    3.81
-130554.708   118.465    -4.01    3.78
-130187.295   116.867    -4.35    3.62
-129819.947   115.528    -3.64    3.40
-129452.665   114.333    -3.25    2.53
-129085.447   114.031    -0.82    1.69
-128718.295   114.333     0.82    1.98
-128351.208   115.129     2.17    2.03
-127984.186   115.371     0.66    1.83
-127617.229   113.841    -4.17    2.94
-127250.337   111.803    -5.55    3.75
-126883.510   110.154    -4.50    2.96
-126516.748   109.222    -2.54    1.68
-126137.024   109.431     0.55    1.52
-125756.836   109.610     0.47    1.45
-125376.718   109.129    -1.27    1.65
-124996.670   108.285    -2.22    1.63
-124616.692   107.415    -2.29    1.49
-124236.785   106.504    -2.40    1.42
-123856.949   105.724    -2.06    1.34
-123477.182   105.043    -1.79    1.11
-123097.486   104.528    -1.36    0.84
-122717.860   104.272    -0.67    0.70
-122338.304   104.359     0.23    0.82
-121958.818   104.448     0.23    0.88
-121579.402   104.684     0.62    0.85
-121200.056   105.057     0.99    0.88
-120820.781   105.389     0.87    0.86
-120441.575   105.754     0.96    0.83
-120062.439   106.060     0.81    0.78
-119683.373   106.334     0.72    0.92
-119304.377   106.569     0.62    1.08
-118925.450   106.730     0.42    1.17
-118546.593   106.455    -0.72    1.26
-118167.806   106.004    -1.19    1.20
-117789.089   105.455    -1.45    1.05
-117410.441   105.126    -0.87    1.10
-117031.863   104.797    -0.87    1.63
-116653.355   104.150    -1.71    2.33
-116274.916   103.853    -0.79    2.27
-115896.546   103.853     0.00    2.02
-115518.246   104.201     0.92    1.64
-115140.016   104.863     1.75    1.33
-114761.854   105.331     1.24    1.10
-114383.762   105.799     1.24    0.62
-114005.740   105.836     0.10    0.64
-113627.786   105.966     0.34    0.56
-113249.902   106.149     0.49    0.30
-112872.087   106.223     0.20    0.16
-112494.341   105.946    -0.73    0.46
-112116.664   105.360    -1.55    0.87
-111739.057   104.638    -1.91    1.05
-111361.518   103.606    -2.73    1.09
-110984.048   102.687    -2.43    1.06
-110606.647   101.785    -2.39    1.01
-110229.316   101.041    -1.97    0.99
-109852.053   100.310    -1.94    0.87
-109474.859    99.878    -1.15    0.89
-109097.733    99.344    -1.41    0.97
-108720.677    98.865    -1.27    0.97
-108343.689    98.310    -1.47    0.94
-107966.770    97.673    -1.69    1.17
-107589.919    96.860    -2.16    1.37
-107213.137    96.209    -1.73    1.41
-106836.424    95.699    -1.35    1.38
-106459.779    95.350    -0.93    1.56
-106083.203    94.392    -2.54    2.27
-105706.695    94.248    -0.38    2.45
-105330.256    94.955     1.88    2.71
-104953.885    95.761     2.14    2.92
-104577.582    97.455     4.50    2.63
-104201.348    99.378     5.11    3.24
-103825.182   101.891     6.68    3.68
-103449.084   103.885     5.30    2.54
-103073.054   104.618     1.95    1.43
-102697.093   104.235    -1.02    1.41
-102321.199   103.380    -2.27    0.97
-101945.374   102.943    -1.16    0.68
-101569.617   102.705    -0.63    0.79
-101193.928   102.163    -1.44    0.95
-100818.307   101.553    -1.62    0.99
-100442.753   100.967    -1.56    0.82
-100067.268   100.638    -0.88    0.87
 -99691.851   100.211    -1.14    0.87
 -99316.501    99.919    -0.78    0.86
 -98941.219    99.724    -0.52    0.80
 -98566.005    99.606    -0.31    0.71
 -98190.859    99.729     0.33    0.74
 -97815.780   100.073     0.92    0.81
 -97440.769   100.766     1.85    1.00
 -97065.826   101.544     2.08    1.03
 -96690.950   102.510     2.58    1.10
 -96316.141   103.423     2.43    1.12
 -95941.401   104.460     2.77    1.23
 -95566.727   105.450     2.64    1.18
 -95192.121   106.618     3.12    1.32
 -94817.583   107.684     2.85    1.39
 -94443.112   108.923     3.31    1.66
 -94068.708   110.171     3.33    1.49
 -93694.371   111.419     3.33    1.64
 -93320.102   112.774     3.62    1.49
 -92945.900   114.065     3.45    1.75
 -92571.765   115.415     3.61    1.67
 -92197.697   116.838     3.81    2.01
 -91823.697   118.376     4.11    2.05
 -91449.763   119.874     4.01    2.23
 -91075.896   121.599     4.61    2.26
 -90702.097   123.166     4.19    2.43
 -90328.364   124.728     4.18    2.17
 -89954.698   126.455     4.62    1.80
 -89581.100   127.910     3.89    1.40
 -89207.568   129.224     3.52    1.61
 -88834.102   130.517     3.46    1.61
 -88460.704   131.748     3.30    1.77
 -88087.372   132.992     3.33    1.72
 -87714.108   134.321     3.56    1.90
 -87340.909   136.427     5.64    2.65
 -86967.778   139.248     7.56    4.12
 -86594.713   142.748     9.38    4.55
 -86221.714   147.001    11.40    5.16
 -85848.782   152.835    15.65    6.61
 -85475.917   158.561    15.36    8.05
 -85103.118   165.458    18.50    7.88
 -84730.385   172.035    17.65    7.36
 -84357.719   178.964    18.59    6.80
 -83985.119   185.201    16.74    7.26
 -83612.586   191.704    17.46    6.89
 -83240.118   197.470    15.48    6.86
 -82867.717   204.083    17.76    6.52
 -82495.383   210.356    16.85    7.64
 -82123.114   217.425    18.99    7.56
 -81750.912   223.138    15.35    6.72
 -81378.775   228.235    13.70    4.44
 -81006.705   231.754     9.46    3.25
 -80634.701   235.147     9.12    3.66
 -80262.762   238.534     9.11    4.33
 -79890.890   242.236     9.96    4.36
 -79519.084   245.623     9.11    4.10
 -79147.343   249.359    10.05    3.67
 -78775.668   252.415     8.22    3.71
 -78404.060   255.602     8.58    3.28
 -78032.516   258.408     7.55    3.30
 -77661.039   261.312     7.82    3.18
 -77289.628   264.248     7.91    3.27
 -76918.282   267.488     8.73    3.37
 -76547.001   270.356     7.72    3.65
 -76175.787   273.389     8.17    3.54
 -75804.638   276.334     7.94    3.79
 -75433.554   279.375     8.19    4.05
 -75062.536   282.926     9.57    5.17
 -74691.584   287.235    11.62    5.84
 -74320.696   291.398    11.22    6.43
 -73949.875   296.004    12.42    6.19
 -73579.118   301.796    15.62    7.59
 -73208.427   308.235    17.37    8.49
 -72837.802   315.480    19.55    9.77
 -72467.241   323.116    20.61    8.90
 -72096.746   330.504    19.94    9.89
 -71726.316   337.767    19.61    9.92
 -71355.951   345.638    21.25   11.72
 -70985.651   353.504    21.24   11.30
 -70615.416   361.370    21.25   10.96
 -70245.247   368.866    20.25    8.63
 -69875.142   375.784    18.69    9.54
 -69505.103   382.958    19.39    9.22
 -69135.128   390.760    21.09   10.89
 -68765.218   399.682    24.12   10.88
 -68395.373   409.785    27.32   14.23
 -68025.593   419.919    27.41   13.44
 -67655.878   428.541    23.32   12.41
 -67286.228   435.799    19.64    9.20
 -66916.642   441.396    15.14    8.44
 -66547.121   446.311    13.30    7.30
 -66177.665   450.589    11.58    5.87
 -65808.273   453.581     8.10    4.86
 -65438.946   456.298     7.36    4.79
 -65069.684   458.520     6.02    5.45
 -64700.486   461.296     7.52    6.16
 -64331.352   463.488     5.94    6.12
 -63962.283   465.845     6.39    5.73
 -63593.279   468.360     6.82    6.09
 -63224.339   471.507     8.53    6.87
 -62855.463   473.663     5.84    6.94
 -62486.652   476.507     7.71    7.59
 -62117.905   478.865     6.40    8.79
 -61749.222   481.083     6.02    8.90
 -61380.603   482.124     2.82    8.42
 -61012.049   483.001     2.38    7.93
 -60643.559   483.175     0.47    7.54
 -60275.133   483.952     2.11    7.13
 -59906.771   484.335     1.04    6.33
 -59538.473   486.373     5.53    6.19
 -59170.239   489.406     8.24    5.77
 -58802.069   493.438    10.95    5.74
 -58433.963   496.870     9.32    6.24
 -58065.921   500.492     9.84    5.77
 -57697.943   502.528     5.54    4.07
 -57330.029   503.443     2.49    3.27
 -56962.179   502.367    -2.92    3.80
 -56594.392   499.537    -7.69    5.25
 -56226.669   496.211    -9.05    6.70
 -55859.010   493.048    -8.60    6.72
 -55491.415   492.431    -1.68    8.28
 -55123.883   491.754    -1.84   10.37
 -54756.415   492.248     1.34   11.14
 -54389.011   494.222     5.37   11.15
 -54021.670   495.952     4.71   10.09
 -53654.392   496.071     0.32    9.33
 -53287.179   496.828     2.06    8.33
 -52920.028   496.544    -0.77    7.38
 -52552.941   495.310    -3.36    6.41
 -52185.918   493.780    -4.17    6.00
 -51818.958   491.211    -7.00    6.15
 -51442.542   488.199    -8.00    6.60
 -51062.496   484.248   -10.40    6.85
 -50682.519   480.560    -9.70    6.12
 -50302.610   477.573    -7.86    5.30
 -49922.769   475.640    -5.09    4.86
 -49542.997   476.019     1.00    4.83
 -49163.294   477.143     2.96    4.70
 -48783.659   478.175     2.72    3.95
 -48404.092   478.656     1.27    3.25
 -48024.593   478.138    -1.36    3.16
 -47645.163   476.615    -4.01    3.71
 -47265.801   475.344    -3.35    4.06
 -46886.507   474.523    -2.17    4.41
 -46507.282   473.585    -2.47    4.89
 -46128.125   472.989    -1.57    5.67
 -45749.035   472.408    -1.53    5.72
 -45370.014   472.199    -0.55    5.89
 -44991.061   471.998    -0.53    5.93
 -44612.176   470.673    -3.50    5.65
 -44233.358   468.079    -6.85    7.05
 -43854.609   466.322    -4.64    6.77
 -43475.927   464.962    -3.59    6.14
 -43097.314   466.322     3.59    6.11
 -42718.768   468.248     5.09    5.43
 -42340.290   468.273     0.07    5.75
 -41961.879   465.375    -7.66    7.93
 -41583.537   462.882    -6.59    7.66
 -41205.262   461.013    -4.94    6.58
 -40827.055   459.485    -4.04    4.82
 -40448.915   458.863    -1.65    3.40
 -40070.843   458.495    -0.97    2.39
 -39692.838   458.742     0.65    1.96
 -39314.901   459.573     2.20    2.45
 -38937.031   460.618     2.77    3.20
 -38559.228   461.352     1.94    4.19
 -38181.493   463.236     4.99    5.64
 -37803.826   465.504     6.01    6.82
 -37426.225   468.421     7.72    6.45
 -37048.692   470.551     5.64    4.77
 -36671.226   469.406    -3.03    4.31
 -36293.828   467.875    -4.06    3.73
 -35916.496   465.565    -6.12    3.90
 -35539.232   463.830    -4.60    4.71
 -35162.034   462.573    -3.33    5.35
 -34784.904   460.362    -5.86    5.75
 -34407.841   457.835    -6.70    6.07
 -34030.845   452.273   -14.76    7.84
 -33653.915   444.310   -21.13   12.06
 -33277.053   434.026   -27.29   14.70
 -32900.257   423.100   -29.00   16.25
 -32523.528   410.010   -34.75   14.09
 -32146.866   401.020   -23.87   11.50
 -31770.271   393.053   -21.16    9.45
 -31393.743   386.514   -17.37    8.62
 -31017.281   379.952   -17.43    8.25
 -30640.886   374.676   -14.02    7.86
 -30264.557   369.285   -14.33    7.53
 -29888.295   363.393   -15.66    7.35
 -29512.100   358.124   -14.00    7.49
 -29135.971   352.432   -15.13    6.97
 -28759.908   347.322   -13.59    6.90
 -28383.912   342.366   -13.18    6.53
 -28007.983   337.480   -13.00    6.49
 -27632.120   332.479   -13.31    6.39
 -27256.323   327.724   -12.65    6.18
 -26880.592   322.798   -13.11    6.08
 -26504.928   317.485   -14.14    6.27
 -26129.330   312.185   -14.11    6.50
 -25753.798   307.498   -12.48    6.38
 -25378.332   302.335   -13.75    5.88
 -25002.933   298.236   -10.92    5.29
 -24627.599   294.298   -10.49    4.86
 -24252.332   290.754    -9.44    4.72
 -23877.130   286.628   -11.00    4.65
 -23501.995   282.964    -9.77    4.54
 -23126.925   279.199   -10.04    4.66
 -22751.922   275.197   -10.67    5.08
 -22376.984   270.148   -13.47    5.85
 -22002.112   265.709   -11.84    6.13
 -21627.306   260.137   -14.87    6.23
 -21252.566   254.261   -15.68    6.95
 -20877.891   246.947   -19.52    8.71
 -20503.282   239.754   -19.20    8.99
 -20128.739   231.898   -20.98    8.43
 -19754.262   225.482   -17.13    6.82
 -19379.850   220.321   -13.78    5.53
 -19005.504   216.129   -11.20    4.16
 -18631.223   212.297   -10.24    4.28
 -18257.007   208.451   -10.28    5.18
 -17882.857   202.516   -15.86    7.98
 -17508.773   195.207   -19.54    9.61
 -17134.754   186.803   -22.47   10.93
 -16760.800   177.340   -25.31    9.89
 -16386.912   169.803   -20.16    8.75
 -16013.089   163.541   -16.75    6.40
 -15639.331   158.723   -12.89    5.35
 -15265.638   154.728   -10.69    4.44
 -14892.011   151.585    -8.41    3.55
 -14518.449   148.825    -7.39    2.42
 -14144.952   146.989    -4.92    1.92
 -13771.519   145.430    -4.17    1.63
 -13398.152   144.248    -3.17    1.58
 -13024.850   143.030    -3.26    1.83
 -12651.613   141.408    -4.34    2.68
 -12278.441   138.742    -7.15    3.87
 -11905.334   135.523    -8.63    5.04
 -11532.292   131.504   -10.77    4.57
 -11159.315   128.235    -8.76    3.64
 -10786.402   124.906    -8.93    2.58
 -10413.554   122.495    -6.47    2.83
 -10040.771   119.410    -8.27    3.73
  -9668.053   116.248    -8.49    4.36
  -9295.399   112.812    -9.22    3.76
  -8922.810   110.210    -6.98    2.71
  -8550.285   107.856    -6.32    2.04
  -8177.826   105.902    -5.24    2.25
  -7805.430   103.410    -6.69    2.95
  -7433.099   100.729    -7.20    3.53
  -7060.833    97.209    -9.46    3.68
  -6688.631    93.919    -8.84    4.04
  -6316.494    90.110   -10.23    4.30
  -5944.420    86.569    -9.52    4.56
  -5572.412    83.023    -9.53    4.21
  -5200.467    80.045    -8.01    3.46
  -4828.587    77.081    -7.97    2.84
  -4456.771    74.602    -6.67    3.05
  -4085.019    71.160    -9.26    3.95
  -3713.331    67.470    -9.93    4.77
  -3341.708    62.210   -14.15    6.23
  -2970.149    56.030   -16.63    7.65
  -2598.653    48.159   -21.19    8.79
  -2227.222    40.838   -19.71    9.82
  -1855.855    32.310   -22.96    9.46
  -1484.551    25.396   -18.62    7.43
  -1113.312    19.510   -15.85    4.80
   -742.137    13.453   -16.32    8.30
   -371.025     6.673   -18.27    8.85
      0.023     2.774   -10.51    7.12
    371.007     4.360     4.28    9.19
    741.927    12.026    20.67   13.00
   1112.783    20.773    23.59   11.12
   1483.576    26.729    16.06    5.75
   1854.305    30.043     8.94    1.86
   2224.970    30.678     1.71    2.05
   2595.572    32.035     3.66    2.40
   2966.110    33.507     3.97    2.15
   3336.585    34.760     3.38    1.36
   3706.996    35.324     1.52    0.80
   4077.344    35.391     0.18    0.72
   4447.628    35.479     0.24    0.74
   4817.849    36.048     1.54    1.28
   5188.007    37.149     2.98    1.97
   5558.101    38.754     4.34    2.10
   5928.132    40.350     4.31    2.15
   6298.099    43.339     8.08    5.44
   6668.004    48.058    12.76    8.67
   7037.845    54.514    17.46    9.25
   7407.623    59.535    13.58    7.19
   7777.337    63.610    11.02    2.69
   8146.989    64.598     2.67    2.26
   8516.578    64.975     1.02    1.68
   8886.103    65.098     0.33    1.48
   9255.566    65.261     0.44    1.61
   9624.965    66.473     3.28    2.50
   9994.302    68.020     4.19    2.81
  10363.575    69.623     4.34    3.05
  10732.786    71.094     3.98    2.66
  11101.934    71.760     1.81    2.32
  11471.019    72.577     2.21    2.12
  11840.041    73.001     1.15    1.37
  12209.001    73.443     1.20    1.18
  12577.898    73.123    -0.87    1.75
  12946.732    72.688    -1.18    1.97
  13315.503    72.235    -1.23    1.99
  13684.212    71.572    -1.80    1.99
  14052.858    71.063    -1.38    2.00
  14421.442    70.590    -1.28    1.89
  14789.963    70.173    -1.13    1.36
  15158.422    70.275     0.28    1.29
  15526.818    70.532     0.70    1.43
  15895.152    71.032     1.36    1.59
  16263.423    71.060     0.08    1.77
  16631.632    71.288     0.62    2.00
  16999.779    71.197    -0.25    2.01
  17367.863    71.287     0.24    1.94
  17735.885    71.848     1.52    2.27
  18103.845    71.985     0.37    2.76
  18471.742    71.198    -2.14    3.28
  18839.578    70.197    -2.72    3.62
  19207.351    69.160    -2.82    3.23
  19575.062    68.017    -3.11    2.68
  19942.711    67.805    -0.58    2.59
  20310.298    67.508    -0.81    2.19
  20677.823    67.071    -1.19    1.00
  21045.286    67.033    -0.10    0.61
  21412.687    67.548     1.40    0.75
  21780.026    68.124     1.57    0.97
  22147.304    68.698     1.56    1.14
  22514.519    69.172     1.29    1.06
  22881.672    69.453     0.77    0.99
  23255.053    69.691     0.64    0.89
  23634.960    69.823     0.35    0.96
  24014.800    70.001     0.47    1.11
  24394.574    70.035     0.09    1.45
  24774.281    70.534     1.31    1.78
  25153.921    70.885     0.93    1.98
  25533.495    70.995     0.29    2.13
  25913.002    70.848    -0.39    2.28
  26292.443    70.774    -0.19    2.48
  26671.817    70.793     0.05    2.46
  27051.124    71.040     0.65    2.37
  27430.365    71.564     1.38    2.20
  27809.540    72.120     1.46    1.96
  28188.648    72.830     1.87    1.27
  28567.690    73.197     0.97    0.53
  28946.666    73.298     0.27    0.27
  29325.575    73.298     0.00    0.22
  29704.419    73.261    -0.10    0.11
  30083.196    73.248    -0.03    0.00
  30461.906    73.248     0.00    0.00
  30840.551    73.248     0.00    0.00
  31219.130    73.248     0.00    0.00
  31597.642    73.248     0.00    0.00
  31976.089    73.248     0.00    0.00
  32354.469    73.248     0.00    0.00
  32732.784    73.248     0.00    0.00
  33111.033    73.248     0.00    0.00
  33489.215    73.235    -0.03    0.11
  33867.332    73.210    -0.07    0.19
  34245.383    73.073    -0.36    0.38
  34623.369    72.960    -0.30    0.46
  35001.288    72.995     0.09    0.44
  35379.142    73.053     0.15    0.40
  35756.930    73.160     0.28    0.28
  36134.653    73.248     0.23    0.00
  36512.310    73.248     0.00    0.00
  36889.901    73.248     0.00    0.00
  37267.427    73.298     0.13    0.22
  37644.887    73.532     0.62    0.45
  38022.282    73.848     0.84    0.49
  38399.612    74.090     0.64    0.37
  38776.876    74.235     0.38    0.20
  39154.074    74.479     0.65    0.53
  39531.208    74.873     1.05    0.92
  39908.276    75.498     1.66    1.30
  40285.278    76.235     1.96    1.59
  40662.216    77.043     2.14    1.75
  41039.088    77.754     1.89    2.00
  41415.895    78.096     0.91    2.55
  41792.637    78.469     0.99    3.08
  42169.314    77.666    -2.13    3.37
  42545.926    77.482    -0.49    3.18
  42922.473    78.421     2.49    3.18
  43298.955    79.788     3.63    3.23
  43675.372    81.828     5.42    2.32
  44051.724    83.356     4.06    0.96
  44428.011    84.185     2.20    1.04
  44804.233    85.053     2.31    1.00
  45180.390    85.881     2.20    1.05
  45556.483    86.853     2.59    1.08
  45932.511    87.810     2.55    1.33
  46308.474    89.222     3.76    1.72
  46684.372    90.653     3.81    2.15
  47060.206    92.556     5.06    2.30
  47435.975    94.410     4.94    2.40
  47811.679    96.560     5.72    2.67
  48187.319    98.982     6.45    3.41
  48562.895   102.876    10.37    4.91
  48938.406   107.365    11.95    6.15
  49313.852   114.450    18.87    8.18
  49689.234   120.616    16.42    7.36
  50064.552   124.742    10.99    4.81
  50439.805   125.881     3.04    3.32
  50814.995   122.375    -9.35    5.88
  51190.119   114.288   -21.55   11.01
  51565.180   107.498   -18.10   11.42
  51940.176   104.221    -8.74   10.01
  52315.108   106.348     5.67   11.80
  52689.976   112.397    16.13   14.02
  53064.780   120.508    21.64   15.21
  53439.519   128.941    22.50   11.60
  53814.195   135.640    17.88    4.85
  54188.807   138.395     7.35    1.99
  54563.354   139.635     3.31    2.19
  54937.838   139.821     0.50    3.50
  55312.258   140.633     2.17    4.45
  55686.614   141.633     2.67    4.87
  56060.906   142.110     1.28    4.95
  56435.134   143.030     2.46    4.66
  56809.298   145.171     5.72    3.43
  57183.399   147.274     5.62    2.18
  57557.436   148.897     4.34    2.11
  57931.409   150.832     5.17    1.93
  58305.318   152.362     4.09    1.93
  58679.164   154.085     4.61    2.00
  59052.947   155.729     4.40    1.82
  59426.665   157.287     4.17    1.49
  59800.321   158.406     2.99    1.12
  60173.912   159.398     2.66    0.94
  60547.441   160.088     1.85    0.85
  60920.905   160.868     2.09    0.91
  61294.307   161.556     1.84    0.87
  61667.645   162.389     2.23    0.94
  62040.920   163.088     1.87    0.82
  62414.131   163.773     1.84    0.84
  62787.279   164.437     1.78    0.79
  63160.364   165.135     1.87    0.87
  63533.386   165.910     2.08    0.90
  63906.344   166.590     1.82    0.95
  64279.240   167.221     1.69    0.87
  64652.072   167.728     1.36    0.94
  65024.841   168.005     0.74    0.86
  65397.548   167.960    -0.12    0.87
  65770.191   167.796    -0.44    0.91
  66142.771   167.385    -1.10    0.92
  66515.288   166.924    -1.24    0.72
  66887.743   166.568    -0.95    0.47
  67260.134   165.608    -2.58    2.25
  67632.463   163.671    -5.20    3.32
  68004.728   161.572    -5.64    3.29
  68376.931   160.548    -2.75    2.53
  68749.072   161.368     2.20    2.54
  69121.149   163.048     4.51    2.98
  69493.164   165.008     5.27    2.47
  69865.116   166.120     2.99    1.57
  70237.006   166.273     0.41    1.60
  70608.833   166.881     1.63    2.91
  70980.597   168.301     3.82    4.04
  71352.299   169.602     3.50    3.70
  71723.938   171.612     5.41    2.05
  72095.515   172.648     2.79    2.20
  72467.030   174.169     4.09    3.40
  72838.482   176.607     6.56    4.12
  73209.872   179.274     7.18    4.33
  73581.199   181.786     6.77    4.98
  73952.464   181.702    -0.23    7.77
  74323.667   182.121     1.13    9.44
  74694.808   185.599     9.37   10.63
  75065.886   188.944     9.02   10.62
  75436.902   195.340    17.24    6.00
  75807.856   198.819     9.38    2.53
  76178.748   200.812     5.37    2.87
  76549.578   202.982     5.85    2.55
  76920.345   204.940     5.28    2.07
  77291.051   206.640     4.59    2.08
  77661.695   208.053     3.81    1.87
  78032.277   208.931     2.37    1.65
  78402.797   209.972     2.81    2.31
  78773.255   209.988     0.04    6.13
  79143.651   212.389     6.48    8.87
  79513.985   216.653    11.51   10.55
  79884.257   219.697     8.22   12.03
  80254.468   223.145     9.31   12.68
  80624.617   223.780     1.72   14.34
  80994.704   227.982    11.35   14.84
  81364.730   232.498    12.20   15.28
  81734.694   239.287    18.35   13.09
  82104.596   247.417    21.98    6.83
  82474.437   251.818    11.90    5.51
  82844.216   255.845    10.89    4.29
  83213.934   259.004     8.54    3.42
  83583.590   262.248     8.77    3.49
  83953.184   265.348     8.39    4.43
  84322.718   269.445    11.09    4.98
  84692.190   272.440     8.11    4.75
  85061.600   274.599     5.84    4.04
  85430.949   274.222    -1.02    5.30
  85800.237   272.774    -3.92    5.98
  86169.464   271.799    -2.64    5.04
  86538.629   271.981     0.49    4.26
  86907.733   274.910     7.94    5.67
  87276.776   279.541    12.55    6.73
  87645.758   285.349    15.74    6.74
  88014.678   291.021    15.37    6.11
  88383.538   296.081    13.72    6.25
  88752.337   301.689    15.21    5.18
  89121.074   305.170     9.44    4.51
  89489.751   308.329     8.57    3.00
  89858.366   310.435     5.71    2.56
  90226.921   312.234     4.88    2.49
  90595.414   314.373     5.80    3.02
  90963.847   316.667     6.23    2.40
  91332.219   318.633     5.34    2.18
  91700.530   320.042     3.83    1.91
  92068.781   321.547     4.08    2.57
  92436.970   324.032     6.75    4.09
  92805.099   328.635    12.50    6.60
  93173.167   334.001    14.58    6.80
  93541.175   339.498    14.93    6.71
  93909.122   345.056    15.10    5.22
  94277.008   350.210    14.01    6.39
  94644.834   355.424    14.17    6.82
  95012.599   361.560    16.68    7.57
  95380.304   366.682    13.93    6.57
  95747.948   371.966    14.37    6.38
  96115.532   376.802    13.16    6.34
  96483.055   382.514    15.54    7.67
  96850.518   386.748    11.52    6.72
  97217.921   391.159    12.01    5.14
  97585.263   394.458     8.98    4.37
  97955.873   398.105     9.84    6.01
  98335.640   402.697    12.09    8.40
  98715.343   409.079    16.81    9.13
  99094.981   414.289    13.72    7.69
  99474.553   418.585    11.32    5.65
  99854.061   421.837     8.57    3.41
 100233.504   423.873     5.37    3.20
 100612.882   425.688     4.78    2.62
 100992.196   426.915     3.23    2.12
 101371.444   427.676     2.01    1.50
 101750.628   427.577    -0.26    1.25
 102129.747   427.030    -1.44    1.14
 102508.802   426.105    -2.44    1.33
 102887.792   424.825    -3.38    1.59
 103266.717   423.395    -3.77    1.77
 103645.578   421.748    -4.35    1.93
 104024.374   420.040    -4.51    1.79
 104403.106   418.385    -4.37    1.89
 104781.774   416.680    -4.50    1.62
 105160.376   415.301    -3.64    1.58
 105538.915   413.767    -4.05    1.48
 105917.389   412.430    -3.53    1.52
 106295.799   411.040    -3.67    1.44
 106674.145   409.848    -3.15    1.36
 107052.426   408.590    -3.33    1.28
 107430.643   407.827    -2.02    0.97
 107808.796   407.387    -1.16    0.97
 108186.885   407.448     0.16    1.61
 108564.909   408.327     2.32    2.31
 108942.870   409.317     2.62    2.69
 109320.766   410.599     3.39    2.68
 109698.599   410.988     1.03    2.85
 110076.367   410.488    -1.32    3.03
 110454.072   409.701    -2.08    2.42
 110831.712   409.023    -1.80    1.92
 111209.289   407.419    -4.25    3.23
 111586.802   407.391    -0.07    3.62
 111964.251   407.774     1.01    3.78
 112341.636   408.825     2.79    4.56
 112718.957   410.992     5.74    4.12
 113096.215   412.508     4.02    3.01
 113473.409   413.825     3.49    2.29
 113850.539   415.021     3.17    2.26
 114227.606   417.685     7.06    4.32
 114604.609   421.178     9.26    5.12
 114981.549   424.685     9.30    4.82
 115358.425   428.356     9.74    3.54
 115735.237   431.393     8.06    3.64
 116111.986   434.404     7.99    3.63
 116488.672   437.128     7.23    3.29
 116865.294   439.469     6.21    2.55
 117241.853   440.806     3.55    2.00
 117618.348   441.768     2.55    1.73
 117994.781   442.458     1.83    1.84
 118371.150   443.235     2.06    2.09
 118747.455   444.024     2.10    2.06
 119123.698   445.004     2.60    2.20
 119499.877   445.682     1.80    2.43
 119875.993   446.603     2.45    2.60
 120252.046   447.303     1.86    2.81
 120628.036   448.472     3.11    3.33
 121003.963   449.140     1.78    3.69
 121379.827   449.648     1.35    4.29
 121755.628   449.942     0.78    4.61
 122131.365   450.260     0.85    4.54
 122507.040   450.368     0.29    4.05
 122882.653   450.274    -0.25    3.59
 123258.202   450.353     0.21    3.35
 123633.688   450.577     0.60    3.21
 124009.112   450.793     0.58    3.19
 124384.473   450.443    -0.93    2.80
 124759.771   449.697    -1.99    2.46
 125135.006   448.958    -1.97    2.08
 125510.179   447.495    -3.90    2.63
 125885.289   445.735    -4.69    3.45
 126260.337   443.514    -5.92    4.02
 126635.322   441.475    -5.44    4.15
 127010.244   439.415    -5.49    4.28
 127385.104   437.340    -5.53    4.21
 127759.901   435.248    -5.58    3.63
 128134.636   433.829    -3.79    3.00
 128509.309   433.301    -1.41    2.03
 128883.919   433.194    -0.28    1.54
 129258.467   433.723     1.41    1.34
 129632.952   435.331     4.29    2.88
 130007.376   439.723    11.73    6.79
 130381.737   446.045    16.89    9.42
 130756.035   454.363    22.22   10.18
 131130.272   463.051    23.21    8.63
 131504.446   470.995    21.23    9.32
 131878.559   479.985    24.03   10.96
 132252.609   488.222    22.02   11.34
 132626.597   497.169    23.92    9.16
 133000.523   502.274    13.65    6.78
 133374.387   506.541    11.41    5.88
 133748.189   510.195     9.77    6.06
 134121.929   514.955    12.73    5.10
 134495.607   518.501     9.49    5.01
 134869.224   522.625    11.03    5.70
 135242.778   525.638     8.06    5.30
 135616.271   528.261     7.02    5.33
 135989.702   530.458     5.88    4.85
 136363.071   531.787     3.56    4.59
 136736.378   533.395     4.30    3.92
 137109.624   534.902     4.04    3.31
 137482.808   536.356     3.90    4.04
 137855.931   538.623     6.07    5.10
 138228.991   540.572     5.22    5.54
 138601.991   542.556     5.32    5.56
 138974.928   544.796     6.01    5.54
 139347.804   546.445     4.42    5.16
 139720.619   546.290    -0.42    5.13
 140093.372   545.573    -1.92    4.84
 140466.064   545.095    -1.28    5.65
 140838.695   543.524    -4.22    6.11
 141211.264   542.262    -3.39    6.25
 141583.772   540.476    -4.79    5.54
 141956.218   538.984    -4.00    4.82
 142328.603   537.348    -4.39    4.82
 142700.927   535.608    -4.67    4.43
 143073.190   533.492    -5.68    4.56
 143445.392   531.275    -5.96    4.41
 143817.532   529.488    -4.80    4.47
 144189.612   527.675    -4.87    4.86
 144561.630   526.910    -2.05    4.92
 144933.587   526.129    -2.10    4.79
 145305.483   524.992    -3.06    4.61
 145677.319   522.879    -5.68    4.80
 146049.093   521.083    -4.83    4.80
 146420.806   519.694    -3.74    3.75
 146792.459   520.133     1.18    3.43
 147164.050   521.458     3.57    3.69
 147535.581   523.832     6.39    4.08
 147907.051   527.897    10.94    5.18
 148278.460   531.962    10.94    6.31
 148649.809   537.748    15.58    6.59
 149021.096   542.560    12.96    6.16
 149392.323   548.133    15.01    5.80
 149763.490   552.845    12.70    6.10
 150134.596   558.648    15.63    6.54
 150505.641   564.368    15.41    7.21
 150876.625   570.353    16.13    7.07
 151247.549   574.648    11.58    6.09
 151618.413   577.858     8.66    4.95
 151989.216   578.754     2.42    4.83
 152359.959   578.472    -0.76    5.13
 152730.641   577.761    -1.92    5.55
 153101.263   576.301    -3.94    6.34
 153471.824   573.708    -6.99    7.11
 153842.325   569.577   -11.15    7.82
 154212.766   566.301    -8.84    8.01
 154583.147   561.819   -12.10    8.51
 154953.467   558.461    -9.07    8.35
 155323.727   554.581   -10.48    8.54
 155693.927   552.181    -6.48    8.38
 156064.067   549.352    -7.64    8.31
 156434.147   547.353    -5.40    8.39
 156804.166   545.327    -5.48    8.24
 157174.126   544.327    -2.70    8.60
 157544.026   542.802    -4.12    8.39
 157913.865   541.616    -3.21    8.37
 158283.645   539.116    -6.76    8.72
 158653.364   536.103    -8.15    9.03
 159023.024   530.645   -14.76   10.42
 159392.624   525.564   -13.75   11.06
 159762.164   518.812   -18.27   11.80
 160131.644   513.261   -15.02   11.24
 160501.065   505.607   -20.72   11.10
 160870.425   499.537   -16.43   10.17
 161239.726   492.897   -17.98    8.59
 161608.967   488.064   -13.09    7.13
 161978.149   483.821   -11.49    4.53
 162347.271   481.155    -7.22    3.48
 162716.333   478.577    -6.98    3.30
 163085.336   475.923    -7.19    3.91
 163454.279   472.183   -10.14    4.65
 163823.163   468.515    -9.94    4.58
 164191.987   464.353   -11.28    4.01
 164560.751   460.897    -9.37    3.51
 164929.457   457.866    -8.22    3.13
 165298.102   455.741    -5.76    2.70
 165666.689   453.508    -6.06    2.83
 166035.216   451.754    -4.76    2.75
 166403.684   450.378    -3.74    2.38
 166772.092   450.300    -0.21    2.85
 167140.441   451.814     4.11    4.27
 167508.731   454.339     6.86    5.54
 167876.962   458.702    11.85    7.13
 168245.134   462.144     9.35    7.37
 168613.246   466.461    11.73    7.59
 168981.299   469.248     7.57    7.42
 169349.294   471.515     6.16    7.56
 169717.229   471.985     1.28    8.08
 170085.105   472.808     2.24    8.51
 170452.922   473.105     0.81    9.39
 170820.680   474.222     3.04    9.78
 171188.380   474.708     1.32   10.01
 171556.020   475.821     3.03   10.00
 171923.601   475.864     0.12    9.77
 172291.124   476.541     1.84   10.10
 172659.196   476.515    -0.07    9.92
 173038.830   476.708     0.51    9.98
 173418.400   477.027     0.84    9.54
 173797.908   477.129     0.27    9.26
 174177.352   476.741    -1.02    8.49
 174556.733   475.825    -2.42    8.33
 174936.051   474.802    -2.70    8.66
 175315.306   473.735    -2.81    9.21
 175694.497   472.553    -3.12    9.59
 176073.626   469.695    -7.54    9.39
 176452.691   466.688    -7.93    9.29
 176831.694   463.059    -9.57    7.81
 177210.634   459.435    -9.56    6.28
 177589.510   455.955    -9.18    4.15
 177968.324   453.287    -7.04    4.63
 178347.075   450.875    -6.37    4.69
 178725.763   448.261    -6.90    4.74
 179104.389   445.843    -6.39    5.10
 179482.951   443.362    -6.55    5.32
 179861.451   440.817    -6.72    5.10
 180239.889   438.735    -5.50    4.52
 180618.263   437.040    -4.48    3.76
 180996.575   435.312    -4.57    3.02
 181374.824   433.661    -4.36    2.49
 181753.011   431.998    -4.40    1.93
 182131.135   430.629    -3.62    1.74
 182509.197   429.603    -2.71    1.40
 182887.196   429.461    -0.38    1.60
 183265.133   430.167     1.87    2.29
 183643.008   432.064     5.02    3.04
 184020.820   434.234     5.74    2.70
 184398.569   436.551     6.13    2.45
 184776.256   438.526     5.23    1.86
 185153.882   439.944     3.76    1.58
 185531.444   441.901     5.18    2.22
 185908.945   444.438     6.72    3.13
 186286.383   447.207     7.34    3.59
 186663.760   450.197     7.92    3.65
 187041.074   453.182     7.91    3.03
 187418.326   455.156     5.23    2.16
 187795.515   456.469     3.48    1.05
 188172.643   456.595     0.33    0.94
 188549.709   455.234    -3.61    2.46
 188926.713   452.234    -7.96    4.75
 189303.655   446.421   -15.42    7.86
 189680.535   439.577   -18.16    9.02
 190057.353   430.958   -22.87   10.01
 190434.110   423.123   -20.79    8.44
 190810.804   415.417   -20.45    8.92
 191187.437   408.464   -18.46    8.79
 191564.008   401.184   -19.33    9.29
 191940.517   393.870   -19.42    8.91
 192316.964   387.863   -15.95    8.42
 192693.350   381.381   -17.22    6.95
 193069.675   375.590   -15.39    8.51
 193445.937   361.643   -37.06   18.99
 193822.138   345.143   -43.85   25.75
 194198.278   331.440   -36.42   21.15
 194574.356   329.395    -5.44   17.90
 194950.372   335.572    16.43   18.14
 195326.327   346.823    29.92   10.65
 195702.221   352.656    15.51    5.20
 196078.053   355.896     8.62    3.88
 196453.824   358.432     6.75    3.83
 196829.533   361.040     6.94    3.27
 197205.182   363.185     5.71    2.72
 197580.769   364.815     4.34    2.12
 197956.294   366.286     3.92    1.36
 198331.759   367.356     2.85    1.08
 198707.162   368.287     2.48    1.15
 199082.504   369.182     2.38    1.16
 199457.786   369.932     2.00    1.07
 199833.006   370.814     2.35    0.96
 200208.165   371.368     1.48    0.85
 200583.262   371.951     1.55    0.81
 200958.299   372.395     1.18    0.82
 201333.275   372.937     1.45    1.01
 201708.190   373.275     0.90    1.24
 202083.044   373.515     0.64    1.44
 202457.838   373.330    -0.49    1.64
 202832.570   372.941    -1.04    1.74
 203207.242   372.067    -2.33    1.88
 203581.853   371.007    -2.83    1.99
 203956.403   369.803    -3.21    1.94
 204330.892   368.463    -3.58    1.85
 204705.321   367.111    -3.61    1.73
 205079.689   365.607    -4.02    1.84
 205453.996   363.808    -4.81    2.23
 205828.243   361.801    -5.36    2.57
 206202.429   359.410    -6.39    2.74
 206576.554   356.978    -6.50    2.73
 206950.619   354.353    -7.01    2.70
 207324.624   352.221    -5.70    2.53
 207698.568   349.995    -5.95    2.24
 208072.452   348.248    -4.67    2.11
 208446.275   346.287    -5.24    1.96
 208820.038   344.688    -4.28    1.88
 209193.741   342.910    -4.76    1.87
 209567.383   341.302    -4.30    1.75
 209940.965   339.658    -4.40    1.79
 210314.487   338.138    -4.07    1.68
 210687.949   336.598    -4.12    1.68
 211061.350   335.165    -3.84    1.33
 211434.691   333.988    -3.15    1.28
 211807.972   332.873    -2.99    1.04
 212181.193   331.893    -2.63    1.24
 212554.354   330.825    -2.86    1.12
 212927.455   329.787    -2.78    1.30
 213300.496   328.734    -2.82    1.19
 213673.477   327.728    -2.70    1.25
 214046.398   326.642    -2.91    1.31
 214419.259   325.640    -2.69    1.50
 214792.060   324.741    -2.41    2.04
 215164.802   325.451     1.90    3.61
 215537.483   327.248     4.82    4.55
 215910.105   328.998     4.70    4.35
 216282.667   330.222     3.28    3.66
 216655.169   329.248    -2.61    4.60
 217027.611   328.113    -3.05    5.60
 217399.994   325.707    -6.46    6.12
 217772.317   323.045    -7.15    6.87
 218144.580   318.978   -10.92    7.39
 218516.784   314.248   -12.70    7.18
 218888.928   308.915   -14.33    7.38
 219261.013   296.866   -32.37   20.49
 219633.038   279.208   -47.46   28.89
 220005.004   264.037   -40.78   26.78
 220376.910   253.788   -27.55   19.34
 220748.757   252.878    -2.45   15.43
 221120.545   261.741    23.83   17.12
 221492.273   275.221    36.25   13.91
 221863.942   285.234    26.94    9.55
 222235.551   293.478    22.18    8.85
 222607.101   297.790    11.60    5.91
 222978.592   300.355     6.90    4.14
 223350.024   304.440    11.00    5.74
 223721.396   307.488     8.21    6.76
 224092.710   310.558     8.27    6.28
 224463.964   313.840     8.84    5.66
 224835.159   318.276    11.95    8.45
 225206.295   323.056    12.88    8.81
 225577.372   326.637     9.65    6.83
 225948.390   327.876     3.34    3.88
 226319.349   326.942    -2.52    1.62
 226690.249   329.035     5.64    3.82
 227061.090   333.037    10.79    6.27
 227431.872   336.866    10.33    6.25
 227802.595   339.347     6.69    5.37
 228173.259   340.419     2.89    4.20
 228543.865   341.805     3.74    2.90
 228914.412   343.275     3.97    2.73
 229284.900   344.149     2.36    3.07
 229655.329   345.635     4.01    3.00
 230025.700   348.121     6.71    2.70
 230396.012   351.288     8.55    4.54
 230766.265   354.234     7.95    5.29
 231136.459   356.501     6.12    4.82
 231506.595   358.631     5.75    3.17
 231876.673   359.340     1.91    2.86
 232246.692   359.097    -0.66    2.09
 232616.652   359.482     1.04    1.83
 232986.554   359.782     0.81    1.55
 233356.398   360.612     2.24    1.56
 233726.183   361.442     2.25    1.59
 234095.909   362.560     3.02    1.70
 234465.578   363.536     2.64    1.50
 234835.188   364.389     2.31    1.22
 235204.739   365.140     2.03    1.15
 235574.233   365.702     1.52    1.13
 235943.668   366.194     1.33    1.10
 236313.045   366.379     0.50    1.04
 236682.363   366.125    -0.69    1.29
 237051.624   365.741    -1.04    1.30
 237420.826   365.590    -0.41    1.18
 237789.971   365.755     0.45    1.14
 238159.057   366.303     1.48    1.26
 238528.085   366.864     1.52    1.27
 238897.055   367.577     1.93    1.36
 239265.967   368.193     1.67    1.42
 239634.821   368.960     2.08    1.30
 240003.617   369.501     1.47    1.33
 240372.356   370.018     1.40    1.19
 240741.036   370.287     0.73    1.07
 241109.659   370.815     1.43    0.91
 241478.223   371.157     0.93    1.00
 241846.730   371.991     2.26    1.60
 242215.179   373.131     3.09    2.09
 242583.570   374.665     4.16    2.36
 242951.904   376.274     4.37    2.24
 243320.180   377.470     3.25    2.02
 243688.398   378.625     3.13    1.72
 244056.559   379.494     2.36    1.84
 244424.662   380.352     2.33    1.64
 244792.707   381.001     1.76    1.50
 245160.695   381.515     1.39    1.45
 245528.625   382.097     1.58    1.28
 245896.498   383.048     2.58    1.36
 246264.313   383.831     2.13    1.61
 246632.071   384.613     2.12    1.52
 246999.772   385.434     2.23    1.39
 247367.415   386.355     2.50    1.27
 247745.030   386.919     1.49    1.14
 248124.469   387.481     1.48    1.34
 248503.847   388.101     1.64    1.10
 248883.163   388.551     1.18    1.15
 249262.418   389.140     1.55    0.93
 249641.611   389.330     0.50    1.06
 250020.742   390.368     2.74    2.02
 250399.813   391.434     2.81    2.41
 250778.822   392.379     2.50    2.54
 251157.769   393.487     2.92    1.82
 251536.656   394.524     2.74    2.46
 251915.481   396.059     4.05    3.78
 252294.244   397.722     4.39    3.96
 252672.947   401.086     8.88    5.66
 253051.588   405.140    10.70    7.35
 253430.168   411.011    15.51    8.38
 253808.687   417.302    16.62    7.31
 254187.145   423.590    16.61    6.09
 254565.542   428.882    13.98    6.60
 254943.878   433.808    13.02    6.86
 255322.152   438.501    12.40    6.24
 255700.366   442.795    11.35    5.51
 256078.519   447.178    11.59    4.16
 256456.611   449.941     7.31    3.75
 256834.642   453.599     9.67    3.97
 257212.612   456.802     8.47    4.36
 257590.521   461.248    11.76    4.93
 257968.370   465.344    10.84    4.77
 258346.157   469.810    11.82    4.90
 258723.884   473.316     9.28    4.64
 259101.550   477.661    11.50    6.01
 259479.156   481.662    10.59    5.62
 259856.701   484.635     7.87    5.78
 260234.185   487.805     8.40    4.65
 260611.609   490.383     6.83    4.57
 260988.972   493.796     9.04    5.46
 261366.274   497.815    10.65    6.05
 261743.516   502.140    11.46    5.18
 262120.698   504.856     7.20    4.82
 262497.819   506.835     5.25    4.18
 262874.879   508.782     5.16    3.70
 263251.880   511.682     7.69    4.54
 263628.820   514.755     8.15    3.79
 264005.699   517.156     6.37    3.20
 264382.519   519.581     6.44    2.84
 264759.278   521.168     4.21    2.95
 265135.976   522.928     4.67    2.98
 265512.615   525.116     5.81    3.09
 265889.193   527.262     5.70    2.84
 266265.711   529.235     5.24    2.66
 266642.170   531.315     5.53    2.40
 267018.568   532.788     3.91    2.55
 267394.905   534.412     4.31    2.85
 267771.183   535.919     4.00    2.96
 268147.401   538.021     5.59    3.69
 268523.559   539.522     3.99    3.53
 268899.657   538.795    -1.93    4.64
 269275.695   537.262    -4.07    5.29
 269651.673   535.701    -4.15    4.29
 270027.591   534.895    -2.14    2.81
 270403.450   536.768     4.98    3.03
 270779.248   539.476     7.21    3.07
 271154.987   542.329     7.59    3.39
 271530.666   545.678     8.91    4.11
 271906.286   549.221     9.43    5.07
 272281.846   553.440    11.23    5.60
 272657.346   556.302     7.62    5.17
 273032.786   561.528    13.92    8.18
 273408.167   566.408    13.00   10.20
 273783.488   573.086    17.79   10.61
 274158.750   579.344    16.67    8.58
 274533.952   580.029     1.83    9.26
 274909.095   572.692   -19.55   15.80
 275284.178   558.910   -36.74   21.34
 275659.202   541.469   -46.50   16.87
 276034.166   527.340   -37.67   15.59
 276409.071   514.219   -34.99   12.28
 276783.917   502.008   -32.57   13.48
 277158.703   490.389   -30.99   13.03
 277533.430   480.008   -27.70   12.45
 277908.098   468.761   -30.01   11.06
 278282.707   460.393   -22.33   10.67
 278657.256   451.383   -24.05    9.93
 279031.746   445.035   -16.95    9.30
 279406.178   437.005   -21.44   10.80
 279780.550   427.924   -24.25   10.76
 280154.863   419.275   -23.10   11.44
 280529.116   412.126   -19.10   11.17
 280903.311   405.077   -18.83   10.45
 281277.447   399.152   -15.83    9.51
 281651.524   392.781   -17.03   10.06
 282025.542   387.686   -13.62    8.40
 282399.501   383.701   -10.65    6.91
 282773.401   379.825   -10.36    5.41
 283147.242   377.835    -5.32    5.10
 283521.025   374.896    -7.86    4.54
 283894.748   372.021    -7.69    4.91
 284268.413   369.162    -7.65    4.51
 284642.019   366.448    -7.26    5.01
 285015.567   363.924    -6.76    5.02
 285389.056   361.461    -6.59    4.17
 285762.486   359.845    -4.33    4.10
 286135.857   359.221    -1.67    4.20
 286509.170   358.086    -3.04    4.09
 286882.424   356.883    -3.22    4.22
 287255.620   354.387    -6.69    4.66
 287628.757   352.234    -5.77    4.64
 288001.836   349.937    -6.16    4.62
 288374.856   349.494    -1.19    5.36
 288747.818   350.494     2.68    6.88
 289120.722   352.262     4.74    7.26
 289493.567   354.399     5.73    6.54
 289866.353   354.544     0.39    6.93
 290239.082   351.673    -7.70    8.39
 290611.752   348.048    -9.72    7.99
 290984.364   345.515    -6.80    6.30
 291356.917   344.857    -1.77    4.53
 291729.413   342.275    -6.93    4.42
 292101.850   338.320   -10.61    6.41
 292474.229   333.688   -12.44    7.24
 292846.550   329.116   -12.28    5.24
 293218.813   326.595    -6.77    3.60
 293591.018   325.469    -3.02    3.25
 293963.164   324.113    -3.64    3.56
 294335.253   323.639    -1.27    4.21
 294707.284   322.167    -3.96    4.71
 295079.256   319.817    -6.31    3.68
 295451.171   319.032    -2.11    3.43
 295823.028   317.928    -2.97    3.40
 296194.827   317.167    -2.05    3.39
 296566.569   315.803    -3.67    3.23
 296938.252   314.355    -3.90    3.06
 297309.878   312.919    -3.86    2.69
 297681.445   311.955    -2.60    2.06
 298052.955   311.234    -1.94    0.91
 298424.408   311.851     1.66    1.53
 298795.803   313.234     3.72    2.51
 299167.140   314.275     2.80    2.34
 299538.419   315.302     2.76    1.85
 299909.641   315.864     1.51    1.57
 300280.805   315.951     0.23    1.45
 300651.912   316.815     2.33    2.47
 301022.961   316.848     0.09    2.43
 301393.953   316.288    -1.51    2.31
 301764.887   315.275    -2.73    1.47
 302135.764   314.581    -1.87    2.21
 302506.583   313.221    -3.67    3.11
 302877.345   311.442    -4.80    3.22
 303248.050   309.448    -5.38    2.40
 303618.697   307.915    -4.14    1.94
 303989.287   307.207    -1.91    2.53
 304359.820   305.915    -3.49    3.23
 304730.296   304.383    -4.13    3.08
 305100.714   303.051    -3.60    3.63
 305471.075   300.599    -6.62    3.92
 305841.379   298.276    -6.27    3.55
 306211.626   297.262    -2.74    4.07
 306581.816   296.012    -3.38    5.40
 306951.948   294.018    -5.38    6.40
 307322.024   291.790    -6.02    6.12
 307692.042   287.653   -11.18    5.99
 308062.004   284.595    -8.26    7.07
 308431.908   280.180   -11.93    7.73
 308801.756   275.501   -12.65    7.69
 309171.547   269.355   -16.62    8.97
 309541.281   263.924   -14.68    8.77
 309910.957   259.408   -12.21    7.54
 310280.578   255.276   -11.17    6.45
 310650.141   249.728   -15.01   10.65
 311019.647   245.741   -10.79   11.99
 311389.097   240.835   -13.28   13.98
 311758.490   227.748   -35.42   25.30
 312127.826   205.688   -59.71   36.10
 312497.106   182.854   -61.82   31.95
 312866.329   166.928   -43.12   16.64
 313235.495   160.783   -16.64    8.27
 313604.605   159.207    -4.27    7.17
 313973.658   166.797    20.56   20.03
 314342.655   188.167    57.90   34.44
 314711.595   211.670    63.69   33.80
 315080.479   229.275    47.71   21.12
 315449.306   239.318    27.22    4.31
 315818.077   239.707     1.05    2.13
 316186.791   240.347     1.73    1.96
 316555.449   241.829     4.02    2.42
 316924.050   243.361     4.15    2.52
 317292.596   244.248     2.41    1.95
 317661.085   244.445     0.53    1.45
 318029.517   244.775     0.90    1.37
 318397.894   245.234     1.25    1.95
 318766.214   246.843     4.37    3.52
 319134.478   248.093     3.39    3.66
 319502.686   249.397     3.54    3.45
 319870.837   249.938     1.47    2.56
 320238.933   250.991     2.86    2.21
 320606.972   251.769     2.11    2.57
 320974.956   251.788     0.05    2.58
 321342.883   251.205    -1.59    2.88
 321710.754   249.721    -4.03    2.64
 322078.570   248.276    -3.93    1.35
 322453.783   247.604    -1.79    1.13
 322833.094   246.892    -1.88    1.52
 323212.344   245.960    -2.46    1.76
 323591.535   245.138    -2.17    1.32
 323970.666   245.042    -0.25    1.13
 324349.737   245.371     0.87    1.22
 324728.748   246.002     1.66    0.98
 325107.700   246.621     1.63    1.14
 325486.592   247.116     1.30    1.16
 325865.424   247.924     2.13    1.42
 326244.196   249.065     3.01    1.76
 326622.908   250.741     4.42    2.85
 327001.561   254.040     8.71    4.86
 327380.155   258.470    11.70    7.93
 327758.688   264.761    16.62    9.58
 328137.163   268.595    10.13    8.07
 328515.577   272.870    11.29    7.05
 328893.932   277.748    12.89    7.02
 329272.228   283.968    16.44    8.83
 329650.464   292.233    21.85   12.26
 330028.641   306.032    36.48   18.81
 330406.759   324.498    48.82   22.09
 330784.817   344.193    52.08   24.23
 331162.815   366.678    59.47   23.14
 331540.755   385.401    49.52   22.04
 331918.635   401.864    43.56   16.36
 332296.456   406.817    13.11   11.32
 332674.218   408.371     4.11   11.32
