# NaN NaN NaN ;Mean Elev.(m), Avg Gradient(m/km), RMS Gradient(m/km) - SRTM1     
#    7.002  -1.288  11.822 ;Mean Elev.(m), Avg Gradient(m/km), RMS Gradient(m/km) - ASTER GDEM
#   15.347   0.097  17.625 ;Mean Elev.(m), Avg Gradient(m/km), RMS Gradient(m/km) - GMTED2010 
  7 227.847329  67.341369    12.583    12.564  5 52475.84212138 27.895
  8 227.849810  67.342697    76.171    75.967  4 52510.84207532 19.143
  9 227.870801  67.344748     9.350     9.041  6 52545.84209159 33.306
 11 227.829478  67.336001    74.471    74.520  6 52615.84208868 19.958
 12 227.864369  67.342199    75.839    75.833  6 52650.84206401 15.919
 13 227.843298  67.338590    75.277    75.314  7 52685.84205399 14.426
 14 227.849506  67.338680    76.351    75.560  7 52720.84210410  9.256
 16 227.873494  67.344413    84.181    85.136  6 52790.84207513 17.261
 17 227.869636  67.343717    76.377    76.425  6 52825.84214478 16.437
 18 227.869644  67.343435    76.084    76.126  6 52860.84219054 20.814
 19 227.849812  67.344382    77.407    77.428  3 52895.84222139 20.254
 20 227.825578  67.335404    74.241    74.304  6 52930.84217202 22.607
 21 227.871530  67.343863    78.938    75.914  5 52965.84216417 14.054
 22 227.837392  67.336634    76.360    75.919  6 53000.84219814 10.816
 23 227.828254  67.335632    80.861    81.573  6 53035.84214771  7.824
 24 227.849416  67.338454    84.956    85.786  7 53070.84216740  5.769
 25 227.821456  67.334255    77.402    76.826  6 53105.84214945  4.822
 27 227.852887  67.339887    67.595    76.551  7 53175.84220508 15.726
 28 227.843100  67.337242    74.994    75.059  6 53210.84222451 13.801
 29 227.838806  67.335156     6.838     6.975  4 53245.84219311 34.004
 30 227.864987  67.341657    75.146    75.134  6 53280.84217549 20.081
 31 227.854765  67.339658    74.630    74.649  7 53315.84218983 17.921
 32 227.844934  67.337382    77.699    75.189  7 53350.84215622 12.968
 33 227.868276  67.343700    86.472    87.755  6 53385.84213744  9.010
 34 227.857517  67.340322    78.267    75.450  7 53420.84214231 10.149
 35 227.876552  67.344676    76.884    76.725  6 53455.84214654  7.281
 37 227.856227  67.341261    12.764    12.830  5 53525.84221610 24.956
 39 227.844541  67.339723     9.313     9.732  5 53595.84218345 33.890
 40 227.866935  67.342435    75.698    75.812  6 53630.84217622 13.971
 41 227.845445  67.337590     8.548     8.377  7 53665.84220093 44.834
 43 227.832380  67.336801    74.667    74.668  6 53735.84207553 10.882
 44 227.862650  67.340986    79.434    76.052  6 53770.84206492  7.676
 45 227.840214  67.338137    76.005    76.134  6 53805.84205823  9.244
 47 227.854347  67.337211    20.799    20.862  5 53875.84212524 48.329
 48 227.851837  67.342235    13.504    13.471  4 53910.84217239 36.008
 49 227.832852  67.335345    10.767    10.858  4 53945.84219315 17.274
 50 227.835648  67.338491    20.546     9.390  6 53980.84213854 23.338
 51 227.876299  67.346821    13.255    14.226  5 54015.84215631 41.277
 53 227.841938  67.337179    74.536    74.638  7 54085.84215191 18.264
 54 227.820825  67.334389    73.891    73.977  5 54120.84207908 15.923
 55 227.846875  67.337371    75.526    75.110  7 54155.84211029 12.770
 56 227.829835  67.336250    75.262    75.186  6 54190.84207599 11.632
 57 227.851785  67.338405    75.214    75.114  7 54225.84212105  8.380
 58 227.852307  67.339837    80.566    80.607  7 54260.84214079 13.936
 59 227.849756  67.339090    13.666    13.706  7 54295.84214526 44.949
 60 227.842545  67.337417    75.301    75.529  6 54330.84213783 17.602
 61 227.830716  67.336791    79.814    80.028  6 54365.84208203 14.152
 62 227.851260  67.339887    74.502    74.465  7 54400.84207907 24.195
 63 227.835957  67.337635    74.887    74.930  6 54435.84203727 13.270
 64 227.863490  67.342112    82.641    82.930  7 54470.84206236 11.167
 65 227.834925  67.337450    78.219    75.501  5 54505.84205050 10.750
 66 227.850973  67.339786    80.904    83.323  7 54540.84207798 10.055
 67 227.831742  67.335563    75.244    75.043  4 54575.84205216 11.572
 69 227.848647  67.339462    75.045    75.082  7 54645.84207745 15.823
 70 227.850822  67.343076    77.020    77.000  4 54680.84207785 15.205
 71 227.832565  67.337115    54.914    52.498  6 54715.84202927 15.326
 72 227.854757  67.339298    74.933    74.948  7 54750.84204955 19.556
 73 227.838131  67.337257    74.178    74.150  6 54785.84201846 17.895
 74 227.857462  67.340163    79.422    80.217  6 54820.84204254 11.268
 75 227.840185  67.337677     8.782     8.795  6 54855.84201452 17.499
 76 227.841038  67.335629    40.876    34.000  5 54890.84204777 13.580
 77 227.833809  67.341590     8.035     8.026  3 54925.84201277 14.966
 78 227.855100  67.340996    77.656    76.446  6 54960.84204446 18.377
 79 227.845618  67.338941    44.289    43.094  7 54995.84206673 16.868
 81 227.843239  67.338086     9.378     9.773  7 55065.84204676 44.188
 84 227.838187  67.338735    74.994    74.976  6 55170.84195531 19.828
 85 227.855836  67.340383    75.211    75.210  6 55205.84198503 18.740
 86 227.832215  67.336690    74.698    74.729  6 55240.84196186 16.515
 87 227.842960  67.338174    75.241    75.272  7 55275.84197977 14.225
 88 227.833404  67.336785    76.512    75.453  6 55310.84194578 21.829
 89 227.840436  67.332156    87.140    87.140  2 55345.84194991 10.414
 90 227.840560  67.337327    50.014    50.734  7 55380.84194195 18.592
 91 227.858638  67.340815    75.574    75.611  7 55415.84196730 15.118
 92 227.839210  67.336885    14.162    13.658  6 55450.84195332 40.761
 93 227.827470  67.335543    74.311    74.487  6 55485.84187826 18.807
