-118511.734   203.571     0.00    6.28
-118133.311   208.992    14.32    7.32
-117754.975   215.241    16.52    8.75
-117376.727   220.979    15.17    7.37
-116998.565   224.604     9.59    4.20
-116620.491   224.843     0.63    4.54
-116242.504   221.359    -9.22    7.37
-115864.604   217.113   -11.24    8.98
-115486.791   214.575    -6.72    9.63
-115109.065   214.023    -1.46   10.26
-114731.426   211.546    -6.56   10.45
-114353.873   204.653   -18.26   18.12
-113976.407   187.208   -46.22   29.99
-113599.028   162.792   -64.70   35.46
-113221.735   137.623   -66.71   27.98
-112844.529   123.928   -36.31   13.97
-112467.410   117.653   -16.64    0.00
-112090.377   117.653     0.00    0.00
-111713.430   117.653     0.00    0.00
-111336.570   120.818     8.40    9.16
-110959.795   129.049    21.85   15.33
-110583.107   145.831    44.56   23.38
-110206.505   164.592    49.82   22.12
-109829.990   179.284    39.02   16.28
-109453.560   187.362    21.46   12.25
-109077.216   190.080     7.22   11.43
-108700.958   192.277     5.84    9.95
-108324.786   192.114    -0.43    9.70
-107948.700   192.875     2.02   11.11
-107572.699   199.237    16.92   16.05
-107196.784   206.267    18.70   17.03
-106820.955   216.433    27.05   13.01
-106445.211   220.663    11.26   11.40
-106069.553   223.037     6.32    9.73
-105693.980   226.810    10.05   10.14
-105318.493   232.976    16.42   11.72
-104943.090   236.527     9.46    9.87
-104567.774   236.674     0.39    9.58
-104192.542   230.741   -15.81   14.40
-103817.396   218.972   -31.37   15.87
-103442.334   208.477   -27.99   15.52
-103067.358   199.845   -23.02   14.13
-102692.466   187.908   -31.84   15.88
-102317.660   175.906   -32.03   16.78
-101942.938   164.613   -30.14   15.13
-101568.302   159.465   -13.74    9.16
-101193.750   161.983     6.72   10.01
-100819.282   166.987    13.36   10.82
-100444.900   172.143    13.77   12.53
-100070.601   179.467    19.57   16.81
 -99696.388   192.406    34.58   23.07
 -99322.259   214.918    60.18   32.52
 -98948.214   241.903    72.15   32.76
 -98574.254   266.039    64.55   25.73
 -98200.378   283.313    46.20   20.56
 -97826.586   292.663    25.02   16.44
 -97452.878   296.653    10.68   12.79
 -97079.255   295.398    -3.36   11.79
 -96705.715   292.477    -7.82   10.06
 -96332.260   289.873    -6.97    6.74
 -95958.889   288.722    -3.08    4.96
 -95585.601   286.542    -5.84    5.45
 -95212.397   282.232   -11.55    9.76
 -94839.278   276.010   -16.67   12.41
 -94466.241   267.614   -22.51   15.38
 -94093.289   259.008   -23.08   16.67
 -93720.420   252.653   -17.04   15.83
 -93347.635   246.051   -17.71   14.65
 -92974.933   239.742   -16.93   15.27
 -92602.315   230.534   -24.71   17.62
 -92229.780   216.277   -38.27   20.14
 -91857.329   202.683   -36.50   17.24
 -91484.960   189.643   -35.02   13.41
 -91112.676   180.584   -24.34   12.45
 -90740.474   170.622   -26.77   11.48
 -90368.355   161.604   -24.24   10.84
 -89996.320   154.137   -20.07   10.34
 -89624.367   144.036   -27.16   13.10
 -89252.497   137.594   -17.32   10.88
 -88880.711   134.752    -7.64    8.92
 -88509.007   133.604    -3.09    7.75
 -88137.386   137.257     9.83    7.60
 -87765.848   143.094    15.71    9.11
 -87394.392   150.370    19.59   11.16
 -87023.019   157.408    18.95   14.36
 -86651.729   163.392    16.12   16.36
 -86280.521   171.702    22.39   19.91
 -85909.396   181.633    26.76   23.89
 -85538.353   190.928    25.05   25.75
 -85167.392   200.963    27.05   24.53
 -84796.514   209.911    24.13   21.92
 -84425.718   214.267    11.75   19.06
 -84055.004   215.443     3.17   17.81
 -83684.373   216.143     1.89   15.46
 -83313.823   215.868    -0.74   14.23
 -82943.356   217.741     5.06   14.16
 -82572.970   224.945    19.45   18.56
 -82202.667   231.453    17.58   19.87
 -81832.445   235.283    10.35   20.38
 -81462.305   235.913     1.70   19.02
 -81092.247   236.993     2.92   15.65
 -80722.271   236.562    -1.16   12.11
 -80352.376   238.386     4.93    9.82
 -79982.563   236.567    -4.92   10.22
 -79612.831   230.398   -16.69   13.87
 -79243.181   220.990   -25.45   14.50
 -78873.613   211.138   -26.66   11.18
 -78504.126   203.806   -19.84    8.54
 -78134.720   197.483   -17.12    8.53
 -77765.395   194.027    -9.36   10.48
 -77396.152   194.664     1.72   17.14
 -77026.990   197.303     7.15   22.21
 -76657.909   203.051    15.57   25.39
 -76288.909   206.039     8.10   24.20
 -75919.990   201.189   -13.15   21.79
 -75551.152   189.723   -31.09   22.13
 -75182.395   176.057   -37.06   22.82
 -74813.719   158.277   -48.23   18.37
 -74445.124   147.993   -27.90   12.04
 -74076.610   144.993    -8.14    9.63
 -73708.176   154.841    26.73   18.99
 -73339.823   173.997    52.01   25.30
 -72971.550   194.898    56.76   27.06
 -72603.358   209.735    40.30   19.36
 -72235.247   214.901    14.03   15.84
 -71867.216   209.693   -14.15   18.31
 -71499.265   202.776   -18.80   17.93
 -71131.395   196.733   -16.43   16.14
 -70763.605   192.507   -11.49   15.06
 -70395.895   188.020   -12.21   14.81
 -70028.266   181.434   -17.91   15.63
 -69660.716   170.317   -30.25   17.39
 -69293.247   163.463   -18.65   18.22
 -68925.858   159.825    -9.90   21.32
 -68558.548   156.863    -8.06   26.02
 -68191.319   154.892    -5.37   29.30
 -67824.169   151.624    -8.90   29.18
 -67457.100   147.837   -10.32   27.26
 -67090.110   141.562   -17.10   22.56
 -66723.200   139.227    -6.36   17.83
 -66356.369   141.073     5.03   17.10
 -65989.618   145.208    11.27   16.67
 -65622.947   151.570    17.35   14.18
 -65256.355   157.104    15.10   13.02
 -64889.843   158.079     2.66   14.41
 -64523.410   159.724     4.49   16.57
 -64157.056   155.633   -11.17   19.39
 -63790.782   146.123   -25.96   19.06
 -63424.587   137.085   -24.68   13.60
 -63058.471   129.664   -20.27    4.65
 -62692.435   127.921    -4.76    1.38
 -62326.477   127.653    -0.73    0.00
 -61960.599   127.653     0.00    0.00
 -61594.800   128.865     3.31    3.89
 -61229.079   135.550    18.28   12.36
 -60863.438   144.997    25.84   16.65
 -60497.875   159.653    40.09   19.07
 -60132.391   171.536    32.51   15.50
 -59766.986   176.168    12.68   12.27
 -59401.659   176.007    -0.44   11.46
 -59036.412   170.013   -16.41   14.80
 -58671.242   162.083   -21.72   13.31
 -58306.152   159.613    -6.77   12.18
 -57941.140   161.874     6.19   14.62
 -57563.276   169.063    19.03   14.39
 -57181.839   176.555    19.64   11.02
 -56800.489   181.633    13.32    9.60
 -56419.226   184.580     7.73    7.13
 -56038.050   182.723    -4.87    8.38
 -55656.962   176.218   -17.07   10.60
 -55275.960   169.293   -18.18   10.50
 -54895.045   162.664   -17.41    8.21
 -54514.217   160.928    -4.56    6.94
 -54133.476   162.197     3.33    6.38
 -53752.821   165.133     7.71    6.50
 -53372.253   167.955     7.42    6.10
 -52991.772   169.634     4.41    5.97
 -52611.377   171.599     5.17    4.30
 -52231.069   172.193     1.56    2.89
 -51850.847   171.851    -0.90    1.91
 -51470.712   170.183    -4.39    2.24
 -51090.663   168.501    -4.42    3.24
 -50710.700   166.393    -5.55    3.91
 -50330.823   162.372   -10.59    6.86
 -49951.033   152.762   -25.30   16.37
 -49571.329   138.371   -37.90   19.67
 -49191.710   126.463   -31.37   16.39
 -48812.178   117.632   -23.27    6.28
 -48432.732   115.653    -5.22    0.00
 -48053.371   115.653     0.00    0.00
 -47674.096   115.653     0.00    0.00
 -47294.907   115.653     0.00    0.00
 -46915.804   115.653     0.00    0.00
 -46536.786   115.653     0.00    0.00
 -46157.854   115.653     0.00    0.00
 -45779.008   115.653     0.00    0.00
 -45400.247   115.653     0.00    0.00
 -45021.571   115.653     0.00    0.00
 -44642.981   115.653     0.00    0.00
 -44264.476   115.653     0.00    0.00
 -43886.056   115.653     0.00    0.00
 -43507.721   115.653     0.00    0.00
 -43129.472   115.653     0.00    0.00
 -42751.307   115.653     0.00    0.00
 -42373.228   115.653     0.00    0.00
 -41995.233   115.653     0.00    0.00
 -41617.324   115.653     0.00    0.00
 -41239.499   115.653     0.00    0.00
 -40861.759   115.653     0.00    0.00
 -40484.104   115.653     0.00    0.00
 -40106.533   115.653     0.00    0.00
 -39729.047   115.653     0.00    0.00
 -39351.646   115.653     0.00    0.00
 -38974.329   115.653     0.00    0.00
 -38597.096   115.653     0.00    0.00
 -38219.948   115.653     0.00    0.00
 -37842.885   115.653     0.00    0.00
 -37465.905   115.653     0.00    0.00
 -37089.010   115.653     0.00    0.00
 -36712.199   116.368     1.90    2.08
 -36335.472   117.305     2.49    2.96
 -35958.829   118.772     3.89    3.53
 -35582.270   119.823     2.79    3.42
 -35205.795   120.396     1.52    2.94
 -34829.404   120.880     1.29    2.39
 -34453.097   120.704    -0.47    2.11
 -34076.874   119.292    -3.75    2.87
 -33700.734   117.813    -3.93    3.25
 -33324.678   116.330    -3.94    2.79
 -32948.706   114.865    -3.90    0.88
 -32572.817   114.663    -0.54    0.10
 -32197.011   114.653    -0.03    0.00
 -31821.289   114.653     0.00    0.00
 -31445.651   114.653     0.00    0.00
 -31070.096   114.653     0.00    0.00
 -30694.624   114.653     0.00    0.00
 -30319.235   114.653     0.00    0.00
 -29943.930   114.653     0.00    0.00
 -29568.708   114.653     0.00    0.00
 -29193.568   114.653     0.00    0.00
 -28818.512   114.793     0.37    0.98
 -28443.539   115.523     1.95    2.27
 -28068.648   117.010     3.97    3.17
 -27693.841   119.169     5.76    4.02
 -27319.116   121.088     5.12    4.81
 -26944.474   122.519     3.82    5.16
 -26569.915   122.255    -0.70    5.32
 -26195.438   121.122    -3.03    4.71
 -25821.044   120.118    -2.68    3.67
 -25446.732   119.963    -0.41    3.58
 -25072.503   121.143     3.15    4.07
 -24698.357   123.306     5.78    4.71
 -24324.292   126.694     9.06    5.32
 -23950.310   130.776    10.91    5.92
 -23576.411   137.190    17.16    9.66
 -23202.593   146.453    24.78   14.47
 -22828.858   158.251    31.57   18.20
 -22455.204   174.743    44.14   25.73
 -22081.633   195.933    56.72   33.94
 -21708.144   217.443    57.59   32.10
 -21334.737   227.466    26.84   24.18
 -20961.411   216.987   -28.07   30.44
 -20588.168   194.653   -59.84   36.04
 -20215.006   165.350   -78.53   33.77
 -19841.926   141.424   -64.13   26.60
 -19468.927   121.674   -52.95   19.63
 -19096.010   108.878   -34.31   15.84
 -18723.175    98.385   -28.14   12.58
 -18350.421    90.755   -20.47   10.59
 -17977.749    83.443   -19.62    7.32
 -17605.158    78.510   -13.24    6.71
 -17232.649    74.260   -11.41    5.80
 -16860.221    70.473   -10.17    5.82
 -16487.874    67.409    -8.23    5.24
 -16115.608    64.774    -7.08    4.91
 -15743.423    62.580    -5.90    5.13
 -15371.320    57.987   -12.35    7.20
 -14999.297    53.763   -11.35    7.47
 -14627.356    49.780   -10.71    5.29
 -14255.495    49.306    -1.27    4.85
 -13883.716    52.816     9.44    7.48
 -13512.017    57.360    12.22    8.00
 -13140.399    62.653    14.24    6.23
 -12768.861    64.970     6.23    4.20
 -12397.405    65.295     0.87    3.82
 -12026.029    65.562     0.72    3.22
 -11654.733    65.487    -0.20    3.23
 -11283.518    64.043    -3.89    4.52
 -10912.384    63.497    -1.47    4.84
 -10541.330    64.365     2.34    4.92
 -10170.356    65.510     3.09    4.67
  -9799.463    67.531     5.45    3.43
  -9428.650    68.939     3.80    1.35
  -9057.917    69.306     0.99    0.97
  -8687.264    69.153    -0.41    0.74
  -8316.691    68.951    -0.55    0.65
  -7946.199    68.592    -0.97    0.74
  -7575.786    68.270    -0.87    0.72
  -7205.453    68.010    -0.70    0.58
  -6835.201    68.132     0.33    0.70
  -6465.028    68.541     1.10    0.95
  -6094.935    69.061     1.41    1.16
  -5724.921    69.716     1.77    1.12
  -5354.988    70.063     0.94    1.17
  -4985.134    70.447     1.04    1.04
  -4615.359    70.310    -0.37    1.05
  -4245.665    70.023    -0.78    1.00
  -3876.049    69.703    -0.86    0.98
  -3506.513    69.622    -0.22    1.02
  -3137.057    69.765     0.39    1.54
  -2767.680    69.827     0.17    2.08
  -2398.382    69.278    -1.49    4.24
  -2029.163    64.041   -14.18   17.29
  -1660.024    53.132   -29.55   28.05
  -1290.963    39.184   -37.79   33.21
   -921.982    26.079   -35.52   33.04
   -553.080    14.806   -30.56   29.39
   -184.257     4.028   -29.22   20.76
    184.488    -2.632   -18.06    8.63
    553.153    -4.347    -4.65    0.00
    921.739    -4.347     0.00    0.00
   1290.247    -4.347     0.00    0.00
   1658.676    -4.347     0.00    0.00
   2027.026    -4.226     0.33    0.61
   2395.298    -3.608     1.68    2.55
   2763.491     5.333    24.28   19.05
   3131.606    12.180    18.60   22.45
   3499.642    23.806    31.59   25.01
   3867.599    35.632    32.14   24.18
   4235.479    49.279    37.10   18.11
   4603.280    58.429    24.88    9.33
   4971.002    59.836     3.83    8.92
   5338.646    54.592   -14.26   16.40
   5706.213    49.262   -14.50   18.00
   6073.701    46.990    -6.18   16.96
   6441.111    48.001     2.75   16.61
   6808.442    50.908     7.92   15.42
   7175.696    56.385    14.91   12.52
   7542.872    61.997    15.28    7.93
   7909.970    64.704     7.37    4.14
   8276.991    66.073     3.73    2.04
   8643.933    67.263     3.24    1.99
   9010.798    68.816     4.23    1.69
   9377.585    70.449     4.45    2.42
   9744.294    73.201     7.50    4.47
  10110.926    77.000    10.36    5.55
  10477.480    80.316     9.05    5.01
  10843.956    83.642     9.08    2.36
  11210.355    84.571     2.53    1.04
  11576.677    84.458    -0.31    0.77
  11942.922    83.865    -1.62    1.92
  12309.089    82.395    -4.01    3.80
  12675.179    80.035    -6.45    5.93
  13041.191    74.839   -14.20   12.52
  13407.127    65.747   -24.85   18.02
  13772.985    59.067   -18.26   17.12
  14138.766    57.104    -5.37   16.30
  14504.471    63.214    16.71   18.54
  14870.098    74.568    31.05   15.44
  15235.648    82.488    21.67    6.63
  15601.122    82.694     0.56    4.54
  15966.518    80.990    -4.66    5.17
  16331.838    81.031     0.11    4.55
  16697.081    82.360     3.64    3.07
  17070.254    83.716     3.64    1.87
  17451.522    85.192     3.87    2.44
  17832.705    87.245     5.39    3.66
  18213.803    89.599     6.18    3.27
  18594.817    91.133     4.03    2.48
  18975.745    91.280     0.39    2.82
  19356.589    91.388     0.28    4.25
  19737.349    91.110    -0.73    6.25
  20118.024    90.888    -0.58    8.19
  20498.614    91.249     0.95    8.90
  20879.119    91.776     1.38    8.18
  21259.541    93.481     4.48    6.43
  21639.878    94.990     3.97    4.88
  22020.130    96.675     4.43    3.49
  22400.298    97.921     3.28    2.43
  22780.382    98.483     1.48    2.11
  23160.382    97.163    -3.47    3.67
  23540.298    95.939    -3.22    3.88
  23920.130    94.426    -3.98    3.66
  24299.878    93.143    -3.38    2.50
  24679.541    92.993    -0.39    1.46
  25059.121    93.270     0.73    1.01
  25438.617    93.470     0.53    0.92
  25818.030    93.565     0.25    1.04
  26197.358    93.519    -0.12    0.97
  26576.603    93.417    -0.27    0.89
  26955.764    93.220    -0.52    0.78
  27334.842    91.100    -5.59    5.05
  27713.836    86.225   -12.86    9.39
  28092.747    80.023   -16.37   11.00
  28471.574    73.963   -16.00    9.23
  28850.318    69.939   -10.62    5.30
  29228.979    68.849    -2.88    2.61
  29607.557    69.718     2.30    2.17
  29986.051    72.000     6.03    4.12
  30364.462    75.364     8.89    5.84
  30742.790    78.962     9.51    5.82
  31121.035    81.464     6.62    4.60
  31499.198    81.926     1.22    3.71
  31877.277    81.175    -1.99    2.56
  32255.273    81.754     1.53    3.44
  32633.187    83.420     4.41    4.88
  33011.017    85.611     5.80    6.51
  33388.766    88.752     8.31    8.52
  33766.431    91.112     6.25    9.22
  34144.014    93.610     6.61   10.16
  34521.514    95.408     4.76   10.19
  34898.932    95.740     0.88   12.24
  35276.268    96.653     2.42   12.90
  35653.521    98.169     4.02   13.28
  36030.691   100.057     5.01   13.46
  36407.780   102.372     6.14   12.94
  36784.786   104.411     5.41   12.24
  37161.710   106.859     6.50   11.23
  37538.552   106.735    -0.33   10.53
  37915.312   108.337     4.25    9.21
  38291.990   109.107     2.04    8.93
  38668.586   111.095     5.28    6.31
  39045.100   113.973     7.64    2.45
  39421.532   113.949    -0.06    2.35
  39797.882   114.132     0.49    1.85
  40174.151   114.362     0.61    1.20
  40550.338   114.561     0.53    0.63
  40926.443   114.778     0.58    0.44
  41302.467   115.355     1.53    1.12
  41678.409   116.261     2.41    1.62
  42054.270   117.590     3.53    2.00
  42430.049   119.368     4.73    2.69
  42805.747   121.488     5.64    3.40
  43181.364   122.822     3.55    3.61
  43556.899   124.285     3.90    4.35
  43932.353   125.265     2.61    4.44
  44307.726   125.487     0.59    4.37
  44683.018   125.952     1.24    3.56
  45058.229   125.753    -0.53    2.02
  45433.359   125.714    -0.11    1.45
  45808.408   125.034    -1.81    1.47
  46183.375   124.272    -2.03    1.43
  46558.263   124.098    -0.46    2.12
  46933.069   124.841     1.98    3.31
  47307.794   125.925     2.89    3.83
  47682.439   126.684     2.03    3.62
  48057.003   127.455     2.06    2.95
  48431.487   127.872     1.11    2.98
  48805.890   128.885     2.71    3.60
  49180.212   131.289     6.42    5.55
  49554.454   133.601     6.18    5.94
  49928.616   134.190     1.58    5.51
  50302.697   134.127    -0.17    5.30
  50676.698   132.358    -4.73    2.41
  51050.619   131.453    -2.42    1.49
  51424.459   131.610     0.42    1.69
  51798.220   132.528     2.46    2.97
  52171.900   134.217     4.52    4.28
  52545.501   134.612     1.06    4.27
  52919.021   133.375    -3.31    3.64
  53292.461   132.195    -3.16    3.20
  53665.822   131.187    -2.70    2.46
  54039.102   130.466    -1.93    1.33
  54412.303   130.197    -0.72    0.88
  54785.425   129.872    -0.87    1.05
  55158.466   129.414    -1.23    1.32
  55531.428   128.518    -2.40    2.12
  55904.310   127.185    -3.57    3.13
  56277.113   125.862    -3.55    3.39
  56649.836   125.085    -2.08    3.47
  57022.480   123.885    -3.22    3.11
  57395.044   123.205    -1.82    2.84
  57767.529   122.675    -1.42    2.09
  58139.935   123.416     1.99    2.91
  58512.262   125.395     5.32    3.83
  58884.509   127.344     5.23    3.44
  59256.678   129.034     4.54    1.99
  59628.767   129.684     1.75    0.22
  60000.777   129.653    -0.08    0.00
  60372.708   129.653     0.00    0.00
  60744.560   129.653     0.00    0.00
  61116.334   129.653     0.00    0.00
  61488.028   129.653     0.00    0.00
  61859.644   129.406    -0.67    0.52
  62231.181   128.929    -1.28    0.89
  62602.639   127.930    -2.69    1.45
  62974.019   126.611    -3.55    1.73
  63345.320   125.137    -3.97    1.64
  63716.543   123.822    -3.54    1.52
  64087.687   122.621    -3.24    1.34
  64458.753   121.530    -2.94    1.15
  64829.740   120.642    -2.39    0.90
  65200.649   119.843    -2.15    0.93
  65571.480   119.214    -1.70    0.87
  65942.232   118.509    -1.90    0.97
  66312.906   117.906    -1.63    0.87
  66683.502   117.241    -1.79    0.85
  67054.020   116.685    -1.50    0.84
  67424.460   115.951    -1.98    0.96
  67794.822   115.080    -2.35    1.10
  68165.106   113.966    -3.01    1.39
  68535.312   112.664    -3.52    1.62
  68905.440   111.187    -3.99    1.79
  69275.491   109.494    -4.57    2.03
  69645.464   107.937    -4.21    2.03
  70015.359   106.403    -4.15    2.15
  70385.176   105.055    -3.64    2.24
  70754.916   103.455    -4.33    2.41
  71124.578   102.007    -3.92    2.61
  71494.162   100.285    -4.66    2.52
  71863.670    98.430    -5.02    2.45
  72233.099    96.782    -4.46    2.43
  72602.452    95.095    -4.57    2.51
  72971.727    93.557    -4.16    2.67
  73340.925    91.934    -4.40    2.83
  73710.045    90.353    -4.28    3.19
  74079.089    88.422    -5.23    3.32
  74448.055    86.554    -5.06    3.23
  74816.944    84.591    -5.32    2.87
  75185.756    82.706    -5.11    2.77
  75554.492    80.770    -5.25    3.10
  75923.150    79.526    -3.38    3.25
  76291.731    78.578    -2.57    3.00
  76660.236    77.611    -2.62    2.28
  77028.664    76.631    -2.66    2.80
  77397.015    74.946    -4.57    4.46
  77765.289    74.925    -0.06    4.82
  78133.487    75.612     1.86    4.79
  78501.608    75.782     0.46    4.23
  78869.652    76.184     1.09    3.34
  79237.620    75.643    -1.47    2.89
  79605.512    75.068    -1.56    2.45
  79973.327    74.685    -1.04    2.16
  80341.066    74.034    -1.77    2.03
  80708.728    73.064    -2.64    1.81
  81076.314    72.021    -2.84    1.63
  81443.824    71.001    -2.78    1.34
  81811.258    69.784    -3.31    1.84
  82178.616    68.674    -3.02    2.68
  82545.897    68.201    -1.29    2.75
  82913.103    67.504    -1.90    3.04
  83280.232    67.320    -0.50    3.19
  83647.286    66.928    -1.07    3.39
  84014.263    67.076     0.40    3.17
  84381.165    68.023     2.58    2.38
  84747.991    67.715    -0.84    2.57
  85114.742    66.148    -4.27    3.47
  85481.416    65.070    -2.94    3.40
  85848.015    64.377    -1.89    3.25
  86214.538    65.664     3.51    3.47
  86580.986    67.612     5.31    2.71
  86947.358    69.093     4.04    1.80
  87313.655    69.916     2.25    0.92
  87679.876    70.255     0.93    0.75
  88046.022    70.122    -0.36    1.47
  88412.093    67.838    -6.24    6.24
  88778.088    65.811    -5.54    8.55
  89144.008    65.153    -1.80    8.64
  89509.853    63.802    -3.69    9.35
  89875.622    62.018    -4.88   16.88
  90241.317    57.464   -12.45   21.80
  90606.936    54.820    -7.23   23.28
  90972.481    52.431    -6.53   24.55
  91337.950    52.095    -0.92   24.00
  91706.803    45.792   -17.09   25.59
  92087.903    34.769   -28.92   25.95
  92468.920    34.034    -1.93   23.74
  92849.854    40.622    17.29   24.91
  93230.706    49.403    23.06   23.77
  93611.475    62.528    34.47   13.00
  93992.162    66.774    11.15    3.54
  94372.766    65.769    -2.64    4.91
  94753.288    64.664    -2.90    5.80
  95133.727    61.179    -9.16    9.61
  95514.084    57.186   -10.50   13.23
  95894.359    53.210   -10.45   17.20
  96274.552    44.142   -23.85   23.19
  96654.663    38.316   -15.33   26.23
  97034.691    30.812   -19.74   27.21
  97414.638    23.079   -20.35   23.45
  97794.502    16.768   -16.61   18.63
  98174.285    11.675   -13.41   13.30
  98553.985     9.153    -6.64   11.13
  98933.604     9.086    -0.18   11.51
  99313.141    11.309     5.86   15.77
  99692.597    16.010    12.39   22.85
 100071.970    23.542    19.85   27.88
 100451.262    26.403     7.54   26.61
 100830.473    23.035    -8.88   23.92
 101209.602    20.823    -5.83   21.79
 101588.649    16.722   -10.82   21.30
 101967.616    19.823     8.18   25.37
 102346.500    35.630    41.72   30.52
 102725.304    49.930    37.75   29.04
 103104.026    64.087    37.38   17.98
 103482.667    71.664    20.01    2.94
 103861.227    73.378     4.53    2.12
 104239.706    74.684     3.45    1.22
 104618.103    75.164     1.27    1.10
 104996.420    75.497     0.88    1.52
 105374.656    76.518     2.70    2.03
 105752.811    78.201     4.45    2.55
 106130.885    80.205     5.30    2.47
 106508.878    82.685     6.56    2.88
 106886.790    85.573     7.64    3.39
 107264.622    88.430     7.56    3.60
 107642.373    91.098     7.06    2.59
 108020.044    93.226     5.64    1.97
 108397.634    94.675     3.84    1.61
 108775.143    96.107     3.79    1.63
 109152.572    97.420     3.48    1.41
 109529.921    98.684     3.35    1.64
 109907.189    99.949     3.35    1.68
 110284.377   101.406     3.86    2.03
 110661.485   102.909     3.99    1.95
 111038.513   104.706     4.77    2.33
 111415.460   106.538     4.86    2.22
 111792.328   108.546     5.33    2.74
 112169.115   108.575     0.08    3.94
 112545.823   105.976    -6.90    5.69
 112922.450   104.475    -3.98    5.43
 113298.998   105.127     1.73    5.53
 113675.465   109.109    10.58    5.39
 114051.853   112.476     8.95    3.30
 114428.162   113.320     2.24    2.98
 114804.390   114.206     2.36    2.95
 115180.539   114.928     1.92    3.08
 115556.609   116.184     3.34    3.31
 115932.598   118.060     4.99    2.96
 116308.509   120.026     5.23    2.41
 116684.340   121.320     3.44    1.72
 117060.091   122.228     2.42    1.48
 117435.763   122.838     1.62    1.99
 117811.356   123.611     2.06    2.24
 118186.870   124.961     3.59    2.58
 118562.305   125.726     2.04    2.43
 118937.660   125.513    -0.57    2.49
 119312.936   126.175     1.76    2.65
 119688.133   126.019    -0.41    2.58
 120063.252   126.547     1.41    2.57
 120438.291   127.228     1.82    2.31
 120813.251   127.218    -0.02    2.36
 121188.133   127.278     0.16    2.41
 121562.936   127.642     0.97    2.15
 121937.660   127.853     0.56    1.84
 122312.305   127.933     0.21    1.70
 122686.872   127.855    -0.21    1.97
 123061.360   125.389    -6.58    6.71
 123435.770   120.330   -13.51   11.92
 123810.101   115.192   -13.73   13.90
 124184.354   111.972    -8.60   13.08
 124558.528   111.699    -0.73   12.95
 124932.624   113.621     5.14   12.97
 125306.641   116.301     7.16   12.94
 125680.581   116.849     1.47   13.50
 126054.442   114.653    -5.87   13.93
 126428.225   109.820   -12.93   12.20
 126801.930   106.664    -8.44    8.34
 127175.556   106.874     0.56    7.34
 127549.105   113.631    18.09   11.70
 127922.576   121.331    20.61   11.48
 128295.969   127.427    16.33    8.14
 128669.284   132.186    12.75    2.98
 129042.521   133.749     4.19    2.76
 129415.681   135.384     4.38    2.52
 129788.762   136.793     3.78    2.54
 130161.767   138.740     5.22    3.19
 130534.693   140.355     4.33    3.06
 130907.542   141.132     2.08    2.98
 131280.313   141.004    -0.34    2.96
 131653.007   140.223    -2.10    2.86
 132025.624   139.316    -2.43    2.28
 132398.163   138.917    -1.07    1.32
 132770.624   138.919     0.01    1.60
 133143.009   139.262     0.92    1.77
 133515.316   139.997     1.97    2.13
 133887.546   140.721     1.95    2.33
 134259.699   140.909     0.50    2.47
 134631.774   140.687    -0.60    2.56
 135003.773   141.417     1.96    3.01
 135375.695   142.950     4.12    3.60
 135747.539   145.432     6.67    4.16
 136119.307   148.114     7.21    4.22
 136490.998   148.264     0.40    5.49
 136862.612   145.784    -6.67    8.87
 137234.150   138.951   -18.39   12.87
 137605.610   131.323   -20.53   12.26
 137976.994   128.126    -8.61    9.23
 138348.301   131.706     9.64   11.33
 138719.532   139.027    19.72   13.87
 139090.686   148.780    26.27   11.21
 139461.764   155.778    18.86    4.88
 139832.765   159.091     8.93    3.13
 140203.690   161.387     6.19    2.89
 140574.539   163.494     5.68    2.38
 140945.311   164.953     3.94    1.67
 141316.007   165.958     2.71    1.75
 141686.627   166.707     2.02    2.05
 142057.170   167.697     2.67    3.00
 142427.638   167.557    -0.38    5.42
 142798.029   168.871     3.54    6.81
 143168.345   170.222     3.65    7.47
 143538.584   173.294     8.30    6.22
 143908.747   176.111     7.61    5.01
 144278.835   178.906     7.55    3.67
 144648.847   180.994     5.64    3.44
 145018.783   182.824     4.95    3.18
 145388.643   184.804     5.35    3.35
 145758.428   186.745     5.25    2.90
 146128.136   188.664     5.19    2.93
 146497.770   190.477     4.91    2.76
 146867.327   192.309     4.96    2.54
 147236.810   193.728     3.84    2.14
 147606.216   195.077     3.65    1.44
 147975.548   195.987     2.46    1.23
 148344.804   196.796     2.19    1.29
 148713.984   197.460     1.80    1.69
 149083.089   197.730     0.73    2.29
 149452.119   197.781     0.14    2.64
 149821.074   198.860     2.92    3.36
 150189.954   200.610     4.74    4.09
 150558.759   202.987     6.44    3.97
 150927.488   205.930     7.98    4.28
 151296.143   208.818     7.83    3.71
 151664.722   211.577     7.48    3.80
 152033.227   214.298     7.38    3.87
 152401.657   217.729     9.31    4.03
 152770.012   220.728     8.14    3.97
 153138.292   224.045     9.01    3.52
 153506.497   227.012     8.06    3.31
 153874.628   229.699     7.30    3.03
 154242.684   231.675     5.37    2.64
 154610.666   232.964     3.50    1.79
 154978.573   233.387     1.15    1.62
 155346.405   233.719     0.90    1.93
 155714.163   233.804     0.23    2.62
 156081.846   234.868     2.89    5.52
 156449.455   237.820     8.03    7.36
 156816.990   241.245     9.32    7.75
 157184.451   246.220    13.54    4.88
 157551.837   248.599     6.48    1.78
 157919.149   248.853     0.69    2.31
 158286.387   249.589     2.00    2.79
 158653.551   250.665     2.93    3.52
 159020.640   252.515     5.04    4.28
 159387.656   254.953     6.64    4.36
 159754.598   258.316     9.16    4.57
 160121.465   261.494     8.66    4.76
 160488.259   264.864     9.19    4.06
 160854.979   267.057     5.98    2.89
 161221.625   268.864     4.93    2.01
 161588.198   270.217     3.69    2.30
 161954.697   271.562     3.67    2.54
 162321.122   273.153     4.34    2.78
 162687.473   274.934     4.86    2.77
 163053.751   276.760     4.98    2.24
 163419.955   278.287     4.17    2.04
 163786.086   280.019     4.73    2.15
 164152.144   281.588     4.29    2.22
 164518.128   282.773     3.24    1.63
 164884.038   283.403     1.72    1.14
 165249.875   283.320    -0.23    1.17
 165615.639   282.855    -1.27    1.40
 165981.330   283.051     0.53    1.56
 166346.948   285.008     5.35    4.31
 166727.130   289.198    11.02    8.51
 167107.982   298.352    24.03   15.61
 167488.753   310.563    32.07   20.26
 167869.444   324.611    36.90   20.99
 168250.055   337.983    35.13   14.89
 168630.585   343.323    14.03    9.00
 169011.035   338.665   -12.24   17.37
 169391.405   324.843   -36.33   27.93
 169771.694   305.366   -51.21   30.31
 170151.904   281.180   -63.60   32.35
 170532.033   262.642   -48.76   31.60
 170912.082   269.513    18.08   33.25
 171292.051   283.301    36.28   36.88
 171671.941   288.255    13.04   29.61
 172051.750   259.743   -75.06   65.33
 172431.480   198.088  -162.35   92.20
 172811.129   136.020  -163.47   78.71
 173190.699   120.218   -41.62   63.58
 173570.190   149.842    78.05   82.62
 173949.600   186.513    96.64   78.78
 174328.931   230.577   116.15   59.72
 174708.183   239.871    24.50   55.54
 175087.355   238.066    -4.76   51.87
 175466.447   250.159    31.89   51.73
 175845.461   263.148    34.27   48.88
 176224.394   276.939    36.39   45.00
 176603.249   301.406    64.57   38.62
 176982.024   324.653    61.37   20.84
 177360.720   335.696    29.16   12.36
 177739.337   340.487    12.65    8.07
 178117.875   343.976     9.22    2.17
 178496.334   343.920    -0.15    1.74
 178874.713   343.395    -1.39    2.34
 179253.014   342.709    -1.81    3.68
 179631.236   340.208    -6.61    7.84
 180009.379   338.422    -4.72   12.85
 180387.443   337.403    -2.70   19.75
 180765.429   340.225     7.46   23.45
 181143.335   348.877    22.89   20.11
 181521.163   355.741    18.17   10.19
 181898.913   357.068     3.51    6.47
 182276.584   355.411    -4.39    6.36
 182654.176   353.153    -5.98    7.31
 183031.690   352.335    -2.17    7.95
 183409.125   353.327     2.63   10.23
 183786.482   355.034     4.52   10.60
 184163.761   358.284     8.61    6.99
 184540.961   360.425     5.68    5.38
 184918.084   362.621     5.82    4.65
 185295.128   365.137     6.67    4.77
 185672.093   366.827     4.48    4.66
 186048.981   366.947     0.32    4.48
 186425.791   366.034    -2.42    5.79
 186802.523   364.066    -5.22    6.48
 187179.177   363.642    -1.13    6.04
 187555.752   365.077     3.81    3.67
 187932.251   363.479    -4.24    9.52
 188308.671   357.958   -14.67   20.51
 188685.013   348.077   -26.25   31.35
 189061.278   341.936   -16.32   35.15
 189437.465   335.520   -17.05   37.50
 189813.575   335.034    -1.29   40.17
 190189.607   337.264     5.93   41.09
 190565.561   341.262    10.63   39.57
 190941.438   332.109   -24.35   44.69
 191317.238   314.816   -46.01   51.19
 191692.960   308.294   -17.36   55.73
 192068.605   315.632    19.53   63.26
 192444.173   329.664    37.36   65.94
 192819.663   333.381     9.90   61.80
 193195.076   331.187    -5.84   52.01
 193570.412   318.836   -32.90   39.67
 193945.671   310.244   -22.89   32.55
 194320.853   310.073    -0.46   31.56
 194695.958   317.858    20.75   32.40
 195070.986   326.427    22.85   34.87
 195445.937   336.699    27.39   32.60
 195820.811   338.523     4.87   31.43
 196195.608   345.437    18.45   26.50
 196570.329   349.001     9.51   23.57
 196944.973   351.803     7.48   22.66
 197319.540   358.795    18.66   22.12
 197694.031   367.216    22.49   25.04
 198068.445   378.664    30.57   28.01
 198442.782   391.458    34.17   34.88
 198817.043   396.060    12.29   36.94
 199191.228   406.514    27.93   36.70
 199565.336   418.153    31.11   34.10
 199939.368   420.072     5.13   30.85
 200313.324   408.468   -31.02   35.55
 200687.203   392.386   -43.01   31.52
 201061.006   391.860    -1.41   27.97
 201434.733   404.607    34.10   32.21
 201808.384   425.360    55.53   28.02
 202181.958   444.573    51.42   26.39
 202555.457   459.751    40.63   36.62
 202928.880   471.811    32.29   50.62
 203302.227   472.545     1.97   53.10
 203675.498   465.187   -19.71   48.88
 204048.693   447.131   -48.37   30.98
 204421.812   442.017   -13.71   20.09
 204794.856   444.264     6.02   18.39
 205167.823   459.687    41.34   27.16
 205540.716   484.620    66.85   31.62
 205913.532   505.164    55.10   29.05
 206286.273   514.170    24.16   24.47
 206658.939   509.414   -12.76   28.37
 207031.529   504.775   -12.45   28.36
 207404.043   512.436    20.56   35.11
 207776.483   524.964    33.63   37.06
 208148.846   536.273    30.36   31.76
 208521.135   541.709    14.60   30.72
 208893.348   544.697     8.02   27.93
 209265.487   552.494    20.95   29.09
 209637.550   569.836    46.60   34.66
 210009.537   596.453    71.54   41.48
 210381.450   641.543   121.22   55.43
 210753.288   685.328   117.73   55.36
 211125.051   716.352    83.44   43.09
 211496.739   739.456    62.15   26.08
 211868.352   744.327    13.11   25.34
 212239.890   738.734   -15.05   23.89
 212611.353   726.159   -33.85   20.93
 212982.742   715.915   -27.58   16.46
 213354.056   713.576    -6.30   16.74
 213725.295   719.721    16.55   20.58
 214096.459   726.186    17.42   18.51
 214467.549   723.320    -7.72   17.63
 214838.565   712.320   -29.64   20.56
 215209.506   698.998   -35.91   15.45
 215580.373   688.438   -28.47   12.04
 215951.165   674.153   -38.52   24.34
 216321.883   657.831   -44.02   31.97
 216692.526   642.055   -42.56   28.85
 217063.095   629.618   -33.56   19.59
 217433.590   634.773    13.91   20.27
 217804.011   645.688    29.46   19.36
 218174.358   646.164     1.29   18.45
 218544.631   646.017    -0.40   17.51
 218914.829   654.994    24.25   22.33
 219284.954   665.732    29.01   26.81
 219655.005   683.447    47.86   23.96
 220024.981   699.009    42.06   14.26
 220394.884   708.849    26.60   12.17
 220764.713   715.280    17.39    9.18
 221134.469   721.920    17.96    8.05
 221504.150   726.851    13.34    8.58
 221873.758   731.742    13.23    9.37
 222243.292   731.961     0.59   13.42
 222612.753   728.964    -8.11   19.44
 222982.140   737.153    22.17   30.74
 223351.453   751.874    39.85   39.96
 223720.693   781.131    79.22   47.14
 224089.860   814.397    90.10   31.54
 224458.953   834.403    54.19   25.99
 224827.973   844.164    26.45   19.77
 225196.920   845.400     3.35   20.11
 225565.793   840.040   -14.53   23.26
 225934.593   830.253   -26.53   28.87
 226303.320   818.115   -32.91   37.72
 226671.974   800.676   -47.30   40.02
 227040.555   785.269   -41.79   37.16
 227409.063   772.496   -34.65   32.34
 227777.497   769.773    -7.39   27.55
 228145.859   776.502    18.27   31.74
 228514.148   789.807    36.12   41.51
 228882.364   808.293    50.19   44.94
 229250.507   826.807    50.28   45.07
 229618.577   836.075    25.18   45.27
 229986.575   837.378     3.54   47.79
 230354.500   832.954   -12.02   52.60
 230722.352   830.642    -6.28   50.29
 231090.132   826.005   -12.61   47.78
 231457.839   825.005    -2.72   44.22
 231825.474   825.159     0.42   40.91
 232193.036   821.377   -10.29   32.99
 232560.526   820.498    -2.39   28.74
 232927.943   839.171    50.81   42.12
 233295.288   867.917    78.24   61.76
 233662.560   893.583    69.87   63.34
 234029.761   913.631    54.59   66.65
 234396.889   927.282    37.18   64.47
 234763.945   942.170    40.55   68.96
 235130.929   974.609    88.38   79.30
 235497.840  1009.887    96.13   96.82
 235864.680  1051.153   112.47  105.09
 236231.447  1100.801   135.34  107.46
 236598.143  1128.642    75.91   93.49
 236964.767  1115.760   -35.13   94.76
 237331.319  1074.664  -112.10  116.21
 237697.799  1033.312  -112.82  116.42
 238064.207  1007.187   -71.29  125.76
 238430.543  1007.952     2.09  115.62
 238796.808  1055.115   128.74  127.78
 239163.001  1108.858   146.74  156.28
 239529.122  1200.267   249.62  172.53
 239895.172  1276.998   209.58  124.86
 240261.150  1288.205    30.62  109.06
 240627.057  1211.042  -210.84  166.43
 240992.892  1067.284  -392.89  191.56
 241369.016   892.642  -464.24  191.21
 241749.705   749.490  -375.96  134.35
 242130.317   680.541  -181.12   73.02
 242510.850   658.677   -57.45   38.05
 242891.305   678.895    53.13   34.88
 243271.681   702.906    63.11   14.90
 243651.980   717.236    37.67   23.36
 244032.200   762.124   118.04   77.45
 244412.342   828.071   173.45  109.49
 244792.406   892.842   170.39   93.48
 245172.392   912.975    52.97   64.63
 245552.300   890.016   -60.42   70.43
 245932.131   857.198   -86.39   60.67
 246311.883   849.214   -21.02   45.55
 246691.558   884.869    93.89   84.55
 247071.155   919.049    90.03   85.75
 247450.674   947.033    73.72   80.72
 247830.115   951.499    11.77   96.95
 248209.479   914.952   -96.32  104.46
 248588.766   856.005  -155.39  121.83
 248967.974   798.710  -151.06  123.51
 249347.106   731.357  -177.62   98.37
 249726.160   677.124  -143.05   66.39
 250105.136   642.164   -92.23   50.23
 250484.035   617.095   -66.15   46.14
 250862.857   593.458   -62.39   34.27
 251241.602   578.688   -38.99   19.75
 251620.269   573.273   -14.30    9.27
 251998.860   572.951    -0.85    8.88
 252377.373   564.375   -22.65   17.25
 252755.809   553.796   -27.95   17.82
 253134.168   540.796   -34.35   21.83
 253512.451   525.153   -41.34   26.13
 253890.656   509.384   -41.69   25.68
 254268.784   494.810   -38.53   13.55
 254646.836   489.159   -14.94    4.83
 255024.811   491.886     7.21    9.84
 255402.709   503.375    30.40   20.54
 255780.530   519.839    43.57   24.74
 256158.275   533.280    35.57   21.12
 256535.943   545.574    32.55   15.98
 256913.535   557.115    30.56   23.04
 257291.050   586.721    78.41   61.69
 257668.489   637.631   134.86  110.68
 258045.851   708.889   188.80  153.34
 258423.137   780.898   190.82  162.16
 258800.347   856.530   200.47  162.34
 259177.480   955.575   262.58  169.74
 259554.537  1047.056   242.57  162.15
 259931.518  1129.631   219.00  137.88
 260308.423  1191.251   163.46  139.68
 260685.252  1243.939   139.79  169.63
 261062.005  1283.392   104.70  145.37
 261438.682  1284.799     3.74  121.38
 261815.282  1195.335  -237.51  166.21
 262191.807  1058.675  -362.88  193.53
 262568.256   893.722  -438.10  168.32
 262944.629   783.799  -292.00  116.51
 263320.927   702.415  -216.24   52.31
 263697.149   670.987   -83.52   34.00
 264073.295   646.398   -65.36   20.49
 264449.365   636.887   -25.29   12.11
 264825.360   639.159     6.04   15.45
 265201.279   649.687    28.00   26.43
 265577.123   678.653    77.06   60.89
 265952.891   738.002   157.91  124.47
 266328.584   817.528   211.64  170.89
 266704.202   927.429   292.53  208.72
 267079.744  1026.090   262.67  210.31
 267455.211  1091.242   173.49  190.87
 267830.603  1133.505   112.56  174.47
 268205.920  1193.215   159.06  171.49
 268581.161  1241.010   127.34  159.45
 268956.328  1259.187    48.44  129.34
 269331.419  1218.573  -108.26  149.87
 269706.435  1116.473  -272.20  170.86
 270081.377  1006.777  -292.51  131.50
 270456.243   952.264  -145.39  104.03
 270831.035   953.853     4.24  126.34
 271205.751   971.275    46.48  140.47
 271580.393   974.979     9.88  151.94
 271954.961   966.093   -23.72  159.15
 272329.453   930.285   -95.60  149.93
 272703.871   918.353   -31.86  152.38
 273078.214   907.583   -28.76  152.95
 273452.483   889.496   -48.32  123.47
 273826.677   880.118   -25.06  105.32
 274200.797   912.136    85.57  133.66
 274574.842   933.944    58.29  140.80
 274948.813   933.406    -1.44  118.57
 275322.710   940.274    18.36   95.90
 275696.532   963.675    62.59  104.48
 276070.280  1025.559   165.54  110.73
 276443.954  1094.425   184.26  117.94
 276817.554  1173.723   212.21  131.52
 277191.080  1262.444   237.48  156.83
 277564.531  1373.915   298.43  181.81
 277937.909  1487.075   303.01  154.68
 278311.212  1542.725   149.04  117.98
 278684.442  1505.833   -98.82  147.32
 279057.597  1402.870  -275.87  177.18
 279430.679  1317.069  -229.93  150.75
 279803.687  1278.966  -102.13  103.86
 280176.621  1328.103   131.73  130.63
 280549.482  1409.176   217.39  124.23
 280922.269  1473.093   171.42  108.91
 281294.982  1548.366   201.92  116.62
 281667.621  1582.505    91.60  124.39
 282040.187  1586.153     9.79  117.08
 282412.680  1572.135   -37.63  133.22
 282785.099  1555.733   -44.03  134.67
