-146133.879   203.082     0.00    2.40
-145763.118   205.467     6.43    3.05
-145392.435   207.698     6.02    2.58
-145021.830   209.199     4.05    1.97
-144651.304   209.645     1.20    1.46
-144280.855   208.070    -4.25    3.29
-143910.485   205.538    -6.84    4.11
-143540.192   202.801    -7.39    3.43
-143169.978   202.591    -0.57    4.17
-142799.841   205.504     7.87    7.37
-142429.782   210.216    12.73    8.76
-142059.801   216.091    15.88    7.16
-141689.898   220.162    11.01    4.81
-141320.072   222.690     6.84    2.01
-140950.324   223.466     2.10    1.29
-140580.654   223.710     0.66    1.02
-140211.061   224.393     1.85    1.66
-139841.546   225.101     1.92    1.95
-139472.108   225.875     2.09    1.95
-139102.748   226.226     0.95    1.74
-138733.465   225.591    -1.72    2.10
-138364.259   224.153    -3.89    2.67
-137995.131   221.688    -6.68    3.73
-137626.079   218.642    -8.25    4.20
-137257.105   215.927    -7.36    3.39
-136888.208   214.137    -4.85    2.15
-136519.388   213.145    -2.69    1.21
-136150.646   212.476    -1.81    1.08
-135781.980   211.727    -2.03    1.27
-135413.391   210.580    -3.11    1.74
-135044.879   208.917    -4.51    2.71
-134676.443   206.440    -6.72    3.47
-134308.085   204.559    -5.11    3.08
-133939.803   202.340    -6.03    2.37
-133571.598   200.830    -4.10    2.72
-133203.470   199.001    -4.97    3.39
-132835.418   196.212    -7.58    4.36
-132467.443   193.039    -8.62    5.13
-132099.544   189.966    -8.35    5.61
-131731.722   191.282     3.58    9.14
-131363.976   197.349    16.50   14.54
-130996.306   207.296    27.06   17.24
-130628.713   218.601    30.76   16.53
-130261.196   228.278    26.33   14.41
-129893.756   235.455    19.53   13.72
-129526.391   241.851    17.41   12.38
-129159.103   246.843    13.59   11.35
-128791.890   250.820    10.83    8.90
-128424.754   250.633    -0.51    8.35
-128057.694   241.399   -25.16   17.36
-127690.709   230.264   -30.34   20.24
-127323.801   217.986   -33.47   15.31
-126956.968   211.205   -18.49    7.51
-126590.211   209.923    -3.50    6.65
-126223.530   210.642     1.96    8.28
-125856.925   212.341     4.63    9.85
-125490.395   215.091     7.50   10.40
-125123.941   219.261    11.38    9.92
-124757.562   222.314     8.33    8.63
-124391.259   225.854     9.66    6.61
-124025.032   227.282     3.90    5.95
-123658.880   228.477     3.27    5.77
-123292.803   228.590     0.31    6.90
-122926.801   227.362    -3.36    9.37
-122560.875   226.995    -1.00   11.06
-122195.024   225.516    -4.04   11.60
-121829.249   225.484    -0.09   11.61
-121463.548   225.945     1.26   11.60
-121097.923   226.749     2.20   10.39
-120732.372   227.728     2.68    8.04
-120366.897   234.995    19.89   12.88
-119989.042   238.785    10.03   14.81
-119607.925   241.653     7.53   17.43
-119226.890   242.479     2.17   19.67
-118845.938   237.611   -12.78   20.32
-118465.069   232.123   -14.41   21.10
-118084.282   224.374   -20.35   18.93
-117703.578   219.246   -13.47   15.75
-117322.956   219.016    -0.60   13.40
-116942.417   224.256    13.77   13.92
-116561.960   230.739    17.04   10.94
-116181.586   230.431    -0.81   12.95
-115801.294   214.917   -40.80   28.34
-115421.084   197.030   -47.05   30.61
-115040.956   184.970   -31.73   26.35
-114660.911   180.601   -11.50   23.87
-114280.947   187.075    17.04   20.81
-113901.066   186.491    -1.54   16.70
-113521.266   182.005   -11.81   16.20
-113141.549   175.242   -17.81   15.64
-112761.913   166.945   -21.86   14.99
-112382.359   157.667   -24.45   18.65
-112002.887   146.791   -28.66   19.82
-111623.497   134.268   -33.01   15.66
-111244.188   125.229   -23.83   11.50
-110864.961   117.814   -19.55   10.20
-110485.816   110.727   -18.69   11.00
-110106.752   100.319   -27.46   15.43
-109727.769    90.696   -25.39   16.72
-109348.868    78.913   -31.10   14.07
-108970.049    72.370   -17.27   10.61
-108591.310    69.971    -6.33    6.49
-108212.653    69.591    -1.00    3.61
-107834.077    74.354    12.58    9.02
-107455.582    83.382    23.86   14.29
-107077.168    95.047    30.83   16.09
-106698.836   102.138    18.74   12.33
-106320.584   100.910    -3.25   12.39
-105942.413    94.117   -17.96   13.11
-105564.323    87.275   -18.10    8.24
-105186.314    86.106    -3.09    6.47
-104808.386    89.816     9.82   10.10
-104430.539    93.159     8.85   11.56
-104052.772    92.876    -0.75   12.28
-103675.086    90.117    -7.31   10.42
-103297.480    89.840    -0.73    8.24
-102919.955    93.803    10.50   11.62
-102542.511    99.260    14.46   14.34
-102165.147    96.527    -7.24   19.05
-101787.863    86.829   -25.71   23.90
-101410.660    70.191   -44.11   25.54
-101033.536    52.279   -47.50   23.36
-100656.494    40.327   -31.70   19.97
-100279.531    31.134   -24.39   15.65
 -99902.648    25.285   -15.52   11.40
 -99525.846    21.309   -10.55    7.00
 -99149.123    19.896    -3.75    4.01
 -98772.481    21.003     2.94    4.11
 -98395.918    22.717     4.55    4.21
 -98019.436    23.501     2.08    4.57
 -97643.033    21.445    -5.46    6.52
 -97266.710    18.523    -7.76    6.59
 -96890.467    16.807    -4.56    6.40
 -96514.303    20.034     8.58   11.06
 -96138.219    27.987    21.15   15.57
 -95762.215    39.340    30.20   18.21
 -95386.290    51.601    32.62   18.89
 -95010.444    65.440    36.82   22.81
 -94634.678    80.335    39.64   26.92
 -94258.992    95.874    41.36   29.08
 -93883.384   109.059    35.10   27.63
 -93507.856   119.257    27.16   25.30
 -93132.408   128.956    25.84   20.66
 -92757.038   135.656    17.85   14.13
 -92381.748   141.138    14.61    5.19
 -92006.536   142.332     3.18    3.17
 -91631.404   143.005     1.79    2.87
 -91256.351   143.319     0.83    2.84
 -90881.376   143.133    -0.49    3.16
 -90506.481   142.410    -1.93    3.89
 -90131.664   141.656    -2.01    4.25
 -89756.926   140.633    -2.73    4.21
 -89382.267   139.956    -1.81    3.84
 -89007.686   139.303    -1.74    3.28
 -88633.185   138.633    -1.79    1.94
 -88258.761   138.388    -0.65    1.03
 -87884.417   138.325    -0.17    0.88
 -87510.150   138.282    -0.11    0.79
 -87135.963   138.337     0.15    0.80
 -86761.853   138.487     0.40    0.95
 -86387.822   138.887     1.07    1.25
 -86013.869   139.856     2.59    2.08
 -85639.995   142.033     5.82    3.43
 -85266.199   145.443     9.12    5.04
 -84892.481   149.534    10.95    5.09
 -84518.841   154.508    13.31    5.57
 -84145.279   159.601    13.63    5.33
 -83771.795   164.216    12.36    5.00
 -83398.389   167.909     9.89    3.55
 -83025.061   171.053     8.42    3.38
 -82651.810   173.898     7.62    3.45
 -82278.638   175.995     5.62    3.36
 -81905.543   177.752     4.71    3.61
 -81532.527   179.805     5.51    4.11
 -81159.587   182.225     6.49    4.58
 -80786.726   185.808     9.61    5.63
 -80413.942   190.878    13.60    8.23
 -80041.235   197.795    18.56   10.08
 -79668.606   203.793    16.10    9.53
 -79296.055   207.117     8.92    7.28
 -78923.580   205.601    -4.07    8.29
 -78551.183   201.777   -10.27    8.20
 -78178.864   197.945   -10.29    6.65
 -77806.621   195.466    -6.66    6.55
 -77434.456   195.870     1.08    7.16
 -77062.368   196.153     0.76    8.42
 -76690.357   196.386     0.63    8.07
 -76318.424   195.556    -2.23    7.43
 -75946.567   191.825   -10.04    6.12
 -75574.787   190.112    -4.61    4.02
 -75203.084   192.485     6.38    5.68
 -74831.458   196.657    11.23    7.13
 -74459.908   203.793    19.21    7.29
 -74088.436   210.036    16.81   10.13
 -73717.040   220.784    28.94   15.36
 -73345.721   232.037    30.31   17.18
 -72974.478   243.271    30.26   15.22
 -72603.312   252.569    25.05   11.80
 -72232.223   258.351    15.58   11.00
 -71861.210   263.254    13.21    8.27
 -71490.273   267.942    12.64    7.35
 -71119.413   273.976    16.27    8.71
 -70748.630   279.334    14.45    7.91
 -70377.922   284.033    12.67    4.91
 -70007.291   286.101     5.58    1.69
 -69636.736   284.406    -4.58    3.76
 -69266.257   280.698   -10.01    5.83
 -68895.854   275.177   -14.91    6.79
 -68525.528   269.354   -15.73    5.97
 -68155.277   264.228   -13.85    5.29
 -67785.102   260.096   -11.16    5.44
 -67415.004   253.275   -18.43    9.09
 -67044.981   243.686   -25.92   15.00
 -66675.034   232.348   -30.65   15.45
 -66305.162   225.016   -19.83   13.06
 -65935.367   220.658   -11.79   11.86
 -65565.647   218.064    -7.02   13.12
 -65196.003   214.291   -10.21   12.87
 -64826.434   210.622    -9.93   10.99
 -64456.941   207.887    -7.40    7.28
 -64087.524   206.236    -4.47    5.33
 -63718.182   204.859    -3.73    5.37
 -63348.915   198.862   -16.24    9.39
 -62979.724   193.091   -15.63   10.43
 -62610.608   189.329   -10.19    9.67
 -62241.567   186.601    -7.39    8.41
 -61872.602   183.623    -8.07    8.53
 -61503.712   181.473    -5.83    8.94
 -61134.897   177.383   -11.09    7.77
 -60766.157   169.827   -20.49   11.22
 -60397.492   161.238   -23.30   13.37
 -60028.902   151.938   -25.23   14.85
 -59660.387   146.536   -14.66   13.94
 -59291.947   143.112    -9.29   16.17
 -58923.582   140.665    -6.64   19.09
 -58555.292   139.184    -4.02   18.41
 -58187.076   135.022   -11.30   17.87
 -57818.936   128.469   -17.80   17.03
 -57450.870   124.537   -10.68   18.03
 -57082.878   123.854    -1.86   22.11
 -56714.961   125.870     5.48   23.97
 -56347.119   128.302     6.61   24.66
 -55979.351   128.952     1.77   24.01
 -55611.658   129.810     2.33   23.96
 -55244.039   128.123    -4.59   23.75
 -54876.495   126.343    -4.84   24.12
 -54509.024   122.990    -9.13   24.28
 -54141.629   120.612    -6.47   24.59
 -53774.307   116.890   -10.13   23.79
 -53407.060   115.526    -3.71   22.43
 -53039.886   113.953    -4.28   20.62
 -52672.787   113.473    -1.31   19.17
 -52305.762   113.107    -1.00   17.73
 -51938.811   112.838    -0.73   15.94
 -51571.934   113.848     2.76   13.59
 -51205.131   115.014     3.18   10.80
 -50838.401   117.031     5.50    7.05
 -50471.746   118.624     4.34    2.91
 -50105.164   119.159     1.46    4.02
 -49738.657   121.523     6.45    4.81
 -49372.222   124.822     9.00    5.55
 -49005.862   128.762    10.75    4.73
 -48639.575   131.924     8.63    4.64
 -48273.362   134.502     7.04    4.10
 -47907.222   136.888     6.52    3.63
 -47541.156   138.418     4.18    3.30
 -47175.163   140.442     5.53    3.52
 -46809.243   141.895     3.97    3.63
 -46443.397   144.101     6.03    3.16
 -46077.625   147.504     9.30    5.38
 -45711.925   152.003    12.30    7.18
 -45338.500   157.516    14.76    8.42
 -44957.547   163.840    16.60    6.05
 -44576.674   168.991    13.52    5.61
 -44195.881   173.885    12.85    6.89
 -43815.169   181.159    19.11    9.07
 -43434.538   193.772    33.14   16.71
 -43053.986   221.784    73.61   38.74
 -42673.516   265.692   115.41   65.46
 -42293.125   355.451   235.97  128.78
 -41912.815   481.725   332.04  169.68
 -41532.585   593.145   293.04  151.79
 -41152.435   658.722   172.51   92.01
 -40772.365   644.047   -38.61   90.09
 -40392.375   569.069  -197.32   94.37
 -40012.466   495.053  -194.83   84.17
 -39632.636   425.427  -183.31   64.87
 -39252.886   377.025  -127.46   53.48
 -38873.216   332.440  -117.43   38.18
 -38493.626   305.221   -71.71   29.52
 -38114.115   282.795   -59.09   25.28
 -37734.684   259.942   -60.23   25.92
 -37355.333   231.773   -74.26   36.37
 -36976.061   204.234   -72.61   41.02
 -36596.869   173.719   -80.48   31.19
 -36217.757   153.068   -54.48   20.15
 -35838.724   141.429   -30.71   13.89
 -35459.770   142.623     3.15   18.38
 -35080.896   154.870    32.32   26.16
 -34702.101   163.590    23.02   23.62
 -34323.385   159.881    -9.79   27.63
 -33944.748   139.890   -52.80   32.95
 -33566.191   113.686   -69.22   26.18
 -33187.713    96.201   -46.20   18.21
 -32809.313    82.279   -36.79   10.87
 -32430.993    73.990   -21.91    8.84
 -32052.752    67.289   -17.72    7.63
 -31674.590    63.096   -11.09    6.43
 -31296.506    60.461    -6.97    5.99
 -30918.501    58.711    -4.63    4.48
 -30540.575    57.945    -2.03    3.23
 -30162.728    57.425    -1.38    1.24
 -29784.960    57.515     0.24    0.73
 -29407.270    57.184    -0.88    1.33
 -29029.658    56.988    -0.52    1.57
 -28652.126    57.221     0.62    1.93
 -28274.671    63.171    15.76   11.30
 -27897.295    72.764    25.42   16.11
 -27519.998    85.221    33.02   16.73
 -27142.778    98.721    35.79   13.44
 -26765.638   110.634    31.59   14.11
 -26388.575   121.395    28.54   14.36
 -26011.590   133.096    31.04   11.46
 -25634.684   145.232    32.20   14.68
 -25257.856   158.351    34.82   19.27
 -24881.105   165.829    19.85   16.91
 -24504.433   172.645    18.09   14.51
 -24127.839   185.666    34.58   29.76
 -23751.322   213.134    72.95   50.07
 -23374.884   254.418   109.67   60.42
 -22998.523   311.821   152.52   64.31
 -22622.240   356.848   119.67   57.09
 -22246.035   405.030   128.07   53.16
 -21869.907   456.558   137.00   66.71
 -21493.857   495.711   104.12   78.61
 -21117.885   467.827   -74.17  132.99
 -20741.990   382.942  -225.82  184.28
 -20366.172   275.913  -284.79  174.44
 -19990.432   165.052  -295.05   82.60
 -19614.769   122.107  -114.32   29.41
 -19239.184   105.034   -45.46   13.24
 -18863.676    99.112   -15.77    4.57
 -18488.245    99.134     0.06    7.89
 -18112.891    95.036   -10.92   13.25
 -17737.615    86.879   -21.74   18.96
 -17362.415    76.482   -27.71   20.32
 -16987.293    65.826   -28.41   11.89
 -16612.248    63.332    -6.65    7.35
 -16237.279    64.174     2.25    9.42
 -15862.388    63.851    -0.86    9.92
 -15487.573    59.976   -10.34    9.49
 -15112.835    55.221   -12.69    4.83
 -14738.174    53.078    -5.72    2.42
 -14363.590    53.025    -0.14    2.13
 -13989.082    53.334     0.83    2.03
 -13614.651    54.145     2.16    2.22
 -13240.296    55.140     2.66    2.22
 -12866.018    56.210     2.86    1.82
 -12491.817    56.900     1.84    1.32
 -12117.692    57.079     0.48    0.95
 -11743.643    56.764    -0.84    0.97
 -11369.671    55.870    -2.39    1.36
 -10995.775    54.729    -3.05    1.48
 -10621.955    53.340    -3.72    1.59
 -10248.211    51.834    -4.03    1.73
  -9874.544    50.232    -4.29    2.13
  -9500.953    48.473    -4.71    2.20
  -9127.437    46.656    -4.87    2.42
  -8753.998    45.036    -4.34    2.25
  -8380.635    43.460    -4.22    2.80
  -8007.348    40.453    -8.05    5.15
  -7634.136    33.742   -17.98   10.84
  -7261.001    29.242   -12.06   11.00
  -6887.941    25.260   -10.67    9.20
  -6514.957    23.181    -5.58    9.34
  -6142.049    25.762     6.92    8.31
  -5769.216    28.703     7.89    5.38
  -5396.459    31.156     6.58    4.18
  -5023.777    33.757     6.98    4.57
  -4651.171    36.797     8.16    5.01
  -4278.641    39.923     8.39    5.13
  -3906.186    44.709    12.85    6.52
  -3533.806    53.590    23.85   15.92
  -3161.502    79.838    70.50   44.51
  -2789.273   109.656    80.11   52.48
  -2417.119   131.458    58.59   40.04
  -2045.040   143.188    31.53   27.13
  -1673.037   128.980   -38.19   40.63
  -1301.108    92.416   -98.31   56.45
   -929.255    57.927   -92.75   57.26
   -557.477    26.960   -83.29   45.53
   -185.774     3.194   -63.94   17.96
    185.855    -3.627   -18.36    5.81
    557.408    -3.744    -0.31    3.32
    928.887     3.913    20.61   13.67
   1300.291    14.123    27.49   18.70
   1671.620    26.764    34.04   19.04
   2042.874    38.184    30.76   12.51
   2414.054    45.315    19.21    4.41
   2785.159    47.876     6.90    2.80
   3156.189    50.101     6.00    2.24
   3527.145    51.645     4.16    2.02
   3898.027    53.253     4.33    1.96
   4268.834    53.938     1.85    1.90
   4639.567    54.268     0.89    2.01
   5010.225    53.873    -1.07    2.27
   5380.809    53.226    -1.75    2.24
   5751.319    52.236    -2.67    1.65
   6121.754    51.544    -1.87    1.38
   6492.115    50.547    -2.69    1.23
   6862.403    49.566    -2.65    1.15
   7232.616    48.471    -2.96    1.38
   7602.755    47.612    -2.32    1.46
   7972.820    46.700    -2.47    1.59
   8342.811    46.151    -1.49    1.78
   8712.728    45.700    -1.22    2.09
   9082.572    44.988    -1.92    3.32
   9452.341    44.923    -0.18    4.65
   9822.037    43.887    -2.80    4.93
  10191.659    42.408    -4.00    5.25
  10561.207    39.851    -6.92    4.71
  10930.682    37.192    -7.20    2.72
  11300.083    35.968    -3.31    1.96
  11669.411    35.149    -2.22    1.12
  12038.665    35.492     0.93    1.49
  12407.845    36.229     2.00    1.93
  12776.952    38.427     5.96    4.41
  13145.986    42.325    10.56    7.16
  13514.947    45.395     8.32    7.19
  13883.834    45.897     1.36    6.37
  14252.647    44.732    -3.16    6.08
  14621.388    43.770    -2.61    5.19
  14990.055    48.725    13.44   14.22
  15358.650    62.469    37.29   27.81
  15727.171    92.314    80.98   45.64
  16095.619   137.140   121.66   66.47
  16463.994   190.578   145.06   67.53
  16832.297   233.757   117.24   53.25
  17200.526   267.938    92.83   28.13
  17568.683   285.096    46.60   17.12
  17936.766   295.465    28.17   12.01
  18304.777   302.034    17.85   10.65
  18672.715   306.953    13.37   10.73
  19040.581   307.931     2.66    8.98
  19408.373   307.219    -1.94    7.26
  19776.094   305.118    -5.71    6.70
  20143.741   304.909    -0.57    8.62
  20511.316   306.812     5.18   11.00
  20878.819   310.123     9.01   11.50
  21246.249   314.880    12.95   10.37
  21613.607   319.810    13.42    9.14
  21980.892   325.519    15.54    8.04
  22348.105   330.469    13.48    7.41
  22715.246   333.136     7.26    6.02
  23082.315   333.030    -0.29    5.83
  23449.311   332.465    -1.54    5.80
  23816.236   338.931    17.62   17.20
  24183.088   342.668    10.19   17.83
  24549.868   342.590    -0.21   16.62
  24916.576   339.041    -9.68   15.59
  25283.212   330.203   -24.10    9.00
  25649.776   324.036   -16.82    6.30
  26016.269   318.950   -13.88    5.77
  26382.689   314.085   -13.28    6.21
  26749.038   310.703    -9.23    5.54
  27115.315   307.351    -9.15    4.59
  27481.520   306.260    -2.98    4.41
  27847.653   306.557     0.81    4.66
  28213.715   307.223     1.82    4.56
  28579.706   308.469     3.40    3.80
  28945.624   309.403     2.55    2.29
  29314.960   309.601     0.54    1.28
  29695.753   309.916     0.83    1.14
  30076.469   310.357     1.16    1.34
  30457.105   310.990     1.66    0.77
  30837.664   310.290    -1.84    2.48
  31218.144   308.381    -5.02    3.85
  31598.546   305.905    -6.51    3.82
  31978.869   304.612    -3.40    2.92
  32359.115   305.453     2.21    3.74
  32739.282   308.290     7.46    4.53
  33119.371   311.668     8.89    3.68
  33499.382   313.755     5.49    1.99
  33879.316   314.746     2.61    1.99
  34259.171   314.870     0.33    2.46
  34638.948   314.623    -0.65    2.78
  35018.648   314.234    -1.02    3.07
  35398.269   314.008    -0.60    3.34
  35777.813   313.197    -2.14    3.58
  36157.279   312.931    -0.70    3.49
  36536.668   312.199    -1.93    3.70
  36915.979   311.569    -1.66    3.91
  37295.212   312.107     1.42    4.82
  37674.368   306.334   -15.22   21.93
  38053.446   284.366   -57.95   43.91
  38432.447   255.197   -76.96   47.80
  38811.370   222.923   -85.17   25.24
  39190.217   212.723   -26.92    3.55
  39568.986   212.436    -0.76    2.10
  39947.677   212.601     0.43    1.71
  40326.292   213.625     2.70    2.05
  40704.829   215.395     4.68    3.35
  41083.289   218.531     8.29    7.35
  41461.672   232.887    37.94   28.56
  41839.978   259.647    70.73   43.04
  42218.207   287.019    72.37   43.31
  42596.360   320.219    87.79   31.58
  42974.435   349.157    76.54   29.49
  43352.434   368.768    51.88   28.27
  43730.355   390.315    57.01   34.99
  44108.200   443.287   140.19   86.79
  44485.969   525.931   218.76  131.25
  44863.660   630.061   275.69  126.90
  45241.276   696.821   176.79   97.59
  45618.814   741.716   118.91   83.10
  45996.276   787.535   121.38  108.18
  46373.662   888.510   267.56  141.14
  46750.971   978.146   237.56  126.20
  47128.204  1024.010   121.58   87.04
  47505.360   989.501   -91.49  117.38
  47882.441   902.279  -231.30  127.89
  48259.445   830.679  -189.91  105.19
  48636.373   791.022  -105.21  102.64
  49013.224   753.868   -98.59  122.14
  49390.000   709.304  -118.27  155.99
  49766.699   648.401  -161.67  162.82
  50143.323   553.322  -252.44  122.04
  50519.871   500.379  -140.59   77.68
  50896.342   474.301   -69.27   39.90
  51272.738   472.401    -5.05   29.17
  51649.058   473.442     2.77   24.55
  52025.303   474.846     3.73   24.05
  52401.471   447.669   -72.24   56.43
  52777.564   415.006   -86.85   70.42
  53153.581   375.534  -104.97   66.96
  53529.523   350.230   -67.30   52.70
  53905.389   335.714   -38.62   41.96
  54281.180   334.062    -4.40   42.23
  54656.895   329.215   -12.90   36.59
  55032.535   326.890    -6.19   28.19
  55408.099   328.681     4.77   22.84
  55783.588   333.968    14.08   24.26
  56159.002   343.041    24.17   24.56
  56534.340   347.001    10.55   19.38
  56909.604   350.982    10.61   18.62
  57284.792   351.546     1.50   19.51
  57659.905   351.433    -0.30   21.72
  58034.943   350.757    -1.80   25.75
  58409.906   351.431     1.80   29.99
  58784.795   353.657     5.94   35.18
  59159.608   353.934     0.74   34.50
  59534.346   352.376    -4.16   33.20
  59909.010   355.681     8.82   32.79
  60283.598   359.348     9.79   33.19
  60658.112   364.889    14.79   34.80
  61032.552   370.657    15.40   37.67
  61406.916   381.590    29.20   46.48
  61781.206   399.931    49.00   57.85
  62155.422   430.489    81.65   70.66
  62529.563   454.084    63.06   66.89
  62903.629   487.837    90.23   61.78
  63277.621   516.074    75.50   48.22
  63651.539   523.953    21.07   49.24
  64025.382   519.546   -11.79   61.65
  64399.151   495.903   -63.25   72.90
  64772.846   470.634   -67.62   73.90
  65146.467   449.842   -55.65   66.93
  65520.013   438.972   -29.10   67.45
  65893.485   439.396     1.14   72.16
  66266.884   438.758    -1.71   72.82
  66640.208   432.054   -17.96   66.41
  67013.458   423.779   -22.17   53.86
  67386.634   413.351   -27.94   35.09
  67759.737   416.503     8.45   32.90
  68132.765   425.450    23.98   44.55
  68505.720   441.906    44.12   62.70
  68878.601   454.684    34.27   72.83
  69251.408   462.458    20.85   77.31
  69624.141   470.636    21.94   82.28
  69996.801   479.253    23.12   85.86
  70369.387   485.438    16.60   89.39
  70741.900   493.320    21.16   90.54
  71114.339   492.785    -1.44   90.26
  71486.705   494.312     4.10   88.26
  71858.997   487.728   -17.69   83.99
  72231.216   491.264     9.50   82.30
  72603.362   484.249   -18.85   77.41
  72975.434   494.601    27.82   78.23
  73347.433   491.885    -7.30   72.64
  73719.359   493.012     3.03   62.53
  74091.211   489.916    -8.33   51.29
  74462.991   491.647     4.66   40.57
  74834.697   495.331     9.91   38.05
  75206.330   493.659    -4.50   35.90
  75577.891   513.893    54.46   66.16
  75949.378   536.249    60.18   93.31
  76320.793   544.961    23.45  106.31
  76692.134   544.380    -1.56  102.80
  77063.403   509.412   -94.18   66.84
  77434.599   498.661   -28.96   47.07
  77805.722   525.781    73.07   83.87
  78176.773   563.030   100.38  117.13
  78547.751   597.118    91.88  131.18
  78918.656   611.288    38.20  131.41
  79289.489   603.961   -19.76  110.30
  79660.249   615.183    30.27  100.83
  80030.937   655.370   108.41  118.67
  80401.552   720.465   175.63  132.94
  80772.095   792.890   195.45  143.48
  81142.565   840.491   128.48  141.53
  81512.964   865.781    68.27  123.06
  81883.290   871.885    16.48  104.12
  82253.543   819.419  -141.69  124.75
  82623.725   783.545   -96.90  114.70
  82993.834   802.722    51.81  128.33
  83363.871   869.368   180.09  168.35
  83733.836   970.015   272.03  163.46
  84103.730  1012.634   115.21  154.04
  84473.551  1000.357   -33.20  169.54
  84843.300   974.545   -69.81  141.66
  85212.977   980.162    15.19  113.17
  85582.583  1027.453   127.94  115.21
  85952.116  1071.430   119.00   86.41
  86321.578  1046.736   -66.83  102.61
  86690.968  1001.048  -123.68  101.75
  87060.287   996.812   -11.47  100.72
  87429.533  1030.555    91.38  143.78
  87798.709  1121.846   247.27  182.78
  88167.812  1229.578   291.86  193.96
  88536.844  1378.365   403.15  190.03
  88905.805  1469.465   246.89  177.50
  89274.694  1533.738   174.22  154.59
  89643.512  1564.501    83.41  160.19
  90012.258  1589.612    68.09  158.92
  90380.933  1648.990   161.05  164.53
  90749.537  1682.787    91.68  159.74
  91118.070  1701.192    49.94  149.94
  91486.531  1714.951    37.34  137.58
  91854.921  1717.797     7.72  130.56
  92223.240  1735.529    48.14  131.54
  92591.488  1730.385   -13.97  131.08
  92959.665  1694.141   -98.43  139.44
  93327.771  1671.916   -60.37  124.89
  93695.806  1626.871  -122.38  105.29
  94063.770  1573.057  -146.24  121.70
  94431.663  1535.203  -102.88  139.76
  94799.486  1446.794  -240.34  141.34
  95167.238  1360.185  -235.49  137.87
  95534.918  1265.033  -258.77  132.33
  95902.529  1186.408  -213.87  135.28
  96270.068  1110.380  -206.84  125.20
  96637.537  1089.379   -57.15  132.31
  97004.935  1107.553    49.46  162.87
  97372.263  1109.348     4.89  165.81
  97739.520  1079.637   -80.89  171.53
  98106.707   962.264  -319.63  171.41
  98473.823   843.291  -324.05  127.73
  98840.869   750.647  -252.39   77.45
  99207.845   699.101  -140.45   52.04
  99574.750   665.466   -91.66   32.85
  99941.585   645.783   -53.65   24.43
 100308.350   628.946   -45.90   21.74
 100675.045   615.242   -37.37   19.13
 101041.670   608.048   -19.62   19.63
 101408.224   620.689    34.48   45.32
 101774.708   641.744    57.45   66.81
 102141.123   676.491    94.82   85.55
 102507.467   704.107    75.38   94.28
 102873.741   702.817    -3.52   97.01
 103239.946   688.682   -38.60   89.46
 103606.081   669.912   -51.26   72.55
 103972.145   667.320    -7.08   80.42
 104352.294   696.728    77.35  104.15
 104732.850   725.601    75.87  123.35
 105113.329   771.545   120.74  138.25
 105493.733   820.325   128.22  137.71
 105874.060   857.264    97.12  124.65
 106254.311   891.555    90.17  125.28
 106634.485   928.578    97.38  123.99
 107014.584   929.071     1.30  122.01
 107394.606   913.567   -40.79  123.32
 107774.553   899.821   -36.18  144.28
 108154.423   879.192   -54.30  156.39
 108534.218   869.911   -24.44  160.37
 108913.937   857.008   -33.98  146.40
 109293.579   849.698   -19.25  143.79
 109673.146   838.468   -29.58  133.13
 110052.638   830.915   -19.90  124.36
 110432.053   834.590     9.68  138.54
 110811.393   852.403    46.96  157.88
 111190.657   865.579    34.74  164.65
 111569.846   894.808    77.08  170.60
 111948.959   910.147    40.46  167.94
 112327.996   884.385   -67.96  158.55
 112706.959   874.309   -26.59  130.11
 113085.845   920.601   122.17  162.72
 113464.657   985.942   172.47  181.57
 113843.393  1072.544   228.64  137.08
 114222.054  1099.453    71.06  138.52
 114600.639  1047.101  -138.27  183.32
 114979.149   946.927  -264.63  192.37
 115357.585   853.397  -247.13  163.43
 115735.945   769.764  -221.02  105.83
 116114.230   712.999  -150.05   52.18
 116492.440   691.280   -57.42   26.76
 116870.575   697.578    16.66   30.02
 117248.635   714.789    45.52   35.29
 117626.621   733.238    48.80   39.62
 118004.531   747.746    38.39   41.77
 118382.367   759.777    31.84   57.61
 118760.128   764.458    12.39   70.87
 119137.814   768.863    11.66   77.07
 119515.426   766.516    -6.21   75.83
 119892.963   761.544   -13.17   70.09
 120270.425   757.369   -11.06   67.67
 120647.813   752.442   -13.06   60.37
 121025.127   755.951     9.30   56.06
 121402.366   783.612    73.32   89.55
 121779.530   808.054    64.80  110.89
 122156.621   827.272    50.96  121.41
 122533.637   853.836    70.45  139.69
 122910.578   891.499    99.91  179.43
 123287.446   912.280    55.14  195.79
 123664.239   882.181   -79.87  186.94
 124040.958   826.206  -148.57  146.02
 124417.604   772.815  -141.74   74.76
 124794.175   768.776   -10.72   63.18
 125170.672   782.815    37.29   72.13
 125547.095   800.066    45.83   90.19
 125923.444   812.158    32.13  115.07
 126299.719   807.810   -11.55  110.49
 126675.921   791.601   -43.08   80.92
 127052.049   811.969    54.15  109.72
 127428.103   877.613   174.54  173.07
 127804.083   955.229   206.42  174.33
 128179.990   971.734    43.90  137.31
 128555.823   974.521     7.41   94.24
 128931.582   990.203    41.73   78.93
 129307.268  1003.716    35.96   78.02
 129682.881  1031.980    75.24   64.92
 130058.420  1043.706    31.22   48.59
 130433.885  1038.739   -13.23   55.03
 130809.278  1038.181    -1.49   89.01
 131184.596  1053.489    40.78  121.25
 131559.842  1096.578   114.82  158.46
 131935.015  1168.635   192.04  177.11
 132310.114  1251.476   220.83  175.72
 132685.140  1328.078   204.24  171.74
 133060.093  1336.031    21.21  195.44
 133434.973  1322.090   -37.19  210.20
 133809.780  1288.135   -90.58  214.73
 134184.514  1238.758  -131.75  182.80
 134559.175  1213.396   -67.69  140.50
 134933.763  1223.500    26.97  125.95
 135308.279  1269.385   122.51  143.83
 135682.721  1363.498   251.31  133.19
 136057.091  1442.741   211.65   97.25
 136431.388  1483.233   108.17   78.05
 136805.612  1522.636   105.28   71.62
 137179.764  1556.062    89.33   83.44
 137553.843  1625.264   184.97  119.86
 137927.850  1737.090   298.96  178.65
 138301.784  1841.072   278.05  167.96
 138675.646  1888.659   127.27  121.06
 139049.435  1852.845   -95.80  139.63
 139423.152  1753.291  -266.36  173.38
 139796.796  1625.866  -341.00  141.72
 140170.368  1541.238  -226.51  119.57
 140543.868  1469.315  -192.54  107.22
 140917.296  1398.351  -190.01  105.47
 141290.652  1309.124  -238.96  119.46
 141663.935  1220.522  -237.34  124.10
 142037.146  1114.857  -283.09   99.66
 142410.286  1039.738  -201.30   81.16
 142783.353   971.907  -181.80   53.65
 143156.348   934.238  -100.98   37.53
 143529.272   904.131   -80.72   26.96
 143902.123   884.192   -53.47   23.44
 144274.903   867.746   -44.11   17.22
 144647.611   859.726   -21.51    8.10
 145020.247   863.943    11.31   14.76
 145392.811   879.774    42.49   26.63
 145765.304   912.854    88.80   54.25
 146137.725  1008.331   256.34  149.67
 146510.074  1150.869   382.76  214.79
 146882.352  1327.772   475.14  233.96
 147254.558  1492.552   442.66  154.91
 147626.693  1557.159   173.59  107.38
 147998.757  1580.058    61.54  109.69
 148370.749  1602.889    61.37  103.14
 148742.670  1649.830   126.20  107.09
 149114.519  1711.446   165.68  100.39
 149486.297  1757.708   124.42   95.44
 149858.004  1767.544    26.46  130.26
 150229.640  1742.742   -66.73  172.36
 150601.205  1674.314  -184.14  199.44
 150972.698  1625.369  -131.74  175.86
 151344.121  1593.999   -84.45  128.34
 151715.472  1609.792    42.52  125.89
 152086.752  1659.219   133.11  136.78
 152457.962  1724.383   175.52  127.24
 152829.100  1799.048   201.16  128.68
 153200.168  1887.476   238.28  170.27
 153571.165  2021.601   361.48  190.96
 153942.091  2113.287   247.15  166.86
 154312.947  2131.997    50.44  161.74
 154683.731  2090.119  -112.93  167.41
 155054.445  1997.808  -248.98  132.77
 155425.089  1928.181  -187.83  124.76
 155795.661  1839.565  -239.10  126.67
 156166.164  1755.854  -225.91  128.48
 156536.596  1679.448  -206.24  113.08
 156906.957  1659.590   -53.61  100.67
 157277.248  1726.882   181.71  190.01
 157647.468  1807.636   218.10  188.29
 158017.618  1870.723   170.42  143.60
 158387.698  1863.923   -18.37  138.08
 158757.708  1801.552  -168.55  124.29
 159127.647  1760.556  -110.81  122.42
 159497.517  1728.416   -86.88  117.72
 159867.316  1709.659   -50.72  128.93
 160237.045  1698.101   -31.26  151.62
 160606.703  1690.291   -21.13  166.71
 160976.292  1641.806  -131.17  173.66
 161345.811  1556.363  -231.20  183.58
 161715.260  1463.797  -250.52  153.35
 162084.639  1428.284   -96.13  117.19
 162453.949  1484.499   152.20  172.95
 162823.188  1601.484   316.79  169.75
 163192.357  1679.462   211.20  111.08
 163561.457  1688.020    23.18  104.46
 163930.487  1621.417  -180.46  119.88
 164299.448  1508.801  -305.19  122.25
 164668.339  1428.392  -217.95  115.45
 165037.160  1383.601  -121.43   79.20
 165405.912  1443.164   161.51  150.44
 165774.594  1561.504   320.94  174.20
 166143.207  1645.036   226.59  116.74
 166511.750  1645.404     1.00  113.11
 166880.224  1552.003  -253.45  152.73
 167248.629  1450.445  -275.64  129.15
 167616.964  1383.141  -182.70   84.08
 167985.230  1353.149   -81.43   38.50
 168353.426  1363.799    28.92   34.62
 168721.554  1392.531    78.04   37.29
 169089.612  1424.661    87.28   34.57
 169457.602  1447.543    62.17   31.50
 169825.522  1475.903    77.07   33.25
 170193.373  1507.229    85.15   44.61
 170561.155  1554.997   129.86   59.06
 170928.868  1598.684   118.79   57.31
 171296.513  1621.472    61.98   41.21
 171664.088  1613.124   -22.71   49.37
 172031.594  1573.504  -107.80   65.15
 172399.032  1515.848  -156.89   60.85
 172766.401  1469.589  -125.90   47.85
 173133.701  1449.049   -55.91   41.30
 173500.933  1447.946    -3.00   50.70
 173868.096  1475.440    74.87   70.05
 174235.190  1499.020    64.22   57.62
 174602.215  1505.706    18.21   54.66
 174969.173  1492.044   -37.22   65.50
 175336.061  1473.754   -49.85   63.43
 175702.881  1481.252    20.44   89.30
 176069.633  1481.322     0.19  126.48
 176436.316  1449.033   -88.05  157.36
 176802.931  1386.939  -169.35  169.62
 177169.478  1310.828  -207.61  133.44
 177535.956  1250.955  -163.35   65.41
 177902.367  1250.101    -2.33   53.11
 178268.709  1295.910   125.03   87.03
 178634.982  1394.095   268.03  144.20
 179011.291  1495.854   270.38  148.69
 179391.695  1530.613    91.36  124.72
 179772.025  1499.601   -81.53  136.86
 180152.280  1441.794  -152.00  109.56
 180532.461  1418.516   -61.22   76.18
 180912.568  1484.751   174.23  111.20
 181292.600  1568.517   220.39  110.37
 181672.559  1626.078   151.47  112.31
 182052.443  1687.420   161.45  128.65
 182432.254  1745.283   152.32  117.30
 182811.990  1750.171    12.87  115.41
 183191.653  1672.911  -203.47  168.85
 183571.242  1523.360  -393.93  181.76
 183950.756  1413.026  -290.68  120.30
 184330.197  1328.387  -223.03   76.52
 184709.564  1264.031  -169.61   87.54
 185088.858  1192.473  -188.63  112.89
 185468.078  1105.493  -229.33   99.42
 185847.224  1039.741  -173.40   66.07
 186226.296  1003.878   -94.59   33.07
 186605.295   993.705   -26.84   10.21
 186984.221  1000.552    18.07   13.96
 187363.073   994.072   -17.10   31.07
 187741.851   990.326    -9.89   39.12
 188120.557   994.090     9.94   49.24
 188499.188  1009.151    39.77   61.04
 188877.747  1036.567    72.41   69.78
 189256.232  1063.232    70.44   79.78
 189634.644  1088.544    66.88   96.82
 190012.983  1121.649    87.49  128.33
 190391.249  1165.799   116.70  170.82
 190769.442  1208.577   113.10  193.44
 191147.561  1255.055   122.90  211.10
 191525.608  1282.159    71.69  223.46
 191903.581  1282.954     2.10  220.22
 192281.482  1217.241  -173.86  219.67
 192659.310  1134.965  -217.73  187.02
 193037.065  1055.661  -209.90  112.61
 193414.747  1027.942   -73.38   59.04
 193792.357  1045.385    46.19   53.79
 194169.893  1105.756   159.88   81.81
 194547.357  1190.415   224.25  125.49
 194924.749  1269.113   208.50  156.09
 195302.068  1329.950   161.21  155.83
 195679.314  1356.890    71.40  150.50
 196056.488  1365.078    21.70  123.87
 196433.589  1371.300    16.50   94.25
 196810.618  1390.988    52.21   94.90
 197187.574  1427.256    96.20  103.73
 197564.459  1506.291   209.67  129.45
 197941.270  1590.639   223.81  129.95
 198318.010  1650.148   157.93  114.58
 198694.677  1679.301    77.39   84.30
 199071.273  1619.682  -158.29  142.26
 199447.796  1481.951  -365.74  179.00
 199824.247  1339.965  -377.11  157.61
 200200.626  1256.239  -222.42   86.55
 200576.933  1268.566    32.75   94.47
 200953.168  1347.614   210.07  125.07
 201329.331  1444.892   258.57  122.82
 201705.422  1539.959   252.74  118.63
 202081.441  1614.475   198.14  110.14
 202457.389  1669.211   145.57   96.34
 202833.264  1677.613    22.35   86.25
 203209.068  1650.747   -71.48  111.50
 203584.801  1580.751  -186.27  137.89
 203960.461  1464.744  -308.76  119.01
 204336.051  1389.647  -199.91  104.64
 204711.568  1364.369   -67.30  106.07
 205087.014  1403.446   104.06  149.69
 205462.389  1446.806   115.49  138.37
 205837.692  1444.624    -5.81  120.24
 206212.923  1378.357  -176.58  126.85
 206588.084  1299.729  -209.55  107.09
 206963.173  1222.268  -206.48   95.34
 207338.191  1169.462  -140.79   93.97
 207713.137  1114.931  -145.41   66.43
 208088.012  1092.900   -58.76   40.78
 208462.817  1092.272    -1.68   37.16
 208837.550  1109.225    45.23   47.82
 209212.212  1162.384   141.86   92.17
 209586.803  1212.659   134.19  115.77
 209961.322  1268.962   150.31  126.58
 210335.771  1300.101    83.15  128.12
 210710.150  1297.625    -6.61  130.20
 211084.457  1285.130   -33.38  125.71
 211458.693  1271.059   -37.59  107.53
 211832.859  1269.194    -4.98  105.90
 212206.954  1278.194    24.05  105.09
 212580.978  1291.446    35.43   99.13
 212954.931  1319.780    75.75   92.74
 213328.814  1347.738    74.76   80.47
 213702.626  1393.154   121.48   72.66
 214076.368  1441.577   129.54   81.57
 214450.039  1504.276   167.76  111.88
 214823.640  1588.229   224.68  151.80
 215197.170  1716.167   342.45  181.98
 215570.630  1783.578   180.47  156.19
 215944.019  1817.731    91.45  106.05
 216317.338  1817.030    -1.88   92.43
 216690.587  1793.380   -63.35   85.13
 217063.766  1772.507   -55.92   99.94
 217436.874  1741.348   -83.50  100.15
 217809.913  1710.322   -83.16   88.48
 218182.881  1686.624   -63.53   75.56
 218555.779  1656.554   -80.63   90.17
 218928.607  1605.436  -137.08   83.92
 219301.365  1576.834   -76.72   80.30
 219674.053  1555.661   -56.80   86.65
 220046.672  1529.307   -70.72   88.61
 220419.220  1475.113  -145.44   98.63
 220791.698  1408.248  -179.48  103.79
 221164.107  1355.565  -141.44   87.76
 221536.446  1316.084  -106.02   85.88
 221908.715  1274.589  -111.44   86.25
 222280.915  1245.486   -78.18   75.90
 222653.044  1210.756   -93.31   27.43
 223025.105  1213.508     7.40   33.47
 223397.095  1226.059    33.73   50.03
 223769.016  1234.648    23.09   62.19
 224140.868  1229.673   -13.37   62.51
 224512.650  1215.659   -37.69   59.08
 224884.363  1196.389   -51.83   51.92
 225256.006  1179.124   -46.45   40.71
 225627.580  1165.501   -36.66   27.06
 225999.085  1161.531   -10.68   19.42
 226370.521  1160.551    -2.64   20.30
 226741.887  1162.962     6.49   21.57
 227113.184  1167.064    11.05   23.63
 227484.412  1170.637     9.62   23.90
 227855.571  1176.501    15.80   24.44
 228226.661  1182.578    16.37   24.67
 228597.681  1191.194    23.22   25.31
 228968.633  1205.520    38.61   30.65
 229339.516  1226.885    57.60   39.63
 229710.330  1259.892    89.00   72.24
 230081.075  1314.999   148.61  121.71
 230451.751  1363.590   131.06  144.86
 230822.359  1393.638    81.06  146.01
 231192.897  1401.119    20.19  143.45
 231563.367  1376.132   -67.43  128.86
 231933.768  1329.989  -124.55  106.29
 232304.101  1302.113   -75.26   81.01
 232674.365  1277.072   -67.62   55.38
 233044.560  1267.673   -25.38   40.87
 233414.687  1275.706    21.70   40.23
 233784.746  1288.683    35.06   42.16
 234154.735  1303.360    39.66   43.03
 234524.657  1308.378    13.56   44.14
 234894.510  1315.729    19.87   41.83
 235264.295  1326.413    28.89   46.88
 235634.011  1356.308    80.85   62.37
 236003.660  1407.020   137.16   77.02
 236373.240  1474.028   181.28   90.16
 236742.751  1530.820   153.67   79.14
 237112.195  1572.914   113.92   53.48
 237481.571  1589.683    45.39   41.02
 237850.878  1594.601    13.32   36.98
 238220.117  1596.590     5.38   28.78
 238589.289  1609.326    34.49   32.80
 238958.392  1639.154    80.80   51.14
 239327.428  1658.039    51.16   46.65
 239696.395  1648.815   -24.99   52.69
 240065.295  1623.651   -68.20   63.71
 240434.127  1576.475  -127.88   63.28
 240802.891  1522.469  -146.42   66.02
 241171.588  1456.684  -178.39   81.54
 241540.216  1391.490  -176.82   83.53
 241908.778  1316.754  -202.74   76.08
 242277.271  1271.872  -121.78   48.83
 242645.697  1254.107   -48.21   28.61
 243014.055  1252.204    -5.17   20.42
 243382.346  1255.776     9.70   15.98
 243750.569  1253.589    -5.94   15.15
 244118.725  1251.662    -5.23   13.22
 244486.814  1257.327    15.39   16.35
 244854.835  1268.747    31.03   14.97
 245222.788  1277.659    24.21    8.91
 245590.675  1284.120    17.56    6.22
 245958.494  1289.851    15.58   10.26
 246326.246  1299.939    27.42   17.30
 246693.931  1318.189    49.63   32.32
 247061.548  1345.464    74.18   52.66
 247429.099  1384.272   105.57   85.87
 247796.582  1426.389   114.59  114.50
 248163.999  1468.970   115.87  129.94
 248531.348  1497.469    77.56  134.36
 248898.631  1508.043    28.79  126.15
 249265.846  1497.613   -28.40  117.14
 249632.995  1487.831   -26.64  107.29
 250000.077  1477.173   -29.03   99.57
 250367.092  1481.746    12.46  102.90
 250734.040  1481.036    -1.93  103.67
 251100.921  1472.312   -23.78   83.46
 251467.736  1470.900    -3.85   80.60
 251834.484  1480.404    25.91   89.82
 252201.165  1502.720    60.85  117.56
 252567.780  1545.589   116.91  153.41
 252934.328  1577.284    86.45  173.48
 253300.810  1621.214   119.85  199.89
 253673.599  1659.136   101.71  208.21
 254053.847  1685.513    69.35  203.96
 254434.024  1700.142    38.47  174.62
 254814.128  1712.478    32.45  130.30
 255194.160  1745.601    87.14  120.84
 255574.119  1795.394   131.02  168.59
 255954.007  1857.196   162.65  189.55
 256333.822  1918.662   161.80  178.75
 256713.565  1970.011   135.19  167.62
 257093.236  2032.241   163.87  161.79
 257472.835  2099.090   176.07  150.30
 257852.362  2170.252   187.46  110.53
 258231.817  2194.223    63.16   88.47
 258611.200  2174.794   -51.20  101.64
 258990.512  2142.897   -84.07  113.46
 259369.751  2145.543     6.97  122.99
 259748.919  2173.164    72.83  116.40
 260128.015  2209.084    94.73   89.15
 260507.039  2226.024    44.69   95.31
 260885.992  2182.236  -115.53  135.03
 261264.873  2146.364   -94.66  145.24
 261643.682  2147.519     3.05  130.03
 262022.420  2171.305    62.79  119.63
 262401.086  2217.077   120.85  103.44
 262779.681  2199.167   -47.30  105.99
 263158.205  2143.149  -147.96  101.86
 263536.657  2081.028  -164.11   84.08
 263915.038  2031.785  -130.11   45.45
 264293.347  2035.481     9.77   64.71
 264671.585  2043.179    20.35   77.27
 265049.752  2021.001   -58.63   97.73
 265427.848  1987.911   -87.50  121.15
 265805.873  1905.719  -217.38  115.79
 266183.826  1833.515  -191.00  123.19
 266561.709  1759.028  -197.07  134.01
 266939.520  1684.873  -196.23  123.43
 267317.261  1614.369  -186.61  114.62
 267694.930  1557.525  -150.48   88.82
 268072.529  1540.827   -44.21   90.95
 268450.057  1569.943    77.11  123.57
 268827.514  1646.966   204.01  148.93
 269204.900  1708.551   163.15  123.19
 269582.216  1717.625    24.04  106.22
 269959.460  1684.901   -86.73  127.33
 270336.635  1615.089  -185.05  122.47
 270713.738  1564.126  -135.12  113.57
 271090.771  1540.345   -63.06  119.99
 271467.733  1509.181   -82.65  125.49
 271844.625  1491.011   -48.20  120.45
 272221.447  1482.796   -21.79  127.87
 272598.198  1479.252    -9.41  117.98
 272974.878  1458.747   -54.42  127.66
 273351.488  1400.276  -155.22  134.56
 273728.028  1323.040  -205.07  122.27
 274104.498  1255.939  -178.20  100.11
 274480.898  1183.684  -191.92   61.40
 274857.227  1141.396  -112.34   46.64
 275233.486  1103.107  -101.74   42.19
 275609.675  1071.589   -83.76   36.73
 275985.794  1045.673   -68.89   24.82
 276361.843  1032.345   -35.44   12.89
 276737.822  1037.403    13.45   23.52
 277113.731  1060.626    61.76   49.43
 277489.570  1111.732   135.95   83.91
 277865.339  1180.811   183.79  107.34
 278241.038  1262.378   217.06  121.40
 278616.668  1347.626   226.90  127.74
 278992.227  1418.792   189.45  119.51
 279367.717  1452.715    90.32  108.84
 279743.138  1486.001    88.64  102.73
 280118.489  1532.114   122.82  103.58
 280493.770  1595.413   168.63  102.17
 280868.981  1653.127   153.78  102.04
 281244.123  1712.119   157.22  112.21
 281619.196  1730.011    47.69   97.28
 281994.199  1671.660  -155.57  148.52
 282369.132  1569.351  -272.81  185.64
 282743.997  1442.732  -337.70  166.59
 283118.792  1334.918  -287.60   96.53
 283493.517  1286.519  -129.13   60.01
 283868.174  1260.449   -69.57   38.71
 284242.761  1256.327   -11.00   40.69
 284617.279  1258.614     6.10   49.37
 284991.728  1273.834    40.64   60.57
 285366.108  1305.651    84.97   79.99
 285740.418  1356.321   135.34  112.37
 286114.660  1409.226   141.34  124.79
 286488.833  1453.742   118.95  143.60
 286862.936  1493.095   105.17  157.83
 287236.971  1496.011     7.79  163.38
 287610.937  1488.070   -21.23  148.18
 287984.834  1438.448  -132.69  138.03
 288358.662  1363.698  -199.91  152.50
 288732.422  1258.276  -281.99  147.22
 289106.113  1149.051  -292.22   91.88
 289479.735  1090.360  -157.05   46.75
 289853.288  1073.801   -44.32   33.25
 290226.773  1102.030    75.56   65.75
 290600.189  1183.451   217.99  124.86
 290973.537  1313.420   348.04  185.77
 291346.816  1472.722   426.66  183.61
 291720.027  1533.625   163.15  132.37
 292093.169  1525.239   -22.47  134.78
 292466.243  1454.554  -189.42  132.25
 292839.249  1379.517  -201.12  110.46
 293212.186  1357.778   -58.28  133.87
 293585.055  1347.058   -28.74  132.74
 293957.856  1334.126   -34.68   96.13
 294330.589  1356.223    59.27   76.40
 294703.253  1392.331    96.87   81.54
 295075.849  1454.144   165.86   88.64
 295448.378  1523.138   185.16  120.63
 295820.838  1613.589   242.79  127.35
 296193.230  1654.154   108.91  103.96
 296565.554  1691.799   101.08  112.10
 296937.810  1718.613    72.02  126.15
 297309.999  1713.638   -13.36  116.36
 297682.119  1677.903   -96.01  134.01
 298054.172  1613.577  -172.86  160.83
 298426.157  1523.126  -243.10  148.07
 298798.074  1441.157  -220.34  149.08
 299169.923  1382.822  -156.84  149.83
 299541.705  1319.601  -170.01  119.45
 299913.419  1278.811  -109.71   85.45
 300285.066  1267.404   -30.69   80.94
 300656.645  1287.189    53.24  109.60
 301028.156  1304.589    46.82  132.70
 301399.600  1318.216    36.68  142.33
 301770.976  1282.999   -94.81  133.49
 302142.285  1230.989  -140.04  118.19
 302513.527  1176.753  -146.06   85.68
 302884.701  1140.396   -97.93   50.36
 303255.808  1119.050   -57.51   24.32
 303626.848  1104.578   -39.00   32.65
 303997.820  1086.171   -49.61   34.10
 304368.726  1062.408   -64.05   30.14
 304739.564  1041.037   -57.62   16.74
 305110.335  1035.673   -14.46   14.03
 305481.039  1042.876    19.43   23.60
 305851.676  1069.744    72.47   38.53
 306222.245  1110.434   109.78   48.60
 306592.748  1163.360   142.81   70.54
 306963.184  1223.050   161.09   83.06
 307333.553  1297.966   202.22  125.25
 307703.855  1357.588   160.97  131.05
 308074.090  1375.089    47.26  124.37
 308444.259  1367.314   -21.00  107.97
 308814.361  1359.089   -22.22   71.83
 309184.396  1372.107    35.17   69.94
 309554.364  1404.023    86.24   84.72
 309924.266  1434.408    82.12   90.96
 310294.101  1449.684    41.30   83.48
 310663.869  1449.314    -1.00   71.66
 311033.571  1432.565   -45.29   77.87
 311403.206  1405.054   -74.41   78.21
 311772.775  1367.638  -101.22   60.72
 312142.278  1330.808   -99.65   54.69
 312511.714  1300.217   -82.79   58.46
 312881.083  1280.134   -54.35   48.91
