# NaN NaN NaN ;Mean Elev.(m), Avg Gradient(m/km), RMS Gradient(m/km) - SRTM1     
#   12.585   0.478   3.696 ;Mean Elev.(m), Avg Gradient(m/km), RMS Gradient(m/km) - ASTER GDEM
#   14.464  -0.016   0.160 ;Mean Elev.(m), Avg Gradient(m/km), RMS Gradient(m/km) - GMTED2010 
  7     1.941 52474.22736298 29.54 225.911603  68.472674 33.985
  7     1.819 52474.22736362 17.98 225.907733  68.475714 33.985
  7     1.798 52474.22736427 25.98 225.903863  68.478744 33.985
  8    -4.188 52509.22732810 22.08 225.918064  68.478956 28.575
  8    -4.173 52509.22732874 23.41 225.914194  68.481986 28.575
  8    -4.183 52509.22732939 27.01 225.910324  68.485026 28.575
  8    -3.986 52509.22733003 28.24 225.906444  68.488056 28.575
  8    -4.203 52509.22733067 29.43 225.902574  68.491086 28.575
  8    -4.145 52509.22733132 28.16 225.898694  68.494116 28.575
  8    -4.386 52509.22733196 27.24 225.894817  68.497151 33.010
  8    -4.164 52509.22733261 26.23 225.890947  68.500191 33.010
  8    -2.991 52509.22733325 26.50 225.887067  68.503221 33.010
  9     0.957 52544.22732448 28.36 225.908514  68.471687 30.144
  9     1.005 52544.22732512 26.57 225.904648  68.474722 27.389
  9     1.159 52544.22732577 27.62 225.900768  68.477762 27.389
 10     1.125 52579.22736482 31.10 225.909527  68.472206  9.115
 10     1.193 52579.22736547 29.61 225.905657  68.475236  9.115
 10     1.265 52579.22736611 30.58 225.901777  68.478276  9.115
 11     0.928 52614.22733200 24.70 225.918827  68.476515  7.426
 11     1.515 52614.22733264 22.44 225.914957  68.479545  7.426
 11     2.164 52614.22733329 21.77 225.911077  68.482575  7.426
 11     2.624 52614.22733393 20.13 225.907207  68.485615  7.426
 11     2.743 52614.22733522 19.98 225.899467  68.491675  7.426
 11     2.647 52614.22733586 20.05 225.895587  68.494705  7.426
 11     2.845 52614.22733651 20.07 225.891707  68.497745  7.426
 11     3.382 52614.22733715 19.28 225.887837  68.500775  7.426
 11     3.645 52614.22733780 20.10 225.883957  68.503805  7.426
 12     0.823 52649.22731220 21.01 225.911741  68.473366  4.040
 12     0.921 52649.22731284 20.74 225.907871  68.476396  4.040
 12     1.393 52649.22731348 20.18 225.903991  68.479436  4.040
 12     2.915 52649.22731800 20.26 225.876861  68.500656  4.040
 13     2.109 52684.22729357 18.70 225.921674  68.479197  3.761
 13     2.726 52684.22729422 17.95 225.917804  68.482227  3.761
 13     2.964 52684.22729486 17.95 225.913924  68.485257  3.761
 13     3.147 52684.22729551 17.88 225.910054  68.488297  3.761
 13     3.146 52684.22729615 18.52 225.906184  68.491327  3.761
 13     3.022 52684.22729680 18.87 225.902304  68.494357  3.761
 13     2.954 52684.22729744 19.40 225.898424  68.497387  3.761
 13     3.338 52684.22729809 19.72 225.894549  68.500420  5.277
 13     3.550 52684.22729873 19.86 225.890669  68.503460  5.277
 14     1.272 52719.22734653 16.48 225.910992  68.472285  2.230
 14     0.931 52719.22734717 15.82 225.907122  68.475315  2.230
 14     1.238 52719.22734782 15.58 225.903252  68.478345  2.230
 16     4.008 52789.22731826 36.36 225.900191  68.469122 40.393
 16     4.176 52789.22731890 34.16 225.896321  68.472152 40.393
 16     4.045 52789.22731954 30.98 225.892451  68.475182 40.393
 17     1.815 52824.22738916 21.18 225.905101  68.472163 32.726
 17     1.804 52824.22738981 17.07 225.901231  68.475193 32.726
 17     1.946 52824.22739045 33.89 225.897361  68.478223 32.726
 18     2.023 52859.22743559 21.42 225.907219  68.473747 27.068
 18     2.030 52859.22743624 19.31 225.903349  68.476777 27.068
 19     1.374 52894.22746673 42.89 225.912483  68.474461 36.472
 19     1.255 52894.22746737 27.53 225.908603  68.477501 36.472
 19     1.298 52894.22746802 31.03 225.904733  68.480531 36.472
 19     1.559 52894.22747189 31.79 225.881483  68.498731 36.472
 19     1.570 52894.22747253 31.61 225.877603  68.501761 36.472
 19     3.059 52894.22747317 22.91 225.873723  68.504791 36.472
 20     0.932 52929.22741735 35.98 225.921692  68.479881 24.866
 20     2.917 52929.22741799 27.07 225.917812  68.482921 24.866
 20     2.608 52929.22741864 33.40 225.913942  68.485951 24.866
 20     2.799 52929.22741928 34.62 225.910072  68.488981 24.866
 20     3.042 52929.22741993 32.39 225.906202  68.492021 24.866
 20     2.959 52929.22742057 31.26 225.902322  68.495051 24.866
 20     3.050 52929.22742122 29.35 225.898452  68.498081 24.866
 20     3.621 52929.22742186 29.61 225.894572  68.501121 24.866
 20     3.817 52929.22742251 31.26 225.890702  68.504151 24.866
 21     0.234 52964.22740103 24.39 225.908350  68.469915  5.628
 21     0.349 52964.22740167 23.72 225.904470  68.472945  5.628
 21     0.488 52964.22740231 23.24 225.900600  68.475975  5.628
 22     1.127 52999.22743809 14.87 225.909276  68.474117  2.569
 22     1.211 52999.22743873 15.21 225.905406  68.477147  2.569
 22     1.512 52999.22743938 15.03 225.901536  68.480177  2.569
 22     2.966 52999.22744389 15.92 225.874403  68.501408  2.870
 23     2.625 53034.22739060 12.93 225.918974  68.480215  2.360
 23     2.859 53034.22739124 13.11 225.915104  68.483245  2.360
 23     2.797 53034.22739189 13.04 225.911224  68.486285  2.360
 23     2.929 53034.22739253 13.53 225.907354  68.489315  2.360
 23     2.806 53034.22739317 14.01 225.903484  68.492345  2.360
 23     2.818 53034.22739382 14.17 225.899604  68.495385  2.360
 23     2.996 53034.22739446 14.53 225.895734  68.498415  2.360
 23     3.233 53034.22739511 14.67 225.891854  68.501445  2.360
 23     3.484 53034.22739575 14.99 225.887974  68.504475  2.360
 24     1.497 53069.22740563 13.14 225.913519  68.472844  2.720
 24     1.627 53069.22740627 13.36 225.909649  68.475884  2.720
 24     1.898 53069.22740692 13.22 225.905769  68.478914  2.720
 24     2.673 53069.22741143 15.19 225.878640  68.500143  3.235
 24     3.415 53069.22741207 14.33 225.874760  68.503173  3.235
 25     3.004 53104.22739235 10.90 225.922242  68.480432  3.218
 25     3.279 53104.22739300 12.17 225.918372  68.483462  3.218
 25     3.331 53104.22739364 14.29 225.914502  68.486502  3.218
 25     3.236 53104.22739429 14.53 225.910622  68.489532  3.218
 25     2.942 53104.22739493 12.29 225.906752  68.492562  3.218
 25     3.022 53104.22739558 15.21 225.902882  68.495602  3.218
 25     3.167 53104.22739622 11.53 225.899002  68.498632  3.218
 25     3.277 53104.22739687 12.32 225.895132  68.501662  3.218
 25     3.630 53104.22739751 12.16 225.891252  68.504692  3.218
 26     1.252 53139.22741108 23.28 225.908884  68.473406 14.450
 26     0.548 53139.22741173 19.62 225.905004  68.476436 14.450
 26    -0.021 53139.22741237 14.94 225.901134  68.479466 14.450
 28     1.140 53209.22746677 41.23 225.912375  68.475946 42.330
 28     1.065 53209.22746742 50.40 225.908505  68.478976 42.330
 28     1.209 53209.22746806 40.29 225.904635  68.482016 42.330
 28     1.064 53209.22747129 53.70 225.885265  68.497176 42.330
 28     1.112 53209.22747193 53.68 225.881385  68.500206 42.330
 28     1.132 53209.22747258 52.76 225.877504  68.503245 48.878
 28     1.119 53209.22747322 48.98 225.873624  68.506275 48.878
 29     0.524 53244.22743443 25.84 225.920023  68.476866 22.252
 29     0.647 53244.22743507 23.82 225.916153  68.479896 22.252
 29     1.279 53244.22743572 22.60 225.912273  68.482936 22.252
 29     2.335 53244.22743636 20.43 225.908403  68.485966 22.252
 29     2.024 53244.22743765 23.23 225.900653  68.492036 22.252
 29     2.271 53244.22743829 23.46 225.896783  68.495066 22.252
 29     0.675 53244.22743894 26.08 225.892903  68.498096 22.252
 29     0.571 53244.22743958 30.35 225.889023  68.501126 22.252
 29     0.501 53244.22744023 36.80 225.885151  68.504157 40.494
 30     0.502 53279.22741259 23.44 225.903895  68.467869 24.092
 30     1.878 53279.22741323 22.01 225.900015  68.470899 24.092
 30     0.962 53279.22741388 20.29 225.896145  68.473939 24.092
 31     0.359 53314.22743659 32.73 225.912548  68.471901  7.558
 31     0.475 53314.22743723 34.09 225.908668  68.474931  7.558
 31     0.553 53314.22743788 35.34 225.904798  68.477971  7.558
 31     0.597 53314.22744303 35.61 225.873795  68.502229  7.382
 32     1.259 53349.22740307 25.71 225.918295  68.477236  4.408
 32     1.448 53349.22740371 25.32 225.914415  68.480276  4.408
 32     0.552 53349.22740436 25.95 225.910545  68.483306  4.408
 32     0.459 53349.22740500 26.41 225.906675  68.486336  4.408
 32     1.113 53349.22740629 28.15 225.898925  68.492406  4.408
 32     1.787 53349.22740694 26.69 225.895045  68.495436  4.408
 32     2.011 53349.22740758 26.55 225.891175  68.498466  4.408
 32     2.512 53349.22740822 26.07 225.887293  68.501496  4.363
 32     3.374 53349.22740887 24.39 225.883413  68.504536  4.363
 33     0.606 53384.22737613 18.53 225.905158  68.469320  2.619
 33     0.709 53384.22737678 17.69 225.901288  68.472350  2.619
 33     0.833 53384.22737742 18.18 225.897418  68.475390  2.619
 34     1.808 53419.22738402 15.95 225.916659  68.479367  2.486
 34     1.907 53419.22738467 16.29 225.912789  68.482397  2.486
 34     2.349 53419.22738531 16.22 225.908919  68.485427  2.486
 34     2.521 53419.22738660 16.08 225.901169  68.491497  2.486
 34     2.582 53419.22738725 16.76 225.897289  68.494527  2.486
 34     2.642 53419.22738789 16.94 225.893409  68.497557  2.486
 34     3.211 53419.22738854 16.61 225.889530  68.500596  3.005
 34     3.476 53419.22738918 16.76 225.885660  68.503626  3.005
 35     0.911 53454.22738844 14.85 225.902788  68.468987  2.629
 35     1.011 53454.22738909 14.80 225.898918  68.472017  2.629
 35     0.890 53454.22738973 14.79 225.895048  68.475047  2.629
 36     0.996 53489.22747385 19.91 225.907865  68.470591 16.312
 36     0.531 53489.22747450 20.01 225.903995  68.473631 16.312
 36     0.163 53489.22747514 17.33 225.900125  68.476661 16.312
 37     3.196 53524.22746150 30.38 225.914175  68.476144 29.417
 37     2.578 53524.22746215 29.09 225.910295  68.479174 29.417
 37     2.822 53524.22746279 27.46 225.906425  68.482204 29.417
 37     3.066 53524.22746602 28.85 225.887050  68.497367 35.170
 37     3.339 53524.22746666 27.08 225.883170  68.500407 35.170
 37     4.016 53524.22746730 25.51 225.879290  68.503437 35.170
 38     1.818 53559.22748768 36.51 225.912251  68.473111 36.637
 38     1.760 53559.22748832 26.65 225.908381  68.476151 36.637
 38     1.995 53559.22748897 30.86 225.904511  68.479181 36.637
 38     1.978 53559.22749348 32.95 225.877380  68.500414 37.053
 38     1.768 53559.22749412 32.38 225.873500  68.503444 37.053
 39     2.476 53594.22742743 32.66 225.918200  68.485804 30.484
 39     2.620 53594.22742808 31.72 225.914320  68.488844 30.484
 39     3.304 53594.22742872 22.57 225.910450  68.491874 30.484
 39     3.363 53594.22742937 20.23 225.906570  68.494904 30.484
 39     3.418 53594.22743001 20.09 225.902700  68.497944 30.484
 39     3.863 53594.22743066 23.37 225.898823  68.500969 36.690
 39     4.028 53594.22743130 31.72 225.894943  68.504009 36.690
 40     0.787 53629.22741705 19.61 225.896473  68.466459 28.563
 40     1.367 53629.22741769 17.76 225.892603  68.469489 28.563
 40     1.444 53629.22741834 27.24 225.888733  68.472519 28.563
 41     1.119 53664.22744205 24.85 225.908217  68.473824 14.557
 41     1.021 53664.22744269 23.83 225.904337  68.476864 14.557
 41     1.142 53664.22744334 25.11 225.900467  68.479894 14.557
 42     2.546 53699.22740059 16.96 225.919206  68.477336  4.731
 42     2.294 53699.22740123 16.90 225.915336  68.480376  4.731
 42     2.944 53699.22740188 15.72 225.911466  68.483406  4.731
 42     2.740 53699.22740252 16.44 225.907586  68.486436  4.731
 42     2.735 53699.22740381 16.90 225.899836  68.492506  4.731
 42     2.937 53699.22740445 16.80 225.895966  68.495536  4.731
 42     3.032 53699.22740510 17.06 225.892086  68.498566  4.731
 42     3.660 53699.22740574 16.27 225.888211  68.501597  6.650
 42     3.776 53699.22740639 17.40 225.884331  68.504637  6.650
 43     3.429 53734.22732546 15.71 225.915664  68.491327  4.413
 43     3.413 53734.22732611 16.39 225.911794  68.494357  4.413
 43     3.296 53734.22732675 18.84 225.907924  68.497387  4.413
 43     3.403 53734.22732740 20.25 225.904044  68.500427  4.413
 44     1.038 53769.22730616 16.94 225.915535  68.473443  3.648
 44     1.207 53769.22730680 16.36 225.911665  68.476473  3.648
 44     1.591 53769.22730745 16.53 225.907795  68.479513  3.648
 44     2.107 53769.22730809 16.63 225.903925  68.482543  3.648
 44     2.556 53769.22731132 18.16 225.884535  68.497703  3.648
 44     3.195 53769.22731196 17.80 225.880655  68.500739  4.105
 44     3.378 53769.22731261 18.16 225.876775  68.503769  4.105
 45     2.668 53804.22730288 15.46 225.923179  68.480056  3.066
 45     3.055 53804.22730352 15.36 225.919309  68.483086  3.066
 45     3.125 53804.22730417 15.17 225.915439  68.486116  3.066
 45     3.257 53804.22730481 15.58 225.911559  68.489156  3.066
 45     3.089 53804.22730546 16.57 225.907689  68.492186  3.066
 45     3.160 53804.22730610 17.09 225.903809  68.495216  3.066
 45     3.218 53804.22730674 17.46 225.899939  68.498246  3.066
 45     3.279 53804.22730739 18.07 225.896060  68.501280  4.273
 45     3.785 53804.22730803 17.59 225.892180  68.504320  4.273
 46     0.900 53839.22732122 14.24 225.904012  68.469252  3.502
 46     1.085 53839.22732186 14.08 225.900142  68.472282  3.502
 46     1.295 53839.22732251 13.79 225.896272  68.475322  3.502
 47     3.692 53874.22736787 36.50 225.912343  68.473118 52.469
 47     3.593 53874.22736851 30.49 225.908463  68.476158 52.469
 47     3.862 53874.22736916 35.88 225.904593  68.479188 52.469
 47     3.766 53874.22737367 48.30 225.877458  68.500417 42.291
 47     3.597 53874.22737432 32.32 225.873578  68.503447 42.291
 48     2.292 53909.22741247 24.27 225.906272  68.472105 37.210
 48     2.521 53909.22741312 28.91 225.902392  68.475145 37.210
 48     2.619 53909.22741376 31.58 225.898522  68.478175 37.210
 49     1.489 53944.22743537 24.22 225.907478  68.473916 29.709
 49     1.637 53944.22743602 23.92 225.903608  68.476956 29.709
 50     0.974 53979.22738503 27.70 225.919880  68.478464 28.269
 50     0.764 53979.22738567 27.88 225.916010  68.481504 28.269
 50     0.610 53979.22738632 28.76 225.912140  68.484534 28.269
 50    -0.092 53979.22738696 30.87 225.908260  68.487564 28.269
 50    -0.636 53979.22738761 30.10 225.904390  68.490604 28.269
 50     1.302 53979.22738825 23.99 225.900520  68.493634 28.269
 50     1.163 53979.22738890 23.05 225.896640  68.496664 28.269
 50     3.014 53979.22738954 21.53 225.892770  68.499694 28.269
 50     3.937 53979.22739019 21.07 225.888884  68.502728 35.661
 50     3.929 53979.22739083 28.55 225.885014  68.505768 35.661
 51     0.738 54014.22739792 45.74 225.902670  68.469489 33.698
 51     0.740 54014.22739856 24.52 225.898800  68.472519 33.698
 51     1.313 54014.22739921 20.53 225.894930  68.475559 33.698
 52     0.360 54049.22740418 35.79 225.916388  68.476637 15.021
 52     0.341 54049.22740482 37.84 225.912518  68.479667 15.021
 52     0.375 54049.22740547 34.07 225.908648  68.482707 15.021
 52     0.383 54049.22740805 36.11 225.893148  68.494837 15.021
 52     0.376 54049.22740869 42.52 225.889268  68.497867 15.021
 52     0.326 54049.22740933 43.32 225.885388  68.500897 15.021
 52     0.237 54049.22740998 43.20 225.881509  68.503933  8.987
 54     3.447 54119.22732790 18.03 225.915635  68.491057  3.031
 54     3.400 54119.22732854 18.55 225.911765  68.494087  3.031
 54     3.435 54119.22732918 19.32 225.907885  68.497117  3.031
 54     3.499 54119.22732983 20.77 225.904015  68.500157  3.031
 55     1.130 54154.22735244 16.92 225.911075  68.476098  2.770
 55     1.228 54154.22735309 16.77 225.907195  68.479138  2.770
 55     1.458 54154.22735373 16.93 225.903325  68.482168  2.770
 55     2.465 54154.22735696 17.44 225.883945  68.497328  2.770
 55     2.936 54154.22735760 17.83 225.880074  68.500368  3.244
 55     3.260 54154.22735825 17.64 225.876194  68.503398  3.244
 56     3.017 54189.22732209 16.08 225.918510  68.484518  3.815
 56     3.169 54189.22732273 15.73 225.914630  68.487548  3.815
 56     3.129 54189.22732337 16.13 225.910760  68.490578  3.815
 56     3.113 54189.22732402 16.25 225.906890  68.493618  3.815
 56     3.126 54189.22732466 17.84 225.903010  68.496648  3.815
 56     3.249 54189.22732531 18.09 225.899140  68.499678  3.815
 56     3.545 54189.22732595 18.19 225.895260  68.502718  3.815
 57     1.234 54224.22736239 15.28 225.910260  68.472359  4.207
 57     1.316 54224.22736304 15.91 225.906390  68.475389  4.207
 57     1.483 54224.22736368 14.02 225.902510  68.478429  4.207
 58     3.237 54259.22738366 22.96 225.914827  68.474026 24.927
 58     2.484 54259.22738431 23.48 225.910957  68.477056 24.927
 58     2.528 54259.22738495 25.04 225.907077  68.480096 24.927
 58     2.622 54259.22738882 25.72 225.883827  68.498286 24.927
 58     3.443 54259.22738946 22.59 225.879947  68.501326 24.927
 58     4.036 54259.22739011 23.51 225.876067  68.504356 24.927
 59     1.896 54294.22738727 18.90 225.912520  68.476294 28.364
 59     2.142 54294.22738792 17.83 225.908650  68.479334 28.364
 59     2.079 54294.22738856 37.72 225.904780  68.482364 28.364
 59     2.033 54294.22739179 27.54 225.885400  68.497524 28.364
 59     2.051 54294.22739243 29.78 225.881520  68.500564 28.364
 59     2.051 54294.22739307 24.17 225.877640  68.503594 28.364
 60     1.413 54329.22738127 26.80 225.919391  68.477304 22.007
 60     1.478 54329.22738192 28.66 225.915521  68.480344 22.007
 60     1.838 54329.22738256 30.62 225.911641  68.483374 22.007
 60     1.698 54329.22738320 29.11 225.907771  68.486404 22.007
 60     2.050 54329.22738385 23.38 225.903901  68.489434 22.007
 60     1.934 54329.22738449 20.77 225.900021  68.492474 22.007
 60     2.798 54329.22738514 18.26 225.896151  68.495504 22.007
 60     3.015 54329.22738578 18.44 225.892271  68.498534 22.007
 60     3.553 54329.22738643 19.96 225.888391  68.501574 22.007
 60     3.747 54329.22738707 22.73 225.884511  68.504604 22.007
 61     3.261 54364.22732977 23.03 225.915324  68.488154 25.492
 61     3.362 54364.22733041 20.71 225.911444  68.491184 25.492
 61     3.407 54364.22733106 18.25 225.907574  68.494224 25.492
 61     3.379 54364.22733170 20.64 225.903694  68.497254 25.492
 61     3.551 54364.22733235 20.37 225.899824  68.500284 25.492
 61     3.918 54364.22733299 28.22 225.895944  68.503324 25.492
 62     1.643 54399.22732143 41.86 225.914760  68.473995 20.465
 62     1.626 54399.22732208 43.29 225.910890  68.477025 20.465
 62     1.544 54399.22732272 35.84 225.907020  68.480055 20.465
 62     1.545 54399.22732659 39.66 225.883760  68.498255 20.465
 62     1.513 54399.22732724 46.18 225.879880  68.501285 20.465
 62     1.620 54399.22732788 46.70 225.876000  68.504315 20.465
 63     1.590 54434.22728008 24.63 225.921247  68.480271  8.345
 63     0.685 54434.22728072 35.72 225.917377  68.483301  8.345
 63     0.600 54434.22728137 37.57 225.913497  68.486341  8.345
 63     2.682 54434.22728201 25.74 225.909627  68.489371  8.345
 63     2.855 54434.22728266 22.19 225.905757  68.492401  8.345
 63     2.705 54434.22728330 24.49 225.901877  68.495441  8.345
 63     2.526 54434.22728395 25.86 225.898007  68.498471  8.345
 63     2.158 54434.22728459 28.08 225.894127  68.501501  8.345
 63     3.348 54434.22728523 26.77 225.890247  68.504541  8.345
 64     0.811 54469.22730429 21.45 225.910215  68.472327  4.159
 64     0.772 54469.22730494 22.23 225.906345  68.475357  4.159
 64     0.933 54469.22730558 21.82 225.902475  68.478387  4.159
 65     2.362 54504.22729506 15.39 225.919150  68.480364  2.466
 65     3.037 54504.22729571 15.34 225.915280  68.483394  2.466
 65     3.048 54504.22729635 15.10 225.911410  68.486434  2.466
 65     2.981 54504.22729700 14.96 225.907540  68.489464  2.466
 65     2.799 54504.22729764 15.03 225.903660  68.492494  2.466
 65     2.771 54504.22729829 15.49 225.899790  68.495524  2.466
 65     2.851 54504.22729893 15.70 225.895910  68.498564  2.466
 65     3.035 54504.22729958 15.79 225.892040  68.501594  2.466
 65     3.246 54504.22730022 15.67 225.888160  68.504624  2.466
 66     1.301 54539.22731993 15.18 225.916300  68.475324  2.774
 66     2.342 54539.22732058 14.82 225.912430  68.478354  2.774
 66     2.385 54539.22732122 14.59 225.908560  68.481384  2.774
 66     2.520 54539.22732445 15.05 225.889180  68.496555  3.464
 66     2.752 54539.22732509 15.16 225.885300  68.499585  3.464
 66     3.100 54539.22732574 15.56 225.881420  68.502615  3.464
 66     3.453 54539.22732638 15.06 225.877540  68.505645  3.464
 67     2.872 54574.22729563 13.58 225.922393  68.480391  3.061
 67     3.149 54574.22729627 13.74 225.918523  68.483431  3.061
 67     3.310 54574.22729692 13.61 225.914653  68.486461  3.061
 67     3.286 54574.22729756 14.18 225.910773  68.489491  3.061
 67     3.068 54574.22729821 14.71 225.906903  68.492531  3.061
 67     2.995 54574.22729885 14.92 225.903023  68.495561  3.061
 67     3.225 54574.22729949 15.05 225.899153  68.498591  3.061
 67     3.424 54574.22730014 14.67 225.895273  68.501631  3.061
 67     3.614 54574.22730078 14.79 225.891399  68.504656  4.575
 68     4.496 54609.22731263 41.13 225.914648  68.474534 40.930
 68     4.346 54609.22731327 28.78 225.910768  68.477574 40.930
 68     4.383 54609.22731392 31.33 225.906898  68.480604 40.930
 68     4.417 54609.22731779 38.08 225.883647  68.498805 40.681
 68     4.412 54609.22731843 35.00 225.879767  68.501835 40.681
 68     4.479 54609.22731908 36.51 225.875887  68.504865 40.681
 69     2.121 54644.22732053 21.14 225.916253  68.474781 27.027
 69     1.750 54644.22732117 23.39 225.912383  68.477821 27.027
 69     2.043 54644.22732182 25.83 225.908513  68.480851 27.027
 69     2.498 54644.22732504 22.63 225.889133  68.496011 27.027
 69     1.963 54644.22732568 26.64 225.885260  68.499042 34.132
 69     1.941 54644.22732633 26.73 225.881380  68.502082 34.132
 69     4.059 54644.22732697 25.03 225.877500  68.505112 34.132
 70     2.055 54679.22732232 21.27 225.913932  68.475387 26.754
 70     1.724 54679.22732296 20.12 225.910062  68.478427 26.754
 70     2.097 54679.22732361 25.03 225.906182  68.481457 26.754
 70     1.821 54679.22732683 24.61 225.886812  68.496617 26.754
 70     1.769 54679.22732748 28.07 225.882931  68.499648 36.972
 70     1.823 54679.22732812 29.77 225.879051  68.502688 36.972
 70     3.792 54679.22732877 24.89 225.875171  68.505718 36.972
 71     1.241 54714.22727623 36.16 225.916305  68.487864 33.953
 71     2.867 54714.22727687 28.37 225.912435  68.490894 33.953
 71     3.089 54714.22727752 25.68 225.908565  68.493934 33.953
 71     3.234 54714.22727816 25.28 225.904685  68.496964 33.953
 71     1.272 54714.22727881 29.59 225.900815  68.499994 33.953
 71     1.313 54714.22727945 42.46 225.896935  68.503024 33.953
 72     0.893 54749.22729170 27.07 225.910655  68.472710 15.210
 72     0.538 54749.22729234 29.28 225.906785  68.475750 15.210
 72     1.269 54749.22729299 25.36 225.902905  68.478780 15.210
 73     0.566 54784.22726193 26.96 225.920229  68.476981 10.753
 73     0.431 54784.22726257 30.55 225.916359  68.480021 10.753
 73     0.413 54784.22726322 41.60 225.912489  68.483051 10.753
 73     0.458 54784.22726386 35.48 225.908609  68.486081 10.753
 73     1.858 54784.22726451 28.83 225.904739  68.489121 10.753
 73     2.067 54784.22726515 27.83 225.900869  68.492151 10.753
 73     2.001 54784.22726580 29.17 225.896989  68.495181 10.753
 73     2.398 54784.22726644 28.68 225.893109  68.498211 10.753
 73     2.492 54784.22726709 27.89 225.889230  68.501242  6.308
 73     3.412 54784.22726773 26.80 225.885360  68.504282  6.308
 74     1.017 54819.22728421 20.34 225.910860  68.473048  3.401
 74     1.005 54819.22728485 19.92 225.906980  68.476088  3.401
 74     1.235 54819.22728550 19.77 225.903110  68.479118  3.401
 75     2.466 54854.22725919 16.50 225.917990  68.478759  2.564
 75     2.810 54854.22725984 16.63 225.914110  68.481799  2.564
 75     2.654 54854.22726048 16.62 225.910240  68.484829  2.564
 75     2.889 54854.22726113 16.36 225.906370  68.487859  2.564
 75     2.873 54854.22726177 16.54 225.902490  68.490899  2.564
 75     2.910 54854.22726241 17.22 225.898620  68.493929  2.564
 75     3.011 54854.22726306 16.97 225.894740  68.496959  2.564
 75     3.386 54854.22726370 17.11 225.890870  68.499989  2.564
 75     3.508 54854.22726435 17.89 225.886987  68.503021  3.654
 75     3.736 54854.22726499 18.09 225.883107  68.506061  3.654
 76     1.228 54889.22728919 15.04 225.913204  68.475097  2.536
 76     2.132 54889.22728984 15.02 225.909334  68.478137  2.536
 76     1.908 54889.22729048 14.88 225.905454  68.481167  2.536
 76     2.833 54889.22729435 15.90 225.882206  68.499365  3.160
 76     3.257 54889.22729499 15.66 225.878326  68.502395  3.160
 76     3.485 54889.22729564 15.83 225.874446  68.505425  3.160
 77     3.429 54924.22726014 13.79 225.916856  68.486223  2.546
 77     3.412 54924.22726079 14.11 225.912986  68.489253  2.546
 77     3.238 54924.22726143 13.92 225.909106  68.492293  2.546
 77     3.309 54924.22726207 15.66 225.905236  68.495323  2.546
 77     3.319 54924.22726272 15.23 225.901366  68.498353  2.546
 77     3.653 54924.22726336 15.12 225.897486  68.501383  2.546
 78     1.599 54959.22728678 24.29 225.908161  68.473724 18.976
 78     1.737 54959.22728743 27.38 225.904291  68.476754 18.976
 78     2.431 54959.22728807 24.04 225.900411  68.479784 18.976
 79     2.131 54994.22730914 25.72 225.911054  68.476063 40.547
 79     2.415 54994.22730979 26.63 225.907184  68.479093 40.547
 79     2.608 54994.22731043 26.52 225.903304  68.482123 40.547
 79     2.582 54994.22731430 23.77 225.880057  68.500325 35.210
 79     3.862 54994.22731494 21.31 225.876177  68.503355 35.210
 80     1.725 55029.22729918 20.76 225.915045  68.476929 32.069
 80     2.026 55029.22729983 23.11 225.911175  68.479959 32.069
 80     2.068 55029.22730047 30.08 225.907295  68.482989 32.069
 80     2.496 55029.22730305 19.32 225.891805  68.495119 32.069
 80     2.619 55029.22730369 21.75 225.887921  68.498151 33.589
 80     3.164 55029.22730434 20.41 225.884041  68.501191 33.589
 80     3.837 55029.22730498 20.60 225.880171  68.504221 33.589
 81     1.446 55064.22729066 48.95 225.916562  68.476950 38.814
 81     1.578 55064.22729130 32.60 225.912682  68.479990 38.814
 81     1.919 55064.22729195 37.09 225.908812  68.483020 38.814
 81     1.499 55064.22729388 33.06 225.897192  68.492120 38.814
 81     1.441 55064.22729453 27.16 225.893312  68.495150 38.814
 81     1.508 55064.22729517 25.32 225.889442  68.498180 38.814
 81     1.552 55064.22729581 25.87 225.885559  68.501212 41.808
 81     3.479 55064.22729646 24.47 225.881679  68.504252 41.808
 82     3.269 55099.22723754 25.77 225.915056  68.489339 29.476
 82     3.493 55099.22723818 21.00 225.911186  68.492369 29.476
 82     3.456 55099.22723883 21.25 225.907316  68.495409 29.476
 82     3.611 55099.22723947 20.89 225.903436  68.498439 29.476
 82     4.177 55099.22724012 22.87 225.899566  68.501469 29.476
 83     1.526 55134.22723418 34.63 225.912742  68.472164 17.210
 83     1.310 55134.22723482 33.66 225.908872  68.475204 17.210
 83     1.401 55134.22723547 42.71 225.904992  68.478234 17.210
 83     1.592 55134.22724063 29.14 225.873986  68.502492 13.198
 84     2.934 55169.22719980 18.98 225.919170  68.480242  3.584
 84     3.335 55169.22720045 18.91 225.915300  68.483272  3.584
 84     3.225 55169.22720109 19.18 225.911420  68.486302  3.584
 84     3.116 55169.22720174 20.01 225.907550  68.489332  3.584
 84     3.103 55169.22720238 19.92 225.903680  68.492372  3.584
 84     3.091 55169.22720303 20.88 225.899800  68.495402  3.584
 84     3.308 55169.22720367 20.95 225.895920  68.498432  3.584
 84     3.614 55169.22720431 20.75 225.892046  68.501465  4.668
 84     4.045 55169.22720496 20.75 225.888166  68.504505  4.668
 85     1.161 55204.22722728 19.29 225.911474  68.472792  3.347
 85     1.365 55204.22722792 18.47 225.907594  68.475832  3.347
 85     1.753 55204.22722857 18.16 225.903724  68.478862  3.347
 86     3.031 55239.22720654 16.45 225.920477  68.479471  3.256
 86     3.122 55239.22720719 15.99 225.916607  68.482511  3.256
 86     3.215 55239.22720783 16.68 225.912737  68.485541  3.256
 86     3.196 55239.22720848 17.38 225.908857  68.488571  3.256
 86     3.189 55239.22720912 17.87 225.904987  68.491611  3.256
 86     3.146 55239.22720977 18.38 225.901117  68.494641  3.256
 86     3.196 55239.22721041 19.16 225.897237  68.497671  3.256
 86     3.504 55239.22721105 19.84 225.893357  68.500701  3.256
 86     3.787 55239.22721170 18.56 225.889477  68.503733  4.110
 87     2.511 55274.22722150 15.22 225.916727  68.475590  2.777
 87     2.661 55274.22722214 14.92 225.912857  68.478620  2.777
 87     2.679 55274.22722279 14.68 225.908987  68.481650  2.777
 87     2.651 55274.22722536 16.00 225.893487  68.493780  2.777
 87     2.780 55274.22722601 16.06 225.889613  68.496812  3.985
 87     3.348 55274.22722665 16.16 225.885733  68.499852  3.985
 87     3.585 55274.22722730 16.41 225.881853  68.502882  3.985
 87     3.712 55274.22722794 16.72 225.877973  68.505912  3.985
 88     0.951 55309.22719107 19.28 225.917653  68.484934 20.120
 88     2.742 55309.22719171 17.81 225.913773  68.487964 20.120
 88     2.611 55309.22719236 18.36 225.909903  68.490994 20.120
 88     1.001 55309.22719300 18.34 225.906033  68.494034 20.120
 88     1.066 55309.22719365 19.04 225.902153  68.497064 20.120
 88     0.930 55309.22719429 20.13 225.898273  68.500094 20.120
 88     0.979 55309.22719494 20.15 225.894403  68.503134 20.120
 89     3.548 55344.22718984 44.88 225.914556  68.476236 49.173
 89     3.492 55344.22719049 31.45 225.910676  68.479276 49.173
 89     3.561 55344.22719113 40.04 225.906806  68.482306 49.173
 89     3.556 55344.22719371 50.86 225.891306  68.494436 49.173
 89     3.612 55344.22719436 44.29 225.887426  68.497466 49.173
 89     3.378 55344.22719500 30.06 225.883547  68.500497 41.306
 89     3.645 55344.22719565 47.05 225.879677  68.503537 41.306
 90     1.524 55379.22718486 19.01 225.917621  68.478475 23.236
 90     2.221 55379.22718550 19.04 225.913751  68.481505 23.236
 90     2.098 55379.22718615 25.58 225.909871  68.484535 23.236
 90     2.171 55379.22718679 26.58 225.906001  68.487575 23.236
 90     2.759 55379.22718743 21.51 225.902131  68.490605 23.236
 90     2.319 55379.22718808 24.64 225.898251  68.493635 23.236
 90     2.495 55379.22718872 23.32 225.894381  68.496665 23.236
 90     2.750 55379.22718937 24.27 225.890500  68.499698 33.414
 90     3.569 55379.22719001 23.10 225.886620  68.502738 33.414
 90     3.916 55379.22719066 26.35 225.882740  68.505768 33.414
 91     1.465 55414.22720924 35.72 225.911326  68.472224 34.058
 91     1.262 55414.22720988 25.11 225.907446  68.475264 34.058
 91     1.635 55414.22721053 29.15 225.903576  68.478294 34.058
 92     1.530 55449.22719782 18.01 225.917928  68.478775 20.942
 92     3.209 55449.22719847 16.07 225.914048  68.481815 20.942
 92     2.880 55449.22719911 18.96 225.910178  68.484845 20.942
 92     3.156 55449.22719976 17.53 225.906308  68.487875 20.942
 92     2.370 55449.22720040 22.99 225.902428  68.490915 20.942
 92     3.085 55449.22720104 18.15 225.898558  68.493945 20.942
 92     3.147 55449.22720169 19.75 225.894678  68.496975 20.942
 92     3.411 55449.22720233 22.35 225.890798  68.500005 20.942
 92     3.834 55449.22720298 20.85 225.886923  68.503038 34.224
 92     3.875 55449.22720362 27.91 225.883043  68.506078 34.224
 93     3.423 55484.22712622 36.45 225.916128  68.491385 22.686
 93     3.476 55484.22712687 35.54 225.912258  68.494415 22.686
 93     3.293 55484.22712751 35.97 225.908378  68.497455 22.686
 93     3.394 55484.22712816 36.44 225.904508  68.500485 22.686
