# NaN NaN NaN ;Mean Elev.(m), Avg Gradient(m/km), RMS Gradient(m/km) - SRTM1     
#    8.059  -9.883  20.559 ;Mean Elev.(m), Avg Gradient(m/km), RMS Gradient(m/km) - ASTER GDEM
#   14.394 -10.338  20.893 ;Mean Elev.(m), Avg Gradient(m/km), RMS Gradient(m/km) - GMTED2010 
  8    16.114 52507.83809988 15.48 229.278282  67.337103  9.351
  8    18.004 52507.83810053 16.16 229.274742  67.334043  9.351
 10    88.951 52577.83813392 14.75 229.282664  67.336652  5.833
 10    88.255 52577.83813456 13.73 229.279134  67.333592  5.833
 11    89.797 52612.83809843 13.08 229.273927  67.338231  3.940
 11    89.150 52612.83809908 12.04 229.270397  67.335171  3.940
 11    88.231 52612.83809972 11.04 229.266867  67.332111  3.940
 12    88.554 52647.83808128 13.37 229.292097  67.338036  4.050
 12    88.694 52647.83808193 12.15 229.288567  67.334976  4.050
 12    87.508 52647.83808257 11.77 229.285037  67.331916  4.050
 13    89.694 52682.83805525 11.86 229.284775  67.337612  3.354
 13    88.784 52682.83805589 11.57 229.281245  67.334552  3.354
 13    88.092 52682.83805654 11.76 229.277715  67.331492  3.354
 14    89.125 52717.83811275  7.93 229.285612  67.336431  2.989
 14    89.356 52717.83811339  7.37 229.282082  67.333371  2.989
 15    13.238 52752.83813762  6.96 229.265687  67.340595  6.113
 15    15.012 52752.83813827  2.20 229.262157  67.337535  6.113
 15    14.948 52752.83813891  1.24 229.258627  67.334475  6.113
 19    13.094 52892.83823421 20.83 229.279813  67.336238 11.461
 19    17.807 52892.83823486 17.20 229.276283  67.333178 11.461
 22    90.603 52997.83820029  9.39 229.280436  67.337026  2.874
 22    89.964 52997.83820093  9.10 229.276906  67.333966  2.874
 23    92.626 53032.83815615  7.26 229.270677  67.339830  2.667
 23    92.396 53032.83815680  7.18 229.267147  67.336770  2.667
 24    89.932 53067.83816826  6.57 229.291000  67.337772  2.418
 24    89.297 53067.83816890  5.91 229.287460  67.334712  2.418
 25    92.797 53102.83815869  3.16 229.266436  67.339384  2.294
 25    93.249 53102.83815933  3.48 229.262906  67.336324  2.294
 25    93.291 53102.83815998  3.63 229.259376  67.333264  2.294
 26    17.008 53137.83817173 26.42 229.294145  67.336422 16.241
 26    17.011 53137.83817238 21.83 229.290605  67.333362 16.241
 26    15.755 53137.83817302 35.96 229.287075  67.330302 16.241
 30    88.490 53277.83817411  8.95 229.301764  67.336905  5.461
 30    87.497 53277.83817475  8.03 229.298224  67.333845  5.461
 31    90.515 53312.83820648 11.71 229.285877  67.337889  4.295
 31    88.967 53312.83820713 11.04 229.282347  67.334829  4.295
 32    90.892 53347.83817236 11.57 229.282450  67.337881  3.650
 32    89.197 53347.83817300 11.02 229.278920  67.334821  3.650
 32    88.909 53347.83817364 10.24 229.275390  67.331761  3.650
 33    89.057 53382.83813842  8.15 229.300148  67.336585  2.462
 33    88.948 53382.83813907  7.73 229.296608  67.333525  2.462
 34    90.584 53417.83815130  7.81 229.290847  67.337324  2.286
 34    89.935 53417.83815194  6.68 229.287317  67.334264  2.286
 39    89.212 53592.83819125  9.55 229.280274  67.337301 10.841
 39    85.772 53592.83819189 10.69 229.276744  67.334241 10.841
 39    15.290 53592.83819254 15.03 229.273214  67.331181 10.841
 43    91.660 53732.83809310  2.82 229.274222  67.338855  2.658
 43    90.282 53732.83809374  1.95 229.270692  67.335795  2.658
 45    90.843 53802.83807005  6.86 229.276734  67.336967  2.616
 45    90.311 53802.83807069  5.89 229.273204  67.333907  2.616
 49    14.164 53942.83820178 11.91 229.274271  67.337617  4.675
 49    15.235 53942.83820242 12.76 229.270731  67.334557  4.675
 50    17.608 53977.83815425 37.40 229.270268  67.337816 21.651
 50    17.181 53977.83815489 28.27 229.266728  67.334756 21.651
 52    88.855 54047.83817196 14.90 229.291270  67.335299  4.855
 52    87.682 54047.83817260 13.86 229.287730  67.332239  4.855
 54    92.035 54117.83809506 11.27 229.268779  67.340420  3.538
 54    90.687 54117.83809570 11.56 229.265249  67.337360  3.538
 54    93.002 54117.83809635 10.07 229.261709  67.334300  3.538
 55    88.878 54152.83811759 10.26 229.284153  67.337887  2.690
 55    88.574 54152.83811823  9.80 229.280613  67.334827  2.690
 55    87.606 54152.83811888  8.52 229.277083  67.331767  2.690
 56    91.294 54187.83808925  9.12 229.271121  67.338976  2.962
 56    89.918 54187.83808990  8.97 229.267591  67.335916  2.962
 56    90.426 54187.83809054  7.96 229.264061  67.332856  2.962
 60    15.936 54327.83814770 40.71 229.282298  67.337978 13.511
 60    12.012 54327.83814834 44.73 229.278758  67.334918 13.511
 60    17.523 54327.83814899 25.30 229.275228  67.331858 13.511
 62    89.078 54397.83808743 13.44 229.289538  67.337431  4.081
 62    88.561 54397.83808807 13.24 229.285998  67.334371  4.081
 62    87.513 54397.83808871 11.91 229.282468  67.331311  4.081
 63    90.895 54432.83804620 12.32 229.275770  67.338951  3.284
 63    90.105 54432.83804684 10.02 229.272240  67.335891  3.284
 63    88.988 54432.83804749  9.09 229.268710  67.332821  3.284
 65    91.470 54502.83806202  8.23 229.276641  67.337660  2.799
 65    90.339 54502.83806267  8.37 229.273111  67.334600  2.799
 66    90.722 54537.83808511  6.91 229.284999  67.337662  2.474
 66    90.572 54537.83808575  6.89 229.281469  67.334602  2.474
 67    91.818 54572.83806304  5.16 229.274293  67.338746  2.511
 67    91.230 54572.83806368  5.53 229.270763  67.335686  2.511
 67    89.989 54572.83806433  6.26 229.267233  67.332626  2.511
 69    16.060 54642.83808722 43.87 229.280604  67.336951 15.877
 69    16.370 54642.83808787 45.99 229.277074  67.333891 15.877
 71    15.918 54712.83804252 42.88 229.271993  67.337786 17.291
 71    15.347 54712.83804317 44.54 229.268463  67.334726 17.291
 73    91.288 54782.83802895 10.31 229.281650  67.338753  4.068
 73    89.629 54782.83802959  8.43 229.278120  67.335693  4.068
 73    88.355 54782.83803024  7.15 229.274590  67.332633  4.068
 74    89.405 54817.83805066  9.79 229.287788  67.335517  3.190
 74    89.249 54817.83805130  9.58 229.284248  67.332457  3.190
 76    91.259 54887.83805484  8.77 229.284912  67.338499  2.586
 76    90.014 54887.83805548  8.71 229.281372  67.335439  2.586
 77    91.892 54922.83802680  7.68 229.266491  67.338958  2.697
 77    93.248 54922.83802744  7.71 229.262961  67.335898  2.697
 81    90.607 55062.83805689 11.41 229.283554  67.338003 10.402
 81    88.577 55062.83805754 11.60 229.280024  67.334943 10.402
 81    16.004 55062.83805818 13.91 229.276494  67.331883 10.402
 83    89.133 55132.83800062 17.37 229.288548  67.337728  4.467
 83    88.991 55132.83800126 16.01 229.285008  67.334668  4.467
 83    88.102 55132.83800191 15.88 229.281478  67.331608  4.467
 84    89.853 55167.83796698 14.65 229.277000  67.336280  3.837
 84    88.600 55167.83796762 14.48 229.273470  67.333220  3.837
 85    89.683 55202.83799287 13.61 229.288680  67.338081  3.375
 85    89.686 55202.83799352 13.05 229.285150  67.335021  3.375
 85    90.286 55202.83799416 12.30 229.281620  67.331961  3.375
 86    90.355 55237.83797426 12.07 229.274103  67.338529  3.308
 86    89.477 55237.83797491 11.44 229.270573  67.335469  3.308
 86    88.814 55237.83797555 10.98 229.267043  67.332409  3.308
 87    89.519 55272.83798721 11.28 229.280379  67.336089  3.367
 87    88.555 55272.83798786 10.46 229.276849  67.333029  3.367
 88    90.821 55307.83795638 10.76 229.272280  67.339356 11.951
 88    90.554 55307.83795702  8.68 229.268750  67.336296 11.951
 88    88.096 55307.83795767 11.49 229.265220  67.333236 11.951
 91    15.527 55412.83797477 40.64 229.288219  67.335300 16.780
 91    12.104 55412.83797541 44.98 229.284679  67.332240 16.780
 92    14.886 55447.83796445 40.95 229.281726  67.338242 14.042
 92    10.063 55447.83796509 41.79 229.278196  67.335182 14.042
 92    14.528 55447.83796574 22.50 229.274666  67.332122 14.042
 93    89.945 55482.83789383 16.59 229.268450  67.339898  6.437
 93    89.185 55482.83789447 14.94 229.264920  67.336838  6.437
