-181361.065   328.820     0.00   16.05
-180988.578   335.343    17.51   10.54
-180616.015   332.954    -6.41   11.02
-180243.377   325.408   -20.25   13.22
-179870.662   315.933   -25.42   14.64
-179497.872   306.162   -26.21   13.59
-179125.005   298.997   -19.22   12.86
-178752.063   291.751   -19.43   10.34
-178379.044   286.365   -14.44    9.13
-178005.949   281.588   -12.80    8.09
-177632.779   280.978    -1.64    7.96
-177259.531   280.076    -2.41    9.79
-176886.208   280.784     1.90    9.19
-176512.808   281.854     2.87    5.01
-176139.332   280.289    -4.19    6.86
-175765.780   278.268    -5.41    8.00
-175392.151   274.666    -9.64    9.63
-175018.445   270.540   -11.04   10.95
-174644.663   265.687   -12.98   10.50
-174270.805   260.894   -12.82    7.50
-173896.870   257.697    -8.55    4.70
-173522.858   256.698    -2.67    3.56
-173148.769   254.229    -6.60    4.74
-172774.604   249.225   -13.37   10.56
-172400.361   233.885   -40.98   27.44
-172026.042   219.128   -39.42   31.96
-171651.646   204.062   -40.23   29.84
-171277.173   195.078   -23.99   24.56
-170902.623   192.496    -6.89   22.80
-170527.996   197.386    13.05   25.60
-170153.292   205.864    22.62   26.93
-169778.510   213.902    21.45   24.75
-169403.652   222.852    23.87   18.25
-169028.716   225.592     7.31   14.62
-168653.702   228.729     8.36    5.99
-168278.612   229.012     0.76    4.64
-167903.444   229.642     1.68    3.85
-167528.199   230.654     2.70    3.05
-167152.876   232.074     3.78    2.52
-166777.475   233.230     3.08    1.81
-166401.997   234.118     2.37    1.33
-166026.442   234.067    -0.14    1.47
-165650.808   232.940    -3.00    2.35
-165275.097   231.879    -2.82    2.73
-164899.309   231.167    -1.90    2.46
-164523.442   230.497    -1.78    2.57
-164147.498   229.728    -2.04    2.83
-163771.475   229.018    -1.89    2.79
-163395.375   228.058    -2.55    1.86
-163019.196   228.354     0.79    1.53
-162642.940   228.507     0.41    1.10
-162266.605   228.121    -1.02    1.03
-161890.192   227.623    -1.32    0.80
-161513.702   227.273    -0.93    0.56
-161137.132   226.925    -0.92    0.55
-160760.485   226.349    -1.53    0.79
-160383.759   225.890    -1.22    0.86
-160006.955   225.913     0.06    1.44
-159630.072   226.425     1.36    2.36
-159253.111   227.160     1.95    2.56
-158876.071   227.544     1.02    2.14
-158498.953   228.021     1.26    1.80
-158121.756   227.912    -0.29    1.54
-157744.480   227.429    -1.28    1.84
-157367.125   226.422    -2.67    2.56
-156989.692   225.614    -2.14    1.98
-156612.180   225.058    -1.47    1.47
-156234.589   224.967    -0.24    1.26
-155856.919   225.303     0.89    0.76
-155479.170   225.145    -0.42    0.64
-155101.342   225.103    -0.11    0.48
-154723.435   225.252     0.39    0.50
-154345.449   225.490     0.63    0.45
-153967.384   225.709     0.58    0.31
-153589.239   226.762     2.78    2.73
-153211.016   229.188     6.41    4.40
-152832.712   231.535     6.20    4.30
-152454.330   233.924     6.31    2.66
-152075.868   234.705     2.06    0.72
-151697.326   234.526    -0.47    1.08
-151318.705   234.024    -1.33    1.48
-150940.005   233.922    -0.27    1.42
-150561.225   234.088     0.44    1.31
-150182.365   234.262     0.46    1.28
-149803.425   233.706    -1.47    2.14
-149424.406   233.518    -0.50    2.34
-149045.307   232.883    -1.67    2.26
-148666.128   232.699    -0.49    2.21
-148286.869   233.784     2.86    1.83
-147907.530   234.284     1.32    1.58
-147528.111   235.070     2.07    0.90
-147148.612   235.241     0.45    0.76
-146769.033   235.078    -0.43    0.88
-146389.373   235.107     0.08    0.90
-146009.634   235.193     0.23    0.84
-145629.814   235.295     0.27    0.56
-145249.914   235.268    -0.07    0.58
-144869.933   235.156    -0.29    0.63
-144489.872   234.874    -0.74    0.85
-144109.731   234.199    -1.78    1.40
-143729.509   232.916    -3.37    2.18
-143349.206   231.365    -4.08    2.28
-142968.823   229.685    -4.42    1.81
-142588.359   228.279    -3.70    1.40
-142207.815   226.991    -3.38    1.59
-141827.189   225.827    -3.06    1.65
-141446.483   224.382    -3.80    1.72
-141065.696   223.332    -2.76    1.70
-140684.828   222.480    -2.24    1.37
-140315.508   222.002    -1.29    0.96
-139949.960   221.379    -1.70    1.09
-139584.337   221.186    -0.53    0.88
-139218.641   220.916    -0.74    0.80
-138852.872   220.941     0.07    0.71
-138487.029   221.239     0.81    0.63
-138121.112   221.601     0.99    1.02
-137755.121   222.058     1.25    1.27
-137389.056   222.390     0.91    1.41
-137022.918   222.688     0.81    1.59
-136656.706   222.571    -0.32    2.46
-136290.420   220.730    -5.03    4.73
-135924.060   217.176    -9.70    6.99
-135557.625   213.497   -10.04    7.41
-135191.117   209.142   -11.88    6.20
-134824.535   206.010    -8.54    5.75
-134457.878   203.176    -7.73    5.33
-134091.148   199.205   -10.83    6.22
-133724.343   195.404   -10.36    5.98
-133357.464   191.523   -10.58    5.31
-132990.510   188.794    -7.44    4.57
-132623.482   186.167    -7.16    4.00
-132256.380   184.279    -5.14    3.57
-131889.203   182.051    -6.07    3.33
-131521.952   179.999    -5.59    3.29
-131154.626   177.762    -6.09    2.68
-130787.225   175.890    -5.10    2.48
-130419.750   174.444    -3.94    2.03
-130052.200   172.997    -3.94    1.87
-129684.576   171.752    -3.39    1.83
-129316.876   170.007    -4.74    2.16
-128949.102   168.007    -5.44    3.22
-128581.253   165.150    -7.77    5.07
-128213.329   162.528    -7.12    5.20
-127845.330   159.967    -6.96    4.38
-127477.256   158.667    -3.53    3.76
-127109.107   157.716    -2.58    3.69
-126740.883   156.805    -2.47    3.59
-126372.584   156.374    -1.17    3.42
-126004.209   154.956    -3.85    3.23
-125635.760   153.667    -3.50    3.25
-125267.235   151.645    -5.48    3.98
-124898.634   149.567    -5.64    4.20
-124529.959   146.935    -7.14    3.49
-124161.208   144.960    -5.35    2.46
-123792.381   143.345    -4.38    2.20
-123423.479   142.332    -2.74    2.81
-123054.501   140.467    -5.06    3.07
-122685.448   138.231    -6.06    3.62
-122316.319   135.729    -6.78    3.86
-121947.115   132.999    -7.39    3.90
-121577.834   130.849    -5.82    3.81
-121208.478   128.720    -5.76    3.18
-120839.046   127.328    -3.77    3.12
-120469.538   125.518    -4.90    3.06
-120099.954   123.926    -4.31    2.91
-119730.295   122.128    -4.86    2.12
-119360.559   121.294    -2.25    1.68
-118990.747   120.896    -1.08    1.59
-118620.859   120.867    -0.08    1.83
-118250.895   120.762    -0.28    1.90
-117880.855   120.268    -1.34    1.90
-117510.738   119.488    -2.11    1.65
-117140.545   118.709    -2.10    1.41
-116770.276   118.056    -1.76    1.20
-116399.930   117.209    -2.29    1.13
-116029.508   116.348    -2.33    1.09
-115659.010   115.193    -3.12    1.35
-115288.434   114.268    -2.50    1.49
-114917.783   113.257    -2.73    1.41
-114547.054   112.541    -1.93    1.42
-114176.249   111.996    -1.47    1.60
-113805.368   111.647    -0.94    1.82
-113434.409   110.922    -1.95    2.13
-113063.374   109.676    -3.36    2.48
-112692.262   108.441    -3.33    2.47
-112321.073   107.986    -1.23    2.70
-111949.807   107.927    -0.16    2.81
-111578.463   107.539    -1.05    2.70
-111207.043   106.795    -2.00    2.15
-110835.546   105.699    -2.95    1.90
-110463.972   104.494    -3.24    2.64
-110092.320   102.975    -4.09    3.27
-109720.591   101.305    -4.49    3.27
-109348.785    99.451    -4.99    2.75
-108976.902    98.305    -3.08    2.12
-108604.941    97.436    -2.34    1.56
-108232.903    97.018    -1.13    1.45
-107860.787    96.312    -1.90    1.45
-107488.594    96.117    -0.52    1.61
-107116.323    96.051    -0.18    1.60
-106743.974    96.474     1.13    1.43
-106371.548    97.107     1.70    0.94
-105999.044    96.920    -0.50    1.26
-105626.462    96.518    -1.08    1.57
-105253.803    96.584     0.18    1.65
-104881.066    96.938     0.95    1.96
-104508.250    97.348     1.10    1.95
-104135.357    97.699     0.94    1.61
-103762.386    97.881     0.49    1.28
-103389.336    99.064     3.17    2.94
-103016.209    99.454     1.05    2.79
-102643.003    99.339    -0.31    2.92
-102269.720    97.922    -3.79    3.06
-101896.357    95.922    -5.36    2.14
-101522.917    94.580    -3.59    2.05
-101149.398    93.541    -2.78    1.51
-100775.801    92.806    -1.97    1.07
-100402.126    92.352    -1.22    0.81
-100028.372    92.207    -0.39    0.69
 -99654.539    92.598     1.04    1.10
 -99280.628    93.118     1.39    1.42
 -98906.638    93.721     1.61    1.44
 -98532.569    94.156     1.16    1.12
 -98158.422    94.475     0.85    0.90
 -97784.196    95.001     1.41    0.79
 -97409.891    95.637     1.70    1.03
 -97035.507    96.345     1.89    1.16
 -96661.044    97.337     2.65    1.36
 -96286.502    98.343     2.69    1.30
 -95911.882    99.447     2.95    1.04
 -95537.182   100.219     2.06    0.94
 -95162.403   101.036     2.18    0.98
 -94787.544   101.794     2.02    1.03
 -94412.607   102.741     2.53    1.08
 -94037.590   103.590     2.26    1.08
 -93662.494   104.486     2.39    1.03
 -93287.318   105.247     2.03    0.98
 -92912.063   106.099     2.27    1.03
 -92536.729   106.973     2.33    1.42
 -92161.315   108.199     3.26    1.78
 -91785.821   109.499     3.46    1.94
 -91410.248   111.064     4.16    1.90
 -91034.595   112.331     3.37    1.87
 -90658.863   113.762     3.81    1.61
 -90283.050   114.815     2.80    1.39
 -89907.158   115.871     2.81    0.99
 -89531.186   116.710     2.23    1.01
 -89155.134   117.534     2.19    0.98
 -88779.002   118.310     2.06    0.93
 -88402.790   118.980     1.78    0.71
 -88026.497   119.367     1.03    0.67
 -87650.125   119.695     0.87    0.77
 -87273.672   119.826     0.35    0.84
 -86897.140   119.831     0.01    0.87
 -86520.527   119.816    -0.04    0.83
 -86143.833   119.956     0.37    1.07
 -85767.059   120.177     0.59    1.27
 -85390.205   120.529     0.93    1.38
 -85013.270   120.824     0.78    1.12
 -84636.255   120.926     0.27    1.00
 -84259.159   120.907    -0.05    1.01
 -83881.983   120.874    -0.09    1.10
 -83504.725   120.931     0.15    1.00
 -83127.387   120.981     0.13    0.97
 -82749.969   120.762    -0.58    1.12
 -82372.469   120.547    -0.57    1.17
 -81994.888   120.341    -0.54    1.23
 -81617.227   120.048    -0.78    1.23
 -81239.484   119.804    -0.65    1.31
 -80861.661   119.731    -0.19    1.49
 -80483.756   119.868     0.36    1.69
 -80105.770   120.165     0.79    1.93
 -79727.703   120.289     0.33    1.90
 -79349.555   120.191    -0.26    1.84
 -78971.325   119.419    -2.04    2.27
 -78593.014   118.862    -1.47    2.09
 -78214.622   118.647    -0.57    2.08
 -77836.148   118.587    -0.16    2.09
 -77457.592   119.085     1.32    2.13
 -77078.955   119.762     1.79    2.09
 -76700.236   120.794     2.72    1.40
 -76321.436   121.676     2.33    1.01
 -75942.554   122.236     1.48    0.67
 -75563.590   122.631     1.04    0.50
 -75184.545   123.044     1.09    0.50
 -74805.417   123.312     0.71    0.50
 -74426.207   123.647     0.88    0.52
 -74046.916   124.078     1.14    0.51
 -73667.542   124.440     0.95    0.59
 -73288.087   124.848     1.08    0.65
 -72908.549   125.319     1.24    0.74
 -72528.929   125.751     1.14    0.77
 -72149.227   126.294     1.43    0.82
 -71769.442   126.853     1.47    0.60
 -71389.575   127.310     1.20    0.61
 -71009.626   127.830     1.37    0.67
 -70629.594   128.356     1.38    0.70
 -70249.480   128.927     1.50    0.69
 -69869.283   129.611     1.80    0.90
 -69489.003   130.224     1.61    0.99
 -69108.641   131.051     2.17    1.19
 -68728.196   131.830     2.05    1.23
 -68347.668   132.858     2.70    1.43
 -67967.058   133.946     2.86    1.44
 -67586.364   135.106     3.05    1.56
 -67205.588   136.162     2.77    1.21
 -66824.728   136.896     1.93    0.97
 -66443.786   137.447     1.45    0.74
 -66062.760   137.680     0.61    0.76
 -65688.273   137.829     0.40    0.70
 -65322.953   137.710    -0.33    0.69
 -64957.559   137.609    -0.28    0.65
 -64592.089   137.440    -0.46    0.62
 -64226.543   137.305    -0.37    0.50
 -63860.923   137.252    -0.15    0.50
 -63495.226   137.179    -0.20    0.50
 -63129.455   137.059    -0.33    0.46
 -62763.608   136.867    -0.53    0.53
 -62397.685   136.507    -0.98    0.68
 -62031.686   136.505    -0.01    1.35
 -61665.612   137.304     2.18    2.89
 -61299.462   139.221     5.23    4.30
 -60933.236   141.039     4.96    4.47
 -60566.935   143.007     5.37    3.80
 -60200.558   144.205     3.27    3.00
 -59834.104   145.601     3.81    2.37
 -59467.575   146.979     3.76    2.92
 -59100.970   148.347     3.73    3.22
 -58734.288   149.627     3.49    3.19
 -58367.531   150.635     2.75    2.59
 -58000.697   151.405     2.10    2.13
 -57633.787   151.973     1.55    1.98
 -57266.801   152.731     2.06    1.82
 -56899.739   153.356     1.70    1.43
 -56532.600   153.897     1.47    0.91
 -56165.385   153.938     0.11    0.90
 -55798.093   153.817    -0.33    1.19
 -55430.725   153.310    -1.38    1.79
 -55063.281   152.592    -1.95    2.53
 -54695.759   152.489    -0.28    2.70
 -54328.162   152.876     1.05    2.57
 -53960.487   154.110     3.36    1.51
 -53592.736   154.658     1.49    1.12
 -53224.908   154.718     0.16    1.51
 -52857.003   154.390    -0.89    2.22
 -52489.021   154.012    -1.03    2.53
 -52120.963   154.377     0.99    2.39
 -51752.827   154.773     1.08    2.08
 -51384.615   155.618     2.29    2.10
 -51016.325   156.773     3.14    2.20
 -50647.958   158.199     3.87    2.38
 -50279.514   159.010     2.20    2.70
 -49910.993   159.794     2.13    3.14
 -49542.395   160.422     1.70    3.42
 -49173.719   160.962     1.47    3.18
 -48804.966   161.929     2.62    3.62
 -48436.136   163.219     3.50    4.00
 -48067.228   165.544     6.30    4.19
 -47698.243   167.528     5.38    3.47
 -47329.180   169.179     4.47    2.49
 -46960.039   170.169     2.68    2.00
 -46590.821   171.103     2.53    1.68
 -46221.525   171.886     2.12    1.62
 -45852.152   172.975     2.95    1.78
 -45482.700   174.470     4.04    2.59
 -45113.171   176.400     5.22    3.07
 -44743.564   178.474     5.61    3.38
 -44373.879   179.947     3.99    2.93
 -44004.116   181.377     3.87    1.94
 -43634.275   182.220     2.28    1.91
 -43264.356   182.950     1.97    2.29
 -42894.359   183.381     1.16    2.74
 -42524.284   184.252     2.35    3.18
 -42154.130   184.467     0.58    2.89
 -41783.898   184.997     1.43    2.52
 -41413.588   184.571    -1.15    2.12
 -41043.200   184.219    -0.95    1.73
 -40672.733   183.793    -1.15    1.93
 -40302.187   183.551    -0.65    2.50
 -39931.563   182.113    -3.88    3.39
 -39560.861   180.838    -3.44    3.76
 -39190.080   179.742    -2.96    3.13
 -38819.220   179.365    -1.02    2.06
 -38448.281   180.173     2.18    2.17
 -38077.264   181.075     2.43    1.68
 -37706.168   181.085     0.03    2.16
 -37334.993   180.398    -1.85    2.43
 -36963.739   179.268    -3.04    1.59
 -36592.406   178.701    -1.53    1.31
 -36220.994   178.440    -0.70    1.12
 -35849.503   177.948    -1.32    1.23
 -35477.933   177.343    -1.63    1.16
 -35106.284   176.478    -2.33    1.40
 -34734.556   175.608    -2.34    1.52
 -34362.748   174.426    -3.18    2.01
 -33990.861   173.026    -3.76    2.44
 -33618.895   171.150    -5.04    2.58
 -33246.849   169.752    -3.76    2.32
 -32874.724   168.422    -3.57    1.37
 -32502.519   168.051    -1.00    1.10
 -32130.235   168.317     0.71    2.14
 -31757.871   169.273     2.57    3.56
 -31385.427   170.404     3.04    4.26
 -31012.904   169.449    -2.56    5.21
 -30640.300   166.664    -7.48    6.65
 -30267.618   163.659    -8.06    7.38
 -29894.855   161.203    -6.59    8.08
 -29522.012   158.497    -7.26    8.54
 -29149.089   155.678    -7.56    9.90
 -28776.087   152.185    -9.36    9.69
 -28403.004   148.587    -9.64   10.21
 -28029.841   145.169    -9.16   11.23
 -27656.598   139.377   -15.52   13.63
 -27283.274   132.144   -19.37   14.95
 -26909.871   126.171   -16.00   13.88
 -26536.387   120.128   -16.18   12.27
 -26162.823   115.494   -12.40    9.96
 -25789.178   112.107    -9.07    8.11
 -25415.453   108.680    -9.17    7.29
 -25041.647   106.415    -6.06    6.43
 -24667.760   105.571    -2.26    5.45
 -24293.793   103.429    -5.73    4.20
 -23919.746   100.533    -7.74    3.10
 -23545.617    97.174    -8.98    5.19
 -23171.408    91.120   -16.18    8.14
 -22797.118    85.085   -16.12    8.65
 -22422.747    80.065   -13.41    7.97
 -22048.295    77.135    -7.82    7.47
 -21673.762    74.867    -6.06    6.96
 -21299.148    73.973    -2.39    4.96
 -20924.453    74.710     1.97    5.86
 -20549.677    75.453     1.98    6.74
 -20174.820    76.005     1.47    6.83
 -19799.881    74.660    -3.58    6.61
 -19424.861    73.262    -3.73    6.77
 -19049.760    72.089    -3.13    7.37
 -18674.577    72.288     0.53    9.06
 -18299.313    72.530     0.64   10.57
 -17923.967    72.988     1.22   11.93
 -17548.540    73.649     1.76   12.77
 -17173.031    74.795     3.05   13.85
 -16797.440    75.793     2.66   14.35
 -16421.768    75.306    -1.30   15.33
 -16046.014    70.896   -11.73   15.13
 -15670.178    65.158   -15.27   13.09
 -15294.260    59.855   -14.11    8.69
 -14918.260    58.870    -2.62    7.99
 -14542.178    59.505     1.69   12.10
 -14166.014    63.252     9.96   17.62
 -13789.768    67.853    12.23   21.85
 -13413.440    74.010    16.36   24.67
 -13037.030    81.956    21.11   24.63
 -12660.537    86.825    12.93   19.72
 -12283.962    87.525     1.86   14.05
 -11907.305    84.742    -7.39   11.75
 -11530.565    79.231   -14.63    9.05
 -11153.743    75.278   -10.49    5.66
 -10776.839    72.575    -7.17    3.42
 -10399.851    70.835    -4.62    3.18
 -10022.781    68.773    -5.47    3.68
  -9645.629    66.815    -5.19    3.63
  -9268.393    64.886    -5.11    3.19
  -8891.075    63.402    -3.93    2.23
  -8513.674    62.460    -2.49    1.45
  -8136.191    61.989    -1.25    0.64
  -7758.624    61.773    -0.57    0.10
  -7380.974    61.681    -0.24    0.34
  -7003.241    61.598    -0.22    0.45
  -6625.425    61.533    -0.17    0.47
  -6247.526    61.422    -0.29    0.48
  -5869.543    61.338    -0.22    0.50
  -5491.478    61.236    -0.27    0.50
  -5113.329    61.126    -0.29    0.48
  -4735.096    60.954    -0.46    0.40
  -4356.780    60.497    -1.21    0.95
  -3978.381    59.560    -2.48    1.76
  -3599.898    57.987    -4.16    2.82
  -3221.332    54.795    -8.43    6.40
  -2842.681    45.956   -23.34   17.39
  -2463.948    34.012   -31.54   23.27
  -2085.130    19.793   -37.54   23.80
  -1706.228     7.587   -32.22   17.10
  -1327.243    -0.093   -20.26    4.73
   -948.174    -1.140    -2.76    1.38
   -569.020    -0.510     1.66    0.87
   -189.783    -0.238     0.72    0.00
    189.538    -0.217     0.05    0.20
    568.944     5.915    16.16   15.69
    948.434    19.494    35.78   24.33
   1328.008    32.795    35.04   23.83
   1707.666    41.449    22.79   16.30
   2087.409    44.676     8.50    6.47
   2467.236    41.618    -8.05    5.99
   2847.148    40.110    -3.97    4.38
   3227.144    39.793    -0.84    3.60
   3607.225    39.426    -0.97    2.80
   3987.391    37.342    -5.48    4.73
   4367.641    31.860   -14.42    9.14
   4747.976    22.813   -23.79   12.64
   5128.395    13.367   -24.83    9.90
   5508.900    12.512    -2.25   11.72
   5889.490    21.599    23.88   20.94
   6270.164    37.793    42.54   23.72
   6650.924    53.328    40.80   14.69
   7031.769    60.711    19.39    3.27
   7412.699    62.349     4.30    2.37
   7793.714    61.217    -2.97    6.60
   8174.814    61.426     0.55    6.99
   8556.000    63.041     4.24    6.60
   8936.089    64.904     4.90    5.95
   9301.172    66.273     3.75    5.24
   9666.332    67.358     2.97    3.71
  10031.570    68.528     3.20    1.99
  10396.884    69.299     2.11    0.95
  10762.276    69.762     1.27    0.92
  11127.745    70.288     1.44    0.96
  11493.292    70.741     1.24    1.03
  11858.915    70.938     0.54    1.12
  12224.616    71.047     0.30    1.04
  12590.395    71.051     0.01    0.79
  12956.250    71.182     0.36    0.68
  13322.184    71.467     0.78    0.66
  13688.195    71.926     1.25    0.86
  14054.283    72.614     1.88    0.96
  14420.449    73.385     2.11    1.05
  14786.693    74.241     2.34    0.91
  15153.015    74.926     1.87    0.93
  15519.415    75.660     2.01    1.02
  15885.892    76.702     2.84    1.41
  16252.447    77.577     2.39    1.45
  16619.080    78.565     2.69    1.30
  16985.792    79.546     2.68    1.16
  17352.581    80.741     3.26    1.49
  17719.448    82.130     3.79    1.98
  18086.394    83.671     4.20    2.21
  18453.417    85.651     5.40    2.84
  18820.519    87.453     4.91    3.17
  19187.700    89.242     4.87    2.77
  19554.958    90.611     3.73    1.83
  19922.295    91.612     2.72    1.61
  20289.711    91.308    -0.83    2.33
  20657.205    90.858    -1.22    2.67
  21024.777    90.365    -1.34    2.93
  21392.428    90.200    -0.45    3.13
  21760.158    90.650     1.22    3.17
  22127.967    91.252     1.64    3.04
  22495.854    91.236    -0.05    3.32
  22863.820    91.452     0.59    3.29
  23231.865    91.273    -0.49    3.48
  23599.989    91.462     0.51    3.43
  23968.191    91.919     1.24    3.21
  24336.473    92.318     1.08    2.88
  24704.834    92.846     1.43    2.48
  25073.274    92.887     0.11    2.43
  25441.793    92.192    -1.89    2.89
  25810.391    91.575    -1.68    2.84
  26179.068    91.358    -0.59    2.28
  26547.825    91.534     0.48    1.78
  26916.661    92.055     1.41    1.88
  27285.577    92.720     1.80    2.31
  27654.572    93.946     3.32    3.38
  28023.647    94.611     1.80    3.81
  28392.801    97.972     9.11    7.04
  28762.034   101.082     8.42    7.76
  29131.348   103.231     5.82    6.93
  29500.741   104.692     3.96    5.60
  29870.214   106.635     5.26    3.69
  30239.766   107.632     2.70    4.49
  30609.399   108.018     1.04    4.56
  30979.111   107.303    -1.93    4.54
  31348.903   106.331    -2.63    4.26
  31718.776   104.062    -6.13    2.89
  32088.728   103.369    -1.88    3.24
  32458.761   103.793     1.15    3.39
  32828.874   104.954     3.14    2.65
  33199.067   105.784     2.24    2.10
  33569.340   105.582    -0.54    3.25
  33939.694   105.422    -0.43    3.88
  34310.128   105.055    -0.99    4.54
  34680.642   104.598    -1.24    4.85
  35051.237   104.167    -1.16    5.06
  35421.912   103.502    -1.79    4.66
  35792.668   103.712     0.57    4.18
  36163.505   104.136     1.14    3.70
  36534.422   105.773     4.41    3.82
  36905.420   107.369     4.30    4.75
  37276.499   109.556     5.89    5.40
  37647.659   111.682     5.73    5.14
  38018.900   114.160     6.67    4.89
  38390.221   116.492     6.28    4.82
  38761.624   117.628     3.06    3.99
  39133.107   118.167     1.45    3.17
  39504.672   117.762    -1.09    2.53
  39876.318   117.550    -0.57    2.36
  40248.045   118.146     1.60    2.48
  40619.854   118.931     2.11    3.37
  40991.743   119.227     0.80    3.71
  41363.714   118.623    -1.62    4.25
  41735.767   116.452    -5.83    4.94
  42107.901   113.262    -8.57    4.89
  42480.116   111.172    -5.62    4.23
  42852.414   110.320    -2.29    4.18
  43224.792   110.946     1.68    4.49
  43597.253   112.140     3.21    4.06
  43969.795   113.429     3.46    3.18
  44342.419   114.032     1.62    3.06
  44715.125   114.960     2.49    2.75
  45087.912   115.773     2.18    2.88
  45460.782   116.762     2.65    2.67
  45833.734   117.540     2.09    2.32
  46206.768   118.241     1.88    2.18
  46579.883   118.581     0.91    2.55
  46953.081   118.947     0.98    3.06
  47326.362   119.132     0.50    3.21
  47699.724   119.103    -0.08    3.25
  48073.169   118.592    -1.37    3.01
  48446.696   118.134    -1.23    2.78
  48820.306   117.823    -0.83    2.58
  49193.998   117.711    -0.30    2.69
  49567.773   117.631    -0.21    2.71
  49941.630   117.634     0.01    2.62
  50315.570   118.044     1.10    2.31
  50689.593   118.732     1.84    2.19
  51063.699   119.609     2.34    1.92
  51437.887   119.985     1.00    1.96
  51812.158   119.741    -0.65    2.31
  52186.512   119.172    -1.52    2.00
  52560.949   119.078    -0.25    1.63
  52935.469   119.402     0.87    1.53
  53310.072   119.825     1.13    1.42
  53684.759   120.242     1.11    1.45
  54059.528   120.650     1.09    1.41
  54434.381   120.813     0.43    1.22
  54809.317   120.742    -0.19    1.26
  55184.337   119.722    -2.72    1.91
  55559.440   118.492    -3.28    2.23
  55934.626   117.533    -2.56    2.16
  56309.896   117.177    -0.95    2.15
  56685.249   117.599     1.13    2.64
  57060.686   119.222     4.32    4.18
  57436.207   122.010     7.42    5.97
  57811.812   124.116     5.61    5.31
  58187.500   124.806     1.84    4.46
  58563.272   123.288    -4.04    3.75
  58939.128   121.481    -4.81    3.08
  59315.068   120.862    -1.65    2.16
  59691.092   121.404     1.44    2.52
  60067.201   121.802     1.06    2.87
  60443.393   121.956     0.41    2.91
  60819.670   122.092     0.36    2.85
  61196.030   122.079    -0.04    2.88
  61572.475   122.167     0.23    2.92
  61949.005   122.144    -0.06    2.95
  62325.619   122.582     1.16    3.08
  62702.317   122.802     0.58    2.87
  63079.100   123.572     2.04    2.74
  63455.967   124.375     2.13    2.79
  63832.919   125.436     2.82    2.57
  64209.956   126.278     2.23    2.39
  64587.078   127.372     2.90    2.26
  64964.284   128.396     2.71    2.35
  65341.575   129.855     3.87    2.56
  65718.951   131.262     3.73    2.94
  66096.412   133.075     4.80    3.30
  66473.958   134.932     4.92    3.90
  66851.590   136.984     5.43    4.06
  67229.306   138.426     3.82    4.37
  67607.108   139.354     2.46    4.54
  67984.994   140.512     3.07    5.44
  68362.967   141.585     2.84    6.44
  68741.024   142.625     2.75    7.44
  69119.167   143.436     2.15    7.94
  69497.396   143.982     1.44    7.88
  69875.710   144.315     0.88    7.91
  70254.109   144.188    -0.33    7.47
  70632.594   144.099    -0.23    6.88
  71011.165   143.612    -1.29    6.16
  71389.822   142.581    -2.73    6.09
  71768.565   141.202    -3.64    5.80
  72147.393   139.660    -4.07    6.00
  72526.308   138.005    -4.37    5.57
  72905.308   136.571    -3.78    5.34
  73284.395   135.358    -3.20    4.77
  73663.567   134.038    -3.48    4.13
  74042.826   133.122    -2.41    3.33
  74422.171   132.548    -1.51    2.94
  74801.602   132.422    -0.33    2.83
  75181.120   132.624     0.53    2.62
  75560.724   133.002     1.00    2.21
  75940.415   133.252     0.66    1.77
  76320.192   133.783     1.40    1.28
  76700.055   134.242     1.21    1.37
  77080.006   135.082     2.21    1.39
  77460.043   136.112     2.71    1.66
  77840.167   137.628     3.99    1.85
  78220.377   139.012     3.64    1.99
  78600.675   140.099     2.86    2.12
  78981.059   140.152     0.14    2.60
  79361.531   139.051    -2.89    3.18
  79742.089   136.980    -5.44    3.59
  80122.735   134.218    -7.26    3.64
  80503.467   132.012    -5.79    3.38
  80884.287   129.904    -5.54    3.15
  81265.195   128.238    -4.37    3.02
  81646.189   125.852    -6.26    3.84
  82027.271   123.347    -6.58    4.27
  82408.441   120.120    -8.47    4.98
  82789.698   116.614    -9.20    5.34
  83171.042   112.874    -9.81    5.24
  83552.475   109.733    -8.23    5.59
  83921.975   105.752   -10.77    6.95
  84286.898   102.921    -7.76    7.93
  84651.900    98.877   -11.08    9.47
  85016.980    94.498   -12.00    8.82
  85382.140    90.752   -10.26    8.70
  85747.379    86.502   -11.64    8.74
  86112.696    83.188    -9.07    8.16
  86478.093    79.387   -10.40    8.63
  86843.569    75.631   -10.28    7.69
  87209.124    72.669    -8.10    7.40
  87574.758    69.852    -7.71    6.83
  87940.472    67.432    -6.62    7.12
  88306.265    65.542    -5.17    6.93
  88672.138    63.851    -4.62    6.67
  89038.090    62.531    -3.61    6.76
  89404.121    61.317    -3.32    6.77
  89770.232    60.257    -2.89    7.72
  90136.422    57.733    -6.89    8.60
  90502.693    55.012    -7.43    8.57
  90869.043    52.369    -7.22    7.72
  91235.472    50.119    -6.14    6.79
  91601.982    48.623    -4.08    6.74
  91968.571    46.929    -4.62    6.57
  92335.241    45.020    -5.21    5.65
  92701.990    43.069    -5.32    5.21
  93068.819    40.652    -6.59    5.90
  93435.729    38.252    -6.54    7.12
  93802.718    35.998    -6.14    7.51
  94169.788    33.762    -6.09    7.09
  94536.938    31.515    -6.12    6.47
  94904.168    29.494    -5.50    5.87
  95271.479    27.076    -6.58    5.17
  95638.870    24.672    -6.54    4.36
  96006.341    22.247    -6.60    3.71
  96373.893    20.202    -5.56    3.26
  96741.525    18.373    -4.98    3.07
  97109.239    16.762    -4.38    2.73
  97477.032    15.315    -3.94    2.16
  97844.907    14.159    -3.14    1.48
  98212.862    13.358    -2.17    0.83
  98580.898    12.872    -1.32    0.51
  98949.015    12.694    -0.49    0.35
  99317.212    12.721     0.07    0.38
  99685.491    12.782     0.17    0.28
 100053.851    12.815     0.09    0.22
 100422.292    12.762    -0.14    0.00
 100790.814    12.651    -0.30    0.32
 101159.417    12.495    -0.42    0.44
 101528.101    12.406    -0.24    0.48
 101896.867    12.436     0.08    0.47
 102265.714    12.488     0.14    0.47
 102634.642    12.537     0.13    0.49
 103003.652    11.656    -2.39    1.65
 103372.743    10.624    -2.80    1.89
 103741.916     9.532    -2.96    1.56
 104111.171     8.772    -2.06    0.83
 104480.507     8.604    -0.46    0.64
 104849.925     8.508    -0.26    0.77
 105219.424     8.317    -0.52    1.04
 105589.006     7.929    -1.05    1.70
 105958.669     7.991     0.17    1.98
 106328.414     8.606     1.66    2.00
 106698.242     9.268     1.79    1.74
 107068.151    10.139     2.36    0.86
 107438.142    10.733     1.61    1.43
 107808.216    13.060     6.29    5.09
 108178.372    19.488    17.37   11.33
 108548.610    32.525    35.22   18.37
 108918.930    46.030    36.47   19.31
 109289.332    61.033    40.51   13.88
 109659.818    69.228    22.12    9.94
 110030.385    73.338    11.09    6.09
 110401.035    73.376     0.10    5.53
 110771.768    70.722    -7.16   10.98
 111142.583    58.992   -31.64   20.37
 111513.481    45.125   -37.39   23.86
 111884.462    30.127   -40.43   20.43
 112255.525    21.695   -22.73   11.68
 112626.672    18.181    -9.47    5.60
 112997.901    19.439     3.39    8.36
 113369.213    23.515    10.98   11.60
 113740.608    39.498    43.04   26.86
 114112.087    53.743    38.35   27.77
 114483.648    66.594    34.59   19.34
 114855.293    67.223     1.69   14.13
 115227.021    64.926    -6.18   13.08
 115598.832    61.753    -8.53   12.70
 115970.726    58.528    -8.67   14.06
 116342.704    52.966   -14.95   16.00
 116714.766    43.742   -24.79   20.96
 117086.911    32.468   -30.30   22.80
 117459.139    21.298   -30.01   22.07
 117831.451    10.432   -29.19   17.68
 118203.847     2.982   -20.01   10.36
 118576.326    -0.208    -8.56    3.91
 118948.890    -0.836    -1.69    2.80
 119321.537    -0.578     0.69    2.65
 119694.268    -0.571     0.02    2.53
 120067.083    -0.801    -0.62    2.61
 120439.982    -1.898    -2.94    2.62
 120812.965    -2.965    -2.86    2.42
 121186.033    -3.375    -1.10    2.04
 121559.184    -2.702     1.80    2.38
 121932.420    -0.861     4.93    2.95
 122305.740     0.782     4.40    2.46
 122679.144     1.672     2.38    1.98
 123052.633     1.547    -0.34    1.84
 123426.206     0.136    -3.78    2.66
 123799.864    -1.257    -3.73    2.69
 124173.606    -2.376    -2.99    2.00
 124547.433    -2.519    -0.38    1.80
 124921.345    -2.176     0.92    1.75
 125295.341    -1.336     2.25    1.42
 125669.422    -0.650     1.83    0.70
 126043.589    -0.365     0.76    0.34
 126417.840    -0.278     0.23    0.20
 126792.176    -0.267     0.03    0.17
 127166.597    -0.247     0.05    0.10
 127541.103    -0.238     0.03    0.00
 127915.694    -0.238     0.00    0.00
 128290.371    -0.258    -0.05    0.14
 128665.132    -0.238     0.05    0.00
 129039.980    -0.238     0.00    0.00
 129414.912    -0.238     0.00    0.00
 129789.930    -0.238     0.00    0.00
 130165.033    -0.354    -0.31    0.32
 130540.222    -0.444    -0.24    0.41
 130915.497    -0.574    -0.35    0.47
 131290.857    -0.620    -0.12    0.49
 131666.303    -0.558     0.17    0.47
 132041.835    -0.475     0.22    0.43
 132417.453    -0.375     0.27    0.35
 132793.156    -0.257     0.31    0.14
 133168.946    -0.238     0.05    0.00
 133544.821    -0.238     0.00    0.00
 133920.783    -0.238     0.00    0.00
 134296.830    -0.238     0.00    0.00
 134672.964    -0.238     0.00    0.00
 135049.185    -0.238     0.00    0.00
 135425.491    -0.238     0.00    0.00
 135801.884    -0.238     0.00    0.00
 136178.363    -0.238     0.00    0.00
 136554.929    -0.238     0.00    0.00
 136931.581    -0.238     0.00    0.00
 137308.320    -0.238     0.00    0.00
 137685.146    -0.238     0.00    0.00
 138062.058    -0.238     0.00    0.00
 138439.057    -0.238     0.00    0.00
 138816.143    -0.238     0.00    0.00
 139193.316    -0.238     0.00    0.00
 139570.576    -0.238     0.00    0.00
 139947.922    -0.238     0.00    0.00
 140325.356    -0.238     0.00    0.00
 140702.877    -0.276    -0.10    0.19
 141080.486    -0.317    -0.11    0.27
 141458.181    -0.324    -0.02    0.28
 141835.964    -0.344    -0.05    0.31
 142213.834    -0.409    -0.17    0.38
 142591.792    -0.488    -0.21    0.44
 142969.837    -0.538    -0.13    0.46
 143347.969    -0.584    -0.12    0.48
 143726.190    -0.593    -0.02    0.48
 144104.498    -0.635    -0.11    0.49
 144482.893    -0.620     0.04    0.49
 144861.377    -0.571     0.13    0.47
 145239.948    -0.420     0.40    0.39
 145618.607    -0.327     0.25    0.29
 145997.354    -0.257     0.18    0.14
 146376.190    -0.277    -0.05    0.20
 146755.113    -0.376    -0.26    0.35
 147134.125    -0.463    -0.23    0.42
 147513.224    -0.587    -0.33    0.48
 147892.412    -0.568     0.05    0.47
 148271.689    -0.485     0.22    0.43
 148651.053    -0.403     0.22    0.37
 149030.507    -0.327     0.20    0.29
 149410.048    -0.375    -0.13    0.35
 149789.679    -0.478    -0.27    0.43
 150169.398    -0.593    -0.30    0.48
 150549.205    -0.678    -0.22    0.50
 150929.102    -0.781    -0.27    0.50
 151309.087    -0.874    -0.24    0.48
 151689.161    -0.961    -0.23    0.45
 152069.324    -1.067    -0.28    0.38
 152449.576    -1.161    -0.25    0.27
 152829.917    -1.227    -0.17    0.10
 153210.348    -1.160     0.18    0.27
 153590.867    -1.095     0.17    0.35
 153971.476    -1.034     0.16    0.40
 154352.174    -0.952     0.21    0.45
 154732.962    -0.930     0.06    0.46
 155113.838    -0.890     0.10    0.48
 155494.805    -0.863     0.07    0.49
 155875.861    -0.884    -0.06    0.48
 156257.006    -0.786     0.26    0.50
 156638.242    -0.673     0.29    0.50
 157019.567    -0.584     0.23    0.48
 157400.982    -0.452     0.35    0.41
 157782.487    -0.394     0.15    0.37
 158164.081    -0.379     0.04    0.35
 158539.626    -0.401    -0.06    0.37
 158904.306    -0.516    -0.32    0.45
 159269.067    -0.693    -0.48    0.50
 159633.909    -0.939    -0.68    0.54
 159998.831    -1.156    -0.59    0.45
 160363.835    -1.179    -0.06    0.42
 160728.919    -1.277    -0.27    0.42
 161094.084    -1.422    -0.40    0.56
 161459.330    -1.651    -0.63    0.57
 161824.656    -1.904    -0.69    0.47
 162190.064    -2.170    -0.73    0.43
 162555.553    -2.438    -0.73    0.43
 162921.124    -2.674    -0.65    0.50
 163286.775    -2.855    -0.49    0.49
 163652.508    -2.978    -0.33    0.44
 164018.322    -2.895     0.23    0.48
 164384.217    -2.748     0.40    0.61
 164750.194    -2.561     0.51    0.71
 165116.252    -2.315     0.67    0.78
 165482.392    -2.120     0.53    0.75
 165848.613    -1.901     0.60    0.68
 166214.916    -1.707     0.53    0.60
 166581.301    -1.539     0.46    0.57
 166947.767    -1.448     0.25    0.54
 167314.316    -1.342     0.29    0.41
 167680.946    -1.276     0.18    0.34
 168047.658    -1.267     0.02    0.26
 168414.452    -1.218     0.13    0.34
 168781.328    -1.093     0.34    0.46
 169148.286    -0.978     0.31    0.57
 169515.326    -0.688     0.79    0.67
 169882.448    -0.325     0.99    0.83
 170249.653     0.115     1.20    1.04
 170616.940     0.713     1.63    1.16
 170984.309     1.368     1.78    1.19
 171351.761     1.987     1.68    1.21
 171719.295     2.695     1.93    1.23
 172086.911     3.366     1.83    1.14
 172454.611     4.096     1.98    1.02
 172822.392     4.656     1.52    0.91
 173190.257     5.327     1.82    0.95
 173558.204     6.025     1.90    0.98
 173926.234     6.671     1.76    0.86
 174294.347     7.262     1.61    0.88
 174662.543     7.821     1.52    0.73
 175030.822     8.306     1.32    0.67
 175399.183     8.627     0.87    0.66
 175767.628     8.956     0.90    0.68
 176136.156     9.039     0.22    0.78
 176504.767     9.028    -0.03    0.88
 176873.461     8.602    -1.15    0.84
 177242.239     8.267    -0.91    0.74
 177611.100     7.945    -0.87    0.89
 177980.044     7.772    -0.47    1.30
 178349.072     7.238    -1.45    1.86
 178718.183     6.442    -2.16    2.14
 179087.378     5.412    -2.79    2.17
 179456.657     4.301    -3.01    2.02
 179826.019     3.413    -2.40    1.90
 180195.465     2.724    -1.86    1.76
 180564.995     2.286    -1.19    1.46
 180934.608     2.243    -0.12    1.21
 181304.306     2.496     0.68    1.10
 181674.087     2.854     0.97    0.81
 182043.953     3.089     0.64    0.70
 182413.902     3.182     0.25    0.50
 182783.936     3.141    -0.11    0.49
 183154.054     2.998    -0.39    0.43
 183524.256     2.830    -0.45    0.38
 183894.542     2.734    -0.26    0.29
 184264.913     2.783     0.13    0.45
 184635.368     2.966     0.50    0.57
 185005.908     3.272     0.83    0.67
 185376.532     3.686     1.11    0.73
 185747.241     3.889     0.55    0.78
 186118.035     4.135     0.66    0.96
 186488.913     4.195     0.16    1.14
 186859.876     4.253     0.16    1.35
 187230.924     4.153    -0.27    1.52
 187602.056     4.120    -0.09    1.65
 187973.274     3.905    -0.58    1.61
 188344.576     3.634    -0.73    1.40
 188715.964     3.505    -0.35    1.06
 189087.437     3.551     0.12    0.84
 189458.994     3.627     0.20    0.56
 189830.638     3.762     0.37    0.42
 190202.366     3.842     0.22    0.31
 190574.180     3.876     0.09    0.32
 190946.079     4.048     0.46    0.45
 191318.063     4.300     0.68    0.50
 191690.134     4.635     0.90    0.52
 192062.289     4.962     0.88    0.47
 192434.530     5.220     0.69    0.50
 192806.857     5.455     0.63    0.46
 193179.270     5.666     0.57    0.41
 193551.769     5.832     0.44    0.45
 193924.353     5.977     0.39    0.58
 194297.024     6.055     0.21    0.64
 194669.780     6.109     0.14    0.75
 195042.622     5.976    -0.36    0.93
 195415.551     5.782    -0.52    1.04
 195788.565     5.570    -0.57    1.04
 196161.666     5.452    -0.32    0.90
 196534.853     5.486     0.09    0.70
 196908.127     5.635     0.40    0.56
 197281.487     5.782     0.39    0.34
 197654.933     5.813     0.09    0.22
 198028.466     5.762    -0.14    0.00
 198402.085     5.660    -0.27    0.30
 198775.791     5.407    -0.68    0.48
 199149.584     5.157    -0.67    0.49
 199523.463     4.905    -0.67    0.35
 199897.430     4.791    -0.31    0.17
 200271.483     4.792     0.00    0.22
 200645.623     4.865     0.20    0.36
 201019.850     4.922     0.15    0.47
 201394.164     4.993     0.19    0.47
 201768.566     4.997     0.01    0.49
 202143.054     5.039     0.11    0.51
 202517.630     4.959    -0.21    0.55
 202892.293     4.877    -0.22    0.63
 203267.043     4.695    -0.49    0.76
 203641.881     4.335    -0.96    0.94
 204016.806     3.886    -1.20    1.09
 204391.819     3.426    -1.23    1.17
 204766.919     3.074    -0.94    1.20
 205142.107     2.802    -0.72    1.08
 205517.383     2.553    -0.66    0.85
 205892.746     2.426    -0.34    0.64
 206268.197     2.349    -0.20    0.60
 206643.737     2.168    -0.48    0.67
 207019.364     1.974    -0.52    0.75
 207395.079     1.656    -0.85    0.78
 207770.882     1.161    -1.32    0.92
 208146.774     0.378    -2.08    1.39
 208522.753    -0.645    -2.72    1.64
 208898.821    -1.343    -1.86    1.35
 209274.977    -1.519    -0.47    1.12
 209651.222    -1.304     0.57    1.09
 210027.555    -0.894     1.09    0.95
 210403.977    -1.380    -1.29    1.27
 210780.487    -1.676    -0.79    1.16
 211157.086    -1.704    -0.07    1.19
 211533.773    -1.548     0.42    1.15
 211910.549    -1.162     1.02    1.15
 212287.414    -0.810     0.93    0.86
 212664.368    -0.599     0.56    0.48
 213041.411    -0.641    -0.11    0.49
 213418.543    -1.578    -2.48    2.38
 213795.764    -2.198    -1.64    2.86
