-200102.246   830.659     0.00   28.74
-199728.154   832.180     4.06   26.60
-199353.988   854.627    59.98   45.28
-198979.750   882.364    74.10   49.26
-198605.439   911.444    77.68   48.16
-198231.054   936.600    67.18   44.92
-197856.596   953.848    46.05   35.21
-197482.065   949.279   -12.20   31.30
-197107.461   925.711   -62.91   50.87
-196732.784   898.127   -73.61   57.02
-196358.033   875.238   -61.07   40.86
-195983.209   880.928    15.18   46.53
-195608.311   916.143    93.92   66.36
-195233.340   936.510    54.31   57.71
-194858.295   931.001   -14.69   59.15
-194483.177   900.881   -80.29   74.73
-194107.985   841.620  -157.92   78.79
-193732.720   786.222  -147.60   68.98
-193357.381   731.192  -146.59   50.58
-192981.968   680.697  -134.49   64.02
-192606.481   608.529  -192.17   87.91
-192230.921   556.313  -139.01   76.39
-191855.287   531.904   -64.97   55.53
-191479.579   558.386    70.48   69.71
-191103.797   618.453   159.82   67.04
-190727.941   672.993   145.09   65.51
-190352.010   718.438   120.87   48.48
-189976.006   740.181    57.82   36.00
-189599.928   744.274    10.88   31.66
-189223.776   727.871   -43.60   37.72
-188847.549   704.461   -62.21   34.14
-188471.248   684.756   -52.36   31.80
-188094.873   666.480   -48.55   26.67
-187718.423   656.577   -26.30   21.70
-187341.899   648.158   -22.36   15.19
-186965.301   645.131    -8.04   11.05
-186588.628   643.409    -4.57    7.97
-186211.881   644.997     4.22    7.37
-185835.059   648.291     8.74    8.78
-185458.163   652.606    11.45    9.27
-185081.192   654.824     5.88   11.22
-184704.146   647.606   -19.14   21.66
-184327.026   625.063   -59.77   38.04
-183949.830   605.767   -51.15   35.94
-183572.560   600.074   -15.09   32.79
-183195.215   615.928    42.01   46.53
-182817.796   656.291   106.93   52.76
-182440.301   694.721   101.79   44.16
-182062.731   726.415    83.93   38.09
-181685.086   741.192    39.12   34.55
-181307.367   741.543     0.93   43.57
-180929.572   737.418   -10.92   49.94
-180551.701   725.018   -32.81   52.28
-180173.756   719.020   -15.87   55.87
-179795.735   710.229   -23.25   61.62
-179417.639   704.813   -14.32   67.19
-179039.468   696.120   -22.98   70.02
-178661.221   687.515   -22.75   64.65
-178282.899   683.945    -9.44   65.98
-177904.502   677.563   -16.86   67.43
-177526.029   689.505    31.55   72.89
-177147.480   708.385    49.87   82.98
-176768.856   745.347    97.61   91.71
-176390.156   810.670   172.47   88.40
-176011.380   874.824   169.35   70.97
-175632.529   919.569   118.09   45.07
-175253.601   939.558    52.74   34.12
-174874.598   944.802    13.83   35.64
-174495.519   931.768   -34.38   47.25
-174116.365   913.413   -48.40   69.85
-173737.134   880.191   -87.59   94.14
-173357.827   825.984  -142.89  105.00
-172978.444   785.472  -106.77  105.20
-172598.985   746.319  -103.17   96.12
-172219.450   711.905   -90.66   85.92
-171839.838   677.324   -91.08   76.36
-171460.151   655.928   -56.34   65.97
-171080.387   631.746   -63.67   51.40
-170700.546   615.336   -43.20   47.55
-170320.630   602.904   -32.72   46.25
-169940.636   607.789    12.85   59.73
-169560.567   629.184    56.28   93.37
-169180.421   667.271   100.18  120.96
-168800.198   692.552    66.48  127.43
-168419.899   697.837    13.90  116.10
-168039.523   698.725     2.33   84.55
-167659.070   700.060     3.51   48.85
-167278.541   709.978    26.06   34.90
-166905.541   715.849    15.74   36.24
-166539.581   698.724   -46.79   42.97
-166173.551   669.066   -81.02   59.93
-165807.450   628.690  -110.27   77.61
-165441.280   607.476   -57.93   75.46
-165075.039   599.330   -22.24   73.78
-164708.727   599.847     1.41   74.77
-164342.346   603.029     8.68   80.53
-163975.894   615.341    33.59   76.79
-163609.371   616.342     2.73   81.53
-163242.778   622.128    15.78   83.74
-162876.115   629.539    20.21   92.37
-162509.381   668.654   106.64  109.48
-162142.576   720.051   140.10  139.20
-161775.701   778.224   158.54  131.52
-161408.755   824.719   126.69  103.30
-161041.739   832.199    20.38   79.21
-160674.651   831.982    -0.59   67.60
-160307.493   841.712    26.50   70.39
-159940.264   850.006    22.58   65.32
-159572.964   859.154    24.90   60.22
-159205.593   832.458   -72.66   56.19
-158838.152   796.779   -97.09   48.64
-158470.639   765.105   -86.17   45.52
-158103.055   721.848  -117.66   62.27
-157735.400   664.202  -156.78   93.65
-157367.674   613.777  -137.11   91.54
-156999.877   589.882   -64.96   78.97
-156632.009   592.468     7.03   78.30
-156264.069   609.307    45.76   67.89
-155896.059   624.687    41.79   48.67
-155527.976   600.959   -64.45   53.68
-155159.823   564.949   -97.80   43.76
-154791.598   528.150   -99.93   55.89
-154423.301   495.454   -88.77   76.05
-154054.934   464.871   -83.01   72.47
-153686.494   444.341   -55.71   62.22
-153317.983   425.022   -52.42   49.06
-152949.400   412.588   -33.73   51.50
-152580.746   392.492   -54.51   56.26
-152212.020   361.890   -82.98   52.19
-151843.223   335.658   -71.12   40.50
-151474.353   315.270   -55.27   34.68
-151105.412   298.801   -44.63   24.56
-150736.399   289.143   -26.17   19.98
-150367.313   281.710   -20.14   17.97
-149998.156   275.128   -17.83   14.43
-149628.927   270.077   -13.68    9.70
-149259.626   266.577    -9.48    5.24
-148890.253   266.102    -1.29    4.89
-148520.808   268.011     5.17    3.54
-148151.290   269.491     4.00    3.91
-147781.701   266.089    -9.20   17.86
-147412.039   249.613   -44.57   41.18
-147042.305   224.503   -67.91   50.57
-146672.498   203.881   -55.76   50.73
-146302.619   195.488   -22.69   45.99
-145932.668   194.409    -2.92   39.24
-145562.645   205.994    31.31   34.57
-145192.548   219.633    36.85   18.31
-144822.380   222.684     8.24   16.71
-144452.138   222.374    -0.84   18.45
-144081.824   219.066    -8.93   21.78
-143711.438   206.364   -34.29   28.41
-143340.978   200.307   -16.35   28.39
-142970.446   203.124     7.60   30.67
-142599.841   208.154    13.57   35.48
-142229.164   225.768    47.51   27.50
-141858.413   234.415    23.32   15.22
-141487.590   237.393     8.03    9.35
-141116.693   235.835    -4.20   10.25
-140745.724   237.498     4.48   10.16
-140374.681   241.046     9.56    9.36
-140003.566   245.982    13.30    7.69
-139632.377   251.428    14.67    6.66
-139261.115   256.721    14.25    7.01
-138889.780   262.375    15.22    9.47
-138518.371   268.075    15.35   11.31
-138146.890   274.150    16.35   11.89
-137775.335   278.432    11.52   10.79
-137403.706   282.180    10.08   10.11
-137032.004   286.801    12.43    9.12
-136660.229   291.446    12.49    9.26
-136288.380   296.278    12.99    9.06
-135916.458   299.769     9.39   11.06
-135544.461   303.222     9.28   13.94
-135172.392   304.286     2.86   15.80
-134800.248   303.558    -1.96   16.62
-134428.031   300.046    -9.43   16.79
-134055.740   293.956   -16.36   14.45
-133683.375   286.869   -19.03    6.93
-133310.937   284.472    -6.43    4.52
-132938.424   283.724    -2.01    4.70
-132565.838   283.688    -0.10    6.66
-132193.177   283.835     0.40    7.71
-131820.443   283.780    -0.15    8.51
-131447.634   282.030    -4.69    9.06
-131074.751   278.702    -8.93    9.24
-130701.794   274.253   -11.93    7.73
-130328.763   271.231    -8.10    5.78
-129955.658   269.427    -4.83    3.50
-129582.478   269.913     1.30    3.12
-129209.224   270.411     1.33    4.35
-128835.895   271.220     2.17    6.11
-128462.492   271.104    -0.31    7.53
-128089.015   270.409    -1.86    8.21
-127715.463   270.625     0.58   10.25
-127341.836   255.611   -40.18   41.73
-126968.135   215.225  -108.06   72.27
-126594.359   176.483  -103.64   71.69
-126220.509   151.625   -66.49   58.97
-125846.584   147.319   -11.52   62.41
-125472.583   158.694    30.41   66.51
-125098.509   143.172   -41.49   61.08
-124724.359   122.081   -56.37   40.55
-124350.134   117.291   -12.80   36.12
-123975.834   118.546     3.35   37.48
-123601.460   126.259    20.60   45.99
-123227.010   142.242    42.68   60.61
-122852.485   155.319    34.91   68.58
-122477.885   169.968    39.10   71.59
-122103.210   174.346    11.68   69.58
-121728.459   176.943     6.93   65.17
-121353.633   172.124   -12.85   61.58
-120978.732   164.401   -20.60   58.50
-120603.756   157.959   -17.18   57.71
-120228.704   147.825   -27.02   55.83
-119853.577   134.691   -35.01   50.20
-119478.374   124.964   -25.92   43.32
-119103.095   118.681   -16.74   37.03
-118727.741   119.468     2.10   40.70
-118352.312   126.341    18.30   45.75
-117976.806   126.609     0.71   44.46
-117601.225   128.703     5.58   41.51
-117225.568   129.891     3.16   37.04
-116849.835   127.472    -6.44   30.68
-116474.027   128.791     3.51   30.87
-116098.142   130.736     5.18   30.84
-115722.182   131.128     1.04   32.77
-115346.145   138.297    19.06   37.60
-114970.033   148.128    26.14   39.49
-114593.844   162.615    38.51   36.15
-114217.579   174.040    30.36   29.05
-113841.238   183.302    24.61   17.30
-113464.821   188.123    12.81    9.97
-113088.327   189.791     4.43    6.42
-112711.757   190.248     1.21    4.77
-112335.111   190.858     1.62    2.86
-111958.389   191.278     1.12    1.55
-111581.589   190.577    -1.86    1.75
-111204.714   189.213    -3.62    2.68
-110827.761   188.002    -3.21    2.88
-110450.733   187.894    -0.29    2.80
-110073.627   189.020     2.98    2.59
-109696.445   189.733     1.89    2.18
-109319.186   189.450    -0.75    2.62
-108941.850   188.522    -2.46    3.55
-108564.438   186.549    -5.23    4.35
-108186.948   184.595    -5.18    4.62
-107809.382   182.226    -6.27    4.41
-107431.738   179.615    -6.91    3.45
-107054.018   176.585    -8.02    3.70
-106676.221   174.511    -5.49    3.76
-106298.346   174.194    -0.84    3.31
-105920.394   174.639     1.18    3.13
-105542.365   177.563     7.74    3.99
-105164.259   181.429    10.22    5.15
-104786.075   185.911    11.85    6.26
-104407.814   189.992    10.79    4.66
-104029.476   192.302     6.11    2.48
-103651.060   192.919     1.63    1.73
-103272.567   192.857    -0.16    2.31
-102893.996   193.060     0.54    2.82
-102515.348   192.824    -0.62    3.22
-102136.622   192.429    -1.04    3.90
-101757.818   191.558    -2.30    5.00
-101378.937   190.441    -2.95    6.52
-100999.978   189.246    -3.15    8.14
-100620.941   187.779    -3.87    9.73
-100241.826   185.791    -5.24   10.53
 -99862.633   183.029    -7.28   10.49
 -99483.362   180.637    -6.31   10.58
 -99104.013   177.422    -8.47    9.88
 -98724.586   175.358    -5.44    9.74
 -98345.081   173.063    -6.05    9.41
 -97965.498   170.770    -6.04    9.42
 -97585.837   168.146    -6.91    8.86
 -97206.097   166.013    -5.62    8.02
 -96826.279   163.580    -6.41    7.72
 -96446.383   161.139    -6.42    7.37
 -96066.409   158.646    -6.56    6.89
 -95686.355   156.256    -6.29    6.57
 -95306.224   153.198    -8.05    7.31
 -94926.014   150.540    -6.99    7.78
 -94545.725   146.494   -10.64    8.37
 -94165.358   143.654    -7.47    8.51
 -93784.912   139.546   -10.80    8.84
 -93404.387   135.755    -9.96    8.38
 -93023.783   132.058    -9.71    7.67
 -92643.101   128.766    -8.65    6.55
 -92265.260   126.944    -4.82    5.98
 -91899.523   125.905    -2.84    5.78
 -91533.715   124.194    -4.68    6.45
 -91167.834   122.472    -4.70    6.68
 -90801.882   118.659   -10.42    7.22
 -90435.858   115.400    -8.90    7.40
 -90069.762   110.836   -12.47    8.01
 -89703.593   106.530   -11.76    8.96
 -89337.353   101.720   -13.13    9.72
 -88971.040    96.604   -13.96   12.00
 -88604.656    86.848   -26.63   17.20
 -88238.199    80.367   -17.68   20.14
 -87871.670    76.234   -11.28   21.30
 -87505.068    70.890   -14.57   24.10
 -87138.394    68.701    -5.97   26.37
 -86771.648    61.082   -20.77   29.08
 -86404.830    52.924   -22.24   29.20
 -86037.938    44.033   -24.23   27.09
 -85670.975    37.704   -17.24   24.15
 -85303.939    29.976   -21.06   18.60
 -84936.830    25.302   -12.73   14.08
 -84569.648    21.278   -10.96    8.12
 -84202.394    19.270    -5.47    2.60
 -83835.068    18.813    -1.24    0.00
 -83467.668    18.813     0.00    0.00
 -83100.196    19.017     0.56    1.61
 -82732.650    23.502    12.20   12.67
 -82365.032    30.494    19.02   20.02
 -81997.341    41.074    28.77   26.70
 -81629.577    53.324    33.31   29.17
 -81261.740    69.066    42.79   27.37
 -80893.829    81.953    35.03   20.89
 -80525.846    92.627    29.01    6.67
 -80157.790    96.856    11.49    4.93
 -79789.660   100.006     8.56    4.22
 -79421.457   103.954    10.72    5.14
 -79053.181   108.058    11.14    6.19
 -78684.831   114.237    16.78    8.26
 -78316.408   120.724    17.61    9.16
 -77947.912   128.669    21.56    9.85
 -77579.342   132.780    11.15    7.93
 -77210.699   132.263    -1.40    8.43
 -76841.982   127.889   -11.86   10.65
 -76473.191   119.641   -22.37   11.26
 -76104.327   111.749   -21.39    9.38
 -75735.389   105.511   -16.91    7.27
 -75366.378   101.041   -12.11    6.40
 -74997.292    97.342   -10.02    6.51
 -74628.133    93.335   -10.85    5.92
 -74258.900    89.949    -9.17    4.99
 -73889.593    86.585    -9.11    3.28
 -73520.213    84.532    -5.56    2.06
 -73150.758    82.791    -4.71    1.63
 -72781.229    81.402    -3.76    1.70
 -72411.626    80.017    -3.75    1.55
 -72041.949    78.846    -3.17    1.38
 -71672.198    77.869    -2.64    1.26
 -71302.372    76.985    -2.39    1.15
 -70932.472    76.092    -2.41    1.09
 -70562.498    75.628    -1.25    1.19
 -70192.450    75.290    -0.91    1.65
 -69822.327    75.476     0.50    1.95
 -69452.130    75.848     1.00    1.93
 -69081.858    76.361     1.39    3.91
 -68711.512    75.428    -2.52    7.55
 -68341.092    74.297    -3.06    9.15
 -67970.596    73.028    -3.42    9.20
 -67600.026    72.246    -2.11    6.01
 -67229.381    70.313    -5.22    4.57
 -66858.662    68.094    -5.99    5.39
 -66487.868    68.899     2.17    5.01
 -66116.999    70.381     4.00    4.89
 -65746.055    72.512     5.74    4.64
 -65375.036    75.999     9.40    3.34
 -65003.942    78.945     7.94    4.30
 -64632.773    83.685    12.77    8.36
 -64261.529    90.071    17.20   11.17
 -63890.210    97.461    19.90   11.91
 -63518.816   104.136    17.97   10.03
 -63147.346   105.238     2.97    9.22
 -62775.802   104.637    -1.62   11.62
 -62404.182   105.514     2.36   15.20
 -62032.486   110.998    14.75   19.40
 -61660.716   115.620    12.43   19.12
 -61288.870   118.953     8.96   16.80
 -60916.948   119.120     0.45   15.25
 -60544.951   117.857    -3.40   13.62
 -60172.878   118.369     1.38   12.63
 -59800.730   121.673     8.88   13.29
 -59428.506   126.846    13.90   14.00
 -59056.207   135.404    22.99   12.71
 -58683.831   144.560    24.59   12.37
 -58311.380   154.901    27.76   12.83
 -57938.853   165.931    29.61   19.97
 -57566.250   178.702    34.27   25.43
 -57193.572   197.157    49.52   39.11
 -56820.817   225.284    75.45   60.02
 -56447.986   291.318   177.11  131.67
 -56075.079   378.348   233.37  170.24
 -55702.096   462.759   226.31  170.34
 -55329.037   543.336   215.98  123.82
 -54955.902   566.189    61.24   76.65
 -54582.690   551.215   -40.12   65.24
 -54209.403   493.845  -153.68   83.22
 -53836.038   433.352  -162.01   82.02
 -53462.598   362.270  -190.34   74.77
 -53089.081   304.302  -155.19   53.14
 -52715.487   264.672  -106.07   48.76
 -52341.817   235.143   -79.02   37.94
 -51968.071   218.770   -43.81   22.51
 -51594.248   209.626   -24.46   19.10
 -51220.348   196.639   -34.73   25.91
 -50846.371   178.585   -48.27   35.89
 -50472.318   147.781   -82.35   38.16
 -50098.187   128.965   -50.29   28.99
 -49723.980   118.716   -27.39   19.21
 -49349.697   122.585    10.34   19.38
 -48975.336   132.845    27.41   14.85
 -48600.898   138.052    13.91   10.47
 -48226.383   139.426     3.67    7.35
 -47851.791   138.226    -3.20    8.95
 -47477.122   134.628    -9.60   11.93
 -47102.375   129.976   -12.41   13.75
 -46727.552   125.011   -13.25   14.48
 -46352.651   120.953   -10.82   13.94
 -45977.673   116.989   -10.57   12.98
 -45602.617   116.207    -2.09   12.83
 -45227.484   116.692     1.29   14.66
 -44852.274   120.630    10.50   18.32
 -44476.986   126.461    15.54   23.67
 -44101.620   132.340    15.66   27.03
 -43726.177   137.677    14.21   28.46
 -43350.657   142.157    11.93   25.97
 -42975.058   142.871     1.90   20.55
 -42599.382   147.501    12.33   15.60
 -42223.628   154.146    17.68   16.21
 -41847.796   164.899    28.61   18.46
 -41471.886   175.710    28.76   17.73
 -41095.898   180.727    13.34   16.05
 -40719.833   180.699    -0.07   17.93
 -40343.689   175.318   -14.31   18.28
 -39967.467   165.540   -25.99   20.60
 -39591.167   150.409   -40.21   27.62
 -39214.789   133.232   -45.64   26.42
 -38838.332   118.824   -38.27   19.70
 -38461.798   108.169   -28.30    4.83
 -38085.185   106.308    -4.94    2.70
 -37708.493   105.165    -3.03    1.16
 -37331.723   104.802    -0.96    0.93
 -36954.875   104.620    -0.48    0.88
 -36577.948   104.249    -0.98    0.66
 -36200.943   103.825    -1.13    0.69
 -35823.859   103.207    -1.64    1.00
 -35446.696   102.468    -1.96    0.83
 -35069.455   101.609    -2.28    0.97
 -34692.135   100.211    -3.70    2.12
 -34314.736    97.781    -6.44    3.47
 -33937.258    95.250    -6.70    2.86
 -33559.701    93.792    -3.86    1.70
 -33182.065    93.169    -1.65    0.83
 -32804.351    92.356    -2.15    1.39
 -32426.557    92.238    -0.31    2.13
 -32048.684    92.931     1.83    3.55
 -31670.732    94.319     3.67    4.73
 -31292.700    97.340     7.99    5.01
 -30914.590   100.406     8.11    4.11
 -30536.400   102.824     6.39    2.37
 -30158.131   104.429     4.24    1.49
 -29779.782   105.340     2.41    1.32
 -29401.354   106.081     1.96    1.41
 -29022.847   106.684     1.59    1.66
 -28644.260   107.077     1.04    1.76
 -28265.593   107.910     2.20    1.98
 -27886.847   109.313     3.70    2.55
 -27508.020   111.469     5.69    3.16
 -27129.115   114.234     7.30    2.83
 -26750.129   116.994     7.28    3.32
 -26371.064   119.723     7.20    3.07
 -25991.918   122.302     6.80    2.81
 -25612.693   124.154     4.88    2.31
 -25233.388   125.749     4.21    2.45
 -24854.002   126.813     2.80    2.43
 -24474.537   127.962     3.03    2.32
 -24094.991   129.002     2.74    2.10
 -23715.365   129.985     2.59    1.83
 -23335.659   130.902     2.41    1.46
 -22955.873   131.802     2.37    1.08
 -22576.006   132.330     1.39    0.99
 -22196.059   132.563     0.61    1.04
 -21816.031   132.161    -1.06    1.63
 -21435.923   131.060    -2.90    2.57
 -21055.735   129.039    -5.32    3.53
 -20675.466   126.469    -6.76    4.34
 -20295.116   122.888    -9.41    5.00
 -19914.685   119.243    -9.58    5.02
 -19534.174   115.318   -10.31    4.74
 -19153.582   111.596    -9.78    4.50
 -18772.909   107.749   -10.11    4.35
 -18392.155   104.587    -8.30    3.64
 -18011.320   101.483    -8.15    2.99
 -17630.404    99.026    -6.45    2.68
 -17262.745    97.254    -4.82    2.04
 -16897.162    96.508    -2.04    1.53
 -16531.506    96.780     0.74    1.90
 -16165.776    97.592     2.22    2.16
 -15799.973    98.449     2.34    2.17
 -15434.095    98.950     1.37    2.12
 -15068.144    99.510     1.53    1.82
 -14702.120    99.919     1.12    1.30
 -14336.021    99.372    -1.49    1.51
 -13969.848    99.157    -0.59    1.66
 -13603.602    98.728    -1.17    1.96
 -13237.281    98.563    -0.45    2.07
 -12870.887    98.663     0.27    2.07
 -12504.418    98.667     0.01    1.99
 -12137.875    99.308     1.75    1.76
 -11771.258   100.158     2.32    1.45
 -11404.567   101.068     2.48    1.29
 -11037.802   101.980     2.48    1.21
 -10670.962   102.973     2.71    1.12
 -10304.048   103.824     2.32    1.02
  -9937.060   104.661     2.28    1.00
  -9569.997   105.415     2.06    0.96
  -9202.859   106.013     1.63    0.74
  -8835.647   106.271     0.70    0.81
  -8468.361   106.336     0.18    1.06
  -8101.000   105.424    -2.48    1.85
  -7733.564   103.319    -5.73    3.90
  -7366.053    98.960   -11.86    7.46
  -6998.468    93.684   -14.35    8.97
  -6630.808    87.200   -17.64    8.64
  -6263.073    82.150   -13.73    6.58
  -5895.263    77.704   -12.09    3.84
  -5527.378    74.918    -7.57    4.43
  -5159.418    71.177   -10.17    5.11
  -4791.384    65.887   -14.37    6.62
  -4423.274    60.335   -15.08    6.60
  -4055.089    54.759   -15.14    7.12
  -3686.829    50.378   -11.90    5.64
  -3318.493    46.856    -9.56    4.05
  -2950.082    45.017    -4.99    3.53
  -2581.597    40.704   -11.70    8.02
  -2213.035    32.111   -23.32   15.15
  -1844.399    20.835   -30.59   17.21
  -1475.686    10.066   -29.21   15.19
  -1106.899     3.024   -19.09   10.45
   -738.036     0.112    -7.89    8.68
   -369.097    -1.198    -3.55    6.71
     -0.082    -0.144     2.86    5.22
    369.008     2.714     7.74    4.25
    738.173     5.232     6.82    2.81
   1107.415     6.534     3.52    1.88
   1476.732     7.469     2.53    1.60
   1846.125     7.919     1.22    1.35
   2215.595     7.422    -1.35    2.38
   2585.140     5.609    -4.91    4.28
   2954.761     2.967    -7.15    5.13
   3324.458     1.590    -3.73    4.49
   3694.231     0.974    -1.67    3.79
   4064.080     1.919     2.56    8.89
   4434.006     4.552     7.12   13.43
   4804.008     6.255     4.60   15.91
   5174.086     7.280     2.77   18.15
   5544.240     7.707     1.15   19.60
   5914.471     7.654    -0.14   19.35
   6284.778     7.962     0.83   19.67
   6655.161     8.389     1.15   19.87
   7025.621     9.867     3.99   23.16
   7396.158    13.047     8.58   28.91
   7766.771    13.505     1.24   32.71
   8137.461    12.537    -2.61   33.53
   8508.228     8.633   -10.53   30.80
   8879.071     2.469   -16.62   25.02
   9249.991    -2.809   -14.23   19.52
   9620.988    -4.524    -4.62   15.56
   9992.062    -6.945    -6.53    8.63
  10363.213    -6.871     0.20    5.68
  10734.441    -5.806     2.87    5.09
  11105.746    -3.650     5.81    5.46
  11477.128    -2.336     3.54    5.02
  11848.587    -1.026     3.53    3.68
  12220.123    -1.061    -0.09    3.30
  12591.736    -2.429    -3.68    4.88
  12963.427    -4.804    -6.39    6.97
  13335.195    -8.535   -10.04    7.72
  13707.040   -10.815    -6.13    6.43
  14078.963    -9.255     4.19    9.28
  14450.963     3.462    34.19   30.88
  14823.041    26.604    62.20   44.23
  15195.196    54.377    74.63   45.03
  15567.429    79.733    68.12   34.59
  15939.740    95.643    42.73   17.73
  16312.128    99.857    11.32   16.83
  16684.594   100.058     0.54   12.62
  17057.138    97.085    -7.98    9.77
  17429.759    90.603   -17.40    9.93
  17802.459    84.308   -16.89   11.24
  18175.236    77.324   -18.73   10.01
  18548.092    72.568   -12.75    6.71
  18921.025    69.491    -8.25    3.91
  19294.037    67.718    -4.75    3.80
  19667.127    66.472    -3.34    4.73
  20040.295    65.055    -3.80    5.63
  20413.541    64.041    -2.72    6.53
  20786.865    63.611    -1.15    7.21
  21160.268    63.546    -0.17    7.43
  21533.749    63.537    -0.03    7.08
  21907.308    64.330     2.13    6.30
  22280.946    65.451     3.00    5.86
  22654.663    66.963     4.04    4.92
  23028.458    68.526     4.18    3.92
  23402.332    69.038     1.37    4.34
  23776.284    68.938    -0.27    3.87
  24150.315    69.541     1.61    3.49
  24524.425    69.024    -1.38    5.82
  24898.614    68.672    -0.94    7.59
  25272.882    57.813   -29.01   22.66
  25647.228    44.673   -35.10   26.61
  26021.654    34.643   -26.79   24.32
  26396.158    31.632    -8.04   20.06
  26770.742    43.600    31.95   21.80
  27145.404    54.505    29.10   17.02
  27520.146    63.824    24.87   11.29
  27894.967    67.143     8.86    9.22
  28269.867    69.239     5.59    6.74
  28644.847    72.164     7.80    3.66
  29019.906    74.813     7.06    3.10
  29395.044    77.087     6.06    3.33
  29770.262    80.232     8.38    3.68
  30145.559    83.068     7.56    3.69
  30520.936    85.921     7.60    3.63
  30896.393    88.803     7.68    3.74
  31271.929    91.944     8.36    4.18
  31647.545    95.324     9.00    4.10
  32023.241    99.015     9.83    4.40
  32399.016   104.866    15.57    8.10
  32774.871   113.181    22.12   11.30
  33150.807   123.941    28.62   14.47
  33526.822   136.131    32.42   14.94
  33902.917   148.462    32.79   16.97
  34279.092   160.702    32.54   13.58
  34655.348   169.896    24.44    9.01
  35031.683   176.878    18.56    7.04
  35408.099   181.751    12.95    7.15
  35784.595   186.291    12.06    5.74
  36161.172   189.876     9.52    4.02
  36537.828   192.038     5.74    2.33
  36914.566   193.084     2.78    1.11
  37291.383   193.330     0.65    0.72
  37668.281   192.971    -0.95    1.17
  38045.260   192.571    -1.06    1.72
  38422.319   193.171     1.59    2.30
  38799.459   194.792     4.30    3.29
  39176.680   197.371     6.84    4.02
  39553.982   199.454     5.52    4.07
  39931.364   199.969     1.36    3.50
  40308.827   199.136    -2.21    2.86
  40686.371   198.897    -0.63    2.76
  41063.997   199.082     0.49    3.12
  41441.703   200.344     3.34    3.41
  41819.490   202.802     6.51    3.27
  42197.358   203.480     1.79    2.77
  42575.308   203.345    -0.36    2.40
  42953.339   204.313     2.56    2.44
  43331.451   205.942     4.31    3.98
  43709.644   208.160     5.87    3.70
  44087.919   209.356     3.16    3.11
  44466.275   210.356     2.64    2.47
  44844.713   210.047    -0.82    1.62
  45223.233   209.676    -0.98    1.14
  45601.833   209.356    -0.85    0.99
  45980.516   209.188    -0.44    0.95
  46359.280   209.015    -0.46    0.87
  46738.126   209.292     0.73    0.85
  47117.054   209.568     0.73    0.84
  47496.064   209.992     1.12    1.00
  47875.156   210.441     1.18    1.09
  48254.329   211.037     1.57    1.12
  48633.585   211.494     1.21    1.09
  49012.923   212.087     1.56    1.20
  49392.342   212.759     1.77    1.54
  49771.844   213.876     2.94    2.00
  50151.429   215.366     3.93    2.35
  50531.095   217.355     5.24    2.81
  50910.844   219.060     4.49    2.77
  51290.675   220.896     4.83    2.68
  51670.589   222.335     3.79    2.52
  52050.585   224.063     4.55    2.72
  52430.664   225.835     4.66    2.62
  52810.825   227.855     5.32    3.12
  53191.069   229.615     4.63    3.54
  53571.396   230.813     3.15    3.26
  53951.805   230.976     0.43    2.65
  54332.297   230.192    -2.06    2.31
  54712.872   228.813    -3.62    2.67
  55093.530   226.761    -5.39    2.96
  55474.271   224.231    -6.65    3.75
  55855.095   220.730    -9.19    5.42
  56236.003   216.868   -10.14    7.23
  56616.993   212.411   -11.70    8.57
  56998.066   207.107   -13.92    9.53
  57370.960   202.483   -12.40    9.05
  57736.312   199.017    -9.49    7.68
  58101.739   197.708    -3.58    5.88
  58467.242   198.108     1.09    4.89
  58832.821   200.345     6.12    5.00
  59198.475   203.742     9.29    5.33
  59564.204   208.364    12.64    6.05
  59930.009   214.675    17.25    7.73
  60295.889   221.946    19.88    8.84
  60661.846   229.761    21.35    8.92
  61027.878   235.329    15.21    6.69
  61393.985   239.666    11.85    3.36
  61760.169   241.344     4.58    2.12
  62126.428   242.324     2.67    1.90
  62492.763   242.390     0.18    2.19
  62859.175   242.009    -1.04    2.75
  63225.662   241.246    -2.08    3.01
  63592.225   240.313    -2.55    3.30
  63958.864   240.019    -0.80    3.43
  64325.580   239.718    -0.82    3.41
  64692.371   240.076     0.98    3.04
  65059.239   240.380     0.83    2.68
  65426.183   240.302    -0.21    2.46
  65793.204   239.539    -2.08    3.03
  66160.300   238.131    -3.84    4.17
  66527.474   238.411     0.76    5.89
  66894.723   240.466     5.60    7.69
  67262.049   244.813    11.84    7.40
  67629.452   247.139     6.33    4.96
  67996.931   245.941    -3.26    5.91
  68364.487   241.782   -11.32    7.49
  68732.120   236.834   -13.46    6.76
  69099.829   235.607    -3.34    7.89
  69467.616   238.280     7.27   10.99
  69835.479   244.001    15.55   10.56
  70203.419   244.715     1.94   11.02
  70571.436   235.081   -26.18   19.11
  70939.529   224.717   -28.16   18.41
  71307.700   220.266   -12.09   13.77
  71675.948   226.897    18.01   16.61
  72044.273   240.335    36.48   15.41
  72412.676   250.030    26.32   12.18
  72781.155   256.433    17.38    8.13
  73149.712   258.025     4.32    9.17
  73518.346   254.563    -9.39   15.07
  73887.057   248.150   -17.39   21.72
  74255.846   240.518   -20.69   27.61
  74624.712   228.271   -33.20   34.17
  74993.656   214.960   -36.08   36.90
  75362.678   195.164   -53.65   36.15
  75731.777   181.617   -36.70   26.68
  76100.953   175.737   -15.93   20.20
  76470.208   181.195    14.78   26.37
  76839.540   191.194    27.07   31.55
  77208.950   205.268    38.10   37.92
  77578.438   217.286    32.53   40.83
  77948.003   223.617    17.13   43.60
  78317.647   224.950     3.61   44.34
  78687.368   226.782     4.96   44.28
  79057.168   227.188     1.10   42.66
  79427.046   225.494    -4.58   43.26
  79797.002   222.865    -7.11   43.80
  80167.036   219.009   -10.42   44.72
  80537.148   210.689   -22.48   45.25
  80907.339   200.694   -27.00   46.45
  81277.608   192.530   -22.05   44.04
  81647.955   184.007   -23.02   42.90
  82018.381   174.813   -24.82   39.32
  82388.886   166.360   -22.82   34.97
  82759.468   158.563   -21.04   28.96
  83130.130   151.480   -19.11   21.12
  83500.870   145.655   -15.71   12.48
  83871.689   143.146    -6.77    7.85
  84242.586   141.813    -3.60    5.25
  84613.563   140.741    -2.89    3.46
  84984.618   140.161    -1.56    2.05
  85355.752   139.955    -0.56    1.00
  85726.965   139.846    -0.29    0.32
  86098.257   139.813    -0.09    0.00
  86469.628   139.835     0.06    0.21
  86841.078   140.401     1.52    2.29
  87212.607   141.866     3.94    5.50
  87584.215   144.184     6.24    8.73
  87955.903   147.709     9.48   12.69
  88327.670   151.687    10.70   15.40
  88699.516   157.553    15.78   17.85
  89071.442   163.032    14.73   20.07
  89443.447   169.548    17.52   21.00
  89815.531   177.077    20.24   22.25
  90187.695   188.001    29.35   24.82
  90559.939   206.258    49.05   32.79
  90932.262   227.449    56.92   37.37
  91304.665   250.628    62.25   36.87
  91677.148   267.855    46.25   32.49
  92049.711   282.039    38.07   26.96
  92422.353   290.009    21.39   21.76
  92795.075   294.508    12.07   16.35
  93167.878   293.626    -2.37   14.54
  93540.760   292.407    -3.27   12.64
  93913.722   287.624   -12.83   11.39
  94286.764   283.782   -10.30   11.43
  94659.887   275.213   -22.97   19.21
  95033.090   263.150   -32.33   27.51
  95406.373   246.728   -44.00   29.06
  95779.736   239.272   -19.97   24.89
  96153.179   239.902     1.69   28.75
  96526.703   250.761    29.07   35.79
  96900.308   263.912    35.20   37.28
  97273.993   273.409    25.42   37.17
  97647.758   280.877    19.98   33.23
  98021.604   284.793    10.47   29.02
  98395.531   288.063     8.75   26.67
  98769.539   290.252     5.85   25.68
  99143.627   289.139    -2.97   27.36
  99517.796   286.586    -6.82   28.21
  99892.046   282.527   -10.85   26.42
 100266.377   274.617   -21.13   23.17
 100640.789   274.876     0.69   19.19
 101015.281   279.679    12.83   19.47
 101389.855   290.476    28.83   17.80
 101764.510   299.179    23.23   11.58
 102139.247   301.282     5.61   10.23
 102514.064   298.291    -7.98   10.55
 102888.963   295.201    -8.24   11.26
 103263.943   294.770    -1.15   13.32
 103639.004   297.150     6.35   15.60
 104014.147   302.924    15.39   14.19
 104389.371   304.487     4.16   10.30
 104764.677   299.835   -12.40   13.00
 105140.065   287.660   -32.44   19.59
 105515.534   271.824   -42.18   20.21
 105891.085   267.607   -11.23   18.85
 106266.718   269.345     4.63   24.20
 106642.432   279.956    28.24   28.55
 107018.228   289.356    25.01   26.15
 107394.106   297.242    20.98   23.48
 107770.067   302.589    14.22   18.64
 108146.109   308.370    15.37   12.56
 108522.233   310.855     6.61   10.42
 108898.439   312.854     5.31    7.47
 109274.728   313.355     1.33    5.44
 109651.099   312.584    -2.05    5.67
 110027.552   309.466    -8.28    8.28
 110404.087   307.108    -6.26    8.08
 110780.705   306.568    -1.43    7.08
 111157.405   305.711    -2.28    7.28
 111534.188   303.568    -5.69   10.05
 111911.053   298.609   -13.16   13.91
 112288.001   292.782   -15.46   18.20
 112665.032   283.813   -23.79   21.39
 113042.145   273.936   -26.19   20.87
 113419.341   267.515   -17.02   15.07
 113796.620   270.252     7.25   12.07
 114173.981   278.683    22.34   14.37
 114551.426   290.925    32.44   14.81
 114928.954   299.889    23.75   11.95
 115306.564   305.530    14.94    9.59
 115684.258   308.291     7.31    8.74
 116062.035   304.640    -9.67   11.62
 116439.895   299.226   -14.33   14.57
 116817.838   294.030   -13.75   17.03
 117195.865   288.248   -15.30   18.50
 117573.975   279.732   -22.52   22.44
 117952.168   267.791   -31.58   26.05
 118330.445   260.844   -18.37   24.84
 118708.805   257.613    -8.54   18.54
 119087.249   268.364    28.41   19.10
 119465.777   280.473    31.99   13.42
 119844.388   287.436    18.39    5.03
 120223.083   288.424     2.61    7.74
 120601.862   284.334   -10.80   14.07
 120980.725   280.641    -9.75   17.58
 121359.671   276.752   -10.26   18.23
 121738.702   273.897    -7.53   16.03
 122117.816   273.628    -0.71   13.70
 122497.015   275.792     5.71   11.90
 122876.297   279.507     9.80   11.82
 123255.664   286.451    18.31   12.22
 123635.115   293.048    17.39   12.72
 124014.651   299.390    16.71   13.76
 124394.271   303.374    10.50   13.50
 124773.975   303.835     1.21   13.25
 125153.763   301.803    -5.35   13.54
 125533.637   300.947    -2.25   12.51
 125913.594   299.539    -3.71   10.66
 126293.637   300.308     2.02    9.58
 126673.764   301.553     3.28    7.65
 127053.975   303.544     5.24    6.44
 127434.272   306.589     8.01    5.95
 127814.653   309.885     8.67    5.38
 128195.119   311.140     3.30    6.14
 128575.671   308.542    -6.83   10.00
 128956.307   298.731   -25.78   16.23
 129337.028   285.568   -34.58   16.63
 129717.835   270.568   -39.39   17.96
 130098.726   258.133   -32.65   16.82
 130479.703   247.965   -26.69   16.78
 130860.765   242.942   -13.18   18.60
 131241.913   236.975   -15.66   22.17
 131623.146   232.469   -11.82   22.27
 132001.693   227.030   -14.37   20.63
 132366.808   222.648   -12.00   18.32
 132732.000   214.007   -23.66   16.83
 133097.269   205.282   -23.89   16.30
 133462.615   194.403   -29.78   12.44
 133828.039   187.963   -17.62    9.57
 134193.539   186.716    -3.41    9.87
 134559.118   189.669     8.08   13.48
 134924.773   195.545    16.07   15.62
 135290.506   199.449    10.68   15.46
 135656.317   203.267    10.44   14.61
 136022.205   204.949     4.60   14.78
 136388.170   205.762     2.22   13.77
 136754.213   205.009    -2.06   12.39
 137120.334   204.140    -2.37    9.46
 137486.533   205.823     4.60    8.89
 137852.809   207.038     3.32   12.08
 138219.163   203.180   -10.53   21.17
 138585.595   191.844   -30.94   29.46
 138952.105   173.631   -49.70   27.25
 139318.693   158.526   -41.21   18.11
 139685.359   150.589   -21.65    6.49
 140052.104   148.240    -6.40    3.32
 140418.926   147.369    -2.38    2.92
 140785.826   147.916     1.49    4.54
 141152.805   154.583    18.17   16.37
 141519.861   167.823    36.07   27.34
 141886.997   184.329    44.96   32.25
 142254.210   200.442    43.88   28.66
 142621.502   211.498    30.10   21.62
 142988.873   212.742     3.39   14.15
 143356.321   208.691   -11.03   13.73
 143723.849   202.864   -15.85   12.40
 144091.455   200.015    -7.75   12.87
 144459.140   196.501    -9.56   14.53
 144826.903   194.943    -4.24   15.34
 145194.746   193.161    -4.85   15.91
 145562.667   188.833   -11.76   14.92
 145930.667   186.624    -6.01   12.40
 146298.746   185.543    -2.94    9.89
 146666.903   185.303    -0.65    8.62
 147035.140   192.990    20.88   16.08
 147403.456   204.611    31.55   21.78
 147771.851   220.980    44.44   21.52
 148140.325   234.773    37.44   18.97
 148508.879   249.400    39.69   15.04
 148877.512   261.053    31.61   16.41
 149246.224   269.655    23.33   15.34
 149615.015   276.946    19.77   13.52
 149983.886   280.197     8.81   12.81
 150352.836   281.591     3.78   12.76
 150721.866   281.045    -1.48   12.17
 151090.975   279.990    -2.86   12.54
 151460.164   278.903    -2.94   11.33
 151829.433   278.351    -1.50   10.23
 152198.782   277.293    -2.86    8.77
 152568.210   277.356     0.17    7.12
 152937.718   274.640    -7.35    8.21
 153307.306   268.292   -17.18   12.49
 153676.974   256.643   -31.52   16.67
 154046.722   245.035   -31.40   17.34
 154416.549   234.782   -27.73   13.95
 154786.457   231.150    -9.82   11.41
 155156.446   229.215    -5.23   10.43
 155526.514   229.603     1.05   11.70
 155896.662   229.707     0.28   12.83
 156266.891   227.894    -4.90   12.26
 156637.201   226.507    -3.75   11.39
 157007.590   223.985    -6.81    8.25
 157378.060   221.679    -6.22    3.49
 157748.611   221.068    -1.65    0.74
 158119.242   221.530     1.25    1.80
 158489.953   223.909     6.42    5.21
 158860.746   228.415    12.15    7.59
 159231.619   234.813    17.25    8.85
 159602.573   243.793    24.21   12.08
 159973.607   254.539    28.97   14.80
 160344.723   267.303    34.40   15.21
 160715.919   276.823    25.65   11.47
 161087.197   282.732    15.92    5.32
 161458.555   284.017     3.46    3.19
 161829.995   282.247    -4.77    5.69
 162201.515   278.025   -11.37    9.16
 162573.117   270.404   -20.51   13.34
 162944.800   259.803   -28.53   16.96
 163316.564   246.672   -35.32   18.57
 163688.410   231.753   -40.13   20.18
 164060.337   215.866   -42.72   19.27
 164432.346   197.443   -49.53   20.67
 164804.436   188.318   -24.53   17.45
 165176.607   190.086     4.75   21.66
 165548.860   192.376     6.15   23.44
 165921.195   195.722     8.99   21.45
 166293.612   191.583   -11.12   18.41
 166666.110   187.136   -11.94   14.86
 167038.690   188.035     2.41   14.63
 167411.352   190.728     7.23   15.48
 167784.096   189.273    -3.90   15.39
 168156.922   187.845    -3.83   13.27
 168529.830   186.834    -2.71   12.57
 168902.820   187.494     1.77   14.15
 169275.892   195.601    21.73   21.76
 169649.046   207.292    31.33   27.33
 170022.283   227.303    53.62   28.77
 170395.601   242.353    40.32   20.99
 170769.003   253.256    29.20   12.06
 171142.486   256.379     8.36   10.41
 171516.052   256.803     1.14   10.51
 171889.701   255.283    -4.07   11.23
 172263.432   254.718    -1.51    9.95
 172637.246   255.712     2.66    8.31
 173011.142   259.009     8.82    7.66
 173385.121   262.093     8.25    6.75
 173759.183   262.424     0.88    6.77
 174133.328   257.460   -13.27    9.26
 174507.556   251.111   -16.97    7.46
 174881.866   248.633    -6.62    5.19
 175256.260   249.380     2.00    6.29
 175630.737   253.146    10.06    8.36
 176005.296   256.893    10.00    9.75
 176379.939   259.963     8.20   11.12
 176754.666   260.924     2.57   11.45
 177129.475   263.025     5.61   10.81
 177504.368   264.645     4.32    9.21
 177879.344   266.038     3.71    6.73
 178254.404   268.043     5.35    6.57
 178629.547   269.392     3.60    7.97
 179004.773   269.922     1.41   10.34
 179380.083   270.013     0.24   13.49
 179755.477   269.503    -1.36   16.64
 180130.955   266.189    -8.83   19.92
 180506.516   259.823   -16.95   20.10
 180882.162   252.648   -19.10   18.27
 181257.891   244.167   -22.58   15.08
 181633.704   233.313   -28.88   12.07
 182009.601   224.473   -23.52    9.61
 182385.582   218.905   -14.81    7.76
 182761.647   214.540   -11.61    6.94
 183137.796   213.063    -3.93    7.85
 183514.030   214.623     4.15   10.84
 183890.348   216.353     4.60   10.41
 184266.750   218.527     5.78   10.80
 184643.236   221.753     8.57   12.77
 185019.807   223.385     4.33   14.43
 185396.462   222.160    -3.25   15.47
 185773.202   220.823    -3.55   15.00
 186150.027   223.233     6.40   12.65
 186526.936   224.585     3.59    9.87
 186903.930   222.383    -5.84   11.19
 187281.009   215.532   -18.17   14.49
 187658.173   205.882   -25.59   14.07
 188035.421   195.878   -26.52   10.81
 188412.754   189.433   -17.08   10.35
 188790.173   183.251   -16.38   10.85
 189167.676   180.423    -7.49   10.25
 189545.265   178.550    -4.96   11.44
 189922.939   179.183     1.68   15.11
 190300.697   177.030    -5.70   16.94
 190678.542   169.409   -20.17   19.63
 191056.471   159.660   -25.80   20.44
 191434.486   147.833   -31.29   16.05
 191812.587   140.061   -20.56   12.44
 192190.773   131.913   -21.55   11.13
 192569.044   124.358   -19.98   10.52
 192947.401   115.453   -23.54   11.81
 193325.844   105.650   -25.91   11.11
 193704.373    96.453   -24.30   10.05
 194082.987    90.433   -15.90    8.67
 194461.687    85.183   -13.87    6.30
 194840.473    86.053     2.30   10.88
 195219.346    99.762    36.19   33.20
 195598.304   122.553    60.15   47.10
 195977.348   152.068    77.88   51.58
 196356.478   177.955    68.29   49.64
 196735.695   188.609    28.10   49.26
 197114.998   200.323    30.89   42.07
 197494.387   204.599    11.27   31.90
 197873.862   202.983    -4.26   26.36
 198253.424   194.712   -21.79   26.77
 198633.073   190.308   -11.60   26.38
 199012.808   183.760   -17.25   23.91
 199392.629   181.942    -4.79   22.82
 199772.537   181.959     0.05   21.21
 200152.532   178.001   -10.42   18.74
 200532.614   178.372     0.98   19.12
 200912.783   185.209    17.99   23.59
 201293.038   198.539    35.06   25.91
 201673.381   214.813    42.79   20.65
 202053.810   227.813    34.18    9.66
 202434.327   233.447    14.81    7.14
 202814.930   238.706    13.82    5.54
 203195.621   242.773    10.69    6.03
 203576.400   246.126     8.80    8.01
 203957.265   250.293    10.94   10.05
 204338.218   254.672    11.49   10.38
 204719.258   258.021     8.79   10.20
 205100.386   260.730     7.11    9.19
 205481.601   262.882     5.65    7.26
 205862.904   264.335     3.81    6.34
 206244.295   265.539     3.16    7.93
 206625.773   270.742    13.64   15.10
 206993.799   278.298    20.54   25.13
 207358.751   288.449    27.82   36.45
 207723.782   291.063     7.16   42.07
 208088.892   286.100   -13.59   39.36
 208454.081   275.157   -29.97   29.69
 208819.349   268.470   -18.31   22.27
 209184.697   261.672   -18.61   15.69
 209550.123   257.313   -11.93   16.44
 209915.629   251.207   -16.71   15.93
 210281.214   244.223   -19.11   14.05
 210646.878   239.823   -12.04   12.02
 211012.622   238.476    -3.68   11.93
