-198932.333   103.469     0.00    6.72
-198563.593   100.712    -7.47    7.13
-198194.789    99.432    -3.47    6.70
-197825.920    97.934    -4.06    6.29
-197456.986    96.291    -4.45    6.39
-197087.988    95.166    -3.05    6.86
-196718.925    93.007    -5.85    6.96
-196349.797    90.884    -5.75    7.75
-195980.604    89.484    -3.79    8.08
-195611.346    88.612    -2.36    7.62
-195242.023    88.391    -0.60    6.27
-194872.636    89.822     3.87    6.19
-194503.183    91.053     3.33    6.49
-194133.665    92.684     4.41    6.03
-193764.083    94.193     4.08    7.48
-193394.435    94.843     1.76    8.45
-193024.722    94.328    -1.39    9.10
-192654.943    91.590    -7.40    9.70
-192285.100    89.840    -4.73    9.41
-191915.191    88.620    -3.30    9.61
-191545.217    86.913    -4.61    8.82
-191175.178    85.317    -4.31    8.24
-190805.073    84.400    -2.48    7.08
-190434.903    83.099    -3.51    7.31
-190064.668    81.340    -4.75    7.01
-189694.367    80.081    -3.40    7.09
-189324.001    79.386    -1.88    7.43
-188953.569    78.369    -2.74    7.86
-188583.071    78.048    -0.87    7.91
-188212.508    77.824    -0.60    8.18
-187841.879    78.243     1.13    7.03
-187471.185    77.638    -1.63    5.79
-187100.425    76.730    -2.45    4.52
-186729.599    76.599    -0.35    3.59
-186358.708    76.572    -0.07    2.97
-185987.750    77.026     1.22    2.66
-185616.727    77.446     1.13    2.18
-185245.638    77.684     0.64    2.12
-184874.483    77.254    -1.16    1.92
-184503.262    76.933    -0.86    2.02
-184131.975    76.091    -2.27    2.59
-183760.622    75.415    -1.82    2.97
-183389.203    73.032    -6.41    3.87
-183017.718    68.477   -12.26    7.18
-182646.167    64.446   -10.85    8.10
-182274.550    60.456   -10.74    8.63
-181902.866    56.403   -10.90    7.74
-181531.117    53.841    -6.89    8.24
-181159.301    49.810   -10.84    9.10
-180787.418    45.051   -12.79    8.33
-180415.470    40.749   -11.56    6.98
-180043.455    37.810    -7.90    4.78
-179671.373    36.069    -4.68    3.02
-179299.225    35.203    -2.33    1.90
-178927.011    35.050    -0.41    1.98
-178554.730    35.600     1.48    3.48
-178182.383    35.267    -0.90    3.20
-177809.969    34.921    -0.93    2.28
-177437.488    34.656    -0.71    1.30
-177064.941    36.390     4.65    6.69
-176692.327    40.637    11.40   13.97
-176319.646    47.563    18.58   19.44
-175946.899    52.656    13.66   21.03
-175574.085    57.403    12.73   21.41
-175201.204    64.316    18.54   20.78
-174828.256    68.991    12.53   18.39
-174455.241    73.565    12.26   14.28
-174082.159    76.646     8.26    9.55
-173709.010    75.884    -2.04    8.85
-173335.794    73.945    -5.19    9.74
-172962.512    70.133   -10.21   11.98
-172589.162    64.733   -14.46   15.17
-172215.745    58.399   -16.96   17.25
-171842.260    51.621   -18.15   16.99
-171468.709    44.913   -17.95   13.50
-171095.090    39.958   -13.26    7.88
-170721.405    37.574    -6.38    4.32
-170347.651    36.625    -2.54    3.37
-169973.831    35.511    -2.98    2.11
-169599.943    34.798    -1.91    1.23
-169225.987    34.444    -0.95    0.59
-168851.965    36.843     6.41    7.05
-168477.874    41.280    11.86   13.32
-168103.717    47.932    17.78   17.75
-167729.491    53.374    14.54   18.83
-167355.198    57.460    10.92   18.67
-166980.838    61.918    11.91   17.24
-166606.409    65.791    10.34   18.97
-166231.913    69.089     8.80   19.34
-165857.350    70.694     4.28   20.21
-165482.718    69.438    -3.35   18.91
-165108.019    65.570   -10.32   16.47
-164733.252    63.018    -6.81   14.38
-164358.417    60.469    -6.80   12.01
-163983.514    60.413    -0.15   10.89
-163608.543    59.804    -1.62   10.00
-163233.504    60.219     1.11    9.25
-162858.397    60.595     1.00    8.15
-162483.221    60.672     0.21    7.24
-162107.978    60.665    -0.02    5.69
-161732.667    61.291     1.67    4.13
-161357.287    61.682     1.04    2.97
-160981.840    61.877     0.52    2.62
-160606.324    61.341    -1.43    3.20
-160230.739    60.060    -3.41    3.76
-159855.087    58.816    -3.31    4.16
-159479.365    58.267    -1.46    4.85
-159103.576    58.484     0.58    5.89
-158727.718    60.352     4.97    6.40
-158351.792    61.696     3.57    6.51
-157975.797    63.102     3.74    6.54
-157599.733    64.050     2.52    6.35
-157223.601    66.129     5.53    5.80
-156847.401    70.159    10.71    7.94
-156471.131    74.899    12.60    9.76
-156094.793    81.291    16.98   10.68
-155718.386    87.772    17.21   10.94
-155341.911    92.633    12.91   11.17
-154965.366    98.279    14.99   10.44
-154588.753   104.593    16.76    9.93
-154212.070   111.997    19.65    9.11
-153835.319   120.621    22.89   12.82
-153458.499   131.202    28.08   15.99
-153081.610   142.233    29.26   19.34
-152704.652   154.242    31.85   21.26
-152327.625   165.625    30.19   21.42
-151950.528   176.641    29.21   21.26
-151573.362   185.063    22.32   20.17
-151196.128   191.913    18.16   19.28
-150818.824   202.629    28.40   17.51
-150441.450   213.987    30.09   17.35
-150064.008   224.279    27.27   15.31
-149686.496   234.556    27.22   12.91
-149308.914   242.231    20.32   10.69
-148931.263   249.268    18.63    8.06
-148553.543   253.154    10.29    6.46
-148175.753   253.653     1.32    6.47
-147797.894   251.734    -5.08    7.50
-147419.965   248.339    -8.98    7.51
-147041.967   245.073    -8.64    5.24
-146663.898   243.609    -3.87    3.25
-146285.760   244.752     3.02    4.54
-145907.553   247.328     6.81    5.39
-145529.275   250.227     7.66    5.25
-145150.928   251.958     4.57    5.38
-144772.511   253.466     3.99    6.33
-144394.024   254.328     2.27    6.83
-144015.467   254.823     1.31    7.46
-143636.840   255.803     2.59    8.93
-143258.143   258.470     7.04   11.78
-142879.376   263.508    13.30   14.96
-142500.539   270.364    18.09   18.59
-142121.632   279.761    24.80   22.37
-141742.655   295.645    41.91   23.82
-141363.607   310.094    38.11   19.13
-140984.489   321.547    30.21   13.71
-140605.301   326.891    14.09    9.89
-140226.043   325.797    -2.88    9.78
-139846.714   322.612    -8.40   11.73
-139467.315   317.091   -14.55   11.43
-139087.845   312.612   -11.80   11.52
-138708.305   312.682     0.18   15.60
-138328.694   312.466    -0.57   21.46
-137949.013   312.268    -0.52   26.30
-137569.262   311.242    -2.70   27.52
-137189.439   306.087   -13.57   28.13
-136809.546   297.328   -23.05   28.07
-136429.582   288.954   -22.04   26.86
-136049.548   276.577   -32.56   26.06
-135669.442   264.565   -31.60   24.04
-135297.661   251.708   -34.58   17.59
-134931.047   244.816   -18.80   12.49
-134564.368   238.593   -16.97    9.69
-134197.624   234.127   -12.18    9.06
-133830.814   228.035   -16.60    9.15
-133463.939   220.243   -21.24   11.39
-133096.999   208.987   -30.67   15.44
-132729.993   198.011   -29.90   15.71
-132362.922   188.970   -24.63   12.33
-131995.785   185.199   -10.27   12.38
-131628.583   182.391    -7.65   14.31
-131261.315   180.518    -5.10   17.15
-130893.982   183.393     7.83   25.24
-130526.583   187.833    12.08   33.60
-130159.119   197.038    25.05   42.27
-129791.588   207.135    27.47   46.24
-129423.993   216.529    25.55   49.49
-129056.331   222.036    14.98   46.35
-128688.603   223.773     4.72   41.00
-128320.810   224.987     3.30   33.29
-127952.951   225.933     2.57   27.68
-127585.026   224.328    -4.36   24.48
-127217.035   224.840     1.39   22.04
-126848.978   224.946     0.29   19.12
-126480.855   225.340     1.07   16.58
-126112.666   223.218    -5.76   15.20
-125744.411   220.791    -6.59   14.77
-125376.090   217.887    -7.89   12.35
-125007.703   215.338    -6.92   10.34
-124639.250   212.020    -9.01    7.75
-124270.730   209.822    -5.96    6.15
-123902.144   206.674    -8.54    5.66
-123533.492   204.327    -6.37    6.33
-123164.774   201.988    -6.34    6.93
-122795.989   199.087    -7.87    8.73
-122427.138   194.868   -11.44   10.34
-122058.220   188.280   -17.86   12.31
-121689.236   180.266   -21.71   12.32
-121320.185   170.815   -25.61   16.00
-120951.068   159.165   -31.56   19.26
-120581.884   151.127   -21.77   20.88
-120212.634   144.514   -17.91   21.93
-119843.317   138.169   -17.18   22.36
-119473.934   132.291   -15.91   23.25
-119104.483   126.117   -16.71   24.37
-118734.966   123.020    -8.38   24.16
-118365.382   118.584   -12.00   26.12
-117995.732   116.366    -6.00   26.76
-117626.014   115.219    -3.10   27.24
-117256.230   115.026    -0.52   28.03
-116886.378   122.033    18.94   36.44
-116516.460   136.511    39.14   49.45
-116146.475   167.218    82.99   74.77
-115776.422   198.232    83.80   73.69
-115406.303   225.713    74.24   66.99
-115036.116   225.797     0.23   64.76
-114665.862   211.840   -37.69   50.77
-114295.542   190.532   -57.53   34.34
-113925.153   170.804   -53.26   22.08
-113554.698   156.002   -39.95   14.98
-113184.175   145.535   -28.25   11.64
-112813.585   139.609   -15.99   10.07
-112442.928   133.390   -16.77    9.10
-112072.203   128.803   -12.37    8.54
-111701.411   123.487   -14.34    5.49
-111330.551   120.352    -8.45    3.43
-110959.624   119.353    -2.69    3.49
-110588.629   119.386     0.09    4.19
-110217.567   119.970     1.58    4.80
-109846.437   119.460    -1.37    7.92
-109475.239   112.004   -20.09   18.37
-109103.974    90.680   -57.43   34.36
-108732.640    68.529   -59.65   35.72
-108361.240    55.809   -34.25   24.70
-107989.771    50.330   -14.75   15.43
-107618.234    55.268    13.29   15.83
-107246.630    59.279    10.79   18.10
-106874.957    60.691     3.80   22.04
-106503.217    63.099     6.48   25.25
-106131.409    66.018     7.85   25.59
-105759.532    68.509     6.70   24.88
-105387.588    74.809    16.94   19.73
-105015.575    75.629     2.20   13.28
-104643.495    74.970    -1.77   10.67
-104271.346    72.962    -5.39   10.23
-103899.129    72.538    -1.14   13.16
-103526.843    74.633     5.63   15.56
-103154.490    77.684     8.19   16.69
-102782.068    81.937    11.42   15.95
-102409.577    84.774     7.62   13.03
-102037.018    85.484     1.91   12.20
-101664.391    85.496     0.03   11.19
-101291.695    85.950     1.22    9.89
-100918.931    87.044     2.94    9.02
-100546.098    88.429     3.71    8.13
-100173.197    90.068     4.39    6.41
 -99800.227    90.189     0.32    5.91
 -99427.188    86.056   -11.08    9.58
 -99054.081    81.541   -12.10   10.47
 -98680.904    81.117    -1.14   11.51
 -98307.659    81.418     0.81   14.06
 -97934.346    89.701    22.19   13.53
 -97560.963    96.696    18.73   11.66
 -97187.511    95.491    -3.23   13.53
 -96813.991    97.608     5.67   13.68
 -96440.401   100.030     6.48   13.41
 -96066.743    99.545    -1.30   18.26
 -95693.015    98.009    -4.11   26.54
 -95319.218    94.950    -8.18   30.79
 -94945.353    90.577   -11.69   29.71
 -94571.418    91.494     2.45   29.79
 -94197.413   102.245    28.74   31.32
 -93823.340   115.491    35.41   33.02
 -93449.197   135.958    54.70   24.58
 -93074.985   150.766    39.57   16.28
 -92700.704   163.750    34.69   19.88
 -92326.353   175.004    30.06   20.87
 -91951.933   185.150    27.10   18.91
 -91577.443   191.754    17.63   16.37
 -91202.884   194.458     7.22   13.83
 -90828.255   194.089    -0.99   11.11
 -90453.556   192.444    -4.39    9.13
 -90078.788   190.026    -6.45    8.82
 -89703.951   187.089    -7.83    8.87
 -89329.043   183.621    -9.25    7.59
 -88954.066   181.931    -4.51    6.38
 -88579.019   180.523    -3.75    5.27
 -88203.902   180.433    -0.24    4.97
 -87828.716   180.645     0.57    5.10
 -87453.459   180.962     0.84    5.14
 -87078.133   180.791    -0.45    5.50
 -86702.736   180.896     0.28    5.52
 -86327.270   180.526    -0.99    5.29
 -85951.733   179.732    -2.11    4.66
 -85576.126   178.424    -3.48    4.06
 -85200.450   176.727    -4.52    3.34
 -84824.703   174.048    -7.13    3.70
 -84448.885   170.315    -9.93    4.93
 -84072.998   165.859   -11.85    5.01
 -83697.040   163.942    -5.10    4.93
 -83321.012   162.538    -3.73    4.97
 -82944.914   162.077    -1.23    5.08
 -82568.745   162.822     1.98    4.98
 -82192.505   165.014     5.83    4.74
 -81816.196   168.349     8.86    4.84
 -81439.815   170.828     6.59    3.75
 -81063.364   169.708    -2.97   12.41
 -80686.843   164.597   -13.57   22.52
 -80310.250   163.233    -3.62   25.50
 -79933.588   165.785     6.78   26.47
 -79556.854   175.891    26.82   28.72
 -79180.050   187.184    29.97   29.80
 -78803.174   207.350    53.51   26.64
 -78426.228   225.479    48.09   19.31
 -78049.211   238.708    35.09   18.36
 -77672.123   247.013    22.02   13.46
 -77294.965   249.574     6.79    9.53
 -76917.735   249.253    -0.85    7.58
 -76540.434   244.422   -12.80    8.63
 -76163.062   239.116   -14.06    9.79
 -75785.619   232.989   -16.23   11.21
 -75408.104   227.916   -13.44   10.98
 -75030.519   223.080   -12.81   12.06
 -74652.862   217.460   -14.88   14.09
 -74275.134   214.637    -7.47   16.21
 -73897.335   215.637     2.65   17.11
 -73519.464   219.609    10.51   16.16
 -73141.522   225.035    14.36   12.78
 -72763.508   228.908    10.24   12.24
 -72385.423   230.877     5.21   12.83
 -72007.266   232.376     3.96   13.39
 -71629.038   234.431     5.43   14.23
 -71250.738   235.762     3.52   14.30
 -70872.367   237.496     4.58   13.73
 -70493.924   238.171     1.78   13.67
 -70115.409   236.220    -5.15   16.54
 -69736.822   231.440   -12.63   18.20
 -69358.163   229.803    -4.32   16.50
 -68979.433   233.810    10.58   17.11
 -68600.631   245.315    30.37   19.83
 -68221.757   261.418    42.50   20.75
 -67842.810   280.710    50.91   22.81
 -67463.792   296.020    40.39   17.76
 -67084.702   305.559    25.16   12.60
 -66705.540   312.514    18.34    8.55
 -66326.305   315.026     6.63   10.00
 -65946.998   317.180     5.68   11.52
 -65567.620   318.738     4.11   12.88
 -65188.168   319.210     1.24   14.12
 -64808.645   320.446     3.26   16.28
 -64429.049   322.340     4.99   22.31
 -64049.381   326.315    10.47   26.16
 -63669.640   328.950     6.94   23.71
 -63289.827   330.706     4.62   16.77
 -62909.941   342.750    31.70   22.48
 -62529.983   362.089    50.89   28.54
 -62149.952   379.094    44.74   25.41
 -61769.849   388.979    26.01   17.27
 -61389.673   385.089   -10.23   16.74
 -61009.424   374.291   -28.39   18.07
 -60633.470   355.950   -48.78   25.71
 -60267.064   330.477   -69.52   33.13
 -59900.591   297.629   -89.63   40.36
 -59534.052   264.909   -89.26   34.84
 -59167.445   237.012   -76.09   28.79
 -58800.772   216.698   -55.40   21.52
 -58434.031   198.444   -49.77   17.16
 -58067.224   185.038   -36.55   15.04
 -57700.349   169.076   -43.51   17.72
 -57333.408   153.291   -43.01   25.34
 -56966.399   132.472   -56.72   34.93
 -56599.324   108.362   -65.68   40.88
 -56232.181    88.291   -54.66   36.09
 -55864.970    88.073    -0.59   37.79
 -55497.693   102.206    38.48   47.57
 -55130.348   132.115    81.42   47.22
 -54762.936   162.429    82.50   25.79
 -54395.457   177.487    40.97   11.84
 -54027.910   184.241    18.38    9.36
 -53660.295   189.524    14.37    9.05
 -53292.613   195.921    17.40   12.83
 -52924.864   204.196    22.50   19.27
 -52557.047   216.328    32.98   27.80
 -52189.163   229.397    35.52   34.35
 -51821.210   241.997    34.24   38.50
 -51453.190   251.444    25.67   41.18
 -51085.103   259.291    21.32   39.41
 -50716.948   271.931    34.33   39.02
 -50348.724   286.547    39.69   36.85
 -49980.434   303.889    47.09   31.75
 -49612.075   315.950    32.74   23.02
 -49243.648   317.977     5.50   21.54
 -48875.153   309.728   -22.39   27.54
 -48506.591   293.538   -43.93   28.42
 -48137.960   278.750   -40.11   26.74
 -47769.262   265.404   -36.20   21.29
 -47400.495   260.256   -13.96   19.89
 -47031.660   260.479     0.60   20.33
 -46662.757   266.431    16.13   19.38
 -46293.786   274.529    21.95   19.71
 -45924.746   279.384    13.16   22.05
 -45555.638   285.990    17.90   25.88
 -45186.462   292.533    17.72   28.54
 -44817.218   298.101    15.08   30.65
 -44447.905   301.233     8.48   31.70
 -44078.524   303.194     5.31   32.21
 -43709.074   298.515   -12.66   34.19
 -43339.556   293.687   -13.07   38.52
 -42969.969   284.839   -23.94   40.81
 -42600.314   274.149   -28.92   43.60
 -42230.590   261.164   -35.12   44.96
 -41860.797   251.668   -25.68   43.89
 -41490.936   236.682   -40.52   42.80
 -41121.006   229.009   -20.74   40.70
 -40751.007   217.256   -31.76   36.29
 -40380.940   211.498   -15.56   32.73
 -40010.803   204.720   -18.31   27.69
 -39640.598   202.152    -6.94   23.78
 -39270.324   199.859    -6.19   21.63
 -38899.980   199.059    -2.16   22.26
 -38529.568   199.835     2.09   23.57
 -38159.087   201.374     4.15   23.22
 -37788.536   201.785     1.11   22.48
 -37417.917   203.757     5.32   18.73
 -37047.228   203.266    -1.32   14.42
 -36676.471   203.544     0.75   10.29
 -36305.644   201.217    -6.27    8.96
 -35934.747   198.361    -7.70   10.26
 -35563.782   196.649    -4.61   14.29
 -35192.747   196.974     0.87   19.04
 -34821.642   197.884     2.45   25.35
 -34450.468   200.073     5.90   30.17
 -34079.225   195.649   -11.92   32.04
 -33707.912   180.119   -41.82   32.41
 -33336.530   163.584   -44.52   29.30
 -32965.078   145.117   -49.71   19.43
 -32593.557   132.684   -33.46   11.94
 -32221.966   124.915   -20.91    8.75
 -31850.305   120.396   -12.16    6.75
 -31478.574   116.489   -10.51    5.41
 -31106.774   114.207    -6.14    4.56
 -30734.904   112.640    -4.21    4.58
 -30362.964   112.175    -1.25    4.57
 -29990.954   111.400    -2.08    5.09
 -29618.874   110.233    -3.14    5.55
 -29246.724   107.477    -7.40    6.49
 -28874.504   104.183    -8.85    7.02
 -28502.214    99.884   -11.55    6.98
 -28129.854    96.257    -9.74    6.36
 -27757.424    91.918   -11.65    5.73
 -27384.924    88.466    -9.27    6.25
 -27012.353    83.768   -12.61    6.61
 -26639.712    79.113   -12.49    7.32
 -26267.001    73.362   -15.43    9.41
 -25894.220    66.556   -18.26   11.03
 -25521.368    57.954   -23.07   10.14
 -25148.446    50.454   -20.11    9.04
 -24775.453    43.350   -19.05    7.92
 -24402.390    39.152   -11.25    7.03
 -24029.257    36.089    -8.21    5.33
 -23656.052    33.791    -6.16    4.34
 -23282.778    29.999   -10.16    5.50
 -22909.432    25.815   -11.21    5.72
 -22536.016    22.175    -9.75    4.04
 -22162.529    20.211    -5.26    2.23
 -21788.972    18.906    -3.49    1.31
 -21415.343    18.303    -1.61    1.32
 -21041.644    20.352     5.48   12.20
 -20667.874    35.510    40.55   30.86
 -20294.033    58.954    62.71   37.21
 -19920.121    78.843    53.19   30.05
 -19546.137    95.434    44.36    4.20
 -19172.083    94.908    -1.41    3.95
 -18797.958    93.918    -2.65    3.59
 -18423.762    93.291    -1.67    3.13
 -18049.494    92.477    -2.17    3.27
 -17675.156    90.096    -6.36    4.89
 -17300.746    86.196   -10.42    7.13
 -16926.264    81.536   -12.45    8.37
 -16551.712    77.014   -12.07    7.00
 -16177.088    75.047    -5.25    5.01
 -15802.392    74.698    -0.93    4.13
 -15427.625    74.878     0.48    3.65
 -15052.787    75.491     1.64    2.95
 -14677.877    76.152     1.76    2.40
 -14302.896    76.518     0.98    2.25
 -13927.843    77.431     2.44    2.14
 -13552.718    78.524     2.91    1.23
 -13177.522    78.821     0.79    0.61
 -12802.254    78.384    -1.16    0.82
 -12426.914    77.843    -1.44    0.87
 -12051.502    77.434    -1.09    0.76
 -11676.018    77.291    -0.38    0.85
 -11300.463    77.338     0.12    1.23
 -10924.835    77.220    -0.31    1.58
 -10549.136    77.073    -0.39    1.73
 -10173.364    76.757    -0.84    1.79
  -9797.521    76.160    -1.59    1.75
  -9421.605    75.640    -1.38    1.58
  -9045.617    75.096    -1.45    1.41
  -8669.557    74.649    -1.19    1.31
  -8293.425    74.559    -0.24    1.57
  -7917.221    74.763     0.54    1.74
  -7540.944    75.315     1.47    1.93
  -7164.595    76.280     2.56    1.99
  -6788.173    77.337     2.81    1.78
  -6411.679    78.279     2.50    1.29
  -6035.113    78.954     1.79    0.88
  -5658.474    79.291     0.90    0.84
  -5281.762    79.625     0.88    1.59
  -4904.978    79.617    -0.02    2.50
  -4528.121    80.210     1.57    3.69
  -4151.191    81.171     2.55    5.41
  -3774.189    81.652     1.28    6.46
  -3397.114    80.520    -3.00    7.40
  -3019.966    77.820    -7.16    8.66
  -2642.746    72.048   -15.30   11.87
  -2265.452    61.636   -27.59   21.54
  -1888.085    47.958   -36.25   28.52
  -1510.646    31.939   -42.44   30.63
  -1133.133    17.182   -39.09   26.06
   -755.548     4.533   -33.50   14.36
   -377.889    -0.709   -13.88    0.00
     -0.157    -0.709     0.00    0.00
    377.648    -0.709     0.00    0.00
    755.526     3.606    11.42   10.35
   1133.478     8.918    14.05   14.12
   1511.503    14.803    15.57   15.42
   1889.601    19.080    11.31   15.29
   2267.773    18.165    -2.42   15.34
   2646.018    15.671    -6.59   14.56
   3024.336    13.735    -5.12   14.60
   3402.729    12.665    -2.83   16.67
   3781.194    15.786     8.25   21.24
   4159.734    21.947    16.28   24.26
   4538.347    29.436    19.78   24.02
   4917.033    35.730    16.62   21.49
   5295.794    39.769    10.66   17.45
   5674.628    42.745     7.86   13.90
   6053.536    44.524     4.70   11.99
   6432.518    46.559     5.37    9.66
   6811.574    48.327     4.66    7.79
   7190.704    49.786     3.85    7.08
   7569.908    50.680     2.36    6.33
   7949.186    51.062     1.01    5.63
   8328.538    50.365    -1.84    6.53
   8707.964    47.970    -6.31    8.00
   9087.464    45.304    -7.02    8.71
   9467.039    41.507   -10.00    9.68
   9846.687    37.822    -9.71    9.68
  10226.411    33.659   -10.96   10.06
  10606.208    28.994   -12.28   10.77
  10986.080    25.199    -9.99   12.29
  11366.026    20.989   -11.08   13.68
  11746.047    16.848   -10.90   13.44
  12126.142    11.966   -12.84   12.70
  12506.312     8.662    -8.69   11.27
  12886.556     5.094    -9.38    8.57
  13266.876     3.137    -5.15    6.92
  13647.269     1.519    -4.25    5.44
  14027.738     0.127    -3.66    4.84
  14393.947    -0.360    -1.33    4.03
  14760.206    -0.938    -1.58    4.31
  15126.533    -1.756    -2.23    4.76
  15492.928    -2.464    -1.93    4.95
  15859.392    -3.836    -3.74    4.92
  16225.925    -5.858    -5.52    4.87
  16592.526    -8.239    -6.49    4.36
  16959.196    -8.822    -1.59    3.97
  17325.935    -8.965    -0.39    3.96
  17692.742    -8.023     2.57    5.09
  18059.619    -6.118     5.19    8.99
  18426.564    -1.265    13.23   17.80
  18793.578     4.466    15.62   24.24
  19160.661    14.675    27.81   30.33
  19527.813    23.211    23.25   30.90
  19895.034    35.428    33.27   28.71
  20262.324    43.586    22.21   23.44
  20629.683    51.429    21.35   22.00
  20997.111    59.314    21.46   28.03
  21364.608    71.280    32.56   36.20
  21732.174    85.096    37.59   43.77
  22099.810   102.087    46.22   48.80
  22467.515   115.924    37.63   53.00
  22835.289   127.243    30.78   50.35
  23203.133   130.797     9.66   46.97
  23571.046   130.196    -1.63   42.29
  23939.029   125.718   -12.17   34.94
  24307.081   121.456   -11.58   28.01
  24675.202   118.826    -7.14   23.49
  25043.393   116.082    -7.45   19.10
  25411.654   114.786    -3.52   16.68
  25779.984   113.791    -2.70   16.69
  26148.384   113.723    -0.19   17.10
  26516.853   111.291    -6.60   18.22
  26885.392   107.617    -9.97   18.40
  27254.002   102.689   -13.37   16.19
  27622.680    97.362   -14.45   16.50
  27991.429    92.011   -14.51   16.52
  28360.248    88.730    -8.89   14.27
  28729.136    88.962     0.63   12.16
  29098.095    90.426     3.97   10.07
  29467.124    93.943     9.53    9.15
  29836.222    96.032     5.66    7.78
  30205.391    95.751    -0.76    7.09
  30574.630    95.444    -0.83    6.80
  30943.939    94.780    -1.80    6.82
  31313.318    93.863    -2.48    6.80
  31682.768    92.384    -4.00    6.83
  32052.288    90.350    -5.51    7.17
  32421.878    87.915    -6.59    6.96
  32791.538    85.632    -6.18    7.56
  33161.269    83.985    -4.46    7.43
  33531.071    81.489    -6.75    8.21
  33900.943    78.071    -9.24    8.56
  34270.885    75.188    -7.79    9.26
  34640.898    71.745    -9.31   12.24
  35010.982    72.774     2.78   11.92
  35381.136    72.150    -1.69   11.64
  35751.361    72.916     2.07   10.52
  36121.657    71.852    -2.87    9.79
  36492.024    69.406    -6.60    8.38
  36862.461    67.462    -5.25    7.62
  37232.969    64.837    -7.09    6.86
  37603.548    59.424   -14.61   10.97
  37974.199    51.858   -20.41   13.48
  38344.920    46.713   -13.88   11.41
  38715.712    45.371    -3.62    7.41
  39086.575    46.375     2.71    5.93
  39457.509    48.780     6.48    3.97
  39828.515    50.431     4.45    1.79
  40199.591    52.087     4.46    3.27
  40570.739    54.349     6.09    4.33
  40941.958    58.269    10.56    4.84
  41313.248    61.738     9.34    5.32
  41684.610    66.460    12.71    7.23
  42056.043    71.507    13.59    9.40
  42427.548    77.550    16.27   10.20
  42799.124    82.482    13.27    9.62
  43170.771    87.590    13.74    7.73
  43542.490    89.832     6.03    7.63
  43914.281    92.687     7.68    7.70
  44286.143    94.360     4.50    7.72
  44658.077    96.314     5.26    7.60
  45030.083    97.439     3.02    7.39
  45402.161    97.633     0.52    7.63
  45774.310    97.178    -1.22    8.37
  46146.531    95.838    -3.60    9.39
  46518.824    93.769    -5.56   10.78
  46891.189    90.387    -9.08   12.44
  47263.626    85.826   -12.25   12.31
  47636.135    81.718   -11.03   11.68
  48008.716    77.809   -10.49    9.54
  48381.369    74.899    -7.81    8.48
  48754.094    71.995    -7.79    7.20
  49126.891    69.255    -7.35    6.77
  49499.761    65.814    -9.23    6.67
  49872.703    61.657   -11.15    6.89
  50245.717    57.487   -11.18    6.28
  50618.803    54.328    -8.47    5.43
  50991.962    51.912    -6.47    4.18
  51365.194    50.629    -3.44    3.60
  51738.497    49.469    -3.11    4.40
  52111.874    49.243    -0.61    5.88
  52485.322    46.182    -8.20   10.79
  52858.844    40.101   -16.28   15.83
  53232.438    32.848   -19.41   19.15
  53606.105    25.970   -18.41   20.05
  53979.844    29.110     8.40   21.64
  54353.656    38.609    25.41   19.31
  54727.541    46.067    19.95   12.84
  55101.499    49.431     9.00    3.77
  55475.530    47.826    -4.29    4.81
  55849.633    44.943    -7.71    5.69
  56223.810    42.179    -7.39    5.01
  56598.060    42.419     0.64    5.18
  56972.383    44.826     6.43    5.45
  57346.778    47.012     5.84    4.26
  57721.247    48.576     4.17    1.81
  58095.789    48.524    -0.14    1.79
  58470.405    49.223     1.87    1.75
  58845.094    50.001     2.08    1.12
  59219.855    49.803    -0.53    2.28
  59594.691    48.222    -4.22    4.21
  59969.600    43.257   -13.24   10.13
  60344.582    33.257   -26.67   19.05
  60719.637    17.860   -41.05   24.81
  61094.767     4.981   -34.33   22.76
  61469.969    -6.686   -31.10   13.68
  61845.246   -11.743   -13.48    0.18
  62220.596   -11.709     0.09    0.00
  62596.019   -11.709     0.00    0.00
  62971.517   -11.709     0.00    0.00
  63347.088   -11.709     0.00    0.00
  63722.733   -11.709     0.00    0.00
  64098.452   -11.709     0.00    0.00
  64474.245   -11.709     0.00    0.00
  64850.112   -11.639     0.19    0.26
  65226.053   -11.620     0.05    0.29
  65602.068   -11.616     0.01    0.29
  65978.156   -10.254     3.62    5.94
  66354.320    -0.464    26.03   22.47
  66730.557    17.157    46.84   32.35
  67106.868    35.256    48.10   31.95
  67483.254    51.943    44.34   21.93
  67859.714    60.387    22.43    6.50
  68236.249    54.928   -14.50   10.42
  68612.857    47.503   -19.72   11.63
  68989.541    41.869   -14.96    9.33
  69366.298    37.791   -10.82    4.17
  69743.131    37.182    -1.62    2.25
  70120.037    38.470     3.42    2.47
  70497.019    40.405     5.13    3.19
  70874.075    42.596     5.81    2.59
  71251.206    45.842     8.61    5.32
  71628.411    51.243    14.32    8.04
  72005.692    56.757    14.62    8.01
  72383.047    61.970    13.81    5.19
  72760.477    64.669     7.15    5.15
  73137.982    66.434     4.68    5.14
  73515.562    67.379     2.50    5.25
  73893.217    67.291    -0.23    5.79
  74270.947    66.553    -1.96    5.98
  74648.752    65.613    -2.49    5.59
  75026.632    65.325    -0.76    5.69
  75404.587    65.184    -0.37    5.26
  75782.618    64.655    -1.40    4.07
  76160.724    63.687    -2.56    1.36
  76538.905    63.714     0.07    0.95
  76917.162    63.774     0.16    0.99
  77295.494    63.436    -0.89    1.69
  77673.901    62.625    -2.14    2.24
  78052.384    61.076    -4.09    3.14
  78430.943    59.211    -4.93    3.98
  78809.577    57.757    -3.84    4.26
  79188.287    57.951     0.51    4.71
  79567.072    59.245     3.42    4.77
  79945.933    60.763     4.01    3.83
  80324.870    62.098     3.52    2.50
  80703.883    61.224    -2.31    3.05
  81082.972    59.211    -5.31    4.67
  81462.136    54.921   -11.32    6.36
  81841.377    51.073   -10.15    5.87
  82220.693    47.603    -9.15    4.37
  82600.086    45.740    -4.91    2.47
  82979.554    44.858    -2.32    2.95
  83359.099    43.315    -4.07    4.05
  83738.720    40.500    -7.42    4.64
  84118.417    35.958   -11.96    7.10
  84498.190    33.415    -6.70    8.31
  84878.040    30.218    -8.42   10.65
  85257.966    29.473    -1.96   11.31
  85637.969    29.605     0.35   11.70
  86018.048    28.928    -1.78   11.18
  86398.203    28.629    -0.79   10.30
  86778.435    28.458    -0.45    9.45
  87158.743    29.671     3.19    8.07
  87539.129    30.025     0.93    7.46
  87919.590    30.786     2.00    6.49
  88300.129    31.516     1.92    6.72
  88680.744    33.326     4.75    7.09
  89051.470    35.527     5.94    7.99
  89417.512    38.602     8.40    7.68
  89783.624    41.730     8.54    5.72
  90149.806    43.689     5.35    4.11
  90516.058    44.257     1.55    2.94
  90882.380    43.649    -1.66    3.41
  91248.773    43.160    -1.33    2.95
  91615.236    42.889    -0.74    2.59
  91981.770    42.536    -0.96    2.34
  92348.374    42.258    -0.76    2.01
  92715.049    41.954    -0.83    1.78
  93081.794    42.067     0.31    1.59
  93448.609    42.405     0.92    1.47
  93815.496    43.190     2.14    1.60
  94182.453    44.007     2.23    1.62
  94549.480    44.709     1.91    1.54
  94916.578    45.399     1.88    1.24
  95283.748    46.058     1.80    1.11
  95650.987    46.565     1.38    1.36
  96018.298    47.381     2.22    1.66
  96385.680    48.050     1.82    1.58
  96753.132    48.808     2.06    1.07
  97120.656    49.199     1.06    0.52
  97488.251    49.303     0.28    0.11
  97855.916    49.280    -0.06    0.11
  98223.653    49.096    -0.50    0.43
  98591.461    48.707    -1.06    0.78
  98959.340    47.982    -1.97    1.04
  99327.290    47.336    -1.75    0.94
  99695.312    46.720    -1.67    0.68
 100063.404    46.258    -1.25    0.99
 100431.569    45.982    -0.75    1.51
 100799.804    45.830    -0.41    2.37
 101168.111    45.746    -0.23    2.91
 101536.490    45.741    -0.01    3.02
 101904.940    45.853     0.30    2.94
 102273.461    45.482    -1.01    2.89
 102642.054    43.803    -4.56    4.11
 103010.719    35.462   -22.63   14.97
 103379.455    25.147   -27.98   18.47
 103748.263    22.247    -7.86   18.07
 104117.143    25.348     8.40   18.12
 104486.095    32.188    18.54   13.80
 104855.119    36.758    12.39    4.88
 105224.214    34.565    -5.94    4.16
 105593.381    33.121    -3.91    2.79
 105962.621    33.737     1.67    2.87
 106331.932    35.584     5.00    3.36
 106701.315    37.030     3.91    2.89
 107070.771    38.358     3.60    2.30
 107440.298    39.176     2.21    2.03
 107809.898    40.202     2.77    1.86
 108179.570    40.985     2.12    1.70
 108549.314    41.869     2.39    0.96
 108919.131    42.258     1.05    0.53
 109289.020    42.314     0.15    0.52
 109658.981    42.403     0.24    0.59
 110029.015    42.912     1.38    1.47
 110399.121    43.169     0.69    1.85
 110769.300    42.894    -0.74    2.13
 111139.551    42.114    -2.11    2.68
 111509.875    40.924    -3.21    2.70
 111880.271    39.868    -2.85    1.61
 112250.740    39.315    -1.49    1.21
 112621.282    39.456     0.38    1.30
 112991.897    39.815     0.97    1.38
 113362.584    39.954     0.38    1.25
 113733.345    40.222     0.72    1.02
 114104.178    40.516     0.79    0.64
 114475.084    40.521     0.01    0.45
 114846.063    40.572     0.14    0.45
 115217.115    40.602     0.08    0.47
 115588.241    40.887     0.77    0.78
 115959.439    41.519     1.70    1.54
 116330.711    43.067     4.17    2.63
 116702.055    44.836     4.76    2.93
 117073.473    46.561     4.65    2.56
 117444.964    47.112     1.48    2.19
 117816.529    47.751     1.72    2.08
 118188.167    47.280    -1.27    2.47
 118559.878    45.429    -4.98    3.35
 118931.663    43.736    -4.56    3.28
 119303.521    42.723    -2.72    2.68
 119675.453    42.017    -1.90    2.40
 120047.459    41.372    -1.73    2.34
 120419.538    40.498    -2.35    2.32
 120791.690    39.431    -2.87    1.65
 121163.917    38.291    -3.06    1.62
 121536.217    37.172    -3.01    1.62
 121908.591    36.025    -3.08    1.44
 122281.039    35.021    -2.70    1.11
 122653.560    34.491    -1.42    0.74
 123026.156    34.175    -0.85    1.27
 123398.826    34.089    -0.23    1.34
 123771.569    33.903    -0.50    1.77
 124144.387    33.224    -1.82    2.38
 124517.279    32.889    -0.90    2.38
 124890.245    32.533    -0.95    2.10
 125263.285    32.395    -0.37    1.50
 125636.399    32.415     0.05    0.50
 126009.588    32.291    -0.33    0.00
 126382.851    32.291     0.00    0.00
 126756.189    32.291     0.00    0.00
 127129.600    32.291     0.00    0.00
 127503.087    32.291     0.00    0.00
 127876.647    32.291     0.00    0.00
 128250.283    32.291     0.00    0.00
 128623.993    32.291     0.00    0.00
 128997.777    32.291     0.00    0.00
 129371.636    32.303     0.03    0.11
 129745.570    32.469     0.45    0.61
 130119.579    32.683     0.57    1.02
 130493.663    32.614    -0.18    0.87
 130867.821    32.478    -0.36    0.59
 131242.054    32.414    -0.17    0.42
 131616.363    32.516     0.27    0.56
 131990.746    32.731     0.57    0.70
 132365.204    33.178     1.19    1.69
 132739.737    33.632     1.21    2.43
 133114.346    34.441     2.16    2.69
 133489.030    34.769     0.88    2.80
 133863.789    35.468     1.86    3.29
 134238.623    36.696     3.28    3.87
 134613.532    39.009     6.17    5.32
 134988.517    41.380     6.32    5.14
 135363.577    43.466     5.56    3.58
 135738.713    44.658     3.18    1.88
 136113.924    43.954    -1.88    2.70
 136489.210    42.650    -3.48    3.89
 136864.573    41.150    -4.00    3.99
 137240.011    40.610    -1.44    3.84
 137615.524    39.826    -2.09    3.89
 137991.113    39.041    -2.09    4.41
 138366.778    37.408    -4.35    4.90
 138742.519    36.052    -3.61    4.47
 139118.336    34.594    -3.88    3.39
 139494.228    35.715     2.98    4.66
 139870.197    36.565     2.26    5.05
 140246.241    37.269     1.87    5.62
 140622.362    37.809     1.43    6.08
 140998.558    38.247     1.17    6.38
 141374.831    39.668     3.78    6.69
 141751.180    41.480     4.82    5.98
 142127.605    42.922     3.83    4.83
 142504.106    43.359     1.16    4.27
 142880.684    42.756    -1.60    4.58
 143257.338    42.022    -1.95    5.17
 143634.068    40.268    -4.66    5.29
 144010.875    39.780    -1.29    5.46
 144387.758    39.127    -1.73    4.99
 144764.718    38.023    -2.93    4.22
 145141.755    38.091     0.18    4.27
 145518.868    37.400    -1.83    3.60
 145896.058    37.188    -0.56    2.46
 146273.324    40.511     8.81    5.82
 146650.667    45.039    12.00    8.00
 147028.087    51.183    16.28    9.82
 147405.584    57.901    17.80    9.14
 147783.158    64.204    16.70    8.95
 148160.809    71.033    18.08    7.96
 148538.537    76.857    15.42    9.19
 148916.341    84.669    20.68   10.46
 149294.223    93.127    22.38   11.53
 149672.182   103.100    26.39   12.37
 150050.219   112.302    24.34   12.83
 150428.332   121.707    24.88   12.12
 150806.523   128.139    17.01   11.40
 151184.791   136.947    23.29   12.23
 151563.136   145.302    22.09   14.55
 151941.559   156.530    29.67   16.00
 152320.059   166.401    26.08   16.31
 152698.637   179.621    34.92   15.16
 153077.293   189.076    24.97   14.62
 153456.026   198.348    24.48   11.81
 153834.836   203.247    12.93    9.74
 154213.725   207.391    10.94    9.18
 154592.691   209.703     6.10    9.75
 154971.735   212.647     7.77    9.84
 155350.857   217.125    11.81    9.72
 155730.056   221.225    10.82    8.13
 156109.334   223.482     5.95    6.39
 156488.690   224.753     3.35    4.61
 156868.123   224.648    -0.28    4.08
 157247.635   223.940    -1.87    3.84
 157627.225   223.108    -2.19    3.67
 158006.893   222.368    -1.95    3.97
 158386.639   221.496    -2.30    4.24
 158766.463   218.969    -6.65    4.90
 159146.366   215.954    -7.94    5.53
 159526.348   211.437   -11.89    5.39
 159906.407   206.954   -11.80    5.16
 160286.545   203.058   -10.25    5.09
 160666.762   199.850    -8.44    4.48
 161047.057   197.715    -5.61    3.40
 161427.431   196.326    -3.65    1.91
 161807.883   195.868    -1.21    1.08
 162188.414   196.162     0.77    1.47
 162569.024   196.824     1.74    1.93
 162949.713   197.372     1.44    2.13
 163330.481   197.661     0.76    2.61
 163706.097   196.145    -4.04    5.05
 164071.915   196.085    -0.17    6.14
 164437.805   198.989     7.94    9.20
 164803.766   205.781    18.56   12.33
 165169.800   214.203    23.01   11.09
 165535.905   221.775    20.69    7.21
 165902.083   226.926    14.07    6.59
 166268.333   231.391    12.19    6.25
 166634.654   235.357    10.83    5.79
 167001.048   239.473    11.24    5.21
 167367.514   243.379    10.66    5.17
 167734.053   247.791    12.04    5.74
 168100.663   253.125    14.55    6.78
 168467.346   258.456    14.54    5.98
 168834.102   262.703    11.58    5.57
 169200.929   264.860     5.88    4.54
 169567.830   264.160    -1.91    5.81
 169934.802   262.258    -5.18    6.82
 170301.847   257.951   -11.74    7.90
 170668.965   254.456    -9.52    8.60
 171036.156   250.808    -9.94    8.45
 171403.419   249.715    -2.98    7.53
 171770.754   250.246     1.44    6.28
 172138.163   251.012     2.08    4.93
 172505.644   251.315     0.82    3.84
 172873.198   251.205    -0.30    3.49
 173240.825   250.662    -1.48    3.17
 173608.525   250.031    -1.72    3.53
 173976.298   248.966    -2.90    4.05
 174344.144   245.929    -8.26    5.24
 174712.063   242.215   -10.10    6.06
 175080.055   236.072   -16.70    8.63
 175448.120   229.193   -18.69    9.75
 175816.258   221.158   -21.83    8.83
 176184.470   215.661   -14.93    7.02
 176552.755   211.373   -11.65    3.62
 176921.113   209.900    -4.00    1.97
 177289.544   209.698    -0.55    1.38
 177658.049   210.754     2.86    1.93
 178026.628   212.358     4.35    2.66
 178395.280   214.533     5.90    3.59
 178764.005   216.883     6.37    4.01
 179132.804   219.580     7.32    4.83
 179501.676   222.074     6.76    5.07
 179870.623   225.155     8.35    5.24
 180239.642   227.883     7.39    5.16
 180608.736   231.257     9.14    4.60
 180977.903   233.962     7.33    4.72
 181347.145   237.001     8.23    4.58
 181716.460   240.689     9.99    5.67
 182085.849   244.466    10.23    5.71
 182455.312   249.204    12.82    7.16
 182824.849   255.082    15.91    8.23
 183194.460   262.911    21.18   10.75
 183564.145   270.348    20.12   10.15
 183933.905   278.498    22.04    8.28
 184303.738   284.180    15.37    7.61
 184673.646   290.388    16.78    8.64
 185043.628   295.533    13.91    9.65
 185413.684   301.248    15.45   10.61
 185783.815   305.661    11.92   11.27
 186154.020   310.514    13.11   12.03
 186524.300   313.802     8.88   12.80
 186894.654   317.687    10.49   11.77
 187265.082   319.748     5.57   10.28
 187635.586   319.919     0.46    9.59
 188006.163   317.618    -6.21    8.45
 188376.816   315.078    -6.85    8.30
 188747.543   312.422    -7.17    7.52
 189118.345   310.314    -5.69    7.55
 189489.222   308.368    -5.25    7.36
 189860.174   306.980    -3.74    7.87
 190231.200   305.814    -3.14    7.62
 190602.302   304.150    -4.48    7.40
 190973.478   300.606    -9.55    7.50
 191344.730   299.076    -4.12    7.26
 191716.056   302.235     8.51   12.70
 192087.458   307.889    15.23   17.65
 192458.935   317.371    25.53   21.22
 192830.487   325.737    22.52   24.10
 193202.115   332.644    18.59   24.70
 193573.817   336.020     9.08   23.32
 193945.595   337.117     2.95   23.53
 194317.449   334.954    -5.82   26.33
 194689.378   329.016   -15.97   28.37
 195061.382   325.533    -9.36   27.59
 195433.462   321.962    -9.60   25.43
 195805.618   320.420    -4.14   21.12
 196177.849   318.337    -5.60   16.58
 196550.156   317.463    -2.35   11.81
 196922.538   314.701    -7.42    8.90
 197294.996   311.087    -9.70    7.93
 197667.530   306.943   -11.13    6.71
 198040.140   303.661    -8.81    6.02
 198412.826   299.958    -9.94    6.06
 198785.588   296.109   -10.33    7.88
 199158.426   292.225   -10.42    8.02
 199531.340   287.818   -11.82    5.78
 199904.330   285.118    -7.24    2.91
 200277.396   287.061     5.21    6.89
 200650.538   289.872     7.54    8.88
 201023.756   292.258     6.39    9.44
 201397.051   294.238     5.30    9.54
 201770.422   294.496     0.69   10.07
 202143.869   298.215     9.96   12.26
 202517.393   304.094    15.74   11.54
 202890.993   307.593     9.37   10.73
 203264.670   309.291     4.55    8.85
 203638.424   310.119     2.22    7.01
 204012.253   312.466     6.28    6.42
 204386.160   316.248    10.12    8.45
 204760.143   322.820    17.57   11.31
 205134.203   331.919    24.33   15.25
 205508.340   341.067    24.45   16.37
 205882.553   349.063    21.37   14.34
 206256.844   352.025     7.91   11.69
 206631.211   352.998     2.60    9.34
 207005.656   354.610     4.31    8.86
 207380.177   357.715     8.29    7.86
 207754.775   359.709     5.32    6.75
 208129.451   358.797    -2.44    7.00
 208504.204   355.357    -9.18    7.99
 208879.034   349.015   -16.92    8.73
 209253.941   342.880   -16.37    9.72
 209628.925   335.291   -20.24   10.42
 210003.987   328.324   -18.58   10.71
 210379.126   319.020   -24.81   10.25
 210754.343   311.058   -21.22   10.14
 211129.637   302.076   -23.94    9.57
 211505.008   294.180   -21.04    9.55
 211880.458   286.377   -20.79    7.95
 212255.985   280.580   -15.44    6.18
 212631.589   276.334   -11.31    4.43
 213007.271   273.555    -7.40    2.89
 213383.031   271.679    -5.00    2.88
 213758.869   270.116    -4.16    3.35
 214134.785   268.506    -4.28    4.12
 214510.779   267.585    -2.45    4.68
 214886.850   266.704    -2.34    5.20
 215263.000   266.270    -1.16    5.17
 215639.228   264.676    -4.24    4.83
 216015.533   263.215    -3.88    4.69
 216391.917   260.599    -6.95    4.62
 216768.380   257.857    -7.29    4.87
 217144.920   254.599    -8.65    4.49
 217521.539   252.270    -6.19    4.23
 217898.236   250.314    -5.19    3.37
 218275.011   249.453    -2.29    2.61
 218651.865   248.103    -3.58    3.41
 219028.798   245.765    -6.20    4.78
 219405.809   243.213    -6.77    4.67
 219782.898   242.823    -1.03    4.08
 220160.066   244.439     4.28    4.54
 220537.313   247.728     8.72    4.25
 220914.639   249.678     5.17    2.84
 221292.043   249.775     0.26    3.73
 221669.526   248.746    -2.73    4.96
 222047.089   246.980    -4.68    5.72
 222424.730   245.436    -4.09    7.12
 222802.450   244.465    -2.57    9.07
 223180.249   242.778    -4.47   11.50
