-254164.320   724.635     0.00   38.25
-253793.679   714.411   -27.58   40.50
-253422.970   692.120   -60.12   35.56
-253052.194   664.517   -74.43   27.26
-252681.351   640.649   -64.35   37.55
-252310.440   617.065   -63.57   37.71
-251939.462   617.370     0.82   41.13
-251568.416   637.574    54.44   55.90
-251197.303   674.137    98.50   51.94
-250826.122   703.494    79.07   26.51
-250454.874   712.852    25.20   19.06
-250083.558   712.759    -0.25   20.63
-249712.174   703.094   -26.02   25.24
-249340.723   684.936   -48.87   35.75
-248969.204   664.992   -53.67   39.23
-248597.617   654.010   -29.55   35.22
-248225.962   657.484     9.35   38.84
-247854.239   673.011    41.76   34.64
-247482.449   683.341    27.78   32.51
-247110.591   678.059   -14.20   48.43
-246738.664   659.791   -49.11   57.62
-246366.670   644.442   -41.25   57.98
-245994.607   629.388   -40.45   54.57
-245622.477   617.116   -32.97   44.18
-245250.278   607.405   -26.09   36.71
-244878.012   606.011    -3.74   37.94
-244505.677   610.755    12.74   42.03
-244133.273   618.170    19.91   41.75
-243760.802   621.288     8.37   33.02
-243388.262   619.511    -4.77   24.23
-243015.654   615.923    -9.63   17.70
-242642.978   607.899   -21.53   19.72
-242270.233   596.935   -29.41   23.06
-241897.419   594.677    -6.06   25.27
-241524.538   599.610    13.23   31.13
-241151.587   607.200    20.35   30.38
-240778.568   606.795    -1.09   25.43
-240405.481   597.615   -24.60   23.82
-240032.325   600.021     6.45   27.78
-239659.100   611.022    29.47   33.98
-239285.806   632.167    56.63   35.27
-238912.444   655.167    61.59   32.70
-238539.013   671.316    43.24   29.31
-238165.513   669.775    -4.12   27.83
-237791.944   650.818   -50.74   40.16
-237418.306   625.285   -68.32   39.51
-237044.600   602.706   -60.41   24.59
-236670.824   598.232   -11.97   21.15
-236296.979   609.899    31.20   31.19
-235923.065   626.840    45.30   32.38
-235549.083   632.899    16.20   25.52
-235175.031   628.763   -11.06   26.65
-234800.909   617.697   -29.57   21.01
-234426.719   614.232    -9.26   15.26
-234052.459   621.225    18.68   15.47
-233678.130   631.811    28.27   17.45
-233303.732   649.716    47.81   23.68
-232929.265   667.924    48.61   25.82
-232554.728   684.291    43.69   27.80
-232180.121   693.699    25.11   26.12
-231805.445   696.128     6.48   26.06
-231430.700   689.286   -18.25   31.14
-231055.885   681.167   -21.66   36.37
-230681.000   666.506   -39.10   43.29
-230306.046   647.626   -50.35   45.67
-229931.022   625.501   -58.98   40.65
-229555.928   607.748   -47.32   33.11
-229180.765   595.849   -31.71   28.91
-228805.531   582.411   -35.80   27.94
-228430.228   572.721   -25.81   25.08
-228054.855   565.464   -19.33   15.72
-227679.413   565.797     0.89   16.37
-227303.900   571.679    15.66   14.26
-226928.317   574.211     6.74   10.32
-226552.664   563.362   -28.87   20.16
-226176.941   548.516   -39.51   20.44
-225801.149   543.061   -14.51   15.59
-225425.285   543.655     1.58   13.83
-225049.352   547.935    11.38   10.59
-224673.349   549.985     5.45    8.64
-224297.275   545.217   -12.68   11.27
-223921.131   543.493    -4.58   10.37
-223544.916   548.268    12.69   12.08
-223168.632   555.971    20.47   15.20
-222792.276   565.841    26.22   17.09
-222415.851   580.170    38.06   15.22
-222039.355   590.381    27.12   11.28
-221662.788   594.152    10.01    7.78
-221286.151   592.535    -4.29   10.15
-220909.443   583.876   -22.98   16.80
-220532.664   575.080   -23.34   15.97
-220155.815   570.641   -11.78   12.76
-219778.895   570.958     0.84   11.90
-219401.904   576.155    13.78   11.72
-219024.843   583.689    19.98   12.14
-218647.710   591.814    21.54   11.02
-218270.507   597.516    15.12    9.36
-217893.233   596.624    -2.36   10.82
-217515.887   593.759    -7.59   11.67
-217138.471   594.387     1.66   12.08
-216760.984   594.759     0.99   13.34
-216383.425   591.923    -7.51   17.88
-216005.796   585.724   -16.41   18.44
-215628.095   577.441   -21.93   20.76
-215250.323   572.449   -13.21   24.01
-214872.480   569.958    -6.59   24.00
-214494.566   570.155     0.52   18.95
-214116.580   574.486    11.46   17.44
-213738.523   580.167    15.03   17.81
-213360.394   588.899    23.09   21.18
-212982.194   600.640    31.04   23.55
-212603.922   614.649    37.03   29.20
-212225.579   631.818    45.37   37.87
-211847.165   645.261    35.52   45.66
-211468.678   658.899    36.03   51.61
-211090.121   674.768    41.91   52.19
-210711.491   681.626    18.11   51.80
-210332.790   692.492    28.69   58.08
-209954.016   707.202    38.83   64.03
-209575.171   717.863    28.14   60.41
-209196.255   729.441    30.55   57.29
-208817.266   734.911    14.43   55.91
-208438.205   736.923     5.31   54.47
-208059.073   740.224     8.70   55.67
-207679.868   742.597     6.26   51.41
-207300.591   741.561    -2.73   47.29
-206921.242   748.009    16.99   49.46
-206541.821   742.545   -14.40   50.48
-206162.328   735.853   -17.63   50.76
-205782.763   735.523    -0.87   49.22
-205403.125   737.994     6.51   41.40
-205023.415   742.092    10.79   36.62
-204643.633   733.911   -21.54   38.63
-204263.778   710.760   -60.94   51.73
-203883.851   676.497   -90.17   57.86
-203503.851   636.711  -104.68   54.48
-203123.779   605.066   -83.25   38.29
-202743.634   586.605   -48.55   21.66
-202363.417   586.190    -1.09   23.37
-201991.102   589.464     8.79   22.77
-201624.708   593.399    10.74   15.94
-201258.247   588.348   -13.78   19.74
-200891.720   574.682   -37.28   31.01
-200525.125   547.830   -73.24   45.94
-200158.464   513.261   -94.27   56.27
-199791.736   469.018  -120.62   58.22
-199424.941   428.786  -109.67   57.19
-199058.079   395.765   -90.00   55.45
-198691.150   368.888   -73.24   54.50
-198324.154   346.649   -60.59   51.44
-197957.091   328.772   -48.70   42.05
-197589.961   316.368   -33.78   31.60
-197222.764   307.202   -24.96   21.33
-196855.500   306.336    -2.36   19.05
-196488.168   306.558     0.60   25.59
-196120.769   313.936    20.08   41.59
-195753.303   346.411    88.36   79.77
-195385.770   402.253   151.91  123.94
-195018.169   482.446   218.12  143.75
-194650.501   551.109   186.72  132.05
-194282.765   613.504   169.65  122.59
-193914.962   645.646    87.38  119.46
-193547.092   686.626   111.38  121.72
-193179.154   707.516    56.77  123.72
-192811.148   741.646    92.73  123.90
-192443.075   761.864    54.92  119.83
-192074.934   782.330    55.58  122.07
-191706.725   794.062    31.86  121.49
-191338.449   798.899    13.13  115.63
-190970.105   782.212   -45.29  102.56
-190601.693   740.074  -114.36  123.56
-190233.214   705.690   -93.30  111.15
-189864.666   688.336   -47.08   92.42
-189496.051   721.604    90.24   99.05
-189127.367   773.811   141.58   73.88
-188758.616   800.748    73.04   63.16
-188389.797   819.321    50.35   55.29
-188020.909   829.923    28.74   41.83
-187651.954   832.399     6.71   28.22
-187282.930   821.590   -29.29   26.24
-186913.838   802.971   -50.44   36.42
-186544.678   787.582   -41.68   41.04
-186175.450   772.993   -39.51   41.49
-185806.153   771.995    -2.70   38.45
-185436.788   763.261   -23.64   40.58
-185067.355   730.210   -89.45   68.15
-184697.853   682.805  -128.28   93.74
-184328.283   593.718  -241.02  111.27
-183958.645   520.829  -197.16  108.38
-183588.938   486.229   -93.57   95.80
-183219.162   497.658    30.90  110.00
-182849.318   508.658    29.74  118.60
-182479.405   495.828   -34.68  127.14
-182109.424   448.731  -127.28  139.51
-181739.373   408.566  -108.52  129.43
-181369.254   397.492   -29.92  126.46
-180999.067   418.458    56.63  129.48
-180628.810   439.261    56.18  115.64
-180258.485   440.661     3.78   94.05
-179888.091   413.299   -73.86   97.96
-179517.627   380.132   -89.51   86.02
-179147.095   350.343   -80.38   82.22
-178776.494   333.888   -44.40   86.87
-178405.824   324.566   -25.15   92.73
-178035.084   299.597   -67.34   77.67
-177664.276   287.851   -31.67   55.63
-177293.398   283.210   -12.51   45.51
-176922.452   305.935    61.25   75.34
-176551.436   343.661   101.67  107.33
-176180.350   388.765   121.53  130.48
-175809.196   432.783   118.58  125.82
-175437.972   462.411    79.80   98.30
-175066.678   483.358    56.41   57.72
-174695.315   482.288    -2.88   34.35
-174323.883   466.650   -42.10   29.95
-173952.381   429.767   -99.27   63.98
-173580.810   398.399   -84.41   64.90
-173209.169   396.062    -6.29   70.45
-172837.458   441.673   122.69   99.60
-172465.678   509.387   182.11   80.34
-172093.828   553.095   117.53   41.92
-171721.909   558.488    14.50   30.26
-171349.919   536.670   -58.64   33.36
-170977.860   508.440   -75.87   36.82
-170605.731   475.064   -89.68   43.09
-170233.532   432.245  -115.03   60.66
-169861.263   400.353   -85.66   64.40
-169488.924   414.400    37.72   86.94
-169116.515   470.497   150.61  116.86
-168744.036   548.388   209.09   92.90
-168371.486   607.714   159.22   34.54
-167998.867   617.555    26.41   20.11
-167626.178   611.464   -16.34   22.25
-167253.418   603.805   -20.54   19.07
-166880.588   595.582   -22.05   11.51
-166507.688   590.190   -14.46   13.47
-166134.717   579.499   -28.66   19.46
-165761.676   559.497   -53.61   31.07
-165388.565   531.417   -75.25   37.04
-165015.383   498.828   -87.32   44.87
-164642.131   458.923  -106.90   49.64
-164268.808   418.900  -107.20   54.99
-163895.414   381.792   -99.37   52.92
-163521.950   356.095   -68.80   48.71
-163148.416   336.972   -51.19   46.46
-162774.810   321.064   -42.57   44.48
-162401.134   307.899   -35.23   40.95
-162027.387   308.252     0.94   45.85
-161653.570   317.030    23.48   60.10
-161279.681   330.279    35.43   62.56
-160905.722   331.484     3.22   56.85
-160531.691   326.400   -13.59   44.72
-160157.590   320.655   -15.35   36.41
-159783.417   321.624     2.59   38.09
-159409.174   323.911     6.11   41.65
-159034.859   324.264     0.94   41.58
-158660.474   325.658     3.72   40.52
-158286.017   326.760     2.94   35.62
-157911.489   323.545    -8.58   29.34
-157536.890   324.187     1.71   25.63
-157162.219   327.828     9.72   33.39
-156787.477   326.980    -2.26   34.62
-156412.664   324.104    -7.67   36.36
-156037.779   317.655   -17.20   28.93
-155662.823   317.658     0.01   31.20
-155287.795   321.049     9.04   40.25
-154912.696   326.144    13.58   47.87
-154537.525   328.423     6.07   49.70
-154162.282   333.285    12.96   53.35
-153786.968   335.667     6.35   60.15
-153411.582   339.747    10.87   60.93
-153036.125   339.711    -0.09   56.53
-152660.595   346.958    19.29   60.39
-152284.994   359.004    32.07   68.12
-151909.321   394.506    94.49   95.07
-151533.576   430.082    94.67  113.79
-151157.759   465.911    95.33  110.02
-150781.870   486.233    54.06   95.81
-150405.910   492.469    16.59   81.26
-150029.877   486.394   -16.16   69.19
-149653.771   484.209    -5.81   63.64
-149277.594   470.525   -36.37   71.34
-148901.345   463.088   -19.76   73.00
-148525.023   458.209   -12.96   72.03
-148148.629   456.229    -5.26   73.08
-147772.163   455.888    -0.91   70.89
-147395.624   446.900   -23.87   75.88
-147019.013   424.248   -60.14   79.75
-146642.329   395.202   -77.10   78.00
-146265.573   356.664  -102.28   74.11
-145888.745   328.411   -74.97   56.76
-145511.844   310.694   -47.00   44.45
-145134.870   300.049   -28.24   41.27
-144757.823   292.399   -20.29   40.29
-144380.704   277.946   -38.32   30.35
-144003.512   272.984   -13.15   25.40
-143626.248   273.245     0.69   28.80
-143248.910   277.119    10.27   34.07
-142871.500   281.578    11.81   36.46
-142494.017   285.603    10.66   36.91
-142116.461   283.323    -6.04   36.73
-141738.832   274.801   -22.56   35.41
-141361.130   263.360   -30.29   32.44
-140983.354   254.606   -23.17   27.23
-140605.506   280.670    68.97   67.64
-140227.584   322.167   109.79   88.63
-139849.590   368.946   123.74   83.73
-139471.522   418.490   131.03   54.61
-139093.380   454.499    95.22   37.31
-138715.166   478.008    62.15   35.30
-138336.878   502.014    63.45   40.52
-137958.517   521.365    51.14   43.96
-137580.082   534.888    35.73   37.29
-137201.574   538.760    10.23   36.61
-136822.992   526.562   -32.22   46.85
-136444.336   491.685   -92.10   58.43
-136065.607   452.144  -104.39   61.12
-135686.804   410.783  -109.18   64.21
-135307.928   354.614  -148.24   86.48
-134928.978   291.865  -165.57   89.67
-134549.954   249.756  -111.08   63.16
-134170.856   238.070   -30.82   50.56
-133791.684   247.947    26.05   55.17
-133412.439   265.320    45.81   48.44
-133033.119   278.277    34.15   33.64
-132653.726   285.809    19.85   21.12
-132274.258   287.375     4.13   14.66
-131894.716   285.582    -4.72   12.21
-131515.100   283.096    -6.55   10.23
-131135.410   280.727    -6.24    9.54
-130755.646   278.237    -6.56    8.98
-130375.807   275.935    -6.06    8.53
-129995.894   273.803    -5.61    8.43
-129615.907   273.866     0.17    8.30
-129235.846   274.900     2.72    9.10
-128855.710   277.316     6.36   10.17
-128475.499   274.923    -6.29   16.91
-128095.214   263.187   -30.86   33.07
-127714.854   240.318   -60.12   43.26
-127338.110   217.248   -61.23   39.36
-126971.925   197.476   -53.99   22.60
-126605.671   189.547   -21.65    2.46
-126239.349   189.272    -0.75    1.07
-125872.959   189.578     0.84    1.07
-125506.500   190.170     1.62    1.21
-125139.973   190.968     2.18    1.40
-124773.377   193.033     5.63    3.77
-124406.712   206.014    35.40   29.84
-124039.979   238.143    87.60   61.26
-123673.177   295.716   156.94   96.79
-123306.307   361.197   178.47  110.17
-122939.368   439.417   213.15  114.89
-122572.360   496.453   155.39  103.08
-122205.283   523.406    73.42   95.46
-121838.137   534.337    29.77  100.78
-121470.922   543.570    25.14  115.29
-121103.639   554.991    31.09  127.84
-120736.286   605.217   136.71  138.52
-120368.865   650.773   123.98  140.90
-120001.374   685.685    94.99  125.91
-119633.815   700.072    39.14  115.87
-119266.186   699.631    -1.20  108.22
-118898.488   652.195  -128.99  103.14
-118530.721   617.375   -94.67   96.09
-118162.884   607.147   -27.80   75.61
-117794.978   603.381   -10.24   74.51
-117427.003   609.741    17.28   84.17
-117058.959   623.772    38.12   89.54
-116690.845   639.388    42.42   98.62
-116322.662   667.555    76.50  110.80
-115954.409   715.343   129.76  115.53
-115586.087   741.958    72.25  104.91
-115217.695   766.457    66.50   93.68
-114849.234   777.820    30.84   82.22
-114480.703   787.538    26.37   79.63
-114112.102   808.002    55.51   84.51
-113743.432   839.188    84.58   85.75
-113374.692   844.264    13.76   84.50
-113005.882   836.021   -22.35   95.15
-112637.002   803.627   -87.81  102.87
-112268.052   780.106   -63.75   89.55
-111899.032   758.990   -57.22   85.27
-111529.943   739.220   -53.56   79.03
-111160.783   728.302   -29.57   80.55
-110791.554   719.590   -23.59   79.89
-110422.254   717.337    -6.10   81.76
-110052.884   706.969   -28.06   92.38
-109683.444   688.207   -50.78   99.57
-109313.934   681.463   -18.25   96.54
-108944.354   663.025   -49.89   94.75
-108574.703   653.341   -26.19   91.18
-108204.982   632.049   -57.59   86.27
-107835.191   617.608   -39.05   75.13
-107465.330   595.074   -60.92   64.06
-107095.397   584.559   -28.42   67.87
-106725.395   573.423   -30.09   67.73
-106355.322   574.118     1.88   58.64
-105985.178   558.792   -41.40   56.34
-105614.964   530.946   -75.21   65.86
-105244.679   503.033   -75.38   61.58
-104874.324   489.200   -37.35   61.84
-104503.897   491.185     5.36   67.32
-104133.400   485.332   -15.80   73.26
-103762.832   466.741   -50.17   67.44
-103392.194   469.486     7.41   59.61
-103021.484   478.875    25.32   59.36
-102650.704   489.796    29.45   53.50
-102279.853   477.499   -33.16   60.26
-101908.930   439.434  -102.62   64.22
-101537.937   413.173   -70.78   50.01
-101166.872   403.865   -25.08   45.33
-100795.737   407.993    11.12   54.59
-100424.530   415.107    19.16   61.90
-100053.252   407.624   -20.15   61.61
 -99681.903   383.354   -65.35   49.80
 -99310.482   367.476   -42.75   34.41
 -98938.991   353.389   -37.92   16.37
 -98567.427   348.272   -13.77   13.69
 -98195.793   346.502    -4.76   18.65
 -97824.087   345.192    -3.52   19.51
 -97452.309   347.745     6.86   27.01
 -97080.460   360.354    33.91   45.01
 -96708.540   372.980    33.95   56.53
 -96336.548   389.332    43.95   62.69
 -95964.484   397.179    21.09   59.05
 -95592.348   399.423     6.03   53.71
 -95220.141   392.182   -19.45   46.74
 -94847.862   382.479   -26.06   41.70
 -94475.511   381.699    -2.09   37.40
 -94103.088   388.366    17.90   39.01
 -93730.594   398.733    27.83   38.52
 -93358.027   412.604    37.23   27.04
 -92985.389   416.399    10.18   21.03
 -92612.678   414.520    -5.04   19.25
 -92239.895   408.984   -14.85   17.88
 -91867.041   402.689   -16.88   16.58
 -91494.114   391.777   -29.26   20.93
 -91121.115   378.156   -36.52   25.12
 -90748.044   375.436    -7.29   29.73
 -90374.900   394.661    51.52   47.35
 -90001.684   420.423    69.02   53.71
 -89628.396   451.026    81.98   48.50
 -89255.035   479.948    77.46   40.55
 -88881.602   497.967    48.25   39.63
 -88508.097   509.497    30.87   39.01
 -88134.519   523.611    37.78   46.91
 -87760.868   541.637    48.24   60.88
 -87387.145   572.750    83.25   70.18
 -87013.349   587.340    39.03   71.90
 -86639.480   577.525   -26.25   87.14
 -86265.539   540.471   -99.08  104.65
 -85891.525   486.525  -144.23  100.43
 -85517.438   438.452  -128.50  101.19
 -85143.278   390.056  -129.34   97.63
 -84769.046   346.237  -117.08   84.60
 -84394.740   300.990  -120.87   61.79
 -84020.361   273.376   -73.76   27.30
 -83645.910   268.979   -11.74   10.96
 -83271.385   274.506    14.76   15.47
 -82896.787   277.286     7.42   14.20
 -82522.116   276.190    -2.92   10.52
 -82147.372   274.810    -3.68    8.58
 -81772.555   274.217    -1.58    9.43
 -81397.664   274.619     1.07    9.26
 -81022.700   274.969     0.93    9.38
 -80647.663   274.400    -1.52    8.69
 -80272.552   273.328    -2.86    9.80
 -79897.368   269.445   -10.35   11.96
 -79522.110   267.830    -4.30   17.12
 -79146.779   282.122    38.08   43.62
 -78771.374   300.737    49.58   54.11
 -78395.895   317.639    45.01   54.49
 -78020.343   328.121    27.91   52.65
 -77644.717   329.934     4.83   46.64
 -77269.018   328.518    -3.77   47.62
 -76893.244   331.423     7.73   45.47
 -76517.397   340.947    25.34   38.66
 -76141.476   340.911    -0.09   28.98
 -75765.481   325.770   -40.27   24.91
 -75389.412   308.833   -45.03   22.51
 -75013.269   297.996   -28.81   17.43
 -74637.051   293.812   -11.12   15.54
 -74260.760   291.578    -5.94   17.86
 -73884.395   283.025   -22.72   25.93
 -73507.955   272.350   -28.36   30.01
 -73131.441   264.844   -19.94   31.17
 -72754.853   263.839    -2.67   31.62
 -72378.191   266.639     7.43   27.44
 -72001.454   268.590     5.18   24.28
 -71624.643   267.373    -3.23   24.81
 -71247.757   261.304   -16.10   31.16
 -70870.797   253.300   -21.23   35.74
 -70493.763   251.887    -3.75   39.99
 -70116.653   250.945    -2.50   40.56
 -69739.469   247.465    -9.23   42.13
 -69362.211   241.389   -16.11   41.66
 -68984.878   232.192   -24.37   38.90
 -68607.470   219.338   -34.06   34.94
 -68229.987   216.523    -7.46   32.91
 -67852.429   214.633    -5.00   30.63
 -67474.797   221.458    18.07   28.02
 -67097.089   227.467    15.91   18.64
 -66719.307   228.074     1.61   11.14
 -66341.449   227.741    -0.88    7.11
 -65963.517   225.365    -6.29    8.21
 -65585.509   223.468    -5.02    8.63
 -65207.426   221.693    -4.70    8.40
 -64829.268   218.593    -8.20   12.89
 -64451.035   209.354   -24.42   24.02
 -64072.726   199.345   -26.46   27.84
 -63694.342   191.589   -20.49   27.53
 -63315.883   190.462    -2.98   25.01
 -62937.349   190.900     1.16   22.49
 -62558.738   196.593    15.04   22.03
 -62180.053   206.233    25.46   17.22
 -61801.291   211.187    13.08   13.47
 -61422.455   214.675     9.21   10.36
 -61043.542   203.831   -28.62   26.85
 -60664.554   180.468   -61.64   36.36
 -60285.490   169.725   -28.34   32.23
 -59906.350   175.136    14.27   31.15
 -59527.135   190.099    39.46   29.87
 -59147.843   208.788    49.27   17.28
 -58768.476   218.358    25.23   10.36
 -58389.033   222.076     9.80    5.27
 -58009.514   222.649     1.51    3.68
 -57629.918   221.645    -2.65    4.09
 -57250.247   221.126    -1.37    5.58
 -56870.499   220.468    -1.73    7.67
 -56490.675   220.285    -0.48    8.97
 -56110.775   219.114    -3.08    8.53
 -55730.799   217.006    -5.54    7.15
 -55350.747   214.604    -6.32    6.21
 -54970.618   211.644    -7.79    4.33
 -54590.412   210.411    -3.24    3.45
 -54210.130   209.574    -2.20    3.01
 -53829.772   209.889     0.83    3.10
 -53449.337   211.014     2.96    3.81
 -53068.826   214.548     9.29    8.25
 -52688.237   219.496    13.00   11.91
 -52321.330   225.536    16.46   14.24
 -51955.296   228.406     7.84   14.61
 -51589.192   229.226     2.24   13.47
 -51223.019   227.123    -5.74   11.32
 -50856.774   225.161    -5.36    8.73
 -50490.460   222.804    -6.43    4.66
 -50124.076   223.098     0.80    2.95
 -49757.621   223.946     2.31    1.94
 -49391.096   224.756     2.21    0.62
 -49024.501   224.900     0.39    0.11
 -48657.835   224.889    -0.03    0.15
 -48291.099   224.832    -0.16    0.27
 -47924.292   224.664    -0.46    0.63
 -47557.415   224.289    -1.02    1.02
 -47190.467   223.639    -1.77    1.48
 -46823.449   223.000    -1.74    1.75
 -46456.360   222.311    -1.88    2.06
 -46089.201   221.199    -3.03    3.27
 -45721.970   219.971    -3.34    3.84
 -45354.669   219.372    -1.63    4.30
 -44987.298   219.099    -0.74    4.65
 -44619.855   219.091    -0.02    4.92
 -44252.342   219.831     2.01    5.09
 -43884.757   219.574    -0.70    4.76
 -43517.102   219.639     0.18    4.25
 -43149.376   219.822     0.50    3.57
 -42781.578   219.611    -0.57    3.04
 -42413.710   218.900    -1.93    2.97
 -42045.770   217.978    -2.51    2.78
 -41677.760   216.621    -3.69    1.89
 -41309.678   215.834    -2.14    1.51
 -40941.525   215.214    -1.69    1.35
 -40573.300   214.313    -2.44    1.81
 -40205.005   213.661    -1.77    1.84
 -39836.637   213.383    -0.75    1.79
 -39468.199   213.074    -0.84    1.64
 -39099.689   213.181     0.29    1.55
 -38731.108   213.406     0.61    1.35
 -38362.455   213.616     0.57    1.03
 -37993.730   213.820     0.55    0.52
 -37624.934   213.911     0.25    0.00
 -37256.066   213.911     0.00    0.00
 -36887.127   213.808    -0.28    0.37
 -36518.116   213.406    -1.09    1.25
 -36149.033   212.126    -3.47    2.95
 -35779.878   210.619    -4.08    3.67
 -35410.651   209.126    -4.05    3.53
 -35041.353   209.156     0.08    3.13
 -34671.983   209.983     2.24    3.10
 -34302.540   215.175    14.05    8.50
 -33933.026   221.222    16.36    9.79
 -33563.439   227.024    15.70    9.16
 -33193.780   231.252    11.44    6.05
 -32824.050   230.114    -3.08    5.77
 -32454.247   227.635    -6.70    6.59
 -32084.371   223.990    -9.86    6.60
 -31714.424   220.533    -9.34    5.76
 -31344.404   217.451    -8.33    5.35
 -30974.312   215.556    -5.12    5.37
 -30604.147   212.684    -7.76    4.10
 -30233.910   211.316    -3.70    4.45
 -29863.601   209.469    -4.99    4.60
 -29493.219   208.170    -3.51    6.21
 -29122.764   205.994    -5.87    9.70
 -28752.237   201.069   -13.29   16.91
 -28381.637   194.815   -16.87   23.58
 -28010.965   183.282   -31.11   30.16
 -27640.219   169.066   -38.34   30.93
 -27269.401   155.256   -37.24   29.66
 -26898.510   142.688   -33.89   22.77
 -26527.546   131.593   -29.91   17.20
 -26156.510   123.979   -20.52   12.89
 -25785.400   116.967   -18.89   10.88
 -25414.217   110.574   -17.22    8.48
 -25042.962   105.822   -12.80    5.69
 -24671.633   102.820    -8.08    4.17
 -24300.231   100.158    -7.17    4.78
 -23928.756    97.889    -6.11    4.73
 -23557.208    95.192    -7.26    4.40
 -23185.586    93.267    -5.18    5.18
 -22813.891    90.724    -6.84    6.13
 -22442.123    88.289    -6.55    6.66
 -22070.281    84.164   -11.09    7.97
 -21698.366    79.800   -11.73    9.81
 -21326.378    72.762   -18.92   10.57
 -20954.316    67.489   -14.17    9.93
 -20582.180    61.558   -15.94    7.44
 -20209.971    57.552   -10.76    6.16
 -19837.688    53.794   -10.09    4.67
 -19465.332    51.333    -6.61    4.07
 -19092.902    48.923    -6.47    2.04
 -18720.398    47.978    -2.54    0.39
 -18347.820    47.911    -0.18    0.00
 -17975.168    47.911     0.00    0.00
 -17602.443    47.911     0.00    0.00
 -17229.643    47.911     0.00    0.00
 -16856.770    47.911     0.00    0.00
 -16483.822    47.911     0.00    0.00
 -16110.801    47.911     0.00    0.00
 -15737.705    47.911     0.00    0.00
 -15364.535    48.291     1.02    1.29
 -14991.291    50.100     4.85    3.77
 -14617.972    52.233     5.71    4.68
 -14244.580    56.069    10.27    4.84
 -13871.113    58.639     6.88    3.63
 -13497.571    60.724     5.58    1.99
 -13123.956    61.704     2.62    1.20
 -12750.265    62.406     1.88    1.03
 -12376.500    62.798     1.05    0.85
 -12002.661    63.056     0.69    0.61
 -11628.747    62.622    -1.16    1.21
 -11254.758    60.822    -4.81    2.99
 -10880.695    58.197    -7.02    4.29
 -10506.557    53.867   -11.57    5.55
 -10132.344    50.111   -10.04    5.09
  -9758.056    47.320    -7.46    4.07
  -9383.694    44.989    -6.23    4.31
  -9009.256    42.832    -5.76    4.36
  -8634.744    40.378    -6.55    4.91
  -8260.156    36.467   -10.44    5.85
  -7885.494    33.389    -8.21    7.97
  -7510.756    27.255   -16.37   12.87
  -7135.943    20.300   -18.56   14.79
  -6761.056    13.021   -19.42   14.07
  -6386.092     6.768   -16.68   10.69
  -6011.054     1.670   -13.59    4.49
  -5635.940     0.260    -3.76    1.37
  -5260.751    -0.089    -0.93    0.00
  -4885.486    -0.089     0.00    0.00
  -4510.146    -0.089     0.00    0.00
  -4134.731    -0.089     0.00    0.00
  -3759.240    -0.089     0.00    0.00
  -3383.673    -0.089     0.00    0.00
  -3008.031    -0.089     0.00    0.00
  -2632.313    -0.089     0.00    0.00
  -2256.519    -0.089     0.00    0.00
  -1880.650    -0.089     0.00    0.00
  -1504.704    -0.089     0.00    0.00
  -1128.683    -0.089     0.00    0.00
   -752.586    -0.089     0.00    0.00
   -376.413    -0.089     0.00    0.00
     -0.164    -0.089     0.00    0.00
    376.161     0.267     0.94    0.93
    752.562     1.245     2.60    2.40
   1129.039     3.300     5.46    4.49
   1505.593     6.282     7.92    6.02
   1882.222     9.637     8.91    6.49
   2258.928    13.002     8.93    5.01
   2635.711    14.669     4.43    2.99
   3012.569    15.072     1.07    2.09
   3389.504    14.263    -2.15    2.57
   3766.516    13.843    -1.11    2.38
   4143.604    13.538    -0.81    2.48
   4520.769    13.604     0.18    2.16
   4898.010    13.944     0.90    2.09
   5275.328    14.468     1.39    2.51
   5652.722    15.494     2.72    3.26
   6030.193    17.681     5.80    4.69
   6407.742    20.933     8.61    7.23
   6785.366    28.377    19.71   14.52
   7163.068    38.966    28.04   21.29
   7540.847    53.226    37.75   24.16
   7918.702    66.322    34.66   23.02
   8296.635    81.263    39.53   20.64
   8674.645    93.033    31.14   17.05
   9052.732   104.900    31.39   14.76
   9430.896   114.945    26.56   17.93
   9809.137   128.433    35.66   24.24
  10187.455   140.720    32.48   26.82
  10565.851   160.043    51.07   30.39
  10944.324   177.673    46.58   34.44
  11322.874   202.790    66.35   42.54
  11701.502   225.298    59.44   45.51
  12080.208   254.604    77.39   43.71
  12458.991   275.933    56.31   35.10
  12837.851   293.560    46.52   24.08
  13216.789   307.100    35.73   20.54
  13595.805   321.389    37.70   24.88
  13974.898   338.889    46.16   31.69
  14354.070   362.759    62.95   37.36
  14733.319   383.765    55.39   36.28
  15112.646   412.422    75.55   43.55
  15492.050   438.153    67.82   43.70
  15871.533   471.216    87.13   50.77
  16251.094   502.562    82.59   55.77
  16630.733   489.472   -34.48   94.35
  17010.450   462.697   -70.51  125.45
  17390.245   394.615  -179.26  146.05
  17770.118   313.405  -213.78  121.33
  18150.070   249.618  -167.89   89.03
  18530.100   200.641  -128.88   45.97
  18910.208   176.133   -64.48   28.23
  19290.394   160.993   -39.83   11.76
  19670.659   155.567   -14.27    7.02
  20051.003   151.968    -9.46    3.12
  20431.425   150.142    -4.80    3.36
  20811.925   149.627    -1.35    3.98
  21192.504   149.076    -1.45    4.44
  21573.162   148.445    -1.66    4.87
  21953.899   147.669    -2.04    4.99
  22325.593   146.445    -3.29    4.95
  22691.405   145.076    -3.74    4.56
  23057.290   143.854    -3.34    3.90
  23423.246   143.212    -1.75    3.19
  23789.274   143.149    -0.17    3.19
  24155.374   143.498     0.95    3.69
  24521.545   144.059     1.53    4.17
  24887.789   144.659     1.64    4.47
  25254.105   145.834     3.21    4.98
  25620.493   147.967     5.82    5.14
  25986.952   150.289     6.34    4.39
  26353.484   152.207     5.23    2.61
  26720.089   153.263     2.88    0.81
  27086.765   154.164     2.46    1.48
  27453.514   155.484     3.60    2.12
  27820.335   157.005     4.15    2.20
  28187.228   158.689     4.59    2.29
  28554.194   160.504     4.95    2.35
  28921.232   162.252     4.76    2.52
  29288.342   164.014     4.80    2.51
  29655.525   166.021     5.47    2.89
  30022.781   168.822     7.63    4.35
  30390.109   172.900    11.10    6.18
  30757.510   179.362    17.59    9.71
  31124.984   190.752    31.00   15.37
  31492.530   209.226    50.27   25.97
  31860.149   232.816    64.17   29.95
  32227.841   258.292    69.29   29.60
  32595.605   278.417    54.72   22.42
  32963.443   293.661    41.44   15.85
  33331.354   302.842    24.96   12.43
  33699.337   309.472    18.02   14.46
  34067.394   313.233    10.22   16.84
  34435.523   317.324    11.11   18.78
  34803.726   319.571     6.10   18.76
  35172.002   321.333     4.79   18.42
  35540.351   321.535     0.55   19.05
  35908.773   321.360    -0.48   20.26
  36277.269   320.498    -2.34   19.00
  36645.838   319.958    -1.47   17.51
  37014.480   317.324    -7.14   14.65
  37383.196   314.889    -6.61   12.98
  37751.985   312.857    -5.51   11.27
  38120.848   310.051    -7.61   11.58
  38489.784   306.822    -8.75   11.57
  38858.794   304.019    -7.60   11.49
  39227.878   302.078    -5.26   10.10
  39597.035   301.073    -2.72    9.18
  39966.266   301.604     1.44    8.09
  40335.570   301.724     0.32    8.05
  40704.949   300.486    -3.35    7.55
  41074.401   298.439    -5.54    7.21
  41443.927   296.121    -6.27    6.54
  41813.528   292.031   -11.07    6.63
  42183.202   286.499   -14.96    8.63
  42552.950   280.618   -15.91    9.60
  42922.772   275.582   -13.62    8.92
  43292.669   269.433   -16.62    8.12
  43662.639   265.525   -10.56    7.31
  44032.684   261.824   -10.00    6.90
  44402.803   259.156    -7.21    5.40
  44772.996   258.702    -1.22    5.85
  45143.264   259.759     2.85    7.50
  45513.606   263.422     9.89   11.18
  45884.022   268.292    13.15   18.04
  46254.513   278.529    27.63   23.56
  46625.079   287.998    25.55   25.70
  46995.719   296.353    22.54   26.33
  47366.433   303.019    17.98   24.39
  47737.223   307.107    11.03   25.05
  48108.087   312.031    13.28   27.14
  48479.025   314.681     7.15   28.23
  48850.039   315.813     3.05   30.51
  49221.127   312.248    -9.61   31.81
  49592.290   307.335   -13.24   32.64
  49963.529   298.356   -24.19   30.96
  50334.842   287.607   -28.95   30.46
  50706.230   277.900   -26.14   30.25
  51077.693   263.505   -38.75   30.33
  51449.231   249.857   -36.73   26.86
  51820.845   235.175   -39.51   22.94
  52192.533   225.107   -27.09   20.77
  52564.297   221.593    -9.45   29.39
  52936.136   225.803    11.32   47.44
  53308.051   241.133    41.22   73.29
  53680.041   262.685    57.94   98.95
  54052.106   295.957    89.43  120.31
  54424.247   325.567    79.57  129.01
  54796.463   342.681    45.98  121.42
  55168.755   326.051   -44.67  103.82
  55541.122   314.670   -30.57   80.55
  55913.565   306.954   -20.72   60.40
  56286.084   318.400    30.73   55.97
  56658.678   360.737   113.63   58.23
  57031.348   398.667   101.78   39.43
  57404.094   425.205    71.20   25.74
  57776.916   438.219    34.91   17.43
  58149.814   442.245    10.80   15.81
  58522.788   438.988    -8.73   17.91
  58895.838   431.074   -21.21   17.66
  59268.964   421.618   -25.35   19.67
  59642.166   410.966   -28.54   21.54
  60015.444   402.650   -22.28   22.91
  60388.798   386.553   -43.12   24.21
  60762.229   375.216   -30.36   25.03
  61135.736   363.483   -31.41   22.66
  61509.319   355.563   -21.20   21.26
  61882.979   350.362   -13.92   27.43
  62256.715   343.574   -18.16   31.64
  62630.527   334.233   -24.99   34.96
  63004.416   321.324   -34.53   32.91
  63378.382   307.489   -37.00   28.88
  63752.424   295.954   -30.84   26.65
  64126.543   283.593   -33.04   21.25
  64500.739   273.857   -26.02   14.86
  64875.011   265.325   -22.80    8.27
  65249.360   260.223   -13.63    7.44
  65623.786   255.295   -13.16    6.23
  65998.289   250.556   -12.65    6.65
  66372.869   245.772   -12.77    6.26
  66747.526   240.161   -14.98    7.55
  67122.260   234.039   -16.34    7.63
  67497.071   227.172   -18.32    9.79
  67871.959   217.853   -24.86   11.13
  68246.924   207.748   -26.95   13.00
  68621.967   197.624   -27.00   12.76
  68997.086   188.726   -23.72   12.37
  69372.284   181.098   -20.33   10.97
  69747.558   172.124   -23.91   11.11
  70122.910   165.109   -18.69   11.41
  70498.339   160.535   -12.18   16.54
  70873.846   157.076    -9.21   19.31
  71249.430   149.782   -19.42   16.83
  71625.092   144.604   -13.79   13.70
  72000.832   138.955   -15.03   12.23
  72376.649   133.748   -13.85   12.17
  72752.544   125.596   -21.69   10.41
  73128.517   118.726   -18.27    8.44
  73504.568   113.933   -12.75    6.81
  73880.697   112.718    -3.23    8.66
  74256.903   114.237     4.04   12.35
  74633.188   118.528    11.40   15.88
  75009.550   123.433    13.03   15.80
  75385.991   124.790     3.61   15.85
  75762.510   119.357   -14.43   16.89
  76139.107   108.571   -28.64   14.28
  76515.782    99.177   -24.94    9.41
  76892.535    94.011   -13.71    4.64
  77269.367    91.911    -5.57    2.47
  77646.277    94.656     7.28   11.01
  78023.266   101.481    18.11   20.58
  78400.333   107.911    17.05   24.04
  78777.479   113.379    14.50   23.95
  79154.703   117.967    12.16   21.90
  79532.006   120.705     7.26   18.15
  79909.387   124.289     9.50   14.02
  80286.847   129.062    12.65   11.70
  80664.386   134.789    15.17   10.31
  81042.004   139.933    13.62    8.79
  81419.700   142.945     7.98    6.68
  81797.476   143.443     1.32    5.07
  82175.330   141.922    -4.03    3.97
  82553.263   139.784    -5.66    3.81
  82931.276   137.126    -7.03    4.55
  83309.367   134.792    -6.18    5.25
  83687.538   130.507   -11.33    9.00
  84065.788   116.444   -37.18   23.47
  84444.117    95.288   -55.92   34.74
  84822.526    68.368   -71.14   32.01
  85201.013    54.406   -36.89   19.32
  85579.581    55.726     3.49   19.28
  85958.227    65.513    25.85   19.96
  86336.953    77.509    31.68   13.01
  86715.759    82.202    12.39    7.32
  87094.644    83.492     3.41   10.56
  87473.609    85.379     4.98   14.02
  87852.654    98.443    34.47   31.40
  88231.778   123.395    65.82   49.96
  88610.982   152.234    76.06   53.31
  88990.266   168.033    41.66   45.37
  89369.630   151.433   -43.76   50.64
  89749.074   120.395   -81.80   45.50
  90128.598    87.846   -85.77   23.09
  90508.202    72.200   -41.22   11.18
  90887.886    60.288   -31.38   12.37
  91267.650    48.877   -30.05   13.90
  91647.494    38.964   -26.10   14.59
  92027.418    29.093   -25.98   11.69
  92407.423    25.220   -10.19    9.83
  92787.508    25.991     2.03   11.00
  93167.674    31.359    14.12   12.73
  93547.920    38.056    17.61   10.78
  93928.246    40.901     7.48    5.69
  94308.653    38.582    -6.10    5.56
  94689.141    37.071    -3.97    4.55
  95069.709    37.371     0.79    4.34
  95450.358    40.837     9.11    5.11
  95831.088    44.057     8.46    3.82
  96211.898    46.784     7.16    3.71
  96592.790    50.208     8.99    4.39
  96969.670    54.059    10.22    6.00
  97335.253    59.365    14.52    6.90
  97700.910    66.159    18.58    8.25
  98066.641    73.366    19.71    8.57
  98432.445    83.550    27.84   13.41
  98798.322    94.824    30.82   16.20
  99164.274   109.281    39.51   17.14
  99530.299   122.262    35.47   14.93
  99896.397   136.277    38.28   14.38
 100262.570   146.653    28.34   14.83
 100628.816   157.389    29.31   12.00
 100995.136   166.384    24.56   11.02
 101361.531   174.164    21.23    8.64
 101727.999   179.316    14.06    6.65
 102094.541   182.879     9.72    3.69
 102461.157   183.683     2.19    2.18
 102827.847   182.621    -2.90    2.40
 103194.611   180.835    -4.87    2.62
 103561.450   179.997    -2.28    2.30
 103928.362   180.372     1.02    2.71
 104295.349   182.677     6.28    3.70
 104662.411   185.969     8.97    4.42
 105029.546   188.305     6.36    4.39
 105396.756   190.219     5.21    4.22
 105764.041   192.113     5.16    3.83
 106131.400   194.019     5.19    3.84
 106498.833   196.292     6.19    4.21
 106866.341   198.459     5.90    4.45
 107233.924   201.074     7.12    3.64
 107601.581   202.922     5.03    2.96
 107969.313   203.888     2.63    3.30
 108337.120   204.073     0.50    3.79
 108705.002   203.394    -1.84    4.25
 109072.958   201.964    -3.89    4.00
 109440.989   200.494    -4.00    3.55
 109809.096   199.513    -2.66    2.46
 110177.277   199.241    -0.74    1.62
 110545.533   199.320     0.21    1.01
 110913.865   199.301    -0.05    1.19
 111282.271   199.150    -0.41    1.62
 111650.753   199.709     1.52    2.09
 112019.310   201.130     3.85    2.68
 112387.942   203.427     6.23    3.31
 112756.649   206.272     7.71    2.89
 113125.432   208.774     6.79    2.80
 113494.290   210.790     5.47    2.56
 113863.224   212.613     4.94    2.36
 114232.233   214.220     4.35    2.28
 114601.318   216.007     4.84    2.19
 114970.478   217.188     3.20    1.89
 115339.714   217.837     1.76    1.28
 115709.025   217.837     0.00    0.85
 116078.413   217.615    -0.60    0.77
 116447.876   217.145    -1.27    1.06
 116817.414   216.819    -0.88    1.63
 117187.029   216.449    -1.00    3.33
 117556.720   216.116    -0.90    5.44
 117926.486   215.518    -1.62    6.13
 118296.329   214.324    -3.23    6.16
 118666.247   213.411    -2.47    4.99
 119036.242   213.145    -0.72    3.94
 119406.313   213.417     0.74    2.71
 119776.460   213.172    -0.66    2.43
 120146.683   209.901    -8.84    5.85
 120516.982   205.698   -11.35    7.24
 120887.358   201.911   -10.23    5.66
 121257.810   199.364    -6.88    4.34
 121628.339   195.178   -11.30    8.96
 121998.944   184.891   -27.76   18.50
 122369.626   170.991   -37.50   21.75
 122740.384   154.080   -45.62   23.05
 123111.218   136.878   -46.39   19.90
 123482.130   121.645   -41.07   17.42
 123853.118   107.546   -38.01   15.63
 124224.183    97.105   -28.14   11.29
 124595.324    89.869   -19.50    6.81
 124966.543    86.505    -9.06    3.63
 125337.838    84.786    -4.63    4.17
 125709.210    82.556    -6.01    4.37
 126080.659    80.837    -4.63    7.30
 126452.186    77.922    -7.85    9.31
 126823.789    75.316    -7.02    9.68
 127195.469    71.509   -10.24    8.84
 127567.227    68.621    -7.77    7.25
 127939.062    66.923    -4.57    7.08
 128310.974    65.305    -4.35    6.64
 128682.963    63.752    -4.17    6.48
 129055.030    58.475   -14.18   10.40
 129427.174    50.713   -20.86   14.27
 129799.396    38.284   -33.40   15.77
 130171.695    26.999   -30.31   11.76
 130544.072    17.474   -25.58    7.20
 130916.526    12.352   -13.75    6.39
 131289.058     6.581   -15.49    5.89
 131661.668     2.879    -9.94    4.31
 132034.355     1.145    -4.65    2.59
 132407.120     1.501     0.95    2.59
 132779.963     2.976     3.96    2.38
 133152.884     4.217     3.33    1.37
 133525.883     4.553     0.90    1.50
 133898.960     3.838    -1.91    3.02
 134272.115     1.979    -4.98    4.83
 134645.348     0.159    -4.88    5.34
 135018.659    -1.907    -5.53    5.53
 135392.048    -2.993    -2.91    4.84
 135765.515    -3.407    -1.11    4.94
 136139.061    -3.994    -1.57    5.41
 136512.685    -4.676    -1.82    6.04
 136886.388    -6.674    -5.35    6.39
 137260.168    -7.817    -3.06    5.77
 137634.028    -6.344     3.94    6.34
 138007.966    -2.671     9.82    7.03
 138381.982     2.651    14.23    6.53
 138756.077     7.177    12.10    4.12
 139130.251    10.018     7.59    3.64
 139504.503    12.124     5.63    3.81
 139878.834    15.137     8.05    4.76
 140253.244    18.140     8.02    5.58
 140627.733    22.461    11.54    5.01
 141002.301    26.332    10.34    5.47
 141376.948    31.411    13.56    6.37
 141751.674    36.080    12.46    7.07
 142126.478    41.324    13.99    7.20
 142501.362    43.880     6.82    7.78
 142876.325    44.978     2.93    8.85
 143251.368    43.627    -3.60   10.24
 143626.489    38.957   -12.45   10.23
 144001.690    34.122   -12.89    8.07
 144376.970    30.745    -9.00    5.60
 144752.330    29.251    -3.98    4.12
 145127.769    29.281     0.08    4.26
 145503.288    30.798     4.04    4.67
 145878.886    33.333     6.75    5.20
 146254.564    36.374     8.10    6.97
 146630.321    41.525    13.71    9.53
 147006.158    46.638    13.60   10.96
 147382.075    50.626    10.61   10.34
 147758.072    52.849     5.91    8.94
 148134.148    54.219     3.64    7.74
 148510.305    55.164     2.51    6.40
 148886.541    56.270     2.94    5.26
 149262.858    58.248     5.26    4.39
 149639.254    59.890     4.36    3.37
 150015.731    61.795     5.06    2.50
 150392.288    63.449     4.39    2.76
 150768.925    64.560     2.95    3.27
 151145.642    63.411    -3.05    5.03
 151522.439    57.486   -15.73    9.82
 151899.317    52.007   -14.54    9.74
 152276.276    47.890   -10.92    7.60
 152653.314    50.305     6.41    9.96
 153030.434    54.996    12.44   11.68
 153407.634    58.556     9.44   12.10
 153784.914    61.349     7.40   12.46
 154162.275    61.124    -0.60   12.79
 154539.717    60.858    -0.70   13.39
 154917.240    61.511     1.73   14.93
 155294.843    62.122     1.62   16.69
 155672.527    63.069     2.51   18.46
 156050.293    64.986     5.07   18.34
 156428.139    67.784     7.41   17.30
 156806.066    73.688    15.62   13.50
 157184.075    79.364    15.02   11.53
 157562.164    85.132    15.26   10.25
 157940.335    89.332    11.11    8.57
 158318.587    91.177     4.88    7.30
 158696.920    92.454     3.37    5.68
 159075.334    92.953     1.32    4.45
 159453.830    93.695     1.96    2.69
 159832.408    93.624    -0.19    2.67
 160211.066    92.550    -2.84    3.79
 160589.807    91.571    -2.58    4.49
 160968.629    91.427    -0.38    4.45
 161347.532    91.890     1.22    3.37
 161726.518    91.182    -1.87    3.63
 162105.585    87.794    -8.94    6.99
 162484.734    83.922   -10.21    8.16
 162863.964    79.553   -11.52    7.33
 163243.277    78.808    -1.96    7.98
 163622.672    80.248     3.80    8.43
 164002.148    81.252     2.64    7.29
 164381.707    83.145     4.99    5.75
 164761.348    85.786     6.96    5.59
 165141.071    90.848    13.33    8.20
 165520.876    97.669    17.96   10.05
 165900.763   106.464    23.16    9.87
 166280.733   113.252    17.86    9.16
 166660.785   118.332    13.37    7.26
 167040.920   120.922     6.81    5.31
 167421.137   120.401    -1.37    5.95
 167801.437   117.294    -8.17    7.38
 168181.819   114.411    -7.58    6.94
 168562.284   113.188    -3.22    6.21
 168942.831   115.203     5.30    6.56
 169323.462   120.305    13.41    7.82
 169704.175   126.808    17.08    9.24
 170084.971   132.571    15.14    9.34
 170465.850   138.122    14.58    8.55
 170846.811   141.062     7.72    7.76
 171227.856   144.495     9.01    7.78
 171608.984   149.290    12.58    7.18
 171975.687   154.578    14.42    6.51
 172341.114   158.301    10.19    5.33
 172706.615   161.794     9.56    5.21
 173072.192   163.120     3.63    5.53
 173437.844   163.567     1.22    6.60
 173803.572   161.911    -4.53    7.16
 174169.375   158.122   -10.36    8.29
 174535.253   153.036   -13.90    9.25
 174901.207   146.390   -18.16   10.67
 175267.237   139.427   -19.03   11.21
 175633.342   133.307   -16.72   11.16
 175999.523   125.707   -20.76   10.06
 176365.780   120.234   -14.94   10.12
 176732.112   114.502   -15.65    9.87
 177098.520   109.753   -12.96    9.47
 177465.004   105.574   -11.40    9.10
 177831.564   101.370   -11.47    8.42
 178198.200    98.307    -8.35    7.83
 178564.912    95.164    -8.57    6.86
 178931.700    92.076    -8.42    6.18
 179298.563    88.911    -8.63    6.07
 179665.504    85.385    -9.61    6.53
 180032.520    81.770    -9.85    6.90
 180399.612    78.602    -8.63    6.31
 180766.781    75.933    -7.27    5.67
 181134.026    74.318    -4.40    5.82
 181501.348    72.511    -4.92    5.92
 181868.745    69.974    -6.91    6.04
 182236.220    67.661    -6.30    5.47
 182603.771    65.031    -7.16    4.69
 182971.398    61.599    -9.34    5.50
 183339.102    58.241    -9.13    6.52
 183706.883    54.932    -9.00    6.53
 184074.740    52.395    -6.90    5.60
 184442.674    50.048    -6.38    4.35
 184810.685    48.364    -4.58    2.84
 185178.773    49.090     1.97    3.66
 185546.937    52.453     9.13    7.02
 185915.179    57.349    13.30   10.48
 186283.497    62.995    15.33   13.22
 186651.893    70.756    21.07   16.59
 187020.366    79.422    23.52   17.18
 187388.915    86.298    18.66   17.14
 187757.542    94.355    21.86   17.46
 188126.247   105.384    29.92   22.63
 188495.028   123.661    49.57   28.74
 188863.887   138.207    39.44   28.55
 189232.823   149.720    31.21   21.77
 189601.837   151.901     5.91   17.04
 189970.928   148.164   -10.13   14.78
 190340.096   144.623    -9.59   11.36
 190709.342   143.724    -2.43    9.66
 191078.666   147.994    11.56    9.64
 191448.067   153.384    14.59    9.47
 191817.547   161.056    20.77   10.12
 192187.103   168.805    20.97   11.42
 192556.738   183.827    40.65   19.20
 192926.451   198.859    40.66   21.81
 193296.241   216.374    47.37   19.61
 193666.109   229.087    34.37   15.18
 194036.056   236.741    20.69    8.42
 194406.080   238.391     4.46    5.29
 194776.183   236.303    -5.64    5.70
 195146.363   235.880    -1.14    4.41
 195516.622   237.345     3.96    4.43
 195886.959   240.838     9.44    4.46
 196257.375   243.804     8.01    3.25
 196627.869   245.922     5.72    2.23
 196998.441   247.146     3.30    1.46
 197369.091   247.848     1.89    1.04
 197739.820   248.025     0.48    0.84
 198110.628   247.922    -0.28    0.76
 198481.514   247.511    -1.11    0.75
 198852.479   247.008    -1.36    0.77
 199223.523   246.375    -1.71    0.75
 199594.645   245.821    -1.49    0.68
 199965.846   245.459    -0.98    0.50
 200337.126   245.417    -0.11    0.50
 200708.485   245.437     0.05    0.50
 201079.922   245.495     0.15    0.56
 201451.439   245.550     0.15    0.54
 201823.035   245.318    -0.63    0.80
 202194.710   244.795    -1.40    1.59
 202566.464   244.396    -1.08    2.08
 202938.297   243.953    -1.19    2.23
 203310.209   244.103     0.40    2.02
 203682.201   244.422     0.86    1.57
 204054.272   243.880    -1.46    2.39
 204426.422   241.967    -5.14    5.35
 204798.652   239.325    -7.10    6.63
 205170.961   238.411    -2.46    6.47
 205543.350   239.293     2.37    6.27
 205915.819   241.205     5.13    5.78
 206288.367   242.241     2.78    6.39
 206660.995   241.438    -2.16    7.46
 207033.702   237.463   -10.66    8.05
 207406.489   233.715   -10.06    5.86
 207779.357   232.222    -4.00    3.12
 208152.304   231.911    -0.83    0.00
