-252076.326   570.534     0.00   95.16
-251699.812   475.833  -251.47  123.93
-251323.229   408.411  -179.00  104.99
-250946.578   362.129  -122.85   83.58
-250569.857   335.998   -69.35   98.85
-250193.068   288.993  -124.72  106.01
-249816.210   253.537   -94.07   94.74
-249439.282   209.946  -115.62   46.04
-249062.286   189.858   -53.28   15.20
-248685.221   183.263   -17.48   18.79
-248308.086   178.812   -11.80   21.50
-247930.882   171.455   -19.50   21.18
-247553.610   162.876   -22.73   15.63
-247176.268   156.593   -16.65    4.93
-246798.856   163.090    17.21   20.22
-246421.376   192.744    78.54   52.05
-246043.826   247.155   144.09   83.89
-245666.207   345.690   260.89  130.45
-245288.518   447.142   268.56  126.57
-244910.760   530.117   219.61  103.15
-244532.933   575.572   120.28   73.17
-244155.035   579.998    11.71   68.72
-243777.069   584.044    10.70   68.09
-243399.033   579.852   -11.09   67.67
-243020.927   579.544    -0.82   65.24
-242642.751   574.507   -13.32   60.26
-242264.506   584.885    27.43   61.87
-241886.191   594.286    24.84   68.63
-241507.806   623.434    77.02   76.37
-241129.352   648.574    66.41   79.68
-240750.827   682.240    88.92   77.46
-240372.233   706.300    63.54   70.40
-239993.569   730.894    64.94   46.72
-239614.834   745.370    38.21   21.70
-239236.030   742.337    -8.01   17.75
-238857.156   729.847   -32.96   18.95
-238478.211   711.975   -47.16   29.91
-238099.197   690.077   -57.76   36.62
-237720.112   662.654   -72.33   38.99
-237340.957   636.302   -69.49   35.91
-236961.732   610.022   -69.29   29.36
-236582.437   598.031   -31.61   27.43
-236203.071   594.725    -8.71   39.87
-235823.635   579.337   -40.55   54.87
-235444.128   558.020   -56.16   61.17
-235064.551   524.708   -87.74   50.72
-234684.903   497.715   -71.09   25.88
-234305.185   488.919   -23.16   23.06
-233925.397   493.623    12.38   24.36
-233545.538   512.718    50.26   31.66
-233165.608   536.065    61.44   34.80
-232785.607   561.575    67.12   40.60
-232405.536   582.809    55.86   37.36
-232034.063   598.459    42.12   35.13
-231667.469   613.693    41.55   34.01
-231300.810   622.298    23.46   33.62
-230934.086   620.078    -6.05   39.47
-230567.296   604.047   -43.70   51.54
-230200.442   583.043   -57.24   57.88
-229833.522   561.117   -59.75   57.29
-229466.536   552.017   -24.79   61.21
-229099.486   534.370   -48.07   64.92
-228732.370   520.527   -37.70   64.20
-228365.188   506.467   -38.29   55.32
-227997.941   491.727   -40.13   43.00
-227630.628   484.739   -19.02   32.27
-227263.250   485.867     3.07   22.78
-226895.807   493.479    20.71   25.40
-226528.297   508.906    41.97   33.98
-226160.723   529.154    55.08   37.61
-225793.082   546.142    46.20   34.40
-225425.376   562.907    45.59   27.21
-225057.604   576.459    36.84   23.35
-224689.766   593.041    45.07   21.47
-224321.862   613.238    54.89   28.93
-223953.892   636.501    63.21   29.02
-223585.857   661.188    67.07   30.99
-223217.755   679.914    50.86   28.30
-222849.588   685.812    16.02   33.36
-222481.355   687.598     4.85   36.35
-222113.055   698.397    29.31   37.31
-221744.690   713.981    42.30   37.44
-221376.258   732.898    51.33   30.20
-221007.760   743.215    27.99   20.88
-220639.196   734.129   -24.65   31.75
-220270.566   707.312   -72.74   48.39
-219901.870   664.269  -116.72   53.61
-219533.107   625.479  -105.17   44.54
-219164.278   596.611   -78.25   37.00
-218795.383   590.522   -16.50   47.62
-218426.421   597.975    20.19   64.40
-218057.393   615.522    47.54   71.79
-217688.298   626.017    28.43   64.66
-217319.137   613.828   -33.01   63.97
-216949.909   584.539   -79.31   66.93
-216580.614   546.870  -101.98   65.79
-216211.253   504.442  -114.85   46.41
-215841.826   487.647   -45.45   31.61
-215472.332   491.411    10.19   39.16
-215102.771   534.212   115.79   68.76
-214733.143   578.450   119.66   66.09
-214363.448   611.575    89.59   48.52
-213993.687   628.988    47.09   40.47
-213623.858   636.529    20.39   36.51
-213253.963   652.927    44.32   35.14
-212884.001   676.009    62.38   36.97
-212513.972   703.496    74.27   32.76
-212143.876   728.525    67.61   34.97
-211773.713   746.304    48.02   34.39
-211403.483   755.032    23.57   31.54
-211033.185   751.450    -9.67   31.84
-210662.821   740.325   -30.03   30.94
-210292.389   726.524   -37.25   29.95
-209921.890   705.629   -56.39   29.95
-209551.324   685.068   -55.48   30.96
-209180.690   660.376   -66.61   32.83
-208809.989   637.997   -60.36   29.34
-208439.221   618.832   -51.68   20.90
-208068.385   611.203   -20.57   16.94
-207697.482   607.820    -9.12   20.85
-207326.512   606.617    -3.24   23.96
-206955.473   604.498    -5.71   25.77
-206584.368   602.792    -4.60   23.81
-206213.194   600.443    -6.33   17.83
-205841.953   600.259    -0.50   13.28
-205470.645   596.828    -9.24   12.98
-205099.268   588.997   -21.08   20.25
-204727.824   579.961   -24.32   28.68
-204356.313   571.618   -22.45   34.39
-203984.733   568.324    -8.86   37.24
-203613.085   568.214    -0.30   33.68
-203241.370   566.370    -4.96   29.18
-202869.586   555.623   -28.90   28.24
-202497.735   539.044   -44.58   32.30
-202125.816   519.248   -53.22   33.84
-201753.828   496.035   -62.39   32.20
-201381.773   475.022   -56.47   28.11
-201009.649   456.117   -50.79   24.32
-200637.457   441.570   -39.08   20.91
-200265.197   427.518   -37.74   18.87
-199892.869   415.403   -32.53   16.03
-199520.473   405.849   -25.65   12.56
-199148.008   398.427   -19.92   11.07
-198775.475   390.388   -21.58   12.37
-198402.873   382.965   -19.92   11.44
-198030.203   374.389   -23.01   11.56
-197657.465   367.213   -19.25   12.09
-197284.658   362.238   -13.34   12.61
-196911.783   361.882    -0.95   14.37
-196538.839   366.776    13.12   19.24
-196165.826   376.117    25.04   20.80
-195792.745   388.690    33.70   17.30
-195419.595   395.284    17.67   14.88
-195046.376   397.358     5.56   12.59
-194673.089   394.272    -8.27   11.37
-194299.733   386.129   -21.81   14.01
-193926.308   374.094   -32.22   16.12
-193552.814   359.376   -39.40   15.34
-193179.251   348.415   -29.34   13.62
-192805.619   336.849   -30.95   12.68
-192431.918   326.998   -26.36   13.60
-192058.148   318.694   -22.21   16.01
-191684.309   312.760   -15.87   18.45
-191310.401   307.792   -13.29   21.22
-190936.424   301.882   -15.80   23.46
-190562.378   292.659   -24.66   24.32
-190188.263   281.840   -28.91   22.19
-189814.078   275.239   -17.64   17.91
-189439.824   274.350    -2.37   17.08
-189065.500   275.202     2.27   18.40
-188691.107   276.708     4.02   17.23
-188316.645   280.467    10.04   16.22
-187942.114   282.003     4.10   15.23
-187567.512   285.057     8.15   14.98
-187192.842   289.129    10.87   17.79
-186818.102   297.385    22.03   20.34
-186443.292   311.226    36.92   18.29
-186068.412   319.382    21.75   13.52
-185693.463   321.804     6.46   13.50
-185318.444   324.525     7.25   14.42
-184943.356   328.373    10.26   15.69
-184568.197   332.082     9.88   15.39
-184192.969   337.670    14.89   12.56
-183817.671   342.565    13.04    8.48
-183442.303   345.956     9.03    8.08
-183066.865   347.953     5.32    7.85
-182691.357   347.978     0.07    8.42
-182315.779   344.765    -8.56    9.26
-181940.131   341.944    -7.51    8.85
-181564.412   339.855    -5.56    8.69
-181188.624   338.697    -3.08    7.79
-180812.765   336.543    -5.73    6.47
-180436.837   334.604    -5.16    4.35
-180060.838   333.248    -3.61    3.59
-179684.768   335.939     7.15    9.21
-179308.628   348.859    34.34   20.36
-178932.418   367.616    49.85   26.44
-178556.138   390.885    61.83   26.66
-178179.787   409.547    49.58   16.23
-177803.365   417.269    20.51   10.16
-177426.873   418.167     2.38    9.35
-177050.311   413.870   -11.41   11.44
-176673.678   407.642   -16.54   13.52
-176296.974   399.788   -20.85   14.40
-175920.199   390.117   -25.66   14.79
-175543.354   379.313   -28.67   13.71
-175166.438   367.715   -30.77   13.20
-174789.451   356.045   -30.95   12.98
-174412.393   343.641   -32.89   13.26
-174035.264   332.576   -29.34   13.53
-173658.065   319.729   -34.05   14.53
-173280.794   307.670   -31.96   17.02
-172903.452   293.961   -36.33   16.07
-172526.040   287.250   -17.78   12.42
-172148.556   289.198     5.16   13.07
-171771.001   298.910    25.72   16.71
-171393.375   313.270    38.02   15.85
-171015.678   323.988    28.37   14.99
-170637.909   334.812    28.65   14.52
-170260.069   344.617    25.95   18.13
-169882.158   353.353    23.11   22.80
-169504.175   362.406    23.95   28.35
-169126.121   366.722    11.41   28.16
-168747.996   366.017    -1.87   26.46
-168369.799   359.844   -16.32   23.37
-167991.530   349.517   -27.30   19.53
-167613.190   337.541   -31.65   17.94
-167234.778   325.243   -32.49   14.22
-166856.295   315.094   -26.81   12.23
-166477.740   306.055   -23.87   10.31
-166099.113   299.827   -16.45   10.20
-165720.414   292.885   -18.33    8.39
-165341.644   287.600   -13.95    7.62
-164962.802   281.659   -15.68    7.30
-164583.887   278.211    -9.10    7.33
-164204.901   274.213   -10.55    6.33
-163825.843   271.334    -7.59    5.29
-163446.713   268.929    -6.34    4.83
-163067.511   267.629    -3.43    4.88
-162688.236   266.978    -1.72    4.02
-162308.890   266.715    -0.69    3.22
-161929.471   266.373    -0.90    2.56
-161549.980   266.079    -0.77    2.46
-161170.417   266.070    -0.02    2.74
-160790.781   265.867    -0.54    2.79
-160411.073   266.385     1.36    2.99
-160031.293   266.939     1.46    3.03
-159651.440   268.035     2.88    4.01
-159271.515   268.855     2.16    5.55
-158891.517   270.013     3.05    6.69
-158511.447   271.288     3.35    7.46
-158131.304   273.385     5.52    7.56
-157751.088   275.551     5.70    7.28
-157375.525   277.611     5.49    7.21
-157009.139   279.588     5.39    7.25
-156642.685   281.235     4.49    6.93
-156276.165   282.202     2.64    6.83
-155909.578   281.850    -0.96    6.61
-155542.924   282.202     0.96    6.15
-155176.203   282.257     0.15    5.52
-154809.415   282.854     1.63    4.76
-154442.561   284.189     3.64    4.80
-154075.639   285.509     3.60    4.79
-153708.650   287.106     4.35    4.44
-153341.594   288.093     2.69    4.10
-152974.471   287.894    -0.54    4.07
-152607.281   287.833    -0.17    4.32
-152240.023   288.776     2.57    5.03
-151872.699   289.918     3.11    5.78
-151505.307   291.117     3.27    6.28
-151137.848   291.629     1.39    6.71
-150770.321   291.304    -0.89    7.04
-150402.727   290.682    -1.69    6.66
-150035.065   290.544    -0.38    6.81
-149667.337   290.355    -0.51    7.60
-149299.540   290.142    -0.58    8.93
-148931.676   291.290     3.12   10.65
-148563.745   292.487     3.25   12.31
-148195.746   294.664     5.91   12.38
-147827.679   296.917     6.12   11.67
-147459.544   297.885     2.63   11.01
-147091.342   298.635     2.04   10.83
-146723.072   297.819    -2.22   12.07
-146354.734   298.288     1.27   13.11
-145986.329   302.257    10.77   14.10
-145617.855   309.021    18.35   15.79
-145249.314   321.282    33.27   17.91
-144880.705   334.362    35.48   19.29
-144512.027   349.117    40.02   17.97
-144143.282   362.587    36.52   15.97
-143774.469   375.955    36.24   15.85
-143405.587   390.459    39.31   23.75
-143036.638   404.995    39.40   24.53
-142667.620   411.641    18.01   19.92
-142298.534   409.501    -5.80   21.34
-141929.380   395.842   -37.00   26.75
-141560.157   372.105   -64.28   27.90
-141190.866   348.941   -62.72   30.63
-140821.507   325.842   -62.53   28.15
-140452.079   304.106   -58.83   26.14
-140082.583   287.642   -44.55   19.37
-139713.019   279.902   -20.94   13.82
-139343.386   272.792   -19.23    7.86
-138973.684   267.405   -14.57    8.65
-138603.914   258.598   -23.81   12.64
-138234.075   245.141   -36.38   16.66
-137864.167   231.924   -35.72   15.81
-137494.191   220.035   -32.13   12.95
-137124.146   211.324   -23.54    8.37
-136754.032   204.850   -17.49    7.05
-136383.850   197.734   -19.22   11.42
-136013.598   189.823   -21.36   14.60
-135643.278   182.506   -19.76   16.24
-135272.889   176.959   -14.97   16.44
-134902.431   172.427   -12.23   16.83
-134531.903   168.736    -9.96   17.10
-134161.307   163.197   -14.94   14.83
-133790.642   157.391   -15.66    8.55
-133419.907   160.808     9.21   14.57
-133049.103   176.315    41.82   28.66
-132678.231   189.769    36.27   31.51
-132307.288   204.117    38.68   25.57
-131936.277   212.141    21.63   20.39
-131565.196   215.486     9.01   19.65
-131194.046   219.968    12.07   18.29
-130822.827   225.855    15.86   18.21
-130451.538   235.443    25.82   15.25
-130080.179   244.262    23.74   10.21
-129708.751   249.676    14.57   10.01
-129337.254   255.274    15.07    9.39
-128965.687   260.095    12.97    8.29
-128594.050   264.542    11.96    6.91
-128222.344   268.037     9.40    6.45
-127850.568   270.517     6.67    6.68
-127478.722   273.681     8.51    8.88
-127106.806   279.467    15.56   13.31
-126734.821   288.365    23.92   17.97
-126362.765   300.779    33.36   24.62
-125990.640   326.420    68.90   39.28
-125618.445   358.104    85.12   50.68
-125246.180   405.641   127.68   63.22
-124873.845   455.004   132.56   52.45
-124501.439   488.432    89.75   35.46
-124128.964   505.892    46.87   14.80
-123756.418   495.412   -28.13   23.40
-123383.803   473.240   -59.50   27.72
-123011.117   447.746   -68.40   29.27
-122638.361   422.792   -66.94   28.15
-122265.534   395.095   -74.28   30.37
-121892.637   371.394   -63.55   27.46
-121519.670   347.885   -63.03   25.49
-121146.633   326.337   -57.76   21.23
-120773.525   308.037   -49.04   19.82
-120400.346   290.701   -46.45   18.37
-120027.097   272.397   -49.04   20.82
-119653.777   256.973   -41.31   19.57
-119280.387   241.623   -41.10   15.55
-118906.926   230.879   -28.77   11.22
-118533.394   222.911   -21.33    8.79
-118159.792   216.729   -16.54    8.81
-117786.119   209.967   -18.10   10.10
-117412.375   203.202   -18.10    9.07
-117038.560   195.765   -19.89    7.66
-116664.674   188.415   -19.66    9.81
-116290.717   173.716   -39.30   21.08
-115916.690   158.929   -39.53   23.40
-115542.591   143.247   -41.92   18.91
-115168.421   132.226   -29.45    5.67
-114794.180   130.036    -5.85    2.50
-114419.868   129.975    -0.16    3.48
-114045.485   132.532     6.83    5.72
-113671.031   137.998    14.60    9.48
-113296.505   152.013    37.42   20.49
-112921.908   169.009    45.37   28.36
-112547.240   192.955    63.91   37.19
-112172.500   214.635    57.85   35.69
-111797.689   237.750    61.66   36.24
-111422.806   258.864    56.32   33.97
-111047.852   281.897    61.42   31.82
-110672.827   303.647    57.99   24.98
-110297.729   324.967    56.83   24.52
-109922.561   342.358    46.35   22.79
-109547.320   355.888    36.05   21.12
-109172.008   365.166    24.72   18.30
-108796.624   372.304    19.01   22.14
-108421.168   379.495    19.15   25.92
-108045.640   391.408    31.72   29.60
-107670.041   404.389    34.56   30.66
-107294.369   417.506    34.91   30.73
-106918.626   431.349    36.84   25.30
-106542.811   443.470    32.25   22.52
-106166.923   457.702    37.86   20.22
-105790.964   473.413    41.79   22.94
-105414.932   488.373    39.78   18.10
-105038.829   497.106    23.22   10.56
-104662.653   498.882     4.72    7.87
-104286.404   491.822   -18.76   12.86
-103910.084   485.339   -17.23   11.70
-103533.691   482.026    -8.80    8.05
-103157.226   482.361     0.89    6.70
-102780.688   485.083     7.23    7.31
-102404.078   490.391    14.09    8.68
-102027.396   497.560    19.03   10.03
-101650.641   503.927    16.90   10.95
-101273.813   505.819     5.02   12.21
-100896.913   502.973    -7.55   14.43
-100519.940   494.566   -22.30   16.26
-100142.894   482.560   -31.84   16.95
 -99765.776   473.769   -23.31   16.74
 -99388.585   466.475   -19.34   18.65
 -99011.321   459.197   -19.29   22.39
 -98633.984   447.313   -31.49   29.36
 -98256.574   425.400   -58.06   39.47
 -97879.091   394.209   -82.62   43.45
 -97501.536   367.259   -71.38   35.74
 -97123.907   340.223   -71.59   22.17
 -96746.205   324.339   -42.05   15.87
 -96368.430   309.943   -38.10   14.31
 -95990.582   300.339   -25.42   14.76
 -95612.660   288.463   -31.42   19.29
 -95234.666   276.708   -31.10   22.01
 -94856.598   267.520   -24.30   18.88
 -94478.457   258.641   -23.48   16.31
 -94100.242   251.647   -18.49   14.19
 -93721.954   242.946   -23.00   11.62
 -93343.593   231.704   -29.71   15.73
 -92965.158   217.154   -38.45   18.85
 -92586.649   201.516   -41.31   18.55
 -92208.067   184.117   -45.95   18.38
 -91829.411   168.000   -42.56   22.03
 -91450.682   150.290   -46.76   22.04
 -91071.879   140.693   -25.33   18.83
 -90693.002   136.177   -11.92   17.57
 -90314.051   134.635    -4.07   18.63
 -89935.027   137.247     6.89   23.88
 -89555.928   142.095    12.79   30.10
 -89176.756   154.804    33.51   33.97
 -88797.510   165.292    27.65   29.83
 -88418.189   172.451    18.87   21.05
 -88038.795   172.266    -0.49   14.23
 -87659.327   165.365   -18.18   11.44
 -87279.784   160.532   -12.73    8.08
 -86900.167   154.118   -16.89    9.22
 -86520.476   148.141   -15.74   12.68
 -86140.711   140.397   -20.39   16.33
 -85760.871   130.000   -27.37   18.39
 -85380.957   115.359   -38.53   19.25
 -85000.969   102.605   -33.56   13.93
 -84620.906    94.107   -22.36    9.51
 -84240.768    88.922   -13.64    3.23
 -83860.556    87.754    -3.07    2.46
 -83480.270    87.300    -1.19    2.03
 -83099.909    86.959    -0.90    1.86
 -82719.900    86.498    -1.21    2.11
 -82353.726    85.750    -2.04    2.87
 -81987.484    84.561    -3.25    3.08
 -81621.174    83.493    -2.92    2.53
 -81254.795    82.981    -1.40    2.59
 -80888.348    91.629    23.60   16.44
 -80521.832   106.897    41.65   28.39
 -80155.247   140.371    91.31   45.43
 -79788.594   174.359    92.69   43.15
 -79421.873   207.275    89.75   32.11
 -79055.082   232.035    67.50   25.16
 -78688.223   248.211    44.09   17.51
 -78321.295   256.990    23.92   12.09
 -77954.298   260.927    10.73    8.56
 -77587.233   262.959     5.54    8.90
 -77220.098   267.446    12.22   12.30
 -76852.895   277.601    27.65   21.01
 -76485.622   288.904    30.78   24.98
 -76118.281   299.417    28.62   26.65
 -75750.870   310.212    29.38   31.11
 -75383.391   318.141    21.58   30.46
 -75015.842   324.713    17.88   27.94
 -74648.224   335.322    28.86   27.45
 -74280.537   348.675    36.31   30.12
 -73912.780   366.518    48.52   33.37
 -73544.955   384.579    49.10   34.96
 -73177.060   398.635    38.21   34.89
 -72809.096   408.277    26.20   31.00
 -72441.062   407.385    -2.42   34.81
 -72072.959   403.197   -11.38   37.61
 -71704.786   399.855    -9.08   36.98
 -71336.544   401.680     4.95   30.52
 -70968.232   394.044   -20.73   32.37
 -70599.851   364.243   -80.89   55.58
 -70231.400   315.056  -133.49   70.87
 -69862.879   262.336  -143.05   67.56
 -69494.289   218.296  -119.48   41.33
 -69125.628   194.784   -63.77   16.89
 -68756.898   187.582   -19.53    2.27
 -68388.099   187.264    -0.86    0.69
 -68019.229   190.704     9.32    8.92
 -67650.289   210.222    52.90   33.38
 -67281.280   242.629    87.82   53.48
 -66912.200   296.665   146.40   66.81
 -66543.051   355.720   159.97   74.51
 -66173.831   407.175   139.35   62.06
 -65804.542   436.716    79.99   43.76
 -65435.182   453.282    44.85   27.18
 -65065.752   458.743    14.78   25.31
 -64696.251   460.081     3.62   23.22
 -64326.681   461.374     3.50   21.36
 -63957.040   463.855     6.71   20.25
 -63587.328   464.311     1.23   14.85
 -63217.547   468.361    10.95   11.13
 -62847.695   472.290    10.62    8.16
 -62477.772   474.274     5.36    8.23
 -62107.779   474.244    -0.08   14.90
 -61737.715   475.906     4.49   17.58
 -61367.581   481.026    13.83   18.40
 -60997.376   487.176    16.61   13.47
 -60627.101   486.141    -2.79   16.59
 -60256.755   476.664   -25.59   27.93
 -59886.338   455.408   -57.38   40.26
 -59515.850   431.732   -63.90   46.29
 -59145.291   399.947   -85.77   46.55
 -58774.662   372.176   -74.93   41.15
 -58403.961   347.513   -66.53   29.91
 -58033.190   343.536   -10.73   27.90
 -57662.347   351.796    22.27   33.10
 -57291.434   365.459    36.83   30.88
 -56920.450   372.153    18.04   28.98
 -56549.394   366.006   -16.57   31.55
 -56178.267   356.427   -25.81   31.49
 -55807.069   351.607   -12.99   30.77
 -55435.800   354.165     6.89   36.35
 -55064.459   358.233    10.95   38.37
 -54693.048   360.177     5.24   37.00
 -54321.564   359.063    -3.00   38.82
 -53950.010   347.702   -30.57   39.40
 -53578.384   326.334   -57.50   41.07
 -53206.686   300.654   -69.09   39.29
 -52834.917   274.572   -70.15   32.76
 -52463.077   252.020   -60.65   19.68
 -52091.164   237.175   -39.91   14.94
 -51719.180   225.459   -31.49   10.87
 -51347.125   216.702   -23.53    9.21
 -50974.998   210.246   -17.35    7.77
 -50602.798   205.534   -12.66    6.03
 -50230.528   203.280    -6.05    5.07
 -49858.185   206.413     8.41   10.48
 -49485.770   220.955    39.05   29.86
 -49113.284   249.658    77.06   45.74
 -48740.725   291.210   111.53   60.01
 -48368.094   331.287   107.55   54.38
 -47995.392   365.888    92.84   45.24
 -47622.617   384.455    49.81   39.24
 -47249.770   389.209    12.75   42.30
 -46876.851   386.318    -7.75   49.94
 -46503.859   377.891   -22.59   50.35
 -46130.796   365.490   -33.24   47.45
 -45757.660   344.107   -57.30   48.62
 -45384.452   333.470   -28.50   41.82
 -45011.171   332.246    -3.28   41.48
 -44637.818   350.788    49.66   51.21
 -44264.392   376.982    70.14   43.71
 -43890.894   395.141    48.62   33.29
 -43517.323   399.905    12.75   32.94
 -43143.680   395.932   -10.63   37.14
 -42769.964   384.686   -30.09   46.19
 -42396.175   386.601     5.12   47.49
 -42022.314   397.348    28.75   44.34
 -41648.380   415.908    49.63   34.23
 -41274.373   423.743    20.95   24.02
 -40900.293   426.302     6.84   13.27
 -40526.140   418.163   -21.75   16.63
 -40151.914   406.741   -30.52   20.78
 -39777.616   394.118   -33.72   23.97
 -39403.244   378.129   -42.71   24.69
 -39028.799   366.641   -30.68   22.66
 -38654.281   356.129   -28.07   21.69
 -38279.690   345.800   -27.57   20.28
 -37905.026   337.865   -21.18   19.97
 -37530.288   331.352   -17.38   20.15
 -37155.477   315.327   -42.75   28.51
 -36780.593   303.720   -30.96   29.83
 -36405.636   298.635   -13.56   26.73
 -36030.605   300.950     6.17   27.98
 -35655.500   309.773    23.52   28.78
 -35280.323   319.800    26.72   36.06
 -34905.071   340.106    54.11   63.62
 -34529.746   355.709    41.57   81.09
 -34154.347   379.359    63.00  102.11
 -33778.875   402.822    62.49  112.93
 -33403.329   432.990    80.33  123.58
 -33027.709   461.084    74.79  129.61
 -32652.016   499.141   101.29  120.09
 -32276.248   509.452    27.44  114.53
 -31900.407   508.566    -2.36  111.35
 -31524.492   493.983   -38.79  103.88
 -31148.502   467.279   -71.02   98.90
 -30772.439   448.253   -50.59   95.25
 -30396.302   426.727   -57.23   87.88
 -30020.090   420.141   -17.51   91.11
 -29643.805   407.004   -34.91   86.95
 -29267.445   412.579    14.81   92.30
 -28891.011   408.311   -11.34   98.97
 -28514.503   403.309   -13.29  102.66
 -28137.920   379.371   -63.57  105.83
 -27761.263   358.658   -54.99  108.42
 -27384.532   320.084  -102.39   88.84
 -27007.726   285.893   -90.74   62.01
 -26630.846   258.686   -72.19   36.56
 -26253.891   241.489   -45.62   29.05
 -25876.861   225.385   -42.71   22.97
 -25499.757   215.925   -25.09   15.13
 -25122.579   209.781   -16.29    5.56
 -24745.325   208.572    -3.20    2.69
 -24367.997   209.207     1.68    2.50
 -23990.594   209.647     1.16    1.73
 -23613.116   208.792    -2.26    2.26
 -23235.563   207.991    -2.12    2.33
 -22857.935   206.348    -4.35    2.90
 -22480.233   205.060    -3.41    3.69
 -22102.455   203.096    -5.20    4.98
 -21724.602   201.221    -4.96    6.18
 -21346.674   197.874    -8.86    7.38
 -20968.671   194.269    -9.54    7.70
 -20590.593   188.354   -15.64    8.56
 -20212.439   181.769   -17.41    9.53
 -19834.211   172.529   -24.43   12.60
 -19455.906   161.900   -28.10   12.95
 -19077.527   151.279   -28.07   13.71
 -18699.072   140.852   -27.55   10.79
 -18320.542   130.357   -27.73   12.17
 -17941.936   119.641   -28.30   13.59
 -17563.254   116.572    -8.10   11.22
 -17184.497   114.820    -4.63    9.58
 -16805.664   113.404    -3.74    9.67
 -16426.756   107.823   -14.73   12.79
 -16047.772    95.701   -31.99   16.95
 -15668.712    82.060   -35.99   15.00
 -15289.576    73.983   -21.30   10.28
 -14910.364    69.302   -12.35    3.88
 -14531.076    69.590     0.76    3.03
 -14151.713    70.842     3.30    2.48
 -13772.273    71.444     1.59    1.88
 -13392.758    71.720     0.73    1.73
 -13013.166    72.208     1.28    1.27
 -12633.498    72.538     0.87    0.80
 -12253.754    72.837     0.79    0.50
 -11873.934    73.129     0.77    0.53
 -11494.037    73.267     0.36    0.61
 -11114.064    73.311     0.12    1.14
 -10734.015    73.256    -0.15    2.34
 -10353.889    72.902    -0.93    3.44
  -9973.687    72.853    -0.13    5.22
  -9593.408    71.963    -2.34    8.05
  -9213.053    69.451    -6.60    9.43
  -8832.621    66.497    -7.76   10.00
  -8452.112    63.479    -7.93    8.93
  -8071.527    60.365    -8.18    8.13
  -7701.368    58.563    -4.87    7.66
  -7335.343    57.186    -3.76    7.44
  -6969.249    56.072    -3.04    7.41
  -6603.084    54.242    -5.00    7.98
  -6236.849    52.218    -5.53    9.28
  -5870.544    44.229   -21.81   16.43
  -5504.168    34.811   -25.71   19.61
  -5137.722    23.451   -31.00   17.43
  -4771.206    15.529   -21.61   11.99
  -4404.620    10.233   -14.45    3.60
  -4037.963     9.657    -1.57    2.10
  -3671.235    10.153     1.35    2.42
  -3304.437     9.052    -3.00    3.54
  -2937.569     6.765    -6.24    4.81
  -2570.630     3.994    -7.55    5.09
  -2203.620     1.497    -6.80    4.20
  -1836.540    -0.702    -5.99    2.20
  -1469.389    -1.530    -2.25    1.57
  -1102.167    -2.331    -2.18    0.94
   -734.874    -2.702    -1.01    0.46
   -367.511    -2.871    -0.46    0.00
     -0.077     0.004     7.82    8.64
    367.428     5.986    16.28   13.10
    735.005    13.702    20.99   14.32
   1102.652    22.250    23.25   11.39
   1470.370    27.788    15.06    5.83
   1838.159    30.153     6.43    5.85
   2206.019    31.778     4.42    6.14
   2573.951    32.970     3.24    6.93
   2941.954    32.885    -0.23    7.40
   3310.027    32.399    -1.32    7.28
   3678.173    31.320    -2.93    6.94
   4046.389    30.680    -1.74    5.96
   4414.677    30.095    -1.59    5.90
   4783.036    29.829    -0.72    6.51
   5151.467    28.970    -2.33    6.77
   5519.969    28.307    -1.80    6.98
   5888.543    28.129    -0.48    7.12
   6257.188    28.240     0.30    6.33
   6625.905    29.034     2.15    6.20
   6994.694    31.425     6.48    7.21
   7363.554    34.310     7.82    7.70
   7732.486    38.781    12.12    9.44
   8101.490    43.474    12.72   10.60
   8470.565    51.229    21.01   12.11
   8839.713    57.773    17.73   11.56
   9208.932    65.657    21.35   11.41
   9578.224    71.307    15.30   10.89
   9947.587    78.556    19.63   11.88
  10317.022    84.264    15.45   13.41
  10686.530    93.164    24.09   15.60
  11056.109   100.096    18.76   16.41
  11425.761   105.221    13.87   14.63
  11795.484   106.418     3.24   15.13
  12165.281   106.236    -0.49   18.03
  12535.149    99.184   -19.07   22.25
  12905.090    91.176   -21.65   23.83
  13275.103    83.602   -20.47   21.93
  13645.188    74.177   -25.47   10.97
  14015.346    71.674    -6.76    2.87
  14385.576    73.152     3.99    3.82
  14755.879    76.096     7.95    5.64
  15126.255    78.704     7.04    7.30
  15496.703    83.197    12.13   10.08
  15867.223    86.945    10.12   11.18
  16237.817    92.837    15.90   11.41
  16608.483    97.320    12.09   10.43
  16979.222   101.675    11.75    7.16
  17350.034   102.785     2.99    4.89
  17720.919   101.612    -3.16    5.00
  18091.876    99.320    -6.18    6.64
  18462.907    97.911    -3.80    8.55
  18834.010    97.318    -1.60   11.04
  19205.187    99.094     4.79   13.53
  19576.436   105.503    17.26   14.88
  19947.759   112.320    18.36   13.89
  20319.155   120.847    22.96   14.25
  20690.624   129.827    24.18   12.39
  21062.167   138.890    24.39   14.81
  21433.783   148.200    25.05   14.66
  21805.472   157.756    25.71   16.19
  22177.234   166.612    23.82   15.74
  22549.070   175.318    23.41   15.76
  22920.979   183.525    22.07   14.95
  23292.962   194.918    30.63   17.72
  23665.019   203.497    23.06   18.21
  24037.149   212.174    23.32   15.25
  24409.353   216.578    11.83   11.05
  24781.630   215.074    -4.04   15.45
  25153.981   207.152   -21.28   22.70
  25526.406   208.916     4.74   23.76
  25898.905   213.714    12.88   24.96
  26271.477   226.379    34.00   22.17
  26644.124   238.759    33.22   12.26
  27016.844   246.834    21.67   11.36
  27389.639   254.701    21.10   15.15
  27762.507   268.428    36.82   24.01
  28135.450   280.371    32.02   28.52
  28508.466   291.980    31.12   26.96
  28881.557   300.866    23.82   21.71
  29254.722   310.815    26.66   14.78
  29627.962   323.921    35.11   24.97
  30001.275   344.837    56.03   40.82
  30374.663   369.923    67.19   54.16
  30748.125   405.141    94.30   62.18
  31121.662   441.085    96.23   67.23
  31495.274   471.534    81.50   53.86
  31868.959   487.552    42.86   41.55
  32242.720   497.882    27.64   34.15
  32616.555   510.785    34.52   35.68
  32990.464   533.236    60.05   42.07
  33364.449   562.140    77.29   39.67
  33738.508   589.844    74.06   27.11
  34112.641   601.275    30.56   40.54
  34486.850   608.689    19.81   55.12
  34861.134   627.151    49.33   62.11
  35235.492   644.329    45.89   58.08
  35609.926   665.371    56.20   51.59
  35984.434   693.282    74.53   42.58
  36359.018   725.931    87.16   49.78
  36733.676   760.807    93.09   51.46
  37108.410   788.988    75.20   47.79
  37483.219   810.118    56.38   46.42
  37858.103   842.781    87.13   53.48
  38233.062   868.669    69.04   50.84
  38608.097   887.910    51.31   42.87
  38983.207   899.345    30.49   40.68
  39358.393   881.635   -47.21   53.89
  39733.654   854.897   -71.25   65.90
  40108.990   802.503  -139.60   97.85
  40484.403   766.486   -95.94  105.00
  40859.890   729.478   -98.56  123.38
  41235.454   715.254   -37.87  134.89
  41611.093   681.685   -89.37  144.37
  41986.807   653.647   -74.63  142.87
  42362.598   622.723   -82.29  110.95
  42738.464   618.486   -11.27   79.57
  43114.406   619.239     2.00   70.08
  43490.424   616.938    -6.12   80.19
  43866.518   567.481  -131.51  106.81
  44242.688   499.129  -181.71   95.98
  44618.935   436.481  -166.51   87.08
  44995.257   377.274  -157.34   86.51
  45371.655   318.963  -154.92   79.88
  45748.130   267.952  -135.50   44.34
  46124.680   241.063   -71.41   21.37
  46501.307   222.197   -50.09   23.22
  46878.011   216.942   -13.95   22.38
  47254.791   223.334    16.96   34.01
  47631.647   259.052    94.78   69.22
  48008.579   306.455   125.76   84.16
  48385.588   370.602   170.15   95.31
  48762.674   428.187   152.72   87.28
  49139.836   484.618   149.62   70.58
  49517.075   523.222   102.34   52.74
  49894.391   553.074    79.12   40.78
  50271.783   570.047    44.98   27.90
  50649.252   579.940    26.21   19.28
  51026.798   579.153    -2.09   19.73
  51404.421   575.988    -8.38   20.88
  51782.121   576.624     1.68   22.31
  52159.898   576.712     0.23   19.67
  52537.751   573.187    -9.33   27.40
  52915.682   539.030   -90.38   62.10
  53293.690   503.443   -94.15   69.33
  53671.775   471.031   -85.73   85.80
  54049.938   457.571   -35.60  110.62
  54428.177   441.923   -41.37  132.55
  54806.494   417.629   -64.22  146.49
  55184.888   416.031    -4.22  153.37
  55563.360   405.408   -28.07  161.51
  55941.909   374.281   -82.23  173.07
  56320.535   353.025   -56.14  179.72
  56699.239   322.855   -79.67  182.93
  57078.021   282.212  -107.30  180.16
  57456.880   264.850   -45.83  180.42
  57835.817   229.153   -94.21  161.75
  58214.832   197.336   -83.95  127.76
  58593.924   191.571   -15.21  119.81
  58973.094   194.206     6.95  124.56
  59352.343   182.118   -31.88  128.85
  59731.669   155.885   -69.16  114.57
  60111.072   115.629  -106.11   74.76
  60490.554   110.767   -12.81   84.24
  60870.114   118.902    21.43  103.41
  61249.753   114.195   -12.40  104.92
  61629.469    86.950   -71.76   70.40
  62009.263    72.107   -39.08   48.42
  62389.136    60.646   -30.17   29.11
  62769.087    54.552   -16.04   17.96
  63149.116    50.371   -11.00   11.87
  63529.224    47.402    -7.81    4.96
  63909.410    46.261    -3.00    0.88
  64289.675    46.129    -0.35    0.00
  64670.018    46.129     0.00    0.00
  65050.440    46.129     0.00    0.00
  65430.940    46.855     1.91    4.09
  65811.519    47.629     2.04    6.45
  66192.177    48.796     3.07    9.65
  66572.914    49.899     2.90   10.69
  66947.866    49.702    -0.53    9.43
  67313.668    50.050     0.95   10.82
  67679.542    48.327    -4.71    6.72
  68045.488    47.354    -2.66    5.22
  68411.505    46.597    -2.07    3.37
  68777.595    46.250    -0.95    2.78
  69143.756    46.874     1.70    5.79
  69509.989    45.781    -2.98    2.97
  69876.295    45.222    -1.53    0.86
  70242.672    45.205    -0.05    0.30
  70609.122    45.222     0.05    0.33
  70975.644    45.401     0.49    0.58
  71342.238    45.463     0.17    0.62
  71708.904    45.503     0.11    0.66
  72075.643    45.463    -0.11    0.65
  72442.454    45.250    -0.58    0.42
  72809.337    45.129    -0.33    0.00
  73176.293    45.285     0.42    0.90
  73543.321    46.292     2.75    3.26
  73910.422    47.850     4.24    5.65
  74277.595    53.075    14.23   12.33
  74644.841    56.899    10.41   14.07
  75012.159    59.000     5.72   12.66
  75379.551    60.349     3.67   11.53
  75747.014    62.518     5.90   11.33
  76114.551    71.914    25.57   27.29
  76482.161   109.770   102.98   78.59
  76849.843   167.184   156.16  109.57
  77217.598   232.618   177.94  107.06
  77585.426   276.910   120.42   91.23
  77953.328   298.894    59.76   74.85
  78321.302   316.031    46.58   66.64
  78689.349   319.071     8.26   64.57
  79057.470   323.738    12.68   66.29
  79425.663   324.243     1.37   65.82
  79793.930   323.890    -0.96   67.11
  80162.270   324.141     0.68   75.22
  80530.683   334.858    29.09   81.65
  80899.170   344.988    27.49   82.97
  81267.730   369.478    66.45   75.81
  81636.363   375.368    15.98   66.57
  82005.070   375.410     0.11   54.41
  82373.850   364.760   -28.88   54.11
  82742.704   360.647   -11.15   57.51
  83111.632   376.602    43.25   63.78
  83480.633   388.257    31.59   58.75
  83849.708   375.162   -35.48   67.15
  84218.856   361.842   -36.09   68.55
  84588.078   361.695    -0.40   68.65
  84957.375   371.572    26.75   71.33
  85326.745   393.740    60.02   70.42
  85696.188   392.585    -3.13   72.15
  86065.706   363.358   -79.10   66.20
  86435.298   345.525   -48.25   46.50
  86804.964   346.031     1.37   32.59
  87174.704   352.890    18.55   27.61
  87544.518   369.240    44.21   24.63
  87914.406   384.597    41.52   25.36
  88284.368   399.327    39.82   19.56
  88654.405   403.955    12.51   14.70
  89024.516   401.536    -6.54   16.60
  89394.701   400.564    -2.63   18.75
  89764.961   401.433     2.35   22.56
  90135.295   409.108    20.73   22.97
  90505.704   413.997    13.20   17.75
  90876.187   408.840   -13.92   16.38
  91246.744   401.237   -20.52   18.05
  91617.377   394.829   -17.29   18.20
  91988.083   390.459   -11.79   20.61
  92358.865   387.595    -7.72   20.38
  92729.721   381.559   -16.28   20.37
  93100.653   367.788   -37.13   22.38
  93471.659   347.260   -55.34   28.58
  93842.739   325.072   -59.80   29.47
  94213.895   314.734   -27.86   23.62
  94585.126   310.618   -11.09   22.10
  94956.432   310.917     0.80   20.15
  95327.813   308.754    -5.82   19.10
  95699.268   294.327   -38.84   22.52
  96070.799   269.732   -66.21   32.18
  96442.406   250.767   -51.04   29.88
  96814.087   236.459   -38.50   25.09
  97185.844   226.280   -27.38   25.09
  97557.676   231.459    13.93   30.58
  97929.584   237.860    17.21   31.88
  98301.566   244.311    17.34   26.75
  98673.625   245.833     4.09   17.81
  99045.759   236.096   -26.17   17.37
  99417.968   218.710   -46.71   24.89
  99790.253   209.252   -25.41   23.96
 100162.614   200.688   -23.00   24.51
 100535.050   194.792   -15.83   24.25
 100907.562   198.283     9.37   22.87
 101280.150   197.629    -1.76   19.70
 101652.814   196.518    -2.98   17.79
 102025.553   196.814     0.79   16.25
 102398.369   195.967    -2.27   17.67
 102771.260   195.553    -1.11   16.60
 103144.228   196.734     3.17   12.79
 103517.271   193.738    -8.03   10.87
 103890.391   191.769    -5.28    9.88
 104263.587   191.477    -0.78    9.40
 104636.859   190.451    -2.75    9.74
 105010.207   189.936    -1.38    9.47
 105383.632   191.529     4.27    8.78
 105757.133   193.445     5.13    7.40
 106130.710   196.018     6.89    8.39
 106504.364   200.151    11.06    9.94
 106878.094   204.292    11.08   10.63
 107251.900   210.488    16.58    9.53
 107625.784   216.054    14.89    8.35
 107999.744   222.923    18.37    8.41
 108373.780   228.325    14.44    8.98
 108747.893   234.455    16.39    8.67
 109122.083   239.721    14.07    6.93
 109496.350   245.074    14.31    5.46
 109870.694   248.542     9.26    5.35
 110245.114   250.412     4.99    5.31
 110619.612   248.434    -5.28   10.10
 110994.186   236.227   -32.59   23.98
 111368.838   219.076   -45.78   30.49
 111743.567   196.503   -60.24   32.57
 112118.372   177.065   -51.87   27.90
 112493.255   164.685   -33.03   15.32
 112868.215   166.412     4.61   24.52
 113243.253   176.685    27.39   36.05
 113618.368   190.312    36.33   46.08
 113993.560   202.485    32.45   54.30
 114368.829   210.672    21.82   57.86
 114744.176   221.365    28.49   55.89
 115119.601   227.742    16.99   48.49
 115495.103   232.402    12.41   38.30
 115870.682   225.564   -18.21   31.85
 116246.340   216.478   -24.19   30.10
 116622.075   195.097   -56.91   38.22
 116997.887   184.746   -27.55   38.99
 117373.778   205.684    55.71   58.45
 117749.746   241.292    94.72   66.60
 118125.793   279.336   101.18   44.48
 118501.917   301.699    59.46   19.38
 118878.119   310.990    24.70   23.66
 119254.399   324.269    35.29   23.52
 119630.758   336.914    33.60   20.48
 120007.194   332.773   -11.00   37.55
 120383.709   316.086   -44.32   50.23
 120760.302   311.060   -13.35   53.94
 121136.973   320.398    24.79   57.59
 121513.722   347.716    72.51   56.14
 121890.550   379.917    85.46   46.92
 122267.456   402.129    58.94   42.20
 122644.441   415.624    35.80   41.23
 123021.504   426.509    28.87   43.01
 123398.646   430.527    10.66   41.68
 123775.866   437.244    17.81   41.22
 124153.166   445.034    20.65   41.43
 124530.543   460.016    39.70   45.52
 124908.000   474.774    39.10   41.27
 125285.535   492.050    45.76   38.38
 125663.149   510.257    48.22   36.19
 126040.843   523.629    35.41   37.82
 126418.615   540.108    43.62   34.50
 126796.466   554.049    36.90   27.14
 127174.396   569.237    40.19   21.57
 127552.405   583.868    38.71   23.01
 127930.494   607.204    61.73   39.10
 128308.661   635.413    74.60   42.92
 128686.908   646.807    30.12   35.99
 129065.234   648.182     3.64   30.37
 129443.640   639.729   -22.34   26.33
