-153320.650   152.352     0.00    6.20
-152950.538   148.947    -9.20    8.12
-152580.509   143.680   -14.24    8.17
-152210.565   139.976   -10.01    5.64
-151840.704   140.511     1.45    6.89
-151470.926   145.816    14.35   10.34
-151101.233   153.178    19.91   10.42
-150731.623   158.561    14.57    8.72
-150362.096   163.458    13.25    8.29
-149992.653   164.923     3.97    7.20
-149623.294   163.668    -3.40    8.05
-149254.017   158.298   -14.54   10.72
-148884.824   150.983   -19.82   10.70
-148515.715   144.541   -17.45    6.90
-148146.688   142.292    -6.09    4.58
-147777.745   143.256     2.61    5.42
-147408.885   147.292    10.94    6.99
-147040.107   151.841    12.34    8.22
-146671.413   155.942    11.13    8.35
-146302.802   159.824    10.53    7.84
-145934.273   161.883     5.59    6.23
-145565.827   161.992     0.29    4.73
-145197.464   161.343    -1.76    3.90
-144829.184   162.317     2.65    4.93
-144460.986   165.045     7.41    6.87
-144092.871   168.683     9.88    6.90
-143724.839   171.141     6.68    7.60
-143356.889   170.807    -0.91    8.48
-142989.021   169.413    -3.79    8.63
-142621.236   167.101    -6.29    8.23
-142253.533   165.567    -4.17    7.88
-141885.912   164.096    -4.00    7.38
-141518.373   163.661    -1.18    6.46
-141150.917   163.472    -0.51    4.93
-140783.543   162.845    -1.71    3.67
-140416.251   160.903    -5.29    4.36
-140049.040   157.843    -8.33    5.26
-139681.912   155.790    -5.59    5.55
-139314.865   154.035    -4.78    5.65
-138947.901   154.314     0.76    5.63
-138581.018   156.748     6.64    6.10
-138214.217   160.325     9.75    7.12
-137847.497   164.021    10.08    7.29
-137480.859   167.178     8.61    6.68
-137114.303   168.846     4.55    5.50
-136747.828   169.337     1.34    4.96
-136381.434   170.108     2.10    4.58
-136015.122   170.282     0.48    4.28
-135648.891   169.943    -0.93    4.44
-135282.742   169.399    -1.49    4.49
-134916.674   169.396    -0.01    4.26
-134550.687   170.704     3.57    4.62
-134184.781   171.517     2.22    4.30
-133818.956   172.337     2.24    3.67
-133453.212   172.481     0.39    2.87
-133087.549   172.339    -0.39    1.86
-132721.967   173.088     2.05    1.71
-132356.466   173.838     2.05    1.95
-131991.045   174.548     1.94    2.36
-131625.706   174.844     0.81    2.29
-131260.447   175.384     1.48    2.13
-130895.268   176.289     2.48    2.24
-130530.171   177.366     2.95    2.43
-130165.153   177.739     1.02    2.22
-129800.217   178.003     0.72    2.50
-129435.360   178.185     0.50    3.24
-129070.585   178.846     1.81    3.92
-128689.283   179.012     0.44    3.96
-128307.655   179.049     0.10    3.61
-127926.117   178.543    -1.33    2.72
-127544.669   178.256    -0.75    2.09
-127163.309   178.973     1.88    3.20
-126782.040   176.894    -5.45    7.22
-126400.859   176.658    -0.62    8.06
-126019.768   175.452    -3.16    8.16
-125638.767   173.513    -5.09    8.43
-125257.854   175.521     5.27    9.18
-124877.031   176.783     3.31    9.82
-124496.296   179.279     6.56    8.95
-124115.651   181.745     6.48    6.48
-123735.094   183.129     3.64    4.16
-123354.627   184.443     3.45    4.18
-122974.248   186.241     4.73    4.17
-122593.958   187.858     4.25    4.42
-122213.756   188.914     2.78    4.74
-121833.644   188.402    -1.35    6.74
-121453.619   185.774    -6.92    8.96
-121073.684   183.229    -6.70    9.69
-120693.836   180.350    -7.58    9.72
-120314.078   177.686    -7.02    8.36
-119934.407   178.389     1.85    8.32
-119554.825   178.984     1.57   10.03
-119175.331   181.462     6.53   11.84
-118795.925   184.012     6.72   13.42
-118416.607   187.942    10.36   14.77
-118037.377   192.125    11.03   15.82
-117658.236   199.619    19.77   17.14
-117279.182   206.883    19.16   17.30
-116900.215   214.227    19.38   13.95
-116521.337   215.071     2.23   13.15
-116142.547   214.776    -0.78   11.64
-115763.844   214.972     0.52    9.30
-115385.228   219.804    12.76   10.07
-115006.701   226.477    17.63   10.43
-114628.260   233.755    19.23    9.33
-114249.907   240.030    16.59    8.77
-113871.642   244.289    11.26    7.06
-113493.464   243.335    -2.52    8.43
-113115.373   237.185   -16.27   11.94
-112737.369   229.019   -21.60   12.32
-112359.452   222.784   -16.50   10.92
-111981.623   219.276    -9.29    9.06
-111603.880   218.638    -1.69    7.99
-111226.224   219.059     1.11    6.81
-110848.656   221.050     5.27    5.70
-110471.174   226.137    13.48    8.28
-110093.779   233.280    18.93    8.66
-109716.470   240.059    17.97    7.60
-109339.248   245.242    13.74    4.49
-108962.113   248.011     7.34    3.87
-108585.065   248.559     1.45    4.98
-108208.102   248.904     0.91    5.65
-107831.227   248.527    -1.00    5.11
-107454.437   247.913    -1.63    3.51
-107077.734   247.953     0.10    2.46
-106701.117   248.992     2.76    2.93
-106324.587   249.874     2.34    3.04
-105948.142   250.537     1.76    2.46
-105571.783   250.639     0.27    1.30
-105195.511   250.943     0.81    1.19
-104819.324   251.345     1.07    1.28
-104443.224   251.986     1.71    2.00
-104067.209   253.379     3.71    3.38
-103691.280   256.688     8.80    6.27
-103315.437   260.854    11.09    7.25
-102939.679   262.975     5.64    6.27
-102564.007   261.835    -3.03    6.79
-102188.420   257.923   -10.42    8.39
-101812.919   251.943   -15.93    6.81
-101437.504   248.163   -10.07    4.49
-101062.174   247.210    -2.54    4.25
-100686.929   247.131    -0.21    4.96
-100311.769   248.743     4.30    6.86
 -99936.695   253.156    11.77   10.16
 -99561.705   257.513    11.62   11.07
 -99186.801   261.825    11.50   10.11
 -98811.982   263.678     4.94    8.79
 -98437.248   261.515    -5.77    6.69
 -98062.599   260.079    -3.84    3.11
 -97688.034   260.913     2.23    3.72
 -97313.554   262.733     4.86    5.89
 -96939.160   265.217     6.64    6.89
 -96564.849   266.383     3.11    6.64
 -96190.624   268.962     6.89    6.66
 -95816.483   270.101     3.04    6.15
 -95442.426   270.791     1.85    5.10
 -95068.454   271.794     2.68    3.73
 -94694.567   271.852     0.15    3.51
 -94320.763   271.962     0.29    3.40
 -93947.044   271.448    -1.38    2.67
 -93573.410   271.487     0.10    2.09
 -93199.859   271.652     0.44    2.01
 -92826.393   273.176     4.08    2.76
 -92453.010   274.778     4.29    2.96
 -92079.712   275.923     3.07    3.96
 -91706.498   277.289     3.66    5.66
 -91333.367   279.129     4.93    7.25
 -90960.321   282.834     9.93    9.22
 -90587.358   289.143    16.92   11.18
 -90214.479   293.715    12.26   10.74
 -89841.683   298.398    12.56    7.12
 -89468.971   299.296     2.41    4.42
 -89096.343   295.696    -9.66    4.69
 -88723.798   288.350   -19.72   11.23
 -88351.337   279.422   -23.97   14.89
 -87978.959   268.963   -28.09   13.72
 -87606.664   261.125   -21.05    8.44
 -87234.453   256.626   -12.09    3.10
 -86862.325   255.161    -3.94    1.04
 -86490.280   254.933    -0.61    0.00
 -86118.319   254.933     0.00    0.00
 -85746.440   254.933     0.00    0.00
 -85374.644   254.933     0.00    0.00
 -85002.932   254.933     0.00    0.00
 -84631.302   254.933     0.00    0.00
 -84259.755   254.963     0.08    0.22
 -83888.291   256.012     2.83    2.17
 -83516.909   258.113     5.66    3.67
 -83145.610   260.333     5.98    3.63
 -82774.394   261.609     3.44    2.39
 -82403.261   262.171     1.51    1.73
 -82032.210   261.963    -0.56    1.45
 -81661.241   261.277    -1.85    2.03
 -81290.355   259.658    -4.36    2.95
 -80919.551   256.943    -7.32    3.71
 -80548.830   254.453    -6.72    3.50
 -80178.191   252.307    -5.79    2.92
 -79807.634   250.463    -4.98    2.22
 -79437.159   249.293    -3.16    2.31
 -79066.766   248.266    -2.77    3.15
 -78696.455   248.033    -0.63    4.00
 -78326.226   247.954    -0.21    4.41
 -77956.080   246.963    -2.68    3.72
 -77586.015   245.646    -3.56    4.13
 -77216.031   243.616    -5.49    4.84
 -76846.130   240.902    -7.34    4.68
 -76476.310   237.543    -9.08    5.09
 -76106.572   233.289   -11.50    6.54
 -75736.916   225.984   -19.76    9.06
 -75367.341   218.643   -19.86    9.65
 -74997.848   211.124   -20.35    8.11
 -74628.436   205.158   -16.15    5.01
 -74259.105   202.186    -8.05    2.33
 -73889.856   201.062    -3.04    0.82
 -73520.688   200.842    -0.59    0.41
 -73151.601   200.933     0.25    0.00
 -72782.596   200.933     0.00    0.00
 -72413.671   200.933     0.00    0.00
 -72044.828   201.220     0.78    0.83
 -71676.066   202.277     2.87    2.20
 -71307.384   204.260     5.38    3.30
 -70938.784   206.572     6.27    3.07
 -70570.264   208.695     5.76    2.87
 -70201.826   209.739     2.83    3.89
 -69833.468   210.953     3.30    6.04
 -69465.190   211.707     2.05    7.55
 -69096.994   213.193     4.04    8.89
 -68728.878   214.963     4.81    9.29
 -68360.842   216.312     3.67    9.49
 -67992.887   216.678     1.00    9.36
 -67625.013   215.623    -2.87    8.90
 -67257.218   214.433    -3.24    8.05
 -66889.505   213.468    -2.63    7.40
 -66521.871   212.963    -1.37    6.35
 -66154.318   212.433    -1.44    5.51
 -65786.845   212.617     0.50    5.10
 -65419.452   213.685     2.91    5.06
 -65052.139   214.463     2.12    5.08
 -64684.906   215.670     3.29    5.48
 -64317.753   217.543     5.10    7.25
 -63950.680   219.459     5.22    7.49
 -63583.687   221.303     5.03    7.66
 -63216.773   222.824     4.15    7.67
 -62849.940   222.151    -1.84    7.86
 -62483.186   220.178    -5.38    7.61
 -62116.512   217.279    -7.90    5.71
 -61749.917   215.013    -6.18    3.96
 -61383.402   213.290    -4.70    2.46
 -61016.967   212.173    -3.05    1.35
 -60650.610   212.057    -0.32    1.45
 -60284.334   212.503     1.22    1.58
 -59918.137   213.137     1.73    1.72
 -59552.019   214.043     2.47    1.81
 -59185.980   215.003     2.62    2.03
 -58820.020   215.984     2.68    2.23
 -58454.140   217.299     3.60    2.68
 -58088.339   218.705     3.84    3.01
 -57722.616   220.064     3.72    3.27
 -57356.973   220.780     1.96    3.51
 -56991.409   220.813     0.09    3.66
 -56625.923   220.773    -0.11    4.08
 -56260.517   220.872     0.27    4.15
 -55895.189   221.141     0.74    3.59
 -55529.940   221.763     1.70    3.36
 -55164.770   221.884     0.33    2.77
 -54799.678   221.743    -0.39    2.08
 -54434.665   221.688    -0.15    1.67
 -54058.941   221.547    -0.38    1.50
 -53677.480   221.418    -0.34    1.60
 -53296.107   221.173    -0.64    1.82
 -52914.820   220.851    -0.84    1.86
 -52533.621   220.793    -0.15    1.86
 -52152.509   221.303     1.34    2.98
 -51771.484   221.923     1.63    3.87
 -51390.547   222.810     2.33    4.30
 -51009.696   223.145     0.88    4.04
 -50628.932   222.253    -2.34    3.56
 -50248.255   220.650    -4.21    3.82
 -49867.665   218.259    -6.28    4.18
 -49487.161   216.357    -5.00    3.42
 -49106.744   213.448    -7.65    3.38
 -48726.414   210.842    -6.85    4.06
 -48346.170   206.963   -10.20    5.80
 -47966.013   202.463   -11.84    7.31
 -47585.942   196.433   -15.87    7.93
 -47205.958   190.503   -15.61    7.24
 -46826.059   184.137   -16.76    6.46
 -46446.248   178.794   -14.07    6.41
 -46066.522   174.280   -11.89    5.40
 -45686.883   170.805    -9.15    4.45
 -45307.329   167.617    -8.40    3.74
 -44927.862   165.233    -6.28    3.69
 -44548.480   162.004    -8.51    4.77
 -44169.185   158.511    -9.21    4.98
 -43789.975   154.077   -11.69    5.36
 -43410.852   149.773   -11.35    5.68
 -43031.814   145.438   -11.44    5.55
 -42652.861   141.309   -10.90    4.77
 -42273.994   138.449    -7.55    5.00
 -41895.213   137.458    -2.62    5.06
 -41516.518   137.557     0.26    5.56
 -41137.908   136.713    -2.23    5.89
 -40759.383   135.459    -3.31    6.61
 -40380.943   131.003   -11.78    5.04
 -40002.589   127.357    -9.64    2.33
 -39624.320   125.563    -4.74    2.31
 -39246.137   124.103    -3.86    2.56
 -38868.038   123.453    -1.72    2.89
 -38490.024   123.270    -0.48    3.16
 -38112.096   122.913    -0.94    3.12
 -37734.252   121.057    -4.91    3.91
 -37356.494   118.403    -7.03    4.39
 -36978.820   115.809    -6.87    3.84
 -36601.231   113.663    -5.68    2.39
 -36223.726   112.830    -2.21    2.06
 -35846.307   112.739    -0.24    2.28
 -35468.972   111.882    -2.27    3.21
 -35091.721   109.713    -5.75    4.32
 -34714.555   106.789    -7.75    4.49
 -34337.474   103.983    -7.44    3.16
 -33960.477   102.586    -3.71    3.02
 -33583.564   101.913    -1.79    2.95
 -33206.735   101.153    -2.02    2.47
 -32829.991   100.433    -1.91    1.92
 -32453.331    99.844    -1.56    1.72
 -32076.755    99.372    -1.25    1.69
 -31700.263    98.974    -1.06    1.53
 -31323.855    98.617    -0.95    1.42
 -30947.531    98.143    -1.26    1.53
 -30571.290    97.975    -0.45    1.65
 -30195.134    97.783    -0.51    1.75
 -29819.062    97.226    -1.48    1.84
 -29443.073    96.832    -1.05    1.78
 -29067.168    96.522    -0.82    1.70
 -28691.346    96.266    -0.68    1.48
 -28315.608    96.295     0.08    1.55
 -27939.954    96.943     1.73    1.86
 -27564.383    97.701     2.02    1.95
 -27188.895    98.519     2.18    1.78
 -26813.491    98.670     0.40    2.15
 -26438.170    98.832     0.43    2.22
 -26062.932    98.778    -0.14    1.95
 -25687.777    98.523    -0.68    1.50
 -25312.706    97.993    -1.41    1.39
 -24937.717    96.766    -3.27    1.78
 -24562.812    95.484    -3.42    1.81
 -24187.989    94.448    -2.76    1.65
 -23813.250    93.781    -1.78    1.34
 -23438.593    93.291    -1.31    1.04
 -23064.019    92.812    -1.28    0.80
 -22689.528    92.487    -0.87    0.89
 -22315.120    92.233    -0.68    0.96
 -21940.794    92.049    -0.49    0.94
 -21566.550    91.833    -0.58    0.64
 -21192.390    91.974     0.38    0.66
 -20818.311    92.539     1.51    0.99
 -20444.316    93.351     2.17    1.26
 -20070.402    94.382     2.76    1.54
 -19696.571    95.286     2.42    1.62
 -19322.822    96.245     2.57    1.44
 -18949.155    97.175     2.49    1.63
 -18575.571    99.469     6.14    5.11
 -18202.068   101.280     4.85    6.07
 -17828.648   103.277     5.35    6.21
 -17455.309   103.923     1.73    5.03
 -17082.053   104.639     1.92    4.69
 -16708.878   105.173     1.43    4.01
 -16335.785   105.729     1.49    2.33
 -15962.774   106.433     1.89    0.96
 -15589.845   106.364    -0.18    0.91
 -15216.997   106.463     0.27    0.92
 -14844.231   106.458    -0.01    0.88
 -14471.547   106.503     0.12    0.92
 -14098.944   106.593     0.24    1.22
 -13726.422   106.382    -0.57    2.97
 -13353.982   105.933    -1.21    3.95
 -12981.623   104.485    -3.89    4.79
 -12609.346   102.953    -4.11    4.80
 -12237.150   101.596    -3.65    3.26
 -11865.035   102.133     1.44    3.80
 -11493.001   104.124     5.35    4.83
 -11121.048   107.347     8.66    5.70
 -10749.176   109.902     6.87    5.50
 -10377.385   114.341    11.94    7.29
 -10005.676   119.652    14.29    9.48
  -9634.047   126.443    18.27   11.13
  -9262.498   133.408    18.74    9.70
  -8891.031   138.628    14.05    7.56
  -8519.644   138.034    -1.60    7.69
  -8148.339   133.380   -12.53    7.66
  -7777.113   129.133   -11.44    7.80
  -7405.968   124.051   -13.69    7.20
  -7034.904   120.463    -9.67    6.25
  -6663.920   116.547   -10.55    6.85
  -6293.017   110.423   -16.51    9.49
  -5922.194   103.453   -18.79   11.12
  -5551.451    95.523   -21.39   10.98
  -5180.789    88.382   -19.27    7.32
  -4810.207    82.170   -16.76    9.20
  -4439.704    76.503   -15.30   11.86
  -4069.282    72.103   -11.88   11.95
  -3698.941    72.883     2.11   10.07
  -3328.679    77.813    13.32   11.78
  -2958.497    84.219    17.30   14.15
  -2588.395    89.223    13.52   14.92
  -2218.372    86.509    -7.34   17.07
  -1848.430    75.347   -30.17   30.09
  -1478.567    57.412   -48.49   37.75
  -1108.784    39.270   -49.06   37.91
   -739.081    21.407   -48.32   33.87
   -369.457     6.168   -41.23   18.65
      0.087     0.076   -16.48    1.69
    369.552     3.655     9.69   12.97
    738.937    10.986    19.85   20.05
   1108.243    16.892    15.99   22.57
   1477.470    21.329    12.02   22.04
   1846.617    27.515    16.76   19.70
   2215.685    32.586    13.74   15.77
   2584.674    35.469     7.81   12.80
   2953.584    42.872    20.07   14.07
   3322.414    54.460    31.42   16.75
   3691.166    63.743    25.17   19.90
   4059.839    71.846    21.98   20.33
   4428.432    74.882     8.24   16.82
   4796.947    76.143     3.42   12.86
   5165.383    76.739     1.62   10.25
   5533.740    76.504    -0.64    8.94
   5902.019    75.880    -1.69    7.06
   6270.218    75.771    -0.30    5.99
   6638.340    75.607    -0.45    4.98
   7006.382    78.093     6.75    6.21
   7374.346    81.107     8.19    6.25
   7742.232    83.708     7.07    5.93
   8110.039    84.954     3.39    4.60
   8477.767    85.541     1.60    3.37
   8845.418    85.106    -1.18    3.12
   9212.990    83.933    -3.19    1.88
   9580.484    84.026     0.25    1.66
   9947.899    83.802    -0.61    2.93
  10315.237    80.149    -9.94    6.19
  10682.496    77.406    -7.47    6.49
  11049.678    78.168     2.07    7.97
  11416.781    81.317     8.58    8.70
  11783.807    85.828    12.29    6.24
  12150.754    87.974     5.85    3.03
  12517.624    86.539    -3.91    3.71
  12884.416    82.983    -9.70    8.84
  13251.130    73.142   -26.84   21.64
  13617.767    58.739   -39.28   29.52
  13984.325    44.459   -38.96   32.40
  14350.807    31.545   -35.24   30.40
  14717.210    21.157   -28.35   25.46
  15083.537    13.475   -20.97   18.78
  15449.785    11.417    -5.62   15.31
  15815.957    17.085    15.48   20.15
  16182.051    30.208    35.85   27.41
  16548.067    46.610    44.81   26.47
  16914.007    63.912    47.28   15.08
  17279.869    71.428    20.54    4.20
  17645.654    73.775     6.42    2.22
  18011.362    74.418     1.76    1.67
  18376.993    75.009     1.62    1.66
  18742.547    75.993     2.69    1.82
  19108.024    76.912     2.51    1.56
  19473.424    77.842     2.55    1.10
  19838.747    78.522     1.86    0.64
  20203.993    78.933     1.12    0.63
  20574.555    79.106     0.47    0.69
  20955.850    79.249     0.37    0.82
  21337.059    79.310     0.16    0.83
  21718.184    79.474     0.43    0.63
  22099.223    79.504     0.08    0.52
  22480.178    79.733     0.60    0.71
  22861.047    79.974     0.63    0.82
  23241.832    80.027     0.14    0.90
  23622.532    79.727    -0.79    1.13
  24003.148    79.246    -1.26    1.17
  24383.679    78.624    -1.64    1.06
  24764.125    78.049    -1.51    0.93
  25144.487    77.770    -0.73    0.78
  25524.765    77.764    -0.01    0.75
  25904.958    77.933     0.44    0.76
  26285.066    78.337     1.06    0.67
  26665.091    78.593     0.67    0.48
  27045.031    78.775     0.48    0.37
  27424.887    78.871     0.25    0.24
  27804.659    78.912     0.11    0.14
  28184.347    79.005     0.24    0.26
  28563.951    79.307     0.79    0.49
  28943.471    79.579     0.72    0.48
  29322.907    79.849     0.71    0.35
  29702.259    80.232     1.01    0.56
  30081.527    80.849     1.63    0.99
  30460.712    81.407     1.47    0.97
  30839.813    81.892     1.28    0.63
  31218.830    82.057     0.44    0.33
  31597.764    82.143     0.23    0.48
  31976.615    82.589     1.18    0.87
  32355.382    83.249     1.74    1.10
  32734.065    83.819     1.51    0.98
  33112.665    84.287     1.23    0.81
  33491.182    84.657     0.98    0.77
  33869.616    85.070     1.09    0.78
  34247.966    85.531     1.22    0.64
  34626.233    85.870     0.90    0.63
  35004.418    85.443    -1.13    1.31
  35382.519    84.974    -1.24    1.66
  35760.537    85.147     0.46    2.21
  36138.472    86.384     3.27    3.13
  36516.325    88.665     6.03    3.62
  36894.094    90.975     6.12    2.84
  37271.781    92.235     3.34    1.44
  37649.385    92.795     1.48    0.70
  38026.907    92.933     0.37    0.80
  38404.346    93.288     0.94    1.03
  38781.702    94.077     2.09    1.29
  39158.976    95.122     2.77    1.23
  39536.168    96.208     2.88    1.31
  39913.277    97.205     2.64    1.11
  40290.304    98.236     2.74    1.10
  40667.248    99.177     2.50    1.00
  41044.110   100.135     2.54    1.04
  41420.890   101.088     2.53    1.06
  41797.588   101.994     2.40    1.23
  42174.204   103.096     2.93    1.20
  42550.738   104.057     2.55    1.28
  42927.190   104.890     2.21    1.17
  43303.560   105.572     1.81    1.19
  43679.849   105.965     1.05    1.14
  44056.055   106.331     0.97    1.04
  44432.180   106.521     0.50    0.80
  44808.223   106.652     0.35    0.47
  45184.184   106.891     0.64    0.46
  45560.064   107.214     0.86    0.52
  45935.862   107.207    -0.02    0.64
  46311.579   106.829    -1.01    1.20
  46687.214   105.777    -2.80    1.83
  47062.768   103.870    -5.08    2.30
  47438.241   101.995    -4.99    2.22
  47813.632    99.922    -5.52    2.05
  48188.942    97.933    -5.30    2.71
  48564.171    96.308    -4.33    2.59
  48939.319    95.005    -3.47    2.14
  49314.386    93.542    -3.90    2.26
  49689.371    92.531    -2.70    2.46
  50064.276    91.444    -2.90    2.52
  50439.100    90.535    -2.43    2.37
  50813.843    89.715    -2.19    2.32
  51188.505    88.923    -2.12    2.21
  51563.087    88.100    -2.20    2.00
  51937.587    87.129    -2.59    1.84
  52312.008    86.034    -2.92    1.45
  52686.347    85.067    -2.58    1.18
  53060.606    84.175    -2.38    0.99
  53434.784    83.386    -2.11    0.80
  53808.882    82.861    -1.40    0.73
  54182.900    82.335    -1.41    0.75
  54556.837    81.996    -0.91    0.88
  54930.694    81.780    -0.58    0.80
  55304.471    81.756    -0.06    0.60
  55678.167    80.975    -2.09    2.99
  56051.784    80.287    -1.84    4.26
  56425.320    79.217    -2.86    5.29
  56798.776    77.259    -5.24    5.74
  57172.153    75.933    -3.55    5.04
  57545.449    75.558    -1.00    4.12
  57918.665    75.639     0.22    3.45
  58291.802    77.232     4.27    2.92
  58664.859    78.618     3.72    2.73
  59037.836    79.870     3.36    2.77
  59410.733    80.911     2.79    2.87
  59783.551    81.610     1.87    2.49
  60156.289    82.225     1.65    2.56
  60528.948    82.600     1.01    3.01
  60901.527    82.638     0.10    2.96
  61274.027    82.589    -0.13    2.88
  61646.447    82.038    -1.48    1.73
  62018.788    82.091     0.14    0.84
  62391.050    81.871    -0.59    0.86
  62763.233    80.890    -2.64    1.92
  63135.336    79.110    -4.78    2.85
  63507.360    76.735    -6.38    2.62
  63879.305    75.294    -3.88    1.74
  64251.171    74.824    -1.26    1.12
  64622.958    75.781     2.57    1.63
  64994.667    77.230     3.90    1.72
  65366.296    78.912     4.53    1.91
  65737.846    80.498     4.27    1.85
  66109.318    82.120     4.37    1.74
  66480.711    83.390     3.42    1.54
  66852.025    84.787     3.76    1.41
  67223.261    85.912     3.03    1.43
  67594.418    87.273     3.67    1.46
  67965.496    88.438     3.14    1.49
  68336.496    89.678     3.34    1.47
  68707.418    90.943     3.41    1.45
  69078.261    91.933     2.67    1.20
  69449.026    92.840     2.45    1.05
  69819.713    93.877     2.80    1.14
  70190.321    95.214     3.61    1.79
  70560.851    96.770     4.20    2.08
  70931.303    98.902     5.75    2.30
  71301.677   100.880     5.34    2.37
  71671.973   103.164     6.17    2.37
  72042.190   105.245     5.62    2.40
  72412.330   107.428     5.90    2.33
  72782.392   109.564     5.77    2.39
  73152.376   111.582     5.45    2.25
  73522.283   113.417     4.96    2.08
  73892.111   115.000     4.28    1.63
  74261.862   116.152     3.12    1.41
  74631.535   117.175     2.77    1.34
  75001.131   118.204     2.78    1.35
  75370.649   119.103     2.43    1.41
  75740.090   120.047     2.56    1.47
  76109.453   120.922     2.37    1.50
  76478.738   122.241     3.57    1.67
  76847.947   123.706     3.97    1.85
  77217.078   125.368     4.50    1.94
  77586.131   127.066     4.60    2.13
  77955.108   128.802     4.71    1.93
  78324.007   130.100     3.52    1.76
  78692.829   131.389     3.50    1.83
  79061.574   133.047     4.50    2.63
  79430.243   135.386     6.34    3.88
  79798.834   139.838    12.08    6.01
  80167.348   145.209    14.57    7.55
  80535.785   152.220    19.03    7.84
  80904.145   157.350    13.92    6.56
  81272.429   161.500    11.27    4.86
  81640.636   162.579     2.93    5.27
  82008.766   160.644    -5.26    7.55
  82376.820   158.807    -4.99    8.62
  82744.797   156.807    -5.43   10.97
  83112.697   150.764   -16.42   15.54
  83480.521   139.241   -31.33   24.31
  83848.268   130.486   -23.81   31.78
  84215.939   117.512   -35.29   36.89
  84583.534   100.561   -46.11   35.67
  84951.052    86.881   -37.22   28.81
  85318.494    72.717   -38.54   14.08
  85685.860    65.754   -18.95    9.17
  86053.150    63.226    -6.88    7.14
  86420.363    61.443    -4.86    7.08
  86787.501    58.678    -7.53   12.00
  87154.562    56.092    -7.04   16.98
  87521.547    52.795    -8.99   18.28
  87888.457    49.781    -8.21   19.22
  88255.290    44.964   -13.13   23.52
  88622.048    41.833    -8.54   24.49
  88988.730    39.386    -6.67   23.51
  89355.336    32.358   -19.17   20.26
  89721.867    27.396   -13.54   16.52
  90088.321    35.561    22.28   27.19
  90454.701    58.475    62.54   42.46
  90821.004    80.322    59.64   39.04
  91187.232   103.772    64.02   23.48
  91553.385   105.235     4.00   29.17
  91919.462    84.978   -55.33   45.87
  92285.464    61.443   -64.30   50.77
  92651.390    37.592   -65.18   40.27
  93017.241    19.141   -50.43    6.59
  93383.017    19.061    -0.22    4.13
  93748.718    24.582    15.10   15.27
  94114.343    42.600    49.28   37.89
  94479.894    74.592    87.51   56.74
  94845.369   122.284   130.48   72.48
  95211.166   170.566   131.98   71.15
  95592.293   201.183    80.33   71.39
  95973.338   245.438   116.13   79.55
  96354.300   302.647   150.16   87.14
  96735.179   351.133   127.29   83.23
  97115.975   394.704   114.41   54.16
  97496.689   424.490    78.23   19.95
  97877.320   427.816     8.74   12.72
  98257.868   423.864   -10.38   13.03
  98638.335   420.326    -9.30   15.48
  99018.718   418.989    -3.52   18.09
  99399.020   417.797    -3.13   22.40
  99779.239   421.570     9.92   27.40
 100159.376   428.370    17.89   31.07
 100539.430   438.422    26.45   23.85
 100919.403   447.297    23.36   11.81
 101299.293   449.244     5.12    8.55
 101679.102   448.501    -1.96   10.75
 102058.828   450.691     5.77   11.51
 102438.472   452.985     6.04   10.69
 102818.035   457.248    11.23    8.48
 103197.516   457.880     1.66    8.49
 103576.914   454.008   -10.20    9.08
 103956.232   449.691   -11.38    8.50
 104335.467   445.784   -10.30    7.47
 104714.621   443.670    -5.58    7.64
 105093.693   442.889    -2.06    8.03
 105472.684   439.996    -7.63    9.78
 105851.594   439.834    -0.43    9.08
 106230.421   443.245     9.00    8.79
 106609.168   449.270    15.91    9.93
 106987.833   457.217    20.99   11.70
 107366.417   465.021    20.61   11.73
 107744.920   472.922    20.87   12.54
 108123.342   477.554    12.24   11.17
 108501.682   480.596     8.04    7.09
 108879.941   482.042     3.82    5.33
 109258.120   479.975    -5.46    6.54
 109636.217   478.335    -4.34    8.20
 110014.234   476.381    -5.17    8.11
 110392.170   474.460    -5.08    8.12
 110770.025   473.058    -3.71    9.82
 111147.799   471.172    -4.99    9.63
 111525.492   472.858     4.46    9.14
 111903.105   477.405    12.04   10.12
 112280.637   485.154    20.52   10.29
 112658.089   491.824    17.67    8.56
 113035.460   497.564    15.21    8.15
 113412.751   502.208    12.31    9.65
 113789.961   504.680     6.55    9.96
 114167.091   503.500    -3.13   10.74
 114544.141   496.617   -18.25   13.73
 114921.110   487.236   -24.88   12.09
 115298.000   479.375   -20.86   10.77
 115674.809   469.910   -25.12    7.96
 116051.538   462.049   -20.87    9.99
 116428.187   455.855   -16.44   10.87
 116804.756   448.370   -19.87   16.11
 117181.245   442.328   -16.05   19.57
 117557.654   436.252   -16.14   20.44
 117933.983   432.100   -11.03   16.95
 118310.233   426.777   -14.15   16.09
 118686.403   404.512   -59.18   33.54
 119062.493   380.180   -64.69   40.85
 119438.503   374.025   -16.37   45.85
 119814.434   395.135    56.15   58.78
 120190.286   428.558    88.92   56.30
 120566.058   461.124    86.66   29.70
 120941.750   477.866    44.56    9.84
 121317.363   484.062    16.49    5.33
 121692.897   487.374     8.82    5.74
 122068.351   490.817     9.17    6.13
 122443.726   495.650    12.87    7.88
 122819.022   500.880    13.93   10.30
 123194.239   502.793     5.10   10.10
 123569.377   502.986     0.51   10.93
 123944.436   500.188    -7.46   10.70
 124319.415   496.390   -10.13    9.20
 124694.316   492.309   -10.88   12.07
 125069.138   486.302   -16.02   13.28
 125443.881   481.358   -13.19   12.43
 125818.545   481.589     0.61   10.23
 126193.131   487.061    14.61   10.21
 126567.638   492.954    15.74   10.30
 126942.066   497.869    13.13    8.34
 127316.415   496.610    -3.36   10.05
 127690.686   493.103    -9.37   11.52
 128064.879   486.748   -16.98   13.14
 128438.993   481.212   -14.80   14.65
 128813.029   477.933    -8.77   13.77
 129186.986   480.662     7.30   14.76
 129560.865   487.066    17.13   16.38
 129934.666   500.840    36.84   17.95
 130308.388   517.422    44.36   17.07
 130682.032   534.170    44.82   21.57
 131055.599   551.517    46.43   19.85
 131429.087   566.678    40.59   17.23
 131802.497   579.967    35.58   14.49
 132175.829   591.678    31.37   16.17
 132549.083   604.702    34.89   18.79
 132922.260   616.263    30.98   19.09
 133295.358   624.234    21.36   16.03
 133668.379   629.552    14.26   11.94
 134041.322   628.688    -2.32   14.03
 134414.188   621.582   -19.06   20.87
 134786.975   611.965   -25.80   24.29
 135159.686   597.316   -39.30   23.85
 135532.318   588.263   -24.29   17.40
 135904.873   586.202    -5.53   17.73
 136277.351   593.720    20.18   22.79
 136649.751   603.153    25.33   29.36
 137022.074   613.263    27.15   35.66
 137394.320   625.933    34.03   43.27
 137766.489   637.407    30.83   40.55
 138138.580   644.855    20.02   32.50
 138510.594   642.797    -5.53   22.26
 138882.531   630.240   -33.76   20.01
 139254.391   614.364   -42.69   26.59
 139626.174   593.043   -57.34   32.40
 139997.880   582.444   -28.51   33.69
 140369.509   573.782   -23.30   36.45
 140741.061   571.997    -4.80   35.38
 141112.536   562.231   -26.29   34.78
 141483.935   530.389   -85.72   53.88
 141855.256   481.217  -132.41   75.52
 142226.502   422.214  -158.92   70.21
 142597.670   385.454   -99.03   46.73
 142968.762   368.614   -45.37   18.67
 143339.777   379.083    28.21   23.90
 143710.716   400.726    58.34   28.83
 144081.579   429.836    78.48   39.09
 144452.365   460.025    81.41   35.01
 144823.075   487.331    73.65   26.61
 145193.708   506.888    52.76   19.22
 145564.265   524.100    46.44   21.95
 145934.746   536.781    34.23   20.94
 146305.151   547.629    29.28   14.75
 146675.479   551.497    10.44   10.44
 147045.732   550.518    -2.64    9.61
 147415.908   546.358   -11.24    8.74
 147786.009   545.295    -2.87   10.91
 148156.034   548.805     9.49   14.75
 148525.982   556.834    21.70   20.73
 148895.855   569.374    33.90   24.40
 149265.652   585.747    44.27   26.17
 149635.374   606.804    56.95   35.39
 150005.019   618.301    31.10   30.97
 150374.589   611.986   -17.08   37.30
 150744.084   598.307   -37.02   46.91
 151113.502   569.507   -77.95   43.05
 151482.846   547.750   -58.90   30.09
 151852.114   536.709   -29.90   24.68
 152221.306   539.933     8.73   32.40
 152590.423   551.997    32.68   47.31
 152959.465   553.363     3.70   51.07
 153328.431   542.856   -28.47   52.20
 153697.322   522.610   -54.88   50.33
 154066.138   489.760   -89.06   32.62
 154434.879   467.449   -60.50   23.07
 154803.545   451.740   -42.61   13.42
 155172.135   448.400    -9.06   11.49
 155540.651   455.933    20.44   24.92
 155909.091   479.773    64.70   47.08
 156277.457   506.965    73.81   57.50
 156645.748   530.180    63.03   56.93
 157013.964   540.073    26.86   52.52
 157382.105   541.219     3.11   44.28
 157750.172   545.507    11.65   39.94
 158118.163   552.278    18.40   40.82
 158486.080   561.083    23.93   37.45
 158853.923   566.186    13.87   31.32
 159221.691   571.965    15.71   29.96
 159589.384   583.042    30.12   35.51
 159957.003   591.561    23.17   34.96
 160324.548   594.150     7.05   35.21
 160692.018   595.202     2.86   35.56
 161059.413   601.729    17.76   44.34
 161426.735   627.900    71.24   64.98
 161793.982   662.020    92.90   70.32
 162161.155   672.654    28.96   64.53
 162528.254   659.675   -35.35   75.85
 162895.279   621.506  -103.98   95.77
 163262.229   558.603  -171.40   90.75
 163629.106   506.135  -143.00   71.04
 163995.909   461.139  -122.66   48.45
 164362.637   431.061   -82.01   34.52
 164729.292   400.879   -82.31   38.43
 165095.873   379.063   -59.50   38.85
 165462.380   361.331   -48.38   31.33
 165828.814   350.707   -28.99   25.97
 166195.173   349.607    -3.00   24.01
 166561.459   348.997    -1.67   25.95
 166927.672   346.691    -6.30   27.27
 167293.811   350.835    11.32   31.81
 167659.876   365.890    41.12   35.35
 168025.868   380.177    39.03   39.16
 168391.786   398.848    51.02   37.13
 168757.631   408.798    27.19   33.45
 169123.402   415.326    17.85   33.17
 169489.101   427.137    32.29   40.15
 169854.725   447.646    56.08   46.91
 170231.428   470.259    60.02   41.78
 170612.311   480.103    25.84   33.52
 170993.114   474.128   -15.69   31.89
 171373.835   460.180   -36.63   33.70
 171754.477   448.724   -30.09   34.23
 172135.038   440.417   -21.83   35.33
 172515.518   436.235   -10.99   32.92
 172895.918   433.889    -6.17   26.47
 173276.238   428.572   -13.98   20.00
 173656.478   420.813   -20.40   19.65
 174036.637   407.308   -35.52   19.73
 174416.716   392.039   -40.17   21.14
 174796.715   375.288   -44.08   15.68
 175176.634   363.901   -29.97   13.87
 175556.473   347.833   -42.30   19.34
 175936.232   333.357   -38.11   21.46
 176315.912   318.285   -39.69   19.63
 176695.511   303.259   -39.58   18.42
 177075.030   288.574   -38.69   20.31
 177454.470   269.944   -49.09   27.12
 177833.830   244.922   -65.95   32.26
 178213.110   225.722   -50.61   26.70
 178592.311   212.255   -35.51   13.52
 178971.432   213.369     2.94   19.41
 179350.474   216.566     8.43   25.39
 179729.436   217.481     2.41   26.31
 180108.319   212.211   -13.91   21.05
 180487.122   207.379   -12.75   17.16
 180865.847   202.800   -12.09   16.02
 181244.491   200.331    -6.52   15.94
 181623.057   197.200    -8.27   12.78
 182001.543   195.126    -5.48    8.21
 182379.951   193.433    -4.47    5.81
 182758.279   190.933    -6.61    5.88
 183136.528   186.411   -11.95    6.36
 183514.699   182.083   -11.44    5.78
 183892.790   178.835    -8.59    3.62
 184270.803   178.159    -1.79    3.30
 184648.736   180.172     5.33    4.68
 185026.591   182.696     6.68    4.43
 185404.367   184.976     6.03    2.84
 185782.065   185.039     0.17    3.66
 186159.684   183.976    -2.81    5.46
 186537.224   183.531    -1.18    7.73
 186914.686   182.020    -4.00   10.14
 187292.069   180.350    -4.42   11.76
 187669.374   178.357    -5.28   11.60
 188046.600   183.922    14.75   20.61
 188423.748   213.400    78.15   49.53
 188800.818   247.776    91.15   53.73
 189177.810   285.298    99.52   42.18
 189554.723   309.798    64.99   23.39
 189931.558   318.986    24.38   14.63
 190308.315   316.558    -6.44   16.30
 190684.994   303.911   -33.57   20.27
 191061.596   288.663   -40.48   17.45
 191438.119   271.194   -46.39   18.40
 191814.564   257.922   -35.25   25.03
 192190.931   243.487   -38.35   29.23
 192567.221   233.573   -26.34   29.03
 192943.432   224.715   -23.54   26.39
 193319.567   216.677   -21.37   17.73
 193695.623   213.552    -8.31    6.41
 194071.602   213.133    -1.12    2.93
 194447.503   214.585     3.86    4.52
 194823.326   219.522    13.13   11.34
 195199.073   237.298    47.30   30.44
 195574.741   258.644    56.81   38.67
 195950.333   281.815    61.68   39.27
 196325.847   300.188    48.92   35.08
 196701.284   316.793    44.22   37.31
 197076.643   334.633    47.52   49.06
 197451.925   357.965    62.16   60.92
 197827.130   371.933    37.22   59.61
 198202.259   373.901     5.24   57.08
 198577.309   368.504   -14.39   48.57
 198952.283   353.987   -38.71   34.39
 199327.180   345.405   -22.89   21.47
 199702.001   337.759   -20.40    7.33
 200076.744   337.658    -0.27    7.12
 200451.410   339.087     3.81    9.65
 200826.000   341.836     7.34    9.84
 201200.513   346.644    12.84   11.14
 201574.949   354.309    20.47   14.73
 201949.309   364.191    26.39   15.44
 202323.592   370.444    16.70   14.09
 202697.798   373.128     7.17   14.06
 203071.928   368.324   -12.84   13.74
 203445.982   361.189   -19.07   12.10
 203819.959   358.139    -8.15   11.01
 204193.860   358.584     1.19   11.36
 204567.684   361.194     6.98   10.87
 204941.432   364.282     8.26    9.02
 205315.104   365.074     2.12    8.00
 205688.700   365.445     0.99    8.52
 206062.220   364.737    -1.89    8.55
 206435.663   363.528    -3.24    8.64
 206809.031   360.696    -7.58    8.82
 207182.323   357.266    -9.19    9.01
 207555.538   352.835   -11.87    8.89
 207928.678   349.172    -9.82    7.87
 208301.742   346.900    -6.09    5.22
 208674.730   346.331    -1.53    5.00
 209047.642   347.444     2.98    7.35
 209420.479   349.363     5.15    9.08
 209793.240   350.566     3.23    8.78
 210165.925   352.346     4.77    9.27
 210538.535   353.349     2.69    8.49
 210911.069   354.298     2.55    6.86
 211283.528   354.899     1.61    5.44
 211655.912   357.234     6.27    7.98
 212028.219   359.331     5.63   10.28
 212400.452   360.845     4.07   11.77
 212772.609   363.439     6.97   15.49
 213144.691   367.658    11.34   21.02
 213516.698   372.549    13.15   23.88
 213888.630   373.694     3.08   22.76
 214260.486   373.863     0.46   21.23
 214632.268   372.835    -2.76   20.18
 215003.974   374.038     3.23   22.59
 215375.606   378.944    13.20   27.73
 215747.162   394.370    41.51   42.64
 216118.644   418.087    63.83   60.71
 216490.051   447.547    79.31   73.27
 216861.383   474.625    72.91   80.30
 217232.640   512.035   100.75   86.69
 217603.822   553.142   110.73   95.56
 217974.930   561.622    22.85   86.31
 218345.963   513.438  -129.84  118.14
 218716.922   454.237  -159.56  126.51
 219087.806   379.700  -200.94   69.39
 219458.615   350.879   -77.71   27.99
 219829.351   345.472   -14.58    9.79
 220200.011   351.194    15.43    9.12
 220570.598   357.328    16.55    6.28
 220941.110   361.933    12.43    6.39
 221311.547   366.698    12.86    6.43
 221681.911   368.296     4.31    4.88
 222052.200   368.521     0.61    4.46
 222422.415   369.107     1.58    6.34
 222792.557   381.082    32.35   30.00
 223162.624   405.669    66.43   45.75
 223532.617   425.808    54.42   41.57
 223902.536   444.074    49.37   28.28
 224272.381   449.811    15.51   20.42
 224642.152   453.148     9.02   13.19
 225011.850   458.122    13.45    7.82
 225381.473   461.438     8.97   15.84
 225751.023   467.988    17.72   19.65
 226120.500   478.700    28.99   22.68
 226489.902   491.835    35.55   21.33
 226859.231   498.700    18.59   17.62
 227228.487   492.368   -17.15   24.51
 227597.668   483.258   -24.67   31.13
 227966.777   475.726   -20.40   26.66
 228335.812   465.077   -28.85   23.16
 228704.773   454.537   -28.56   22.16
 229073.662   449.622   -13.32   20.71
 229442.476   457.835    22.27   29.45
 229811.218   473.500    42.47   37.13
 230179.887   490.967    47.37   34.65
 230548.482   505.867    40.42   43.59
 230917.004   536.233    82.39   65.60
 231285.453   576.691   109.79   73.90
 231653.829   620.933   120.08   62.59
 232022.132   646.726    70.02   58.49
 232390.362   642.154   -12.42   66.62
 232758.519   609.922   -87.53   73.76
 233126.603   578.569   -85.16   59.03
 233494.615   573.596   -13.51   47.26
 233862.553   579.944    17.25   45.53
 234230.419   587.244    19.84   40.42
 234598.212   582.737   -12.25   44.34
 234965.933   557.326   -69.09   35.47
 235333.581   546.988   -28.12   27.38
 235701.156   547.450     1.26   26.36
 236068.659   550.531     8.38   26.44
 236436.089   557.321    18.48   26.77
 236803.447   569.607    33.44   28.29
 237170.732   582.219    34.33   26.03
 237537.945   598.313    43.82   27.43
 237905.086   611.787    36.69   28.60
 238272.154   623.021    30.60   31.47
 238639.151   623.455     1.18   34.43
 239006.075   618.811   -12.65   31.40
 239372.927   611.672   -19.46   26.68
 239739.706   604.047   -20.79   19.75
 240106.414   599.755   -11.70   19.44
 240473.050   605.665    16.12   29.50
 240839.613   609.845    11.40   32.94
 241206.105   605.607   -11.56   35.81
 241572.525   594.878   -29.28   39.83
 241938.873   565.174   -81.07   43.94
 242305.149   538.770   -72.08   47.60
 242671.354   527.626   -30.43   52.31
 243037.486   517.603   -27.37   51.49
 243403.547   516.022    -4.32   45.02
 243769.537   512.657    -9.19   33.92
 244135.455   510.777    -5.14   26.50
 244501.301   517.552    18.51   24.58
 244873.551   523.349    15.57   21.35
 245254.273   527.278    10.32   20.83
 245634.916   534.259    18.34   17.66
 246015.481   539.514    13.81   15.18
 246395.968   546.977    19.61   11.63
 246776.376   554.370    19.43    8.85
 247156.706   561.570    18.93    9.77
 247536.957   574.393    33.71   18.18
 247917.131   587.889    35.49   24.59
 248297.226   611.832    62.98   35.51
 248677.243   643.977    84.57   55.08
 249057.182   686.155   110.99   59.08
 249437.043   712.111    68.32   42.90
 249816.826   718.355    16.44   34.51
 250196.531   709.774   -22.60   34.17
 250576.159   698.350   -30.09   31.05
 250955.708   712.047    36.08   46.55
 251335.180   729.955    47.18   51.60
 251714.574   736.496    17.24   48.55
 252093.890   758.438    57.84   55.72
 252473.129   769.126    28.18   66.11
 252852.290   787.317    47.97   68.35
 253231.374   820.672    87.97   71.64
 253610.380   890.537   184.30  119.34
 253989.309  1001.450   292.65  145.43
 254368.160  1092.835   241.17  128.23
 254746.934  1133.538   107.44  114.59
 255125.631  1079.781  -141.93  166.81
 255504.250   998.351  -215.03  169.98
 255882.792   923.585  -197.47  130.79
 256261.257   885.611  -100.32   78.82
 256639.645   923.300    99.58  105.98
 257017.956   991.980   181.51  134.74
 257396.190  1087.661   252.92  150.62
 257774.347  1183.909   254.47  128.20
 258152.426  1231.517   125.90  106.97
 258530.430  1252.885    56.52  108.70
 258908.356  1271.180    48.40  112.18
 259286.205  1264.584   -17.45  111.10
 259663.978  1263.555    -2.72  109.95
 260041.674  1285.607    58.37  105.18
 260419.293  1290.581    13.17   94.77
 260796.836  1271.967   -49.29   99.12
 261174.302  1259.790   -32.25  112.15
 261551.692  1233.101   -70.71  123.97
 261929.005  1243.680    28.03  149.27
 262306.242  1248.288    12.21  149.10
 262683.402  1222.133   -69.34  140.15
 263060.486  1163.577  -155.25  149.65
 263437.494  1106.655  -150.95  113.98
 263814.425  1066.455  -106.63   94.44
 264191.281  1076.311    26.15  110.01
 264568.060  1103.013    70.86  105.00
 264944.763  1051.416  -136.94  121.79
 265321.390   973.875  -205.84  146.33
 265697.941   887.999  -228.02  123.82
 266074.416   836.956  -135.56   66.22
 266450.815   863.244    69.83   99.54
 266827.139   930.439   178.52  121.18
 267203.386  1000.845   187.09  110.81
 267579.558  1072.197   189.64  107.63
 267955.654  1118.528   123.17  113.27
 268331.674  1169.220   134.78  119.78
 268707.619  1212.444   114.95  113.79
 269083.488  1290.999   208.95  142.62
 269459.281  1401.622   294.31  155.90
 269834.999  1447.520   122.14  119.52
 270210.642  1406.566  -109.00  135.87
 270586.209  1304.733  -271.09  171.82
 270961.701  1183.180  -323.65  144.57
 271337.117  1110.427  -193.75  104.75
 271712.458  1124.427    37.29  126.97
 272087.724  1222.760   261.98  178.60
 272462.915  1303.461   215.05  146.75
 272838.030  1300.035    -9.13  138.00
 273213.071  1208.066  -245.17  192.84
 273588.036  1050.565  -419.96  173.92
 273962.926   968.811  -218.03  110.38
 274337.742   957.081   -31.29  109.93
 274712.482   980.482    62.44  133.11
 275087.148  1012.731    86.05  145.82
 275461.739  1000.526   -32.57  157.91
 275836.254   945.326  -147.36  149.60
 276210.696   907.088  -102.10  144.18
 276585.062   866.172  -109.27  117.04
 276959.354   845.603   -54.94   96.98
 277333.571   830.818   -39.50   83.84
 277707.714   840.742    26.52  101.15
 278081.782   857.305    44.27  127.80
 278455.776   884.967    73.95  142.41
 278829.695   932.104   126.04  153.98
 279203.540  1009.540   207.09  182.72
 279577.310  1093.695   225.11  187.22
 279951.006  1127.910    91.54  142.84
 280324.628  1073.826  -144.73  161.45
 280698.176   958.800  -307.86  192.90
 281071.649   836.850  -326.46  124.08
 281445.049   775.146  -165.21   62.60
 281818.374   744.564   -81.90   12.53
 282191.625   739.217   -14.32   10.46
 282564.802   736.019    -8.57    7.51
 282937.906   742.273    16.76   14.29
