# NaN NaN NaN ;Mean Elev.(m), Avg Gradient(m/km), RMS Gradient(m/km) - SRTM1     
#  117.249  -9.647  12.798 ;Mean Elev.(m), Avg Gradient(m/km), RMS Gradient(m/km) - ASTER GDEM
#  123.752  -8.964  12.664 ;Mean Elev.(m), Avg Gradient(m/km), RMS Gradient(m/km) - GMTED2010 
  7 239.185767  61.820066   178.296   178.296  2 52458.79733613 10.434
  8 239.186889  61.817740   164.545   159.041  3 52493.79731944 11.059
  9 239.195076  61.814976   127.288   127.422  3 52528.79730144 34.834
 10 239.192886  61.815025   151.450   151.450  2 52563.79733296  9.847
 11 239.175429  61.822065   144.088   144.088  2 52598.79735575 12.067
 12 239.187587  61.816567   137.168   137.168  2 52633.79730681 14.715
 13 239.180628  61.818413   139.444   139.444  2 52668.79732041 11.483
 14 239.194675  61.815881   144.335   144.335  2 52703.79730164  9.893
 15 239.179169  61.819344   148.484   148.484  2 52738.79733970  7.420
 16 239.177670  61.819563   171.047   177.375  3 52773.79729224 15.864
 17 239.188942  61.816567   161.371   161.371  2 52808.79736226 12.380
 18 239.190611  61.816931   165.998   163.721  3 52843.79741938 10.540
 20 239.180565  61.819188   154.447   154.447  2 52913.79741541 10.651
 23 239.178244  61.819766   136.890   136.890  2 53018.79739661 12.195
 24 239.192753  61.814806   126.070   126.070  2 53053.79738042 31.314
 25 239.168542  61.821607   141.957   137.131  3 53088.79741711  7.708
 26 239.189152  61.816208   154.527   154.527  2 53123.79738753 12.711
 28 239.186139  61.818199   166.091   166.091  2 53193.79744035  6.477
 30 239.171192  61.821934   138.037   138.035  3 53263.79740623 13.508
 31 239.179788  61.818709   126.079   126.079  2 53298.79744894 38.660
 33 239.174508  61.819586   138.176   136.640  3 53368.79736191 11.493
 34 239.187759  61.817555   139.819   139.819  2 53403.79739262  6.532
 36 239.183980  61.818098   125.944   126.024  3 53473.79743928  3.867
 37 239.182462  61.818718   171.310   171.310  2 53508.79746134 15.529
 38 239.178217  61.819843   167.655   162.315  3 53543.79747364  7.986
 39 239.175928  61.819055   152.071   153.278  3 53578.79745546  9.396
 41 239.190415  61.816206   125.673   125.673  2 53648.79741495 36.908
 42 239.176902  61.820439   144.556   144.445  3 53683.79742918 13.650
 43 239.179099  61.821141   136.918   136.918  2 53718.79735589 12.904
 47 239.183681  61.817711   166.723   166.723  2 53858.79735628 20.604
 48 239.189771  61.818073   178.810   178.810  2 53893.79737183 14.381
 49 239.175232  61.821064   157.045   155.191  3 53928.79742833 10.979
 50 239.172620  61.820819   147.738   148.640  3 53963.79740951 10.862
 54 239.173447  61.821125   133.242   127.603  3 54103.79735882 25.171
 55 239.187812  61.817085   127.798   127.104  3 54138.79733190 37.061
 57 239.187453  61.817599   125.310   126.357  3 54208.79733792 36.523
 58 239.184094  61.818236   166.976   166.976  2 54243.79736915 16.753
 59 239.184467  61.818637   125.677   125.677  2 54278.79738178 34.865
 60 239.183535  61.818965   161.660   161.660  2 54313.79738182 13.927
 61 239.175862  61.819959   166.086   166.086  2 54348.79735223  9.211
 62 239.188076  61.817135   171.456   176.373  3 54383.79731993 13.751
 63 239.176581  61.818888   135.056   135.056  2 54418.79730204 32.175
 64 239.191485  61.815296   125.216   125.216  2 54453.79729080 38.328
 66 239.188576  61.817535   127.516   127.612  3 54523.79730355 34.502
 68 239.183444  61.818091   170.043   175.734  3 54593.79729941 24.223
 69 239.181686  61.818445   176.415   176.415  2 54628.79731427 12.032
 70 239.182350  61.818464   150.003   150.003  2 54663.79732136 10.830
 71 239.177332  61.819511   152.829   152.829  2 54698.79729399 11.049
 72 239.189655  61.817140   140.322   140.322  2 54733.79727911 16.349
 74 239.187254  61.816233   131.898   131.898  2 54803.79727333 16.807
 76 239.186242  61.817004   154.538   154.538  2 54873.79727294  6.411
 77 239.173486  61.820146   154.760   154.760  2 54908.79727441  3.318
 79 239.182208  61.819129   170.899   177.692  3 54978.79729236 16.485
 80 239.181511  61.818152   176.480   176.480  2 55013.79729794  9.391
 82 239.173737  61.820126   168.699   168.699  2 55083.79726000 12.055
 86 239.180111  61.818964   138.538   138.538  2 55223.79721842 10.372
 89 239.182549  61.819712   167.274   167.274  2 55328.79718989 17.964
 90 239.178603  61.818628   153.361   153.361  2 55363.79718528 11.023
 91 239.189136  61.817558   125.443   125.443  2 55398.79719471 37.206
 92 239.183367  61.817563   169.390   175.368  3 55433.79720122 18.464
