-131982.155    17.000     0.00    0.00
-131601.812    17.000     0.00    0.00
-131221.560    17.000     0.00    0.00
-130841.399    17.148     0.39    0.36
-130461.328    17.353     0.54    0.48
-130081.348    17.571     0.58    0.50
-129701.459    17.762     0.50    0.43
-129321.660    17.867     0.28    0.34
-128941.952    17.887     0.05    0.32
-128562.334    17.843    -0.12    0.37
-128182.806    17.840    -0.01    0.37
-127803.369    17.883     0.12    0.32
-127424.021    17.971     0.23    0.29
-127044.764    18.049     0.20    0.26
-126665.597    18.260     0.56    0.44
-126286.521    18.476     0.57    0.50
-125907.534    18.731     0.67    0.45
-125528.636    18.933     0.53    0.25
-125149.829    19.000     0.18    0.00
-124771.112    19.000     0.00    0.00
-124392.484    19.000     0.00    0.00
-124013.946    19.000     0.00    0.00
-123635.497    19.150     0.40    0.36
-123257.138    19.419     0.71    0.50
-122878.868    19.694     0.73    0.46
-122500.688    19.907     0.56    0.29
-122122.597    20.000     0.25    0.00
-121744.596    20.000     0.00    0.00
-121366.683    20.000     0.00    0.00
-120988.860    20.019     0.05    0.14
-120611.126    20.223     0.54    0.42
-120233.481    20.543     0.85    0.50
-119855.924    20.806     0.70    0.40
-119478.457    20.971     0.44    0.17
-119101.078    21.105     0.35    0.31
-118723.789    21.330     0.60    0.47
-118346.588    21.610     0.74    0.49
-117969.475    21.854     0.65    0.35
-117592.451    21.990     0.36    0.10
-117215.516    21.960    -0.08    0.20
-116838.669    21.726    -0.62    0.54
-116461.911    21.255    -1.25    0.99
-116085.241    20.371    -2.35    1.43
-115708.659    19.240    -3.00    1.75
-115332.165    18.112    -3.00    1.79
-114955.760    18.194     0.22    2.54
-114579.443    19.143     2.52    3.77
-114203.213    20.676     4.08    4.36
-113827.072    22.904     5.92    3.80
-113451.018    24.563     4.41    2.14
-113075.053    24.941     1.00    1.09
-112699.175    24.692    -0.66    0.80
-112323.385    24.510    -0.49    0.52
-111947.683    24.505    -0.01    0.50
-111572.068    24.735     0.61    0.68
-111196.541    25.385     1.73    1.19
-110821.101    26.172     2.10    1.36
-110445.749    26.981     2.16    1.52
-110070.484    28.049     2.85    3.99
-109695.306    28.654     1.61    3.87
-109320.215    28.573    -0.22    1.70
-108945.212    27.252    -3.52    4.72
-108570.296    22.505   -12.66    8.91
-108195.467    15.765   -17.98   10.11
-107820.725    12.942    -7.53    8.87
-107446.070    13.657     1.91    9.70
-107071.502    20.057    17.09   11.18
-106697.020    25.429    14.34    8.17
-106322.626    24.295    -3.03    9.56
-105948.318    19.475   -12.88   10.97
-105574.097    14.410   -13.54    9.08
-105199.962    11.068    -8.93    5.04
-104825.914    10.612    -1.22    3.21
-104451.952    10.893     0.75    2.44
-104078.077     9.165    -4.62    3.47
-103704.288     5.981    -8.52    4.72
-103330.586     2.636    -8.95    4.26
-102956.969     0.648    -5.32    2.96
-102583.439     3.571     7.83    7.73
-102209.995    10.471    18.48   11.61
-101836.637    18.673    21.97   12.35
-101463.365    29.549    29.14   12.64
-101090.179    37.388    21.01   11.30
-100717.079    43.534    16.47    9.71
-100344.064    45.750     5.94    9.72
 -99971.136    45.792     0.11   10.05
 -99598.293    49.371     9.60   12.78
 -99225.536    56.388    18.82   16.86
 -98852.864    64.552    21.91   17.63
 -98480.278    74.570    26.89   13.45
 -98107.777    80.068    14.76    8.95
 -97735.362    81.294     3.29    6.25
 -97363.032    82.078     2.10    5.25
 -96990.787    82.106     0.08    5.32
 -96618.628    82.301     0.52    5.69
 -96246.554    83.638     3.59    5.24
 -95874.565    85.898     6.08    4.52
 -95502.661    88.000     5.65    2.26
 -95130.842    88.172     0.46    1.96
 -94759.108    86.592    -4.25    2.98
 -94387.459    83.059    -9.51    6.01
 -94015.895    77.843   -14.04    7.49
 -93644.415    74.933    -7.84    6.48
 -93273.020    74.980     0.13    5.96
 -92901.710    77.086     5.67    6.39
 -92530.485    80.378     8.87    4.95
 -92159.344    81.381     2.70    3.66
 -91788.287    81.747     0.99    3.13
 -91417.315    81.186    -1.51    3.84
 -91046.428    81.456     0.73    4.95
 -90675.624    76.932   -12.20   10.75
 -90304.905    73.981    -7.96   13.19
 -89934.270    72.396    -4.28   13.88
 -89563.720    72.078    -0.86   13.92
 -89193.253    73.694     4.36   12.82
 -88822.871    76.452     7.45   10.17
 -88452.572    77.250     2.16    8.70
 -88082.357    78.864     4.36    7.13
 -87712.227    80.569     4.61    7.15
 -87342.180    82.748     5.89    6.87
 -86972.216    85.154     6.50    3.99
 -86602.337    84.031    -3.04    4.81
 -86232.541    79.175   -13.13    8.65
 -85862.829    72.192   -18.89   10.32
 -85493.200    65.873   -17.10    9.33
 -85123.655    63.333    -6.87    6.83
 -84754.193    64.883     4.20    7.79
 -84384.814    68.529     9.87    9.06
 -84015.519    73.921    14.60    9.44
 -83646.307    79.223    14.36    8.38
 -83277.179    83.173    10.70    6.22
 -82908.133    88.010    13.11    6.21
 -82539.171    93.890    15.94   10.87
 -82170.291   101.873    21.64   13.09
 -81801.495   109.262    20.04   11.09
 -81432.781   114.920    15.35    6.08
 -81064.150   115.583     1.80    4.56
 -80695.602   112.724    -7.76    7.52
 -80327.137   102.606   -27.46   15.66
 -79958.755    90.830   -31.97   17.47
 -79590.455    78.873   -32.47   12.51
 -79222.238    72.699   -16.77    7.50
 -78854.103    70.020    -7.28    0.20
 -78486.051    70.000    -0.05    0.00
 -78118.081    70.000     0.00    0.00
 -77750.194    70.000     0.00    0.00
 -77382.389    70.000     0.00    0.00
 -77014.666    70.000     0.00    0.00
 -76647.025    70.000     0.00    0.00
 -76279.467    70.000     0.00    0.00
 -75911.990    70.000     0.00    0.00
 -75544.596    70.000     0.00    0.00
 -75177.284    70.000     0.00    0.00
 -74810.053    70.030     0.08    0.30
 -74442.905    70.598     1.55    2.30
 -74075.838    72.353     4.78    5.82
 -73708.853    76.180    10.43    9.34
 -73341.950    83.553    20.10   15.10
 -72975.128    93.245    26.42   16.64
 -72608.388   103.087    26.84   14.91
 -72241.730   110.647    20.62   10.30
 -71875.153   115.853    14.20    5.79
 -71508.657   118.304     6.69    5.27
 -71142.243   121.042     7.47    5.76
 -70775.911   122.612     4.29    7.20
 -70409.659   122.752     0.38    8.84
 -70043.489   120.417    -6.38    8.48
 -69677.400   117.892    -6.90    6.16
 -69311.392   116.720    -3.20    3.27
 -68945.465   116.495    -0.61    2.25
 -68579.619   116.198    -0.81    2.46
 -68213.854   114.798    -3.83    5.57
 -67848.170   112.772    -5.54    9.07
 -67482.567   109.287    -9.53   11.10
 -67117.045   102.709   -18.00   13.92
 -66751.603    96.103   -18.08   14.98
 -66386.242    90.923   -14.18   12.40
 -66020.962    82.592   -22.81   13.99
 -65655.762    73.495   -24.91   17.62
 -65290.643    71.257    -6.13   20.37
 -64925.605    69.891    -3.74   20.80
 -64560.647    69.330    -1.54   20.31
 -64195.769    70.859     4.19   17.31
 -63830.971    63.394   -20.46   18.44
 -63455.643    58.436   -13.21   19.08
 -63074.007    55.981    -6.43   20.90
 -62692.460    55.208    -2.03   22.55
 -62311.004    53.817    -3.65   21.91
 -61929.636    48.510   -13.92   20.93
 -61548.358    40.627   -20.67   18.39
 -61167.169    32.921   -20.22   14.89
 -60786.070    25.427   -19.66    9.94
 -60405.060    20.287   -13.49    7.90
 -60024.138    15.686   -12.08    7.40
 -59643.306    11.922    -9.89    6.77
 -59262.563     8.760    -8.30    5.70
 -58881.909     6.941    -4.78    3.16
 -58501.344     7.196     0.67    2.36
 -58120.867     8.476     3.36    3.09
 -57740.479    10.683     5.80    3.19
 -57360.180    12.525     4.84    2.18
 -56979.970    13.608     2.85    0.99
 -56599.848    13.545    -0.17    1.02
 -56219.814    12.910    -1.67    1.14
 -55839.870    12.282    -1.65    0.88
 -55460.013    11.757    -1.38    0.51
 -55080.245    11.539    -0.57    0.50
 -54700.565    11.460    -0.21    0.50
 -54320.973    11.353    -0.28    0.48
 -53941.469    11.141    -0.56    0.38
 -53562.054    10.932    -0.55    0.45
 -53182.726    10.594    -0.89    0.60
 -52803.487    10.250    -0.91    0.80
 -52424.335     9.863    -1.02    0.83
 -52045.271     9.534    -0.87    0.71
 -51666.295     9.357    -0.47    0.61
 -51287.407     9.149    -0.55    0.38
 -50908.607     9.061    -0.23    0.24
 -50529.894     9.000    -0.16    0.00
 -50151.268     8.979    -0.06    0.15
 -49772.730     8.961    -0.05    0.19
 -49394.279     8.959    -0.01    0.20
 -49015.916     9.000     0.11    0.00
 -48637.640     9.000     0.00    0.00
 -48259.452     9.000     0.00    0.00
 -47881.350     9.000     0.00    0.00
 -47503.336     8.971    -0.08    0.17
 -47125.408     8.840    -0.35    0.37
 -46747.568     8.680    -0.42    0.47
 -46369.815     8.515    -0.44    0.50
 -45992.148     8.436    -0.21    0.57
 -45614.569     8.340    -0.25    0.59
 -45237.076     8.190    -0.40    0.63
 -44859.670     8.098    -0.24    0.59
 -44482.350     7.970    -0.34    0.58
 -44105.117     7.923    -0.12    0.65
 -43727.971     7.979     0.15    0.69
 -43350.911     8.078     0.26    0.78
 -42973.938     8.260     0.48    0.77
 -42597.051     8.554     0.78    0.59
 -42220.250     8.806     0.67    0.40
 -41843.535     8.814     0.02    0.39
 -41466.907     8.885     0.19    0.32
 -41090.364     8.942     0.15    0.24
 -40713.908     8.860    -0.22    0.35
 -40337.538     8.667    -0.51    0.47
 -39961.254     8.406    -0.69    0.49
 -39585.056     8.257    -0.39    0.44
 -39208.943     8.314     0.15    0.47
 -38832.916     8.366     0.14    0.48
 -38456.975     8.441     0.20    0.50
 -38081.120     8.410    -0.08    0.53
 -37705.350     8.441     0.08    0.59
 -37329.666     8.312    -0.34    0.65
 -36954.067     8.059    -0.68    0.83
 -36578.554     7.918    -0.37    0.95
 -36203.126     7.347    -1.52    1.19
 -35827.784     7.104    -0.65    1.36
 -35452.526     7.186     0.22    1.45
 -35077.354     7.479     0.78    1.47
 -34702.267     7.794     0.84    1.29
 -34327.265     7.941     0.39    1.16
 -33952.348     7.912    -0.08    1.08
 -33577.516     7.842    -0.19    1.10
 -33202.769     7.804    -0.10    0.99
 -32828.107     7.824     0.05    0.71
 -32453.530     7.921     0.26    0.44
 -32079.037     8.069     0.39    0.32
 -31704.630     8.104     0.09    0.31
 -31330.306     8.176     0.19    0.38
 -30956.068     8.188     0.03    0.39
 -30581.913     8.158    -0.08    0.37
 -30207.844     8.212     0.14    0.41
 -29833.859     8.223     0.03    0.42
 -29459.958     8.378     0.41    0.49
 -29086.141     8.460     0.22    0.50
 -28712.409     8.550     0.24    0.50
 -28338.760     8.535    -0.04    0.50
 -27965.196     8.584     0.13    0.50
 -27591.716     8.626     0.11    0.49
 -27218.320     8.647     0.06    0.48
 -26845.008     8.531    -0.31    0.50
 -26471.780     8.356    -0.47    0.58
 -26098.636     8.104    -0.68    0.59
 -25725.575     7.804    -0.80    0.60
 -25352.598     7.365    -1.18    0.82
 -24979.705     6.525    -2.25    1.36
 -24606.896     5.424    -2.95    1.65
 -24234.170     4.330    -2.94    1.38
 -23861.527     3.782    -1.47    1.09
 -23488.968     4.120     0.91    1.58
 -23116.493     5.049     2.49    2.14
 -22744.101     6.300     3.36    1.92
 -22371.792     7.461     3.12    1.19
 -21999.566     8.000     1.45    0.73
 -21627.423     8.262     0.70    0.77
 -21255.364     8.697     1.17    0.48
 -20883.388     8.822     0.34    0.38
 -20511.494     8.920     0.26    0.27
 -20139.684     9.000     0.22    0.00
 -19767.957     9.000     0.00    0.00
 -19396.312     9.000     0.00    0.00
 -19024.750     8.901    -0.27    0.30
 -18653.271     8.677    -0.60    0.51
 -18281.875     8.402    -0.74    0.63
 -17910.561     8.031    -1.00    1.17
 -17539.330     7.634    -1.07    1.56
 -17168.181     7.557    -0.21    1.81
 -16797.115     7.733     0.47    1.88
 -16426.131     7.970     0.64    1.84
 -16055.230     8.170     0.54    1.64
 -15684.411     8.337     0.45    1.35
 -15313.674     8.412     0.20    1.31
 -14943.019     8.588     0.47    1.21
 -14572.447     8.935     0.94    0.29
 -14201.957     8.960     0.07    0.20
 -13831.548     8.929    -0.08    0.26
 -13461.222     8.310    -1.67    1.50
 -13090.977     7.392    -2.48    2.12
 -12720.815     6.700    -1.87    2.21
 -12350.734     6.275    -1.15    2.01
 -11980.735     5.929    -0.93    1.78
 -11610.818     5.376    -1.49    1.68
 -11240.982     4.478    -2.43    1.55
 -10871.228     3.871    -1.64    1.09
 -10501.555     3.475    -1.07    1.13
 -10131.965     3.505     0.08    0.99
  -9762.455     3.307    -0.54    1.19
  -9393.027     3.170    -0.37    1.36
  -9023.680     3.079    -0.25    1.45
  -8654.415     2.970    -0.30    1.55
  -8285.230     2.961    -0.02    1.64
  -7916.127     3.207     0.67    1.51
  -7547.105     3.208     0.00    1.53
  -7178.164     3.202    -0.02    1.54
  -6809.304     3.240     0.10    1.54
  -6440.525     3.200    -0.11    1.61
  -6071.827     3.170    -0.08    1.60
  -5703.210     3.129    -0.11    1.51
  -5334.674     2.959    -0.46    1.44
  -4966.218     2.784    -0.47    1.53
  -4597.844     2.804     0.05    1.55
  -4229.549     3.190     1.05    1.32
  -3861.336     3.520     0.90    1.06
  -3493.203     3.550     0.08    1.10
  -3125.150     3.050    -1.36    1.61
  -2757.178     2.490    -1.52    1.92
  -2389.286     1.960    -1.44    1.99
  -2021.475     1.417    -1.48    1.92
  -1653.744     0.792    -1.70    1.60
  -1286.093     0.204    -1.60    0.88
   -918.522     0.000    -0.56    0.00
   -551.032     0.000     0.00    0.00
   -183.621     0.000     0.00    0.00
    183.709     0.000     0.00    0.00
    550.960     0.000     0.00    0.00
    918.130     0.000     0.00    0.00
   1285.221     0.000     0.00    0.00
   1652.232     0.000     0.00    0.00
   2019.163     0.000     0.00    0.00
   2386.014     0.000     0.00    0.00
   2752.786     0.000     0.00    0.00
   3119.478     0.000     0.00    0.00
   3486.091     0.000     0.00    0.00
   3852.624     0.000     0.00    0.00
   4219.077     0.000     0.00    0.00
   4585.451     0.000     0.00    0.00
   4951.746     0.000     0.00    0.00
   5317.962     0.000     0.00    0.00
   5684.098     0.000     0.00    0.00
   6050.155     0.000     0.00    0.00
   6416.133     0.000     0.00    0.00
   6782.032     0.000     0.00    0.00
   7147.851     0.000     0.00    0.00
   7513.592     0.000     0.00    0.00
   7879.254     0.000     0.00    0.00
   8244.837     0.000     0.00    0.00
   8610.341     0.000     0.00    0.00
   8975.766     0.000     0.00    0.00
   9341.112     0.000     0.00    0.00
   9706.380     0.000     0.00    0.00
  10071.569     0.000     0.00    0.00
  10436.680     0.000     0.00    0.00
  10801.712     0.000     0.00    0.00
  11171.661     0.000     0.00    0.00
  11553.129     0.000     0.00    0.00
  11934.509     0.000     0.00    0.00
  12315.803     0.000     0.00    0.00
  12697.009     0.000     0.00    0.00
  13078.129     0.000     0.00    0.00
  13459.161     0.000     0.00    0.00
  13840.106     0.000     0.00    0.00
  14220.965     0.000     0.00    0.00
  14601.737     0.000     0.00    0.00
  14982.421     0.000     0.00    0.00
  15363.019     0.000     0.00    0.00
  15743.531     0.000     0.00    0.00
  16123.956     0.000     0.00    0.00
  16504.294     0.000     0.00    0.00
  16884.546     0.000     0.00    0.00
  17264.711     0.000     0.00    0.00
  17644.790     0.000     0.00    0.00
  18024.783     0.000     0.00    0.00
  18404.689     0.000     0.00    0.00
  18784.509     0.000     0.00    0.00
  19164.243     0.000     0.00    0.00
  19543.891     0.000     0.00    0.00
  19923.453     0.000     0.00    0.00
  20302.929     0.000     0.00    0.00
  20682.319     0.000     0.00    0.00
  21061.623     0.000     0.00    0.00
  21440.842     0.000     0.00    0.00
  21819.974     0.000     0.00    0.00
  22199.021     0.000     0.00    0.00
  22577.983     0.000     0.00    0.00
  22956.858     0.000     0.00    0.00
  23335.649     0.000     0.00    0.00
  23714.353     0.000     0.00    0.00
  24092.973     0.000     0.00    0.00
  24471.507     0.000     0.00    0.00
  24849.956     0.000     0.00    0.00
  25228.319     0.000     0.00    0.00
  25606.597     0.000     0.00    0.00
  25984.791     0.000     0.00    0.00
  26362.899     0.000     0.00    0.00
  26740.922     0.000     0.00    0.00
  27118.860     0.000     0.00    0.00
  27496.713     0.000     0.00    0.00
  27874.482     0.000     0.00    0.00
  28252.166     0.000     0.00    0.00
  28629.765     0.000     0.00    0.00
  29007.279     0.000     0.00    0.00
  29384.709     0.000     0.00    0.00
  29762.054     0.000     0.00    0.00
  30139.314     0.000     0.00    0.00
  30516.491     0.000     0.00    0.00
  30893.582     0.000     0.00    0.00
  31270.590     0.000     0.00    0.00
  31647.513     0.000     0.00    0.00
  32024.352     0.000     0.00    0.00
  32401.107     0.000     0.00    0.00
  32777.778     0.000     0.00    0.00
  33154.364     0.000     0.00    0.00
  33530.867     0.080     0.21    0.56
  33907.286     0.247     0.44    0.97
  34283.620     0.444     0.52    1.26
  34659.871     0.520     0.20    1.35
  35036.039     0.400    -0.32    1.21
  35412.122     0.333    -0.18    1.11
  35788.122     0.480     0.39    1.31
  36164.038     0.612     0.35    1.45
  36539.871     1.184     1.52    1.84
  36915.620     2.020     2.23    2.01
  37291.286     2.979     2.55    1.73
  37666.868     3.660     1.81    1.18
  38042.367     4.144     1.29    0.41
  38417.783     4.576     1.15    0.87
  38793.115     5.196     1.65    1.09
  39168.365     5.990     2.12    1.11
  39543.531     6.766     2.07    0.86
  39918.614     7.192     1.14    1.13
  40293.614     7.319     0.34    1.53
  40668.531     7.162    -0.42    2.05
  41043.365     6.621    -1.44    2.45
  41418.117     6.030    -1.58    2.19
  41792.785     6.040     0.03    1.95
  42167.371     6.657     1.64    2.16
  42541.875     7.196     1.44    2.46
  42916.295     7.384     0.50    2.70
  43290.633     6.758    -1.67    2.87
  43664.889     5.495    -3.37    2.34
  44039.062     4.626    -2.32    1.33
  44413.152     4.438    -0.50    0.68
  44787.160     4.929     1.31    1.10
  45161.086     5.787     2.29    1.36
  45534.930     6.859     2.87    1.57
  45908.691     8.000     3.05    1.60
  46282.371     9.060     2.84    1.66
  46655.968     9.758     1.87    1.66
  47029.483     9.792     0.09    2.57
  47402.916     9.010    -2.09    3.60
  47776.268     8.404    -1.62    3.90
  48149.537     8.889     1.30    4.29
  48522.725     9.650     2.04    4.82
  48895.830     9.827     0.47    5.08
  49268.854    10.520     1.86    4.96
  49641.797    10.455    -0.17    4.95
  50014.658     8.546    -5.12    5.07
  50387.437     6.646    -5.10    4.58
  50760.135     4.902    -4.68    5.24
  51132.751     3.303    -4.29    4.81
  51505.286     1.871    -3.84    4.09
  51877.739     0.929    -2.53    3.35
  52250.111     0.443    -1.31    3.01
  52622.402     0.500     0.15    2.70
  52994.612     0.906     1.09    2.50
  53366.741     1.480     1.54    2.20
  53738.788     2.357     2.36    1.91
  54110.755     2.863     1.36    2.10
  54482.640     3.531     1.79    2.38
  54854.445     4.106     1.55    2.71
  55226.169     4.848     2.00    3.07
  55597.812     5.591     2.00    3.58
  55969.374     6.303     1.92    3.77
  56340.855     6.745     1.19    3.90
  56712.256     6.722    -0.06    3.65
  57083.576     6.660    -0.17    3.38
  57454.815     6.657    -0.01    2.94
  57825.975     7.698     2.81    5.02
  58197.053     9.302     4.32    6.60
  58568.051    10.418     3.01    6.75
  58938.969    11.302     2.38    6.54
  59309.806    11.848     1.47    5.39
  59680.564    13.109     3.40    5.00
  60051.241    14.969     5.02    4.93
  60421.838    17.837     7.74    4.83
  60792.354    19.677     4.97    4.24
  61162.791    21.423     4.71    4.35
  61533.148    22.505     2.92    4.06
  61903.425    22.876     1.00    3.81
  62273.621    20.545    -6.30    5.38
  62643.738    18.612    -5.22    5.65
  63013.776    16.656    -5.29    4.76
  63383.733    17.030     1.01    5.24
  63753.611    20.293     8.82    8.52
  64123.409    26.010    15.46   13.14
  64493.128    33.568    20.44   16.69
  64862.767    39.000    14.69   17.78
  65232.326    43.135    11.19   18.90
  65601.806    45.732     7.03   21.26
  65971.207    48.929     8.65   23.67
  66340.528    51.219     6.20   26.10
  66709.770    55.794    12.39   27.66
  67078.933    61.750    16.13   30.66
  67448.017    65.816    11.02   31.98
  67817.021    69.011     8.66   32.87
  68185.947    68.424    -1.59   32.21
  68554.793    69.763     3.63   32.90
  68923.561    79.794    27.20   36.31
  69292.249    90.592    29.29   35.03
  69660.859   111.439    56.55   24.00
  70029.390   123.520    32.78   14.01
  70397.841   128.796    14.32   13.51
  70766.215   136.133    19.92   11.18
  71134.509   143.828    20.89    8.77
  71502.725   150.227    17.38   11.29
  71870.863   156.598    17.31   10.91
  72238.921   163.485    18.71   10.60
  72606.902   170.330    18.60   11.52
  72974.804   179.729    25.55   12.19
  73342.627   190.545    29.40   15.70
  73710.372   205.663    41.11   18.74
  74078.039   219.827    38.52   20.69
  74445.628   233.663    37.64   17.61
  74813.138   245.691    32.73   17.37
  75180.571   254.208    23.18   18.26
  75547.925   266.408    33.21   18.79
  75915.201   275.525    24.82   17.65
  76282.399   285.832    28.07   16.19
  76649.519   294.663    24.06   18.50
  77016.562   304.826    27.69   18.19
  77383.526   317.081    33.39   22.61
  77750.413   330.737    37.22   24.82
  78117.222   350.000    52.51   30.78
  78483.953   366.063    43.80   29.88
  78850.607   381.309    41.58   24.27
  79217.183   390.929    26.24   19.17
  79583.682   394.032     8.47   17.17
  79950.103   393.361    -1.83   16.59
  80316.446   392.457    -2.47   14.09
  80682.712   393.396     2.56   11.03
  81048.901   395.042     4.49    9.88
  81415.013   393.163    -5.13   13.11
  81781.047   384.835   -22.75   17.86
  82147.004   371.053   -37.66   20.50
  82512.884   355.606   -42.22   21.44
  82878.686   339.582   -43.80   17.85
  83244.412   327.990   -31.70   14.82
  83610.061   321.865   -16.75   11.11
  83975.633   316.867   -13.67   13.01
  84341.127   313.845    -8.27   14.13
  84706.545   309.639   -11.51   14.21
  85071.886   305.449   -11.47   13.75
  85437.151   301.220   -11.58   10.64
  85802.338   296.072   -14.09   10.71
  86183.429   291.207   -12.77    9.81
  86564.644   288.202    -7.88    8.97
  86945.774   285.413    -7.32    7.52
  87326.819   281.837    -9.38    8.69
  87707.779   273.868   -20.92   14.84
  88088.655   247.773   -68.51   42.38
  88469.445   193.870  -141.55   76.52
  88850.152   135.091  -154.38   80.51
  89230.773   101.130   -89.22   57.69
  89611.310   121.796    54.30   73.76
  89991.763   168.870   123.72   69.83
  90372.131   208.281   103.61   41.47
  90752.414   228.533    53.25   38.06
  91132.614   243.333    38.93   34.59
  91512.729   257.630    37.61   25.76
  91892.760   272.551    39.26   13.90
  92272.706   281.957    24.75    8.88
  92652.569   289.814    20.68    9.87
  93032.347   296.435    17.43    9.64
  93412.042   304.364    20.88   14.49
  93791.652   313.065    22.92   13.52
  94171.179   321.969    23.46   11.59
  94550.622   329.253    19.19    6.82
  94929.981   333.052    10.01    5.72
  95309.257   334.109     2.79    9.08
  95688.448   330.758    -8.84   18.50
  96067.556   327.228    -9.31   28.02
  96446.581   327.765     1.42   39.23
  96825.522   337.659    26.11   45.69
  97204.380   359.309    57.14   40.26
  97583.154   377.739    48.65   23.68
  97961.845   382.374    12.24   20.40
  98340.452   376.717   -14.94   31.51
  98718.976   376.763     0.12   30.11
  99097.418   380.556    10.02   23.23
  99475.776   380.990     1.15   15.45
  99854.051   381.802     2.15   15.88
 100232.243   380.299    -3.97   19.37
 100610.352   382.670     6.27   22.08
 100988.378   390.357    20.33   21.78
 101366.321   400.692    27.34   20.76
 101744.181   412.402    30.99   18.36
 102121.959   420.624    21.76   16.84
 102499.654   425.281    12.33   13.74
 102877.266   425.052    -0.61   12.02
 103254.796   419.959   -13.49   13.63
 103632.243   410.978   -23.79   15.98
 104009.608   396.990   -37.07   17.84
 104386.890   384.989   -31.81   17.55
 104764.090   366.000   -50.34   22.73
 105141.208   354.573   -30.30   20.17
 105518.243   350.562   -10.64   16.98
 105895.196   350.663     0.27   15.50
 106272.067   357.320    17.66    9.16
 106648.856   361.505    11.11    1.83
 107025.563   361.802     0.79    3.25
 107402.188   361.896     0.25    4.96
 107778.730   360.284    -4.28    5.67
 108155.191   357.135    -8.36    6.43
 108531.570   352.653   -11.91    8.00
 108907.868   347.361   -14.06   10.97
 109284.083   337.354   -26.60   16.61
 109660.217   329.663   -20.45   18.60
 110036.269   326.183    -9.25   15.27
 110412.240   329.031     7.57   11.54
 110788.129   332.710     9.79   12.94
 111163.937   335.175     6.56   13.44
 111539.663   338.202     8.06   12.38
 111915.308   343.330    13.65    7.90
 112290.872   348.556    13.91    8.79
 112666.354   356.957    22.37   11.18
 113041.755   366.878    26.42   11.68
 113417.075   373.041    16.42   10.39
 113792.313   378.283    13.97    8.72
 114167.471   381.732     9.19    7.38
 114542.548   382.344     1.63    7.60
 114917.544   380.804    -4.11   11.71
 115292.458   381.086     0.75   15.19
 115667.292   380.196    -2.37   15.95
 116042.046   379.330    -2.31   14.04
 116416.718   379.333     0.01   10.25
 116791.310   378.392    -2.51    7.26
 117165.821   381.074     7.16    6.54
 117540.251   385.656    12.24    7.43
 117914.601   393.255    20.30   10.13
 118288.871   399.625    17.02   11.70
 118663.060   406.202    17.58   12.67
 119037.168   407.344     3.05   15.09
 119411.197   404.174    -8.47   18.19
 119785.145   401.646    -6.76   18.25
 120159.012   401.538    -0.29   16.83
 120532.800   398.162    -9.03   21.39
 120906.507   386.467   -31.29   37.91
 121280.135   366.561   -53.27   42.15
 121653.682   344.744   -58.40   33.81
 122027.149   334.042   -28.66   19.94
 122400.537   331.615    -6.50   13.39
 122773.844   339.115    20.09   16.69
 123147.072   347.021    21.18   18.32
 123520.220   355.562    22.89   18.63
 123893.288   362.926    19.74   16.27
 124266.276   367.698    12.79   13.77
 124639.185   366.684    -2.72   16.08
 125012.014   367.095     1.10   19.00
 125384.764   374.753    20.54   22.62
 125757.434   381.570    18.29   21.32
 126130.025   376.917   -12.49   25.42
 126502.537   366.945   -26.77   28.22
 126874.969   355.557   -30.58   21.39
 127247.322   347.946   -20.44    7.04
 127619.595   347.535    -1.10    6.39
 127991.790   347.835     0.81    5.59
 128363.905   348.320     1.30    4.09
 128735.941   348.826     1.36    3.93
 129107.898   351.619     7.51    5.51
 129479.777   355.053     9.24    6.07
 129851.576   360.695    15.17    6.43
 130223.296   368.388    20.69   12.32
 130594.938   382.158    37.05   24.00
 130966.501   393.175    29.65   27.93
 131337.985   402.232    24.38   27.99
 131709.390   403.232     2.69   25.45
 132080.717   401.777    -3.92   18.25
 132451.965   400.906    -2.34   12.12
 132823.135   407.144    16.81   12.37
 133194.226   417.479    27.85   14.66
 133565.239   430.767    35.81   20.21
 133936.173   458.071    73.60   35.63
 134307.029   491.137    89.15   48.05
 134677.807   527.155    97.13   46.01
 135048.506   550.853    63.92   34.57
 135419.127   551.755     2.44   35.44
 135789.671   543.635   -21.91   34.59
 136160.136   536.385   -19.57   25.97
 136530.523   537.853     3.96   23.37
 136900.832   547.674    26.52   24.40
 137271.063   559.031    30.67   24.35
 137641.216   572.193    35.55   28.81
 138011.291   602.189    81.05   44.47
 138381.289   622.935    56.06   47.96
 138751.209   633.866    29.55   42.92
 139121.051   642.368    22.99   41.12
 139490.815   650.635    22.36   39.40
 139860.502   653.863     8.73   34.66
 140230.111   658.362    12.17   30.72
 140599.643   656.684    -4.54   33.44
 140969.097   643.574   -35.48   39.04
 141338.474   619.814   -64.32   34.82
 141707.774   591.367   -77.02   28.70
 142076.996   567.063   -65.82   24.80
 142446.141   549.022   -48.87   18.07
 142815.209   536.309   -34.44   15.47
 143184.199   529.226   -19.19   16.89
 143553.113   528.147    -2.92   17.64
 143921.949   533.337    14.07   18.47
 144290.708   546.287    35.12   20.45
 144659.391   559.615    36.14   20.57
 145027.996   571.043    31.00   15.85
 145396.525   558.592   -33.78   34.13
 145764.976   533.533   -68.01   50.41
 146133.351   507.670   -70.20   48.61
 146501.649   490.511   -46.59   31.97
 146869.871   490.375    -0.37   24.24
 147238.016   507.895    47.58   25.53
 147606.084   533.063    68.37   23.07
 147974.076   553.126    54.52   29.04
 148341.991   580.237    73.68   34.18
 148709.829   610.396    81.98   50.38
 149077.592   640.943    83.05   50.44
 149445.278   666.606    69.79   48.60
 149812.887   695.077    77.44   47.61
 150180.421   715.253    54.89   46.03
 150547.878   724.394    24.87   47.25
 150915.259   715.729   -23.58   53.07
 151282.564   703.021   -34.59   50.90
 151649.792   702.194    -2.25   47.14
 152016.945   713.632    31.15   51.57
 152384.022   727.707    38.34   58.39
 152751.023   738.536    29.51   65.06
 153117.947   747.344    24.00   60.42
 153484.796   754.103    18.42   54.71
 153851.570   760.340    17.00   47.73
 154218.267   765.989    15.40   38.05
 154584.889   790.138    65.86   51.01
 154951.435   824.624    94.07   64.52
 155317.906   842.546    48.90   64.76
 155684.301   850.114    20.65   64.58
 156050.620   850.553     1.20   64.20
 156416.864   824.056   -72.34   68.35
 156783.032   800.442   -64.48   74.61
 157149.126   761.064  -107.55   76.88
 157515.143   721.600  -107.81   69.79
 157881.086   694.600   -73.77   62.83
 158246.953   671.688   -62.62   47.70
 158612.745   668.917    -7.58   50.52
 158978.462   687.367    50.44   67.39
 159344.104   728.814   113.34   63.67
 159709.671   770.634   114.38   60.52
 160075.162   791.853    58.05   54.98
 160440.579   787.713   -11.33   55.92
 160816.647   761.516   -69.65   70.47
 161197.696   719.211  -111.01   73.99
 161578.662   671.958  -124.02   76.72
 161959.545   633.766  -100.26   66.23
 162340.346   619.821   -36.62   55.72
 162721.065   628.495    22.78   57.90
 163101.700   669.642   108.09   65.20
 163482.254   700.160    80.18   63.85
 163862.725   726.347    68.82   63.55
 164243.113   739.978    35.83   64.90
 164623.420   744.802    12.68   55.54
 165003.644   763.813    49.99   59.17
 165383.786   770.906    18.66   57.76
 165763.845   765.598   -13.97   59.96
 166143.823   751.979   -35.84   71.39
 166523.719   731.165   -54.78   64.32
 166903.532   732.021     2.25   60.27
 167283.264   738.394    16.78   55.32
 167662.914   748.989    27.91   59.23
 168042.482   764.956    42.06   62.43
 168421.968   781.053    42.41   59.42
 168801.373   788.591    19.87   54.26
 169180.696   802.232    35.96   52.08
 169559.937   817.056    39.09   54.25
 169939.096   824.915    20.72   58.00
 170318.175   827.213     6.06   62.63
 170697.171   829.760     6.72   58.98
 171076.087   847.533    46.90   59.98
 171454.921   871.663    63.69   57.31
 171833.673   886.856    40.11   50.50
 172212.344   888.625     4.67   45.81
 172590.935   880.000   -22.78   46.43
 172969.444   867.138   -33.98   50.09
 173347.872   843.816   -61.62   50.92
 173726.218   834.330   -25.07   42.72
 174104.484   838.632    11.37   44.44
 174482.669   854.553    42.09   43.85
 174860.773   887.034    85.89   44.30
 175238.796   911.125    63.72   48.73
 175616.739   924.356    35.00   44.06
 175994.600   921.167    -8.44   39.08
 176372.381   909.689   -30.38   34.32
 176750.082   909.905     0.57   31.49
 177127.701   908.663    -3.29   35.67
 177505.241   898.447   -27.06   42.40
 177882.699   884.326   -37.41   43.67
 178260.077   868.000   -43.26   34.73
 178637.375   862.400   -14.84   33.64
 179014.593   864.021     4.30   41.44
 179391.730   872.689    22.98   46.24
 179768.787   886.095    35.55   41.90
 180145.764   891.087    13.24   33.02
 180522.661   899.168    21.44   36.26
 180899.477   912.903    36.44   39.75
 181276.214   926.713    36.65   48.89
 181652.871   930.209     9.28   49.94
 182029.447   934.568    11.58   51.29
 182405.944   935.323     2.00   50.57
 182782.361   944.000    23.05   52.29
 183158.698   956.892    34.25   46.63
 183534.956   946.613   -27.32   60.28
 183911.133   925.936   -54.96   77.22
 184287.231   888.295  -100.07   78.75
 184663.250   868.280   -53.22   72.20
 185039.189   845.116   -61.61   55.39
 185415.049   844.000    -2.97   55.10
 185790.829   875.463    83.72   74.14
 186166.529   897.702    59.19   69.20
 186542.151   884.447   -35.28   73.67
 186917.693   879.553   -13.03   71.61
 187293.156   865.710   -36.87   60.69
 187668.539   882.158    43.81   77.59
 188043.844   915.611    89.12   78.01
 188419.070   925.579    26.56   71.92
 188794.216   937.609    32.06   78.11
 189169.283   933.862    -9.99   84.03
 189544.272   946.859    34.66   82.22
 189919.182   971.074    64.58   76.27
 190294.012   981.473    27.74   80.47
 190668.764   993.906    33.17   73.28
 191043.438   988.898   -13.37   78.25
 191418.032   978.606   -27.47   86.33
 191792.548   934.250  -118.42   79.45
 192166.985   922.632   -31.02   83.02
 192541.344   904.144   -49.38   94.96
 192915.625   876.619   -73.53   84.40
 193289.826   853.409   -62.02   81.72
 193663.950   824.147   -78.20   80.28
 194037.995   814.689   -25.28   66.03
 194411.962   818.926    11.33   63.43
 194785.850   825.604    17.86   59.84
 195159.661   820.500   -13.65   55.60
 195533.393   813.565   -18.55   57.29
 195907.047   785.021   -76.38   65.23
 196280.623   760.226   -66.36   59.16
 196654.121   751.196   -24.17   58.41
 197027.541   732.638   -49.69   51.11
 197400.883   724.979   -20.51   46.39
 197774.147   719.000   -16.02   46.74
 198147.334   708.202   -28.93   46.76
 198520.443   701.075   -19.10   42.49
 198893.474   692.344   -23.40   37.51
 199266.427   683.583   -23.49   26.28
 199639.303   677.890   -15.27   21.29
 200012.101   666.915   -29.44   17.73
 200384.821   661.886   -13.49   15.63
 200757.464   661.766    -0.32   14.79
 201130.030   662.899     3.04   14.26
 201502.518   659.021   -10.41   15.85
 201874.929   654.258   -12.79   17.00
 202247.263   650.011   -11.41   18.71
 202619.519   647.066    -7.91   19.79
 202991.698   644.426    -7.09   18.63
 203363.800   636.837   -20.39   19.62
 203735.825   626.242   -28.47   20.28
 204107.773   620.351   -15.84   22.72
 204479.644   624.152    10.22   28.50
 204851.438   627.798     9.80   29.04
 205223.155   627.659    -0.37   26.79
 205594.795   613.883   -37.06   29.01
 205966.359   592.556   -57.39   29.35
 206337.845   570.617   -59.05   25.61
 206709.255   560.867   -26.25   19.89
 207080.588   566.564    15.34   25.29
 207451.845   579.069    33.68   25.76
 207823.025   594.935    42.74   25.68
 208194.128   602.713    20.95   27.35
 208565.155   603.204     1.32   29.86
 208936.106   600.495    -7.30   28.39
 209306.980   592.853   -20.60   21.05
 209677.778   586.598   -16.87   18.28
 210048.499   578.435   -22.02   22.82
 210419.144   572.170   -16.90   28.77
 210789.713   567.330   -13.06   36.98
 211160.206   565.739    -4.29   40.48
 211530.623   563.404    -6.30   44.06
 211900.963   560.394    -8.13   40.91
 212271.228   554.451   -16.05   35.69
 212641.417   549.170   -14.26   28.62
 213011.530   544.128   -13.62   21.46
 213381.566   541.409    -7.35   17.50
 213751.527   531.529   -26.70   22.28
 214121.413   511.298   -54.69   40.67
 214491.222   483.956   -73.92   47.48
 214860.956   454.667   -79.21   47.22
 215230.614   430.374   -65.71   42.88
 215600.197   407.234   -62.60   33.15
 215969.704   403.783    -9.34   31.39
 216339.135   404.914     3.06   35.74
 216708.491   416.753    32.05   41.59
 217077.772   435.879    51.79   46.32
 217446.977   458.830    62.15   46.15
 217816.107   487.218    76.89   29.45
 218185.161   494.677    20.21   25.68
 218554.141   490.092   -12.43   31.04
 218923.045   469.892   -54.75   38.66
 219291.874   455.407   -39.27   33.57
 219660.628   456.564     3.14   30.83
 220029.306   461.700    13.93   33.15
 220397.910   477.839    43.78   34.31
 220766.439   490.297    33.80   33.06
 221134.893   505.409    41.01   24.78
 221503.272   510.500    13.82   18.03
 221871.576   513.584     8.37   21.07
 222239.806   518.462    13.25   36.98
 222607.961   531.716    35.99   63.76
 222976.041   548.000    44.23   80.77
 223344.046   573.844    70.22   87.86
 223711.977   583.000    24.88   71.98
 224079.833   583.178     0.48   57.55
 224447.615   581.915    -3.43   51.34
 224815.322   577.011   -13.33   50.84
 225182.955   570.065   -18.89   54.77
 225550.513   581.043    29.86   57.04
 225917.997   578.582    -6.69   58.27
 226285.407   565.204   -36.41   58.06
 226652.742   541.419   -64.74   58.04
 227020.004   506.681   -94.57   66.08
 227387.191   472.244   -93.77   58.93
 227754.304   445.602   -72.56   44.90
 228121.343   433.021   -34.27   31.96
 228488.308   435.574     6.96   36.08
 228855.199   446.087    28.65   41.54
 229222.016   462.413    44.50   42.48
 229588.759   467.117    12.82   42.09
 229955.429   470.759     9.93   37.80
 230322.024   477.022    17.08   35.14
 230688.546   484.035    19.13   27.43
 231054.994   478.468   -15.19   25.78
 231421.368   460.707   -48.47   31.96
 231787.669   441.207   -53.23   25.89
 232153.896   433.239   -21.75   18.25
 232520.050   438.011    13.03   22.20
 232886.130   450.333    33.65   23.58
 233252.137   469.589    52.60   22.65
 233618.070   483.426    37.81   22.39
 233983.930   496.126    34.71   31.50
 234349.717   512.468    44.67   39.90
 234715.430   527.489    41.07   39.57
 235081.070   538.022    28.80   34.00
 235452.496   537.581    -1.19   32.51
 235833.383   528.424   -24.04   36.37
 236214.189   507.806   -54.13   42.31
 236594.914   478.957   -75.76   40.42
 236975.559   452.750   -68.84   39.23
 237356.123   427.283   -66.91   33.55
 237736.607   410.242   -44.78   26.84
 238117.011   407.638    -6.84   32.47
 238497.335   418.700    29.08   49.30
 238877.578   423.723    13.21   57.41
 239257.742   420.091    -9.55   58.34
 239637.825   403.149   -44.57   50.95
 240017.828   382.747   -53.68   24.20
 240397.751   388.333    14.70   26.76
 240777.594   409.207    54.94   37.19
 241157.358   437.032    73.26   37.76
 241537.041   466.818    78.44   32.51
 241916.645   484.978    47.83   34.13
 242296.169   500.625    41.22   30.78
 242675.613   512.677    31.76   22.56
 243054.977   516.874    11.06   23.87
 243434.262   519.151     6.00   30.79
 243813.468   521.885     7.21   30.74
 244192.594   534.462    33.17   30.29
 244571.640   551.584    45.16   32.92
 244950.607   570.882    50.91   31.76
 245329.495   581.910    29.10   20.75
 245708.303   578.527    -8.93   19.73
 246087.032   564.767   -36.32   22.40
 246465.682   546.742   -47.60   24.62
 246844.253   527.614   -50.52   22.47
 247222.745   513.245   -37.96   19.88
 247601.157   500.773   -32.95   12.57
 247979.491   493.677   -18.75    9.38
 248357.745   488.557   -13.54    7.17
 248735.921   486.484    -5.48    8.63
 249114.018   485.444    -2.75    8.94
 249492.036   481.817    -9.59   11.59
 249869.975   472.549   -24.52   16.75
 250247.836   460.174   -32.75   20.13
 250625.618   445.077   -39.95   17.81
 251003.321   433.902   -29.58   13.41
 251380.946   415.516   -48.68   24.29
 251758.492   395.398   -53.28   32.40
 252135.959   374.187   -56.18   28.91
 252513.349   357.696   -43.69   13.45
 252890.660   353.330   -11.57    1.84
 253267.892   354.739     3.74    4.12
 253645.046   357.913     8.41    6.88
 254022.122   362.543    12.28    7.56
 254399.120   367.688    13.64    4.98
 254776.040   370.424     7.26    2.20
 255152.882   371.387     2.56    1.44
 255529.645   371.815     1.14    1.52
 255906.331   372.634     2.17    1.70
 256282.938   373.924     3.42    2.04
 256659.468   375.978     5.45    2.60
 257035.920   377.870     5.02    2.78
 257412.294   380.543     7.10    4.10
 257788.590   384.451    10.38    5.96
 258164.809   388.576    10.96    6.61
 258540.950   393.725    13.69    7.14
 258917.013   398.857    13.64    7.90
 259292.999   403.681    12.83   10.44
 259668.907   408.110    11.78   12.05
 260044.738   411.968    10.26   12.88
 260420.491   416.626    12.40   13.04
 260796.167   419.806     8.46   11.74
 261171.766   423.811    10.66    9.06
 261547.288   428.000    11.15    9.76
 261922.732   437.933    26.45   19.01
 262298.099   451.226    35.41   31.03
 262673.388   464.611    35.66   35.78
 263048.601   475.370    28.67   37.39
 263423.737   479.218    10.26   37.60
 263798.796   476.283    -7.83   25.21
 264173.777   476.465     0.49   16.24
 264548.682   481.924    14.56   14.01
 264923.510   490.267    22.26   16.37
 265298.261   499.087    23.53   17.34
 265672.936   507.465    22.36   14.71
 266047.533   515.543    21.56   17.14
 266422.054   525.977    27.85   18.13
 266796.499   538.707    33.99   22.55
 267170.866   561.744    61.53   36.77
 267545.158   596.446    92.69   65.93
 267919.373   633.058    97.82   79.11
 268293.511   643.087    26.80   76.36
 268667.573   664.909    58.33   81.58
 269041.558   683.828    50.58   80.34
 269415.468   712.267    76.04   80.92
 269789.301   731.301    50.91   63.61
 270163.058   743.978    33.91   57.89
 270536.738   779.626    95.38   72.50
 270910.343   813.505    90.66   67.74
 271283.871   823.802    27.56   55.54
 271657.324   799.473   -65.13   65.47
 272030.700   767.400   -85.88   49.90
 272404.001   763.473   -10.52   55.55
 272777.226   803.000   105.89   81.05
 273150.374   873.196   188.08  106.40
 273523.447   916.056   114.86   94.92
 273896.445   893.837   -59.56  118.55
 274269.366   822.670  -190.80  128.04
 274642.212   773.824  -130.98   83.92
 275014.982   759.159   -39.33   84.14
 275387.677   748.261   -29.24   95.18
 275760.296   717.307   -83.05   94.96
 276132.840   700.207   -45.89   85.68
 276505.309   708.953    23.48   86.23
 276877.701   708.344    -1.64   86.57
 277250.019   691.294   -45.78   99.94
 277622.261   652.725  -103.59   94.14
 277994.428   611.247  -111.43   45.65
 278366.520   626.516    41.03   63.10
 278738.537   642.012    41.64   66.93
 279110.479   632.207   -26.36   80.06
 279482.345   600.360   -85.62   96.87
 279854.137   553.478  -126.07   80.08
 280225.853   527.167   -70.77   47.50
 280597.495   536.109    24.06   47.42
 280969.061   564.344    75.98   51.31
 281340.553   603.761   106.08   61.37
 281711.970   645.278   111.76   73.88
 282083.313   691.955   125.67   78.40
 282454.580   726.352    92.63   80.26
 282825.773   740.739    38.75   97.80
 283196.891   748.407    20.66  101.01
 283567.935   725.034   -62.98  110.25
 283938.904   713.220   -31.84  112.73
 284309.799   683.593   -79.86  101.99
 284680.619   651.844   -85.60   78.39
 285051.365   631.570   -54.67   47.83
 285422.037   636.359    12.92   35.46
 285792.634   642.419    16.35   31.72
 286163.157   646.473    10.94   30.93
 286533.606   654.547    21.79   34.93
 286903.980   639.641   -40.24   47.06
 287274.280   610.841   -77.76   60.86
 287644.507   585.522   -68.37   59.86
 288014.659   578.135   -19.95   56.54
 288384.737   607.659    79.76   80.96
 288754.742   659.644   140.47   80.46
 289124.672   729.565   188.97   91.39
 289494.529   769.352   107.55   90.64
 289864.311   790.079    56.04  100.41
 290234.020   779.326   -29.08  106.17
 290603.656   710.603  -185.88  124.11
 290973.217   643.973  -180.25  120.43
 291342.705   564.034  -216.31   85.29
 291712.119   507.019  -154.31   40.56
