-189315.491   176.675     0.00    3.82
-188937.653   176.030    -1.71    4.99
-188559.893   177.268     3.28    5.40
-188182.212   180.828     9.43    9.62
-187804.610   187.324    17.21   13.64
-187427.086   196.943    25.48   16.76
-187049.640   209.196    32.47   16.09
-186672.272   220.812    30.79   15.68
-186294.983   232.618    31.29   12.25
-185917.772   240.595    21.15   11.16
-185540.640   248.963    22.19    9.52
-185163.585   253.975    13.29    9.20
-184786.609   257.018     8.07    6.70
-184409.711   257.204     0.49    5.34
-184032.890   258.557     3.59    4.58
-183656.148   259.258     1.86    4.43
-183279.484   261.748     6.61    5.19
-182902.897   264.486     7.27    5.94
-182526.389   265.467     2.60    5.74
-182149.958   262.236    -8.58    8.18
-181773.605   256.972   -13.99    9.94
-181397.329   252.399   -12.16    9.92
-181021.132   247.781   -12.28    7.02
-180645.011   246.106    -4.46    4.67
-180268.969   245.085    -2.71    3.68
-179893.004   244.497    -1.56    3.19
-179517.116   244.855     0.95    4.10
-179141.306   244.997     0.38    4.65
-178765.573   246.499     4.00    6.03
-178389.917   248.182     4.48    5.39
-178014.339   248.168    -0.04    4.55
-177638.838   247.030    -3.03    4.66
-177263.414   243.574    -9.21    6.10
-176888.067   242.385    -3.17    5.61
-176512.797   241.783    -1.60    5.89
-176137.604   242.845     2.83    5.49
-175762.489   245.062     5.91    3.35
-175387.450   246.414     3.60    3.09
-175012.488   247.248     2.23    2.79
-174637.603   245.280    -5.25    4.90
-174262.795   242.225    -8.15    5.71
-173888.063   238.551    -9.80    5.19
-173513.408   235.888    -7.11    2.53
-173138.830   233.986    -5.08    3.31
-172764.328   231.426    -6.84    4.96
-172389.903   227.856    -9.54    6.15
-172015.555   223.312   -12.14    5.21
-171641.283   218.823   -12.00    5.27
-171267.087   214.624   -11.22    4.85
-170892.968   211.280    -8.94    4.33
-170518.925   210.085    -3.19    4.65
-170144.958   211.469     3.70    6.87
-169771.068   212.665     3.20    7.75
-169397.254   213.907     3.32    7.52
-169023.516   214.119     0.57    6.10
-168649.854   212.976    -3.06    5.85
-168276.268   210.718    -6.05    5.66
-167902.758   208.041    -7.17    5.83
-167529.324   205.337    -7.24    5.38
-167155.966   203.388    -5.22    4.61
-166782.684   202.823    -1.51    4.54
-166409.477   203.117     0.79    4.50
-166036.347   202.693    -1.14    4.05
-165663.292   203.436     1.99    4.02
-165290.313   204.628     3.20    4.50
-164917.409   206.596     5.28    5.42
-164544.581   208.030     3.85    4.88
-164171.829   208.846     2.19    4.68
-163799.152   208.955     0.29    4.45
-163426.551   207.740    -3.26    3.96
-163054.025   207.320    -1.13    3.17
-162681.574   207.574     0.68    2.57
-162309.199   208.051     1.28    2.15
-161936.899   208.827     2.08    1.72
-161564.674   208.432    -1.06    1.84
-161192.524   207.580    -2.29    1.94
-160820.450   206.671    -2.44    2.23
-160448.450   206.602    -0.19    2.50
-160076.526   207.638     2.79    3.39
-159704.677   210.051     6.49    3.72
-159332.902   211.711     4.46    3.93
-158961.203   211.696    -0.04    5.43
-158589.578   209.725    -5.30    6.75
-158218.029   207.929    -4.84    6.94
-157846.554   206.170    -4.74    5.85
-157475.154   204.886    -3.46    4.32
-157103.828   203.051    -4.94    4.05
-156732.577   200.682    -6.38    4.90
-156361.401   198.107    -6.94    4.92
-155990.299   196.410    -4.57    6.29
-155619.272   194.097    -6.23    7.17
-155248.319   191.725    -6.39    6.88
-154877.441   189.760    -5.30    6.43
-154506.637   190.443     1.84    6.59
-154135.907   191.591     3.10    8.07
-153765.252   190.546    -2.82    9.38
-153394.671   187.629    -7.87   10.19
-153024.164   183.293   -11.70    8.58
-152653.731   182.363    -2.51    7.07
-152283.373   186.502    11.18    9.47
-151913.088   192.085    15.08    8.41
-151542.878   196.680    12.42    3.90
-151172.741   197.454     2.09    3.05
-150802.679   195.596    -5.02    3.78
-150432.690   193.986    -4.35    5.11
-150062.775   192.905    -2.92    5.49
-149692.934   192.761    -0.39    6.07
-149323.167   194.097     3.61    6.41
-148953.474   196.725     7.11    6.48
-148583.854   201.481    12.87    6.88
-148214.307   206.649    13.99    6.89
-147844.835   211.407    12.88    7.20
-147475.436   215.921    12.22    7.14
-147106.110   219.149     8.74    6.96
-146736.858   222.396     8.79    7.99
-146367.679   224.170     4.81    8.28
-145998.574   224.529     0.97    9.01
-145629.542   223.589    -2.55    8.94
-145260.583   223.665     0.20    8.15
-144891.698   224.359     1.88    7.29
-144522.885   225.807     3.93    5.67
-144154.146   226.513     1.92    5.73
-143785.480   227.121     1.65    6.18
-143416.887   227.326     0.56    6.24
-143048.367   228.345     2.76    5.49
-142679.920   229.464     3.04    5.02
-142311.546   230.759     3.51    4.49
-141943.245   232.919     5.87    4.56
-141575.017   235.919     8.15    4.78
-141206.861   240.162    11.53    5.91
-140838.779   242.796     7.15    6.38
-140470.769   246.892    11.13    7.12
-140102.831   249.095     5.99    8.25
-139734.967   251.958     7.78    9.35
-139367.175   253.276     3.58    9.46
-138999.455   254.098     2.24    8.16
-138631.808   254.418     0.87    6.79
-138264.234   255.283     2.35    5.77
-137896.732   256.656     3.73    5.30
-137529.302   258.235     4.30    6.21
-137161.945   261.485     8.85   10.02
-136794.659   261.881     1.08   11.77
-136427.447   260.085    -4.89   12.03
-136060.306   257.546    -6.92    8.92
-135693.238   257.993     1.22    6.35
-135326.241   260.573     7.03    6.54
-134959.317   264.015     9.38    5.70
-134592.465   266.407     6.52    5.48
-134225.685   267.884     4.03    5.48
-133858.976   268.017     0.36    5.47
-133492.340   266.756    -3.44    6.11
-133125.776   266.337    -1.14    6.81
-132759.283   265.840    -1.36    7.24
-132392.862   266.139     0.82    7.60
-132026.513   267.018     2.40    6.87
-131660.236   268.624     4.38    5.69
-131294.030   269.403     2.13    5.06
-130927.896   270.474     2.93    4.64
-130561.833   271.040     1.55    4.63
-130195.843   271.551     1.39    4.92
-129829.923   271.172    -1.03    5.45
-129450.745   270.145    -2.71    5.16
-129069.964   269.207    -2.46    4.55
-128689.260   268.356    -2.23    4.08
-128308.635   267.298    -2.78    3.73
-127928.088   266.251    -2.75    3.57
-127547.620   265.381    -2.29    3.46
-127167.230   263.945    -3.78    4.01
-126786.918   262.458    -3.91    5.00
-126406.684   259.874    -6.80    7.02
-126026.528   256.447    -9.02    8.19
-125646.450   251.878   -12.02    9.26
-125266.450   247.227   -12.24    9.00
-124886.528   242.218   -13.19    9.05
-124506.684   236.491   -15.08    7.66
-124126.918   231.271   -13.75    7.02
-123747.229   226.107   -13.60    6.12
-123367.618   221.138   -13.09    6.30
-122988.085   216.218   -12.96    6.40
-122608.630   210.651   -14.67    6.62
-122229.252   205.242   -14.26    6.29
-121849.952   199.835   -14.26    5.98
-121470.729   194.748   -13.42    5.56
-121091.584   190.396   -11.48    4.67
-120712.516   186.886    -9.26    3.81
-120333.525   183.985    -7.66    2.85
-119954.612   181.794    -5.78    2.41
-119575.776   179.662    -5.63    2.19
-119197.018   177.799    -4.92    2.40
-118818.336   175.733    -5.46    2.49
-118439.732   173.602    -5.63    2.56
-118061.204   171.546    -5.43    2.33
-117682.754   169.947    -4.22    2.15
-117304.381   168.557    -3.68    2.45
-116926.085   167.318    -3.27    2.47
-116547.865   166.618    -1.85    2.40
-116169.723   167.780     3.07    4.26
-115791.657   169.096     3.48    5.18
-115413.668   167.462    -4.32    7.49
-115035.755   162.818   -12.29    9.46
-114657.920   156.574   -16.53    8.27
-114280.161   150.930   -14.94    4.45
-113902.478   147.598    -8.82    3.25
-113524.872   144.919    -7.09    3.21
-113147.343   142.134    -7.38    2.94
-112769.890   140.084    -5.43    2.86
-112392.513   137.934    -5.70    2.38
-112015.213   136.106    -4.85    2.43
-111637.989   133.434    -7.08    4.00
-111260.841   129.617   -10.12    5.54
-110883.770   126.908    -7.19    4.89
-110506.774   125.962    -2.51    3.95
-110129.855   125.872    -0.24    2.98
-109753.012   127.129     3.34    2.58
-109376.245   128.586     3.87    2.90
-108999.554   129.815     3.26    3.92
-108622.939   131.658     4.89    4.59
-108246.399   133.512     4.92    4.38
-107869.936   134.812     3.45    4.00
-107493.548   136.007     3.18    3.46
-107117.236   136.862     2.27    3.36
-106741.000   137.766     2.40    3.21
-106364.839   139.098     3.54    3.10
-105988.754   140.425     3.53    3.02
-105612.745   141.865     3.83    3.11
-105236.811   143.519     4.40    2.76
-104860.953   144.760     3.30    2.29
-104485.170   145.403     1.71    1.49
-104109.462   145.229    -0.46    1.30
-103733.830   144.262    -2.57    1.66
-103358.273   142.839    -3.79    1.74
-102982.791   141.298    -4.10    1.99
-102607.385   139.641    -4.42    2.02
-102232.053   137.961    -4.47    2.33
-101856.797   136.134    -4.87    2.60
-101481.616   134.197    -5.16    2.88
-101106.510   132.110    -5.56    3.11
-100731.479   129.740    -6.32    3.10
-100356.523   127.277    -6.57    2.97
 -99981.642   124.725    -6.81    3.38
 -99606.835   122.062    -7.11    3.44
 -99232.104   119.443    -6.99    3.19
 -98857.447   116.981    -6.57    2.39
 -98482.865   114.963    -5.39    2.12
 -98108.357   113.158    -4.82    1.91
 -97733.925   111.451    -4.56    1.83
 -97359.566   110.062    -3.71    1.51
 -96985.283   108.905    -3.09    1.40
 -96611.074   107.930    -2.61    1.13
 -96236.939   107.186    -1.99    1.06
 -95862.879   106.586    -1.61    1.07
 -95488.893   105.996    -1.58    1.17
 -95114.981   105.307    -1.84    1.22
 -94741.144   104.667    -1.71    1.54
 -94367.381   104.358    -0.83    1.91
 -93993.692   103.799    -1.50    2.20
 -93620.077   102.927    -2.33    2.37
 -93246.537   101.545    -3.70    2.66
 -92873.070    99.860    -4.51    2.62
 -92499.677    97.781    -5.57    2.71
 -92126.359    96.384    -3.74    2.36
 -91753.114    94.523    -4.99    2.96
 -91379.943    92.028    -6.69    4.85
 -91006.847    87.545   -12.02    7.67
 -90633.823    83.804   -10.03    7.80
 -90260.874    80.781    -8.10    7.19
 -89887.998    80.590    -0.51    7.18
 -89515.196    82.483     5.08    9.18
 -89142.468    86.680    11.26   11.20
 -88769.813    93.120    17.28    9.48
 -88397.232    97.017    10.46    8.06
 -88024.724   101.649    12.43    7.01
 -87652.290   105.139     9.37    7.44
 -87279.929   110.292    13.84    6.36
 -86907.642   114.451    11.17    5.87
 -86535.427   118.040     9.64    5.34
 -86163.287   121.329     8.84    4.83
 -85791.219   123.844     6.76    4.48
 -85419.224   125.974     5.73    3.82
 -85047.303   128.289     6.22    2.64
 -84675.455   131.496     8.63    4.22
 -84303.680   135.443    10.62    6.06
 -83931.978   140.528    13.68    6.49
 -83560.348   145.496    13.37    5.52
 -83188.792   149.995    12.11    4.55
 -82817.309   152.956     7.97    3.62
 -82445.898   155.119     5.82    3.03
 -82074.561   157.016     5.11    2.68
 -81703.296   158.315     3.50    2.90
 -81332.104   160.040     4.65    2.67
 -80960.984   161.507     3.95    2.64
 -80589.938   163.029     4.10    2.56
 -80218.963   164.725     4.57    2.35
 -79848.062   166.017     3.48    2.13
 -79477.232   167.540     4.11    1.98
 -79106.476   168.512     2.62    1.79
 -78735.791   169.307     2.14    1.59
 -78365.180   169.573     0.72    1.13
 -77994.640   169.426    -0.40    0.96
 -77624.173   168.685    -2.00    1.29
 -77253.778   167.212    -3.98    2.16
 -76883.455   165.199    -5.44    2.85
 -76513.205   162.882    -6.26    2.68
 -76143.026   159.411    -9.38    5.83
 -75772.920   155.879    -9.54    8.65
 -75402.885   151.994   -10.50   10.81
 -75032.923   149.800    -5.93   11.51
 -74663.033   147.513    -6.18   12.20
 -74293.214   146.346    -3.15   11.92
 -73923.468   146.411     0.17   11.77
 -73553.793   147.869     3.95   11.42
 -73184.190   151.085     8.70   11.23
 -72814.659   155.767    12.67    7.70
 -72445.200   158.074     6.24    1.99
 -72075.812   158.129     0.15    1.87
 -71706.496   157.590    -1.46    2.11
 -71337.252   158.074     1.31    3.52
 -70968.079   160.913     7.69    5.34
 -70598.977   164.062     8.53    5.44
 -70229.947   167.509     9.34    3.71
 -69860.989   169.568     5.58    1.28
 -69492.102   170.858     3.50    1.58
 -69123.286   172.346     4.04    1.89
 -68754.541   173.930     4.29    1.95
 -68385.868   175.373     3.92    2.08
 -68017.266   177.465     5.67    3.15
 -67648.735   181.199    10.13    5.48
 -67280.276   186.449    14.25    7.70
 -66911.887   193.860    20.12    8.95
 -66543.570   200.767    18.75    9.01
 -66175.323   208.256    20.34    7.42
 -65807.147   212.507    11.55    5.16
 -65439.043   214.983     6.73    2.59
 -65071.009   216.085     2.99    1.88
 -64703.046   216.644     1.52    2.11
 -64335.154   217.903     3.42    2.43
 -63967.333   219.942     5.54    2.22
 -63599.582   222.006     5.61    2.47
 -63231.903   224.038     5.53    2.40
 -62864.293   226.062     5.51    2.77
 -62496.755   228.511     6.66    3.20
 -62129.287   231.346     7.72    3.67
 -61761.889   232.018     1.83    6.37
 -61394.562   229.298    -7.40   11.07
 -61027.306   227.568    -4.71   12.98
 -60660.120   228.528     2.62   14.85
 -60293.004   231.415     7.86   16.19
 -59925.958   238.097    18.21   15.76
 -59558.983   246.485    22.86    7.99
 -59192.078   250.372    10.60    6.41
 -58825.244   255.244    13.28    6.24
 -58458.479   260.379    14.00    7.03
 -58091.785   266.562    16.86    7.42
 -57725.160   271.900    14.56    5.79
 -57358.606   276.494    12.54    3.72
 -56992.122   279.142     7.22    2.66
 -56625.708   281.107     5.36    2.53
 -56259.363   282.853     4.77    2.54
 -55893.089   284.307     3.97    2.32
 -55526.884   285.733     3.89    2.31
 -55160.749   287.376     4.49    2.62
 -54785.470   289.411     5.42    3.28
 -54404.845   292.166     7.24    3.31
 -54024.298   294.926     7.25    3.25
 -53643.826   298.426     9.20    4.13
 -53263.431   301.926     9.20    4.61
 -52883.112   305.426     9.20    3.71
 -52502.869   307.970     6.69    2.36
 -52122.702   309.796     4.80    1.50
 -51742.611   310.867     2.82    1.40
 -51362.596   312.165     3.41    1.64
 -50982.657   314.350     5.75    3.76
 -50602.794   319.233    12.86    6.60
 -50223.007   323.423    11.03    6.38
 -49843.296   326.790     8.87    3.80
 -49463.661   326.597    -0.51    3.87
 -49084.101   323.242    -8.84    5.52
 -48704.617   319.693    -9.35    4.67
 -48325.209   318.172    -4.01    3.02
 -47945.876   318.015    -0.42    1.60
 -47566.619   318.937     2.43    1.27
 -47187.438   319.879     2.48    1.27
 -46808.331   321.006     2.97    1.44
 -46429.301   322.160     3.04    1.31
 -46050.345   323.312     3.04    1.53
 -45671.465   324.380     2.82    1.47
 -45292.661   325.545     3.08    1.39
 -44913.931   326.756     3.20    1.51
 -44535.277   328.028     3.36    1.82
 -44156.698   329.626     4.22    2.28
 -43778.194   330.901     3.37    2.55
 -43399.765   332.396     3.95    2.83
 -43021.412   333.795     3.70    2.81
 -42643.133   335.403     4.25    2.55
 -42264.929   336.422     2.69    2.06
 -41886.800   337.400     2.59    1.24
 -41508.746   337.961     1.49    1.15
 -41130.766   338.655     1.84    1.51
 -40752.862   339.403     1.98    1.69
 -40375.032   340.460     2.80    1.82
 -39997.277   341.717     3.33    1.85
 -39619.596   342.973     3.33    1.85
 -39241.990   344.235     3.34    1.67
 -38864.459   346.074     4.87    2.02
 -38487.002   347.901     4.84    2.46
 -38109.620   350.562     7.05    2.96
 -37732.312   353.051     6.59    3.07
 -37355.078   355.801     7.29    2.98
 -36977.919   358.376     6.83    3.10
 -36600.834   361.197     7.48    3.53
 -36223.823   364.051     7.57    3.55
 -35846.886   367.426     8.96    3.90
 -35470.024   370.955     9.37    3.94
 -35093.236   374.676     9.88    4.59
 -34716.521   378.453    10.03    4.45
 -34339.881   382.304    10.23    4.79
 -33963.315   385.855     9.43    3.54
 -33586.823   388.579     7.24    2.65
 -33210.404   390.733     5.72    2.15
 -32834.060   392.662     5.13    2.48
 -32457.789   394.503     4.89    2.24
 -32081.592   396.108     4.27    2.27
 -31705.469   397.233     2.99    1.97
 -31329.419   397.655     1.12    1.72
 -30953.443   396.794    -2.29    3.25
 -30577.541   397.176     1.02    3.80
 -30201.712   398.800     4.32    4.67
 -29825.957   403.370    12.16    7.18
 -29450.275   409.527    16.39    9.25
 -29074.666   415.994    17.22   10.40
 -28699.131   423.367    19.63   10.74
 -28323.670   426.881     9.36    9.44
 -27948.281   428.062     3.15    7.97
 -27572.966   427.960    -0.27    5.83
 -27197.724   426.015    -5.18    4.26
 -26822.555   426.018     0.01    5.32
 -26447.460   427.146     3.01    7.94
 -26072.437   433.881    17.96   16.14
 -25697.488   449.294    41.11   34.16
 -25322.611   475.085    68.80   51.01
 -24947.808   491.025    42.53   49.72
 -24573.077   488.591    -6.50   46.19
 -24198.419   471.785   -44.86   38.15
 -23823.834   451.918   -53.04   19.02
 -23449.322   442.942   -23.97   15.47
 -23074.883   446.483     9.46   19.58
 -22700.516   462.270    42.17   36.48
 -22326.222   495.430    88.60   61.46
 -21952.000   525.818    81.21   67.27
 -21577.851   552.812    72.15   77.23
 -21203.775   559.665    18.32   84.57
 -20829.771   543.829   -42.34   83.34
 -20455.840   517.245   -71.09   64.08
 -20081.981   493.392   -63.80   35.08
 -19708.194   480.416   -34.72   19.47
 -19334.480   474.516   -15.79   11.86
 -18960.838   472.928    -4.25    9.98
 -18587.268   470.937    -5.33    9.08
 -18213.770   468.943    -5.34    9.51
 -17840.345   465.751    -8.55    9.51
 -17466.992   461.183   -12.24   10.25
 -17093.710   454.901   -16.83   10.41
 -16720.501   447.272   -20.44   10.74
 -16347.364   438.338   -23.94   10.78
 -15974.299   430.014   -22.31    8.99
 -15601.305   422.016   -21.44    8.09
 -15228.384   415.455   -17.59    7.34
 -14855.534   408.141   -19.62    8.46
 -14482.756   400.156   -21.42   10.74
 -14110.050   388.733   -30.65   14.37
 -13737.416   376.721   -32.23   14.62
 -13364.853   362.488   -38.20   14.38
 -12992.362   349.737   -34.23   14.86
 -12619.942   334.881   -39.89   16.88
 -12247.594   319.894   -40.25   17.67
 -11875.317   304.631   -41.00   17.12
 -11503.112   291.411   -35.52   14.91
 -11130.979   280.109   -30.37   11.69
 -10758.916   272.807   -19.63    8.63
 -10386.925   267.156   -15.19    6.63
 -10015.006   263.415   -10.06    5.87
  -9643.157   259.377   -10.86    5.67
  -9271.380   256.674    -7.27    5.55
  -8899.674   253.460    -8.65    5.99
  -8528.039   251.869    -4.28    6.93
  -8156.475   251.936     0.18    9.28
  -7784.982   255.186     8.75   15.78
  -7413.561   263.876    23.40   28.09
  -7042.210   277.246    36.00   38.19
  -6670.930   290.818    36.55   45.73
  -6299.721   305.551    39.69   54.28
  -5928.583   315.884    27.84   61.76
  -5557.516   307.085   -23.71   61.41
  -5186.519   284.255   -61.54   61.06
  -4815.593   247.949   -97.88   58.82
  -4444.738   203.806  -119.03   37.74
  -4073.953   173.603   -81.46   30.49
  -3703.240   151.014   -60.93   17.86
  -3332.596   133.835   -46.35   16.23
  -2962.023   119.906   -37.59   15.05
  -2591.521   102.229   -47.71   26.27
  -2221.089    81.855   -55.00   33.94
  -1850.728    62.809   -51.42   33.64
  -1480.436    49.862   -34.96   29.40
  -1110.216    36.189   -36.93   25.55
   -740.065    23.365   -34.65   24.17
   -369.985    12.676   -28.88   22.26
      0.025     3.604   -24.52   15.20
    369.965     0.310    -8.91    4.35
    739.835     2.936     7.10    5.90
   1109.635     6.156     8.71    5.94
   1479.364     8.596     6.60    4.60
   1849.024    10.798     5.96    2.44
   2218.614    12.295     4.05    2.59
   2588.133    15.237     7.96    5.61
   2957.583    22.028    18.38   12.81
   3326.963    33.824    31.93   17.96
   3696.273    46.603    34.60   17.72
   4065.514    58.514    32.26   10.07
   4434.685    64.437    16.05    2.93
   4803.786    66.684     6.09    2.18
   5172.817    68.921     6.06    2.90
   5541.779    72.136     8.71    4.53
   5910.671    77.384    14.23    7.31
   6279.494    82.765    14.59    7.78
   6648.247    87.660    13.28    6.25
   7016.930    89.580     5.21    5.32
   7385.545    89.120    -1.25    4.94
   7754.090    88.725    -1.07    4.47
   8122.565    89.168     1.20    3.97
   8490.971    91.434     6.15    5.42
   8859.308    95.190    10.20    6.92
   9227.576    99.330    11.24    7.76
   9595.775   105.005    15.41    7.32
   9963.904   110.993    16.27    7.31
  10331.965   118.277    19.79    9.89
  10699.956   125.039    18.38   10.87
  11067.878   131.916    18.69    9.38
  11435.732   135.768    10.47    5.89
  11803.516   135.794     0.07    4.06
  12171.231   134.327    -3.99    4.56
  12538.878   130.315   -10.91    6.86
  12906.456   124.442   -15.98    8.81
  13273.965   118.865   -15.17    9.28
  13641.405   113.392   -14.89    7.41
  14008.776   109.760    -9.89    5.33
  14376.079   108.698    -2.89    4.33
  14743.313   108.721     0.06    3.64
  15110.479   106.062    -7.24    8.75
  15477.576    99.642   -17.49   15.62
  15844.604    91.586   -21.95   17.77
  16211.564    85.392   -16.88   16.30
  16578.455    80.939   -12.14   13.34
  16945.278    78.937    -5.46   10.04
  17312.033    78.112    -2.25    6.88
  17678.720    78.315     0.55    6.28
  18045.338    78.858     1.48    7.00
  18411.888    78.557    -0.82    6.40
  18778.369    77.526    -2.81    4.95
  19144.783    76.177    -3.68    6.22
  19511.128    74.143    -5.55    8.00
  19882.830    71.050    -8.32    8.69
  20263.299    68.763    -6.01    8.60
  20643.694    67.246    -3.99    8.19
  21024.015    67.014    -0.61    8.30
  21404.261    68.737     4.53   12.35
  21784.434    71.467     7.18   16.87
  22164.532    72.740     3.35   18.59
  22544.556    74.852     5.56   21.25
  22924.506    73.562    -3.40   19.99
  23304.382    69.867    -9.73   14.87
  23684.184    65.855   -10.56    7.41
  24063.912    64.831    -2.70    6.89
  24443.567    67.488     7.00   10.40
  24823.147    73.681    16.32   16.61
  25202.654    84.832    29.38   25.88
  25582.087   101.809    44.74   34.58
  25961.446   118.074    42.87   39.00
  26340.732   133.911    41.75   38.99
  26719.944   144.789    28.68   36.57
  27099.082   154.200    24.82   29.26
  27478.147   161.639    19.62   20.44
  27857.138   167.527    15.54   10.50
  28236.056   169.458     5.10    4.90
  28614.900   171.097     4.33    3.64
  28993.671   172.327     3.25    2.85
  29372.369   173.469     3.02    2.68
  29750.994   173.809     0.90    2.68
  30129.545   173.881     0.19    3.03
  30508.023   173.098    -2.07    3.51
  30886.428   172.717    -1.01    3.76
  31264.760   173.225     1.34    4.63
  31643.018   176.028     7.41    6.63
  32021.204   181.000    13.15    8.95
  32399.317   190.511    25.15   13.46
  32777.356   206.737    42.92   23.84
  33155.323   230.603    63.14   38.61
  33533.217   258.136    72.86   45.61
  33911.038   278.248    53.23   38.94
  34288.787   291.315    34.59   30.84
  34666.462   304.392    34.62   26.33
  35044.065   323.783    51.35   30.48
  35421.595   346.155    59.26   32.43
  35799.053   369.527    61.92   23.73
  36176.438   385.483    42.28   19.77
  36553.751   394.933    25.05   17.96
  36930.991   397.086     5.71   19.53
  37308.159   397.039    -0.12   21.13
  37685.254   396.827    -0.56   21.05
  38062.277   396.467    -0.95   23.05
  38439.227   397.760     3.43   27.74
  38816.105   394.709    -8.09   32.37
  39192.912   386.098   -22.85   36.11
  39569.645   367.832   -48.48   38.36
  39946.307   347.215   -54.73   31.50
  40322.897   329.251   -47.70   18.91
  40699.414   322.493   -17.95   12.81
  41075.860   321.911    -1.54   10.46
  41452.233   326.050    11.00   11.78
  41828.535   332.423    16.93   12.54
  42204.764   339.448    18.67   15.16
  42580.922   347.626    21.74   16.67
  42957.008   355.086    19.84   17.18
  43333.022   349.574   -14.66   24.71
  43708.964   333.099   -43.82   34.15
  44084.835   308.737   -64.81   37.22
  44460.634   283.675   -66.69   22.27
  44836.362   274.539   -24.31   10.02
  45212.017   276.210     4.45   14.06
  45587.602   285.369    24.38   23.40
  45963.114   293.210    20.88   26.60
  46338.556   300.993    20.73   28.76
  46713.926   304.709     9.90   28.89
  47089.224   301.909    -7.46   28.89
  47464.451   297.635   -11.39   27.77
  47839.607   286.844   -28.76   22.33
  48214.692   279.297   -20.12   15.57
  48589.705   272.756   -17.44    7.55
  48964.647   269.766    -7.97    4.55
  49339.519   269.632    -0.36    5.30
  49714.319   270.575     2.52    6.17
  50089.047   272.795     5.92    7.45
  50463.705   274.837     5.45    8.87
  50838.292   276.844     5.36   10.35
  51212.808   279.568     7.27   11.41
  51587.254   281.016     3.87   11.30
  51961.628   279.987    -2.75   11.73
  52335.931   274.574   -14.46   15.16
  52710.164   265.750   -23.58   19.64
  53084.326   259.807   -15.88   17.49
  53458.417   258.383    -3.80   15.39
  53832.438   265.557    19.18   15.62
  54206.388   276.037    28.03   14.91
  54580.267   287.488    30.62   14.96
  54954.076   300.962    36.05   19.44
  55327.814   319.516    49.64   25.64
  55701.482   340.531    56.24   28.22
  56075.080   358.876    49.10   25.75
  56448.607   370.175    30.25   21.40
  56822.064   372.097     5.15   25.82
  57195.450   375.729     9.73   37.33
  57568.766   373.504    -5.96   50.70
  57942.012   366.796   -17.97   61.12
  58315.188   347.283   -52.29   67.13
  58688.294   317.250   -80.49   59.15
  59061.329   291.534   -68.93   48.84
  59434.295   271.237   -54.42   33.00
  59807.191   259.807   -30.65   22.85
  60180.016   250.500   -24.96   14.09
  60552.772   242.967   -20.21   13.81
  60925.457   234.087   -23.83   14.59
  61298.073   224.121   -26.75   14.97
  61670.619   215.312   -23.64   11.44
  62043.095   209.085   -16.72    9.64
  62415.502   204.275   -12.92    7.24
  62787.839   201.568    -7.27    5.80
  63160.106   199.087    -6.66    4.61
  63532.303   199.862     2.08    5.72
  63904.431   204.600    12.73   11.52
  64276.489   217.350    34.27   19.46
  64648.478   231.012    36.73   19.63
  65020.397   243.683    34.07   15.49
  65392.247   253.520    26.45    6.51
  65764.028   259.504    16.09    7.86
  66135.739   267.964    22.76   13.69
  66507.381   288.741    55.90   31.20
  66878.953   332.599   118.03   68.30
  67250.456   404.959   194.77   98.11
  67621.891   457.168   140.55   83.34
  67993.255   484.051    72.38   65.89
  68364.551   496.544    33.65   64.13
  68735.778   504.615    21.74   64.27
  69106.936   511.109    17.50   59.32
  69478.024   539.658    76.93   54.99
  69849.044   561.014    57.56   57.77
  70219.995   555.290   -15.43   56.81
  70590.876   543.351   -32.19   59.23
  70961.689   509.622   -90.96   61.12
  71332.434   478.699   -83.40   39.12
  71703.109   466.966   -31.65   31.74
  72073.716   467.086     0.32   28.90
  72444.254   465.733    -3.65   22.11
  72814.723   457.921   -21.08   17.44
  73185.123   450.412   -20.27   23.10
  73555.455   447.795    -7.07   32.77
  73925.719   451.295     9.45   42.40
  74295.914   449.568    -4.66   50.90
  74666.040   439.331   -27.66   66.68
  75036.099   408.400   -83.58   78.12
  75406.088   402.260   -16.59   72.54
  75776.009   408.225    16.12   70.85
  76145.862   430.914    61.34   74.10
  76515.647   467.225    98.19   52.20
  76885.364   486.925    53.28   28.18
  77255.012   508.609    58.66   48.49
  77624.592   538.322    80.39   69.29
  77994.104   588.400   135.52   84.41
  78363.548   648.975   163.95   84.29
  78732.923   719.713   191.50   69.96
  79102.231   753.404    91.22   58.76
  79471.471   748.888   -12.23   58.08
  79840.643   727.144   -58.90   64.78
  80209.747   672.003  -149.38   55.40
  80578.783   637.171   -94.38   41.71
  80947.751   604.756   -87.85   36.25
  81316.651   584.702   -54.36   30.39
  81685.484   562.737   -59.55   34.06
  82054.249   539.870   -62.01   34.48
  82422.946   515.423   -66.30   32.01
  82791.575   505.356   -27.31   28.45
  83160.137   502.855    -6.79   30.44
  83528.632   508.562    15.49   38.33
  83897.058   512.038     9.43   48.07
  84265.418   500.350   -31.73   42.32
  84633.710   495.581   -12.95   36.62
  85001.934   501.574    16.28   31.94
  85370.091   513.050    31.17   30.50
  85738.181   525.609    34.12   24.43
  86106.203   532.162    17.81   25.06
  86474.158   527.783   -11.90   26.00
  86842.046   515.828   -32.50   26.70
  87209.867   501.169   -39.85   30.01
  87577.620   495.355   -15.81   26.59
  87945.307   501.522    16.77   26.98
  88312.926   519.753    49.59   39.54
  88680.478   548.272    77.59   39.70
  89047.963   571.496    63.19   36.29
  89415.381   590.062    50.53   31.81
  89782.733   606.307    44.22   33.58
  90150.017   629.453    63.02   43.13
  90517.234   644.458    40.86   40.15
  90884.385   649.701    14.28   41.38
  91251.469   637.639   -32.86   48.71
  91618.486   610.275   -74.55   41.23
  91985.436   579.958   -82.61   37.59
  92352.320   554.100   -70.47   34.40
  92719.137   536.341   -48.41   26.21
  93085.887   526.062   -28.03   19.05
  93452.571   531.872    15.84   25.72
  93819.188   543.977    33.02   32.05
  94185.739   551.318    20.03   30.09
  94554.155   553.770     6.65   27.54
  94934.470   553.753    -0.04   23.36
  95314.714   553.852     0.26   18.09
  95694.885   555.609     4.62   15.18
  96074.983   557.300     4.45   13.73
  96455.010   563.815    17.14   12.70
  96834.964   571.870    21.20   12.82
  97214.846   576.474    12.12   12.18
  97594.657   578.665     5.77   12.75
  97974.395   579.458     2.09   13.97
  98354.061   578.568    -2.34   11.90
  98733.655   575.419    -8.30   11.15
  99113.177   571.660    -9.91   11.50
  99492.627   571.364    -0.78   11.77
  99872.006   576.749    14.19   15.39
 100251.312   587.262    27.71   14.79
 100630.547   594.503    19.09    9.84
 101009.710   593.196    -3.45   12.83
 101388.802   586.562   -17.50   14.76
 101767.821   583.965    -6.85   18.44
 102146.770   594.580    28.01   32.30
 102525.646   606.250    30.80   31.48
 102904.451   606.562     0.82   25.24
 103283.185   607.337     2.05   21.82
 103661.847   623.803    43.48   37.77
 104040.438   645.937    58.46   40.32
 104418.958   662.227    43.03   31.13
 104797.406   664.300     5.48   32.27
 105175.782   647.967   -43.16   37.65
 105554.088   623.761   -63.98   33.42
 105932.322   601.768   -58.14   32.23
 106310.486   586.149   -41.30   27.23
 106688.578   579.862   -16.63   16.33
 107066.599   582.966     8.21   13.70
 107444.549   595.653    33.56   19.40
 107822.428   613.906    48.30   21.90
 108200.236   633.745    52.51   26.05
 108577.973   656.592    60.48   33.72
 108955.639   689.482    87.08   61.25
 109333.235   733.598   116.82   86.34
 109710.759   758.282    65.38   82.53
 110088.213   752.004   -16.63   74.80
 110465.596   746.791   -13.81   61.85
 110842.909   750.135     8.86   53.34
 111220.150   770.825    54.84   63.20
 111597.322   804.003    87.96   72.10
 111974.422   837.088    87.73   91.77
 112351.452   869.384    85.65  102.45
 112728.412   934.303   172.20  121.35
 113105.301   962.702    75.34  107.26
 113482.120   979.675    45.04   84.81
 113858.868   974.062   -14.90   59.84
 114235.546   954.024   -53.19   45.96
 114612.154   953.586    -1.16   50.68
 114988.692   992.050   102.14   93.40
 115365.159  1019.830    73.78   95.02
 115741.556  1068.396   129.02   96.94
 116117.883  1115.324   124.69   97.42
 116494.140  1126.327    29.24   81.59
 116870.327  1136.833    27.93   69.18
 117246.444  1124.803   -31.98   61.04
 117622.491  1113.356   -30.44   68.10
 117998.468  1100.684   -33.70   88.32
 118374.375  1084.159   -43.96   98.09
 118750.212  1057.520   -70.87   93.96
 119125.979  1034.655   -60.84   74.08
 119501.677  1014.074   -54.78   64.30
 119877.305   986.318   -73.89   65.12
 120252.863   950.686   -94.87   64.79
 120628.351   919.038   -84.28   59.57
 121003.770   908.785   -27.31   62.73
 121379.120   923.282    38.62   86.77
 121754.399   987.026   169.84  141.52
 122129.610  1051.741   172.46  130.75
 122504.750  1091.504   105.98  106.22
 122879.822  1085.489   -16.04  120.64
 123254.824  1030.989  -145.32  118.45
 123629.756   978.260  -140.62  124.02
 124004.619   930.702  -126.86  112.33
 124379.413   889.346  -110.33   95.53
 124754.138   853.550   -95.52   62.10
 125128.794   838.885   -39.14   40.96
 125503.380   830.745   -21.73   36.21
 125877.897   827.531    -8.58   34.09
 126252.345   816.768   -28.74   38.58
 126626.724   803.114   -36.47   44.43
 127001.034   778.356   -66.13   43.20
 127375.276   746.850   -84.18   45.23
 127749.448   720.156   -71.33   51.42
 128123.551   692.383   -74.23   43.00
 128497.585   674.526   -47.74   35.13
 128871.551   659.588   -39.94   39.08
 129245.448   649.674   -26.51   43.07
 129619.276   639.850   -26.28   42.64
 129993.035   625.586   -38.16   32.12
 130366.726   621.652   -10.53   27.69
 130740.348   619.509    -5.73   28.79
 131113.901   623.700    11.22   34.04
 131487.386   618.574   -13.72   33.78
 131860.803   609.011   -25.61   30.12
 132234.151   606.992    -5.41   27.28
 132607.430   608.290     3.48   28.74
 132980.641   627.848    52.40   41.03
 133353.784   653.100    67.67   47.55
 133726.858   682.486    78.76   54.58
 134099.864   715.306    87.98   51.29
 134472.802   743.896    76.65   43.92
 134845.672   760.189    43.69   36.04
 135218.473   746.074   -37.86   50.01
 135591.206   718.678   -73.49   58.36
 135963.871   688.592   -80.72   48.82
 136336.468   669.191   -52.07   26.30
 136708.997   671.815     7.04   29.23
 137081.459   687.447    41.96   32.10
 137453.852   699.171    31.48   33.03
 137826.177   706.485    19.64   34.66
 138198.434   710.773    11.52   32.82
 138570.624   715.793    13.49   34.48
 138942.745   724.741    24.04   39.21
 139314.799   736.819    32.46   45.39
 139686.785   754.598    47.79   48.54
 140058.704   772.762    48.83   40.44
 140430.554   783.289    28.30   31.88
 140802.338   793.408    27.22   25.13
 141174.053   801.327    21.30   31.76
 141545.701   809.703    22.53   38.27
 141917.282   816.862    19.26   36.88
 142288.795   825.921    24.38   34.43
 142660.240   817.623   -22.34   33.52
 143031.618   824.229    17.78   57.90
 143402.929   860.639    98.05   99.79
 143774.173   927.974   181.36  147.99
 144145.349  1005.672   209.31  147.70
 144516.458  1067.593   166.84  124.21
 144887.499  1104.521    99.51   95.07
 145258.474  1097.334   -19.37  101.29
 145629.381  1038.087  -159.72  134.82
 146000.222   939.453  -265.94  140.09
 146370.995   821.097  -319.18  136.66
 146741.701   743.556  -209.15   98.75
 147112.340   711.611   -86.18   64.06
 147482.912   714.918     8.92   59.10
 147853.418   740.372    68.69   62.34
 148223.856   771.581    84.24   67.39
 148594.228   804.562    89.04   81.28
 148964.532   833.709    78.70   92.69
 149334.770   853.930    54.61   98.52
 149704.941   866.135    32.97   97.79
 150075.046   862.026   -11.10   89.21
 150445.084   864.894     7.75   76.55
 150815.055   873.075    22.11   77.36
 151184.959   895.148    59.67   83.76
 151554.797   923.629    77.00   91.76
 151924.569   942.967    52.29   90.15
 152294.274   973.235    81.86   93.04
 152663.912  1019.967   126.41   94.08
 153033.484  1069.171   133.12   89.32
 153402.990  1120.520   138.95  111.17
 153772.429  1224.175   280.54  119.59
 154141.802  1276.979   142.94  111.18
 154511.109  1291.987    40.63  105.68
 154880.349  1233.099  -159.47  151.01
 155249.524  1145.126  -238.27  133.74
 155618.632  1111.992   -89.76  127.18
 155987.674  1132.229    54.83  158.64
 156356.649  1147.050    40.16  141.21
 156725.559  1123.562   -63.66  156.48
 157094.403  1019.050  -283.31  188.14
 157463.181   892.729  -342.50  127.27
 157831.893   855.514  -100.92   81.77
 158200.538   866.960    31.05   90.51
 158569.118   935.945   187.14  123.25
 158937.633  1029.334   253.39  129.79
 159306.081  1130.050   273.32  121.51
 159674.463  1196.350   179.95  111.39
 160042.780  1229.574    90.19   90.54
 160411.031  1238.943    25.44   73.18
 160779.217  1230.931   -21.76   68.02
 161147.336  1206.282   -66.95   92.41
 161515.391  1144.294  -168.40  119.54
 161883.379  1063.689  -219.01  137.62
 162251.302   933.400  -354.07  147.91
 162619.160   856.501  -209.02  123.04
 162986.952   819.875   -99.57   93.70
 163354.678   836.186    44.35  108.49
 163722.340   896.233   163.30  114.97
 164089.936   942.439   125.68  112.67
 164457.466   951.806    25.48  135.45
 164824.931   911.416  -109.90  152.99
 165192.331   872.332  -106.37  136.58
 165559.666   851.207   -57.50   96.98
 165926.936   844.742   -17.60   70.08
 166294.140   868.184    63.83   61.28
 166661.280   903.625    96.52   41.12
 167028.354   914.467    29.53   57.86
 167395.363   930.607    43.97   90.56
 167762.307   929.858    -2.04  109.22
 168129.186   925.641   -11.49  117.23
 168496.001   891.848   -92.11  110.91
 168862.750   858.233   -91.64  105.13
 169229.435   810.099  -131.25  100.15
 169608.317   762.550  -125.48   71.66
 169988.413   727.443   -92.35   38.26
 170368.439   724.366    -8.10   37.67
 170748.395   743.135    49.39   56.69
 171128.280   767.556    64.28   65.52
 171508.095   797.953    80.02   66.66
 171887.840   830.485    85.66   64.28
 172267.515   864.508    89.60   62.76
 172647.120   909.767   119.21   56.81
 173026.654   962.514   138.96   71.28
 173406.118  1016.408   142.01   79.26
 173785.513  1069.550   140.05   83.98
 174164.837  1114.916   119.58   72.68
 174544.092  1145.135    79.67   66.88
 174923.276  1179.428    90.43   69.13
 175302.391  1220.526   108.39   71.09
 175681.436  1250.027    77.82   54.27
 176060.411  1267.940    47.26   57.13
 176439.316  1249.930   -47.53   90.07
 176818.152  1201.556  -127.67   89.09
 177196.917  1202.315     2.00   92.63
 177575.614  1239.681    98.65  115.55
 177954.240  1296.635   150.40  113.51
 178332.797  1344.985   127.70   86.91
 178711.285  1312.291   -86.37  122.74
 179089.703  1275.400   -97.47  116.91
 179468.052  1277.087     4.46  109.25
 179846.331  1346.366   183.12  136.24
 180224.541  1434.241   232.31  116.55
 180602.681  1461.099    71.02  113.10
 180980.752  1422.038  -103.30  163.85
 181358.754  1306.940  -304.45  193.21
 181736.687  1210.184  -255.98  147.63
 182114.550  1144.111  -174.84   86.52
 182492.345  1129.930   -37.53   73.65
 182870.070  1129.753    -0.47   65.12
 183247.726  1136.543    17.98   55.15
 183625.313  1155.966    51.43   54.42
 184002.832  1173.759    47.12   62.45
 184380.281  1197.794    63.67   77.39
 184757.661  1209.588    31.25   84.09
 185134.973  1229.098    51.70   86.20
 185512.215  1245.678    43.94   79.03
 185889.389  1291.388   121.17  109.32
 186266.494  1367.283   201.23  132.51
 186643.530  1423.491   149.06  137.52
 187020.498  1431.362    20.88  153.78
 187397.397  1339.346  -244.10  203.91
 187774.227  1206.186  -353.32  184.15
 188150.989  1111.874  -250.28  134.90
 188527.682  1046.260  -174.16   85.54
 188904.307  1012.383   -89.93   36.24
 189280.863  1013.198     2.16   38.33
 189657.351  1042.367    77.47   87.42
 190033.770  1109.648   178.71  146.28
 190410.121  1208.062   261.46  196.70
 190786.404  1304.672   256.71  168.79
 191162.619  1337.581    87.46  137.83
 191538.765  1353.339    41.89  120.65
 191914.843  1364.754    30.35  123.08
 192290.853  1433.124   181.80  145.24
 192666.794  1524.692   243.53  132.63
 193042.668  1543.098    48.96  115.30
 193418.474  1504.803  -101.88  150.27
 193794.211  1439.630  -173.43  142.81
 194169.881  1402.885   -97.80  112.35
 194545.482  1406.193     8.81  114.43
 194921.016  1430.678    65.19  110.92
 195296.482  1449.355    49.74   93.76
 195671.880  1450.102     1.99   87.35
 196047.210  1433.544   -44.11  113.92
 196422.473  1396.485   -98.74  126.75
 196797.667  1344.379  -138.86   98.02
 197172.794  1320.439   -63.81   61.90
 197547.854  1356.757    96.82   94.21
 197922.845  1444.485   233.91  128.36
 198297.770  1558.674   304.52  155.08
 198672.626  1654.212   254.83  123.93
 199047.415  1689.537    94.24  106.41
 199422.137  1718.408    77.03  113.71
 199796.791  1732.274    37.00  112.93
 200171.378  1717.187   -40.27   97.35
 200545.897  1687.235   -79.96  133.77
 200920.350  1608.544  -210.12  179.46
 201294.734  1543.592  -173.46  163.08
 201669.052  1525.975   -47.06  145.63
 202043.302  1575.574   132.51  184.51
 202417.486  1611.618    96.31  178.84
 202791.602  1633.489    58.45  149.99
 203165.651  1655.428    58.64  126.55
 203539.632  1712.428   152.39  167.04
 203913.547  1845.245   355.15  188.59
 204287.395  1964.062   317.77  149.26
 204661.176  2009.014   120.24  114.69
 205034.890  1957.001  -139.16  154.97
 205408.537  1887.306  -186.49  146.14
 205782.117  1856.593   -82.20  118.73
 206155.631  1842.544   -37.61  114.88
 206529.077  1848.526    16.01  109.92
 206902.457  1853.538    13.42  123.16
 207275.770  1863.887    27.72  139.31
 207649.017  1923.000   158.35  146.92
 208022.197  1979.729   151.99  132.88
 208395.310  1980.623     2.40  131.44
 208768.357  1964.927   -42.07  109.50
 209141.337  1917.815  -126.29  112.38
 209514.250  1880.408  -100.29  111.38
 209887.098  1866.833   -36.40  101.79
 210259.878  1885.189    49.23   84.86
 210632.593  1879.611   -14.96   93.63
 211005.241  1808.150  -191.73  146.08
 211377.822  1661.161  -394.45  192.86
 211750.338  1516.227  -389.00  204.44
 212122.787  1374.520  -380.41  180.77
 212495.170  1265.087  -293.82  129.07
 212867.487  1183.200  -219.90   67.25
 213239.737  1148.643   -92.82   31.19
 213611.922  1133.921   -39.55    7.69
 213984.040  1132.237    -4.52    9.49
 214356.093  1141.396    24.61   26.41
 214728.079  1180.754   105.79   89.62
 215100.000  1253.906   196.65  147.17
 215471.854  1353.467   267.70  172.27
 215843.643  1497.306   386.82  173.04
 216215.366  1626.126   346.49  167.43
 216587.023  1752.420   339.76  157.40
 216958.614  1838.037   230.37  109.34
 217330.139  1861.520    63.20   83.54
 217701.599  1820.745  -109.75  106.89
 218072.993  1769.737  -137.32  110.03
 218444.321  1762.453   -19.61  111.86
 218815.584  1804.303   112.71  120.83
 219186.781  1865.834   165.73  106.54
 219557.913  1896.828    83.50   78.34
 219928.979  1900.325     9.42   82.62
 220299.980  1883.930   -44.18   91.56
 220670.915  1842.910  -110.56  103.81
 221041.785  1791.496  -138.61  115.51
 221412.589  1749.964  -111.99  113.08
 221783.328  1734.655   -41.28  120.02
 222154.002  1774.050   106.26  144.99
 222524.610  1820.939   126.50  115.18
 222895.154  1796.927   -64.79  132.39
 223265.632  1694.346  -276.84  168.00
 223636.045  1621.750  -195.95  128.73
 224006.392  1606.453   -41.30  112.52
 224376.675  1660.618   146.25  116.52
 224746.893  1700.379   107.38   85.31
 225117.045  1659.525  -110.35  147.06
 225487.133  1539.494  -324.27  197.94
 225857.156  1421.392  -319.12  174.22
 226227.114  1337.322  -227.20   81.23
 226597.006  1336.544    -2.10   63.31
 226966.834  1396.000   160.74  100.55
 227336.598  1469.445   198.59  120.75
 227706.296  1571.937   277.18  139.86
 228075.930  1657.806   232.27  149.11
 228445.499  1730.187   195.82  133.96
 228815.003  1776.137   124.33  127.60
 229184.443  1820.762   120.77  124.45
 229553.818  1857.879   100.47  117.31
 229923.128  1910.202   141.65  128.11
 230292.374  1963.470   144.24  118.80
 230661.555  1987.742    65.73   98.57
 231030.672  1959.782   -75.73  118.43
 231399.725  1867.973  -248.72  144.41
 231768.713  1758.653  -296.21  163.56
 232137.636  1638.816  -324.77  150.03
 232506.496  1535.721  -279.44  130.38
 232875.291  1480.720  -149.11   75.46
 233244.021  1506.604    70.19   96.82
 233612.688  1569.348   170.16  113.23
 233981.290  1634.940   177.92   99.21
 234349.828  1647.220    33.31   97.48
 234718.302  1611.099   -98.01  112.92
 235086.712  1582.780   -76.85  102.43
 235455.058  1608.110    68.75  123.84
 235823.340  1671.607   172.38  146.88
 236191.557  1788.487   317.36  136.83
 236559.711  1880.287   249.30  104.03
 236927.801  1907.508    73.94   98.82
 237295.827  1887.543   -54.24  112.55
 237663.789  1848.038  -107.34  109.16
 238031.687  1843.775   -11.58   96.12
 238399.522  1909.494   178.63  139.95
 238767.292  1971.445   168.42  124.14
 239134.999  1983.124    31.76  109.65
 239502.642  1927.248  -151.96  152.49
 239870.222  1793.315  -364.29  183.32
 240237.738  1660.568  -361.13  163.59
 240605.190  1533.303  -346.28  109.02
 240972.579  1459.966  -199.58   56.65
 241339.904  1434.766   -68.59   30.68
 241707.166  1464.912    82.07   79.76
 242074.364  1539.152   202.14  129.81
 242441.499  1625.514   235.18  141.75
 242808.570  1723.361   266.51  112.86
 243175.578  1790.507   182.92  106.93
 243542.523  1845.233   149.11  100.75
 243909.404  1872.440    74.14  102.95
 244285.186  1890.352    47.65  122.21
 244665.136  1895.833    14.42  136.51
 245045.017  1890.075   -15.16  145.51
 245424.829  1873.337   -44.06  112.40
 245804.573  1887.746    37.94   88.25
 246184.249  1911.965    63.78   88.06
 246563.856  1930.235    48.12   84.19
 246943.395  1927.575    -7.01   93.57
 247322.866  1886.137  -109.18  100.21
 247702.268  1859.375   -70.52  101.62
 248081.602  1825.680   -88.81  108.00
 248460.868  1797.999   -72.97  105.96
 248840.066  1741.282  -149.54  116.10
 249219.196  1666.342  -197.62  134.81
 249598.257  1594.209  -190.26  164.93
 249977.251  1516.276  -205.59  153.95
 250356.177  1459.172  -150.67  118.87
 250735.034  1443.455   -41.48  128.55
 251113.824  1481.198    99.62  177.23
 251492.546  1513.396    85.00  207.12
 251871.200  1531.050    46.61  225.80
 252249.787  1512.867   -48.02  227.76
 252628.305  1454.322  -154.64  192.89
 253006.756  1387.420  -176.74  144.21
 253385.139  1350.225   -98.28  110.55
 253763.454  1321.200   -76.71   97.80
 254141.702  1315.850   -14.14  101.25
 254519.882  1292.160   -62.63   80.92
 254897.995  1274.413   -46.93   73.27
 255276.040  1281.904    19.81   90.99
 255654.018  1299.523    46.60  124.43
 256031.928  1344.843   119.90  161.19
 256409.771  1388.387   115.22  165.32
 256787.546  1450.797   165.17  165.54
 257165.254  1529.037   207.10  149.38
 257542.895  1599.275   185.95  129.00
 257920.469  1660.569   162.30   95.70
 258297.975  1650.538   -26.57  112.86
 258675.414  1566.828  -221.74  167.34
 259052.786  1442.050  -330.58  204.64
 259430.091  1274.462  -444.08  191.35
 259807.329  1159.700  -304.15  139.40
 260184.499  1074.487  -225.88   59.67
 260561.603  1044.189   -80.33   23.20
 260938.640  1043.233    -2.53   22.00
 261315.610  1064.283    55.83   41.54
 261692.513  1123.287   156.52   86.01
 262069.349  1200.968   206.09   99.21
 262446.118  1260.482   157.93   82.80
 262822.820  1308.984   128.73   48.35
 263199.456  1332.791    63.19   69.42
 263576.025  1366.562    89.66  119.92
 263952.527  1411.350   118.93  149.90
 264328.963  1472.962   163.64  145.34
 264705.331  1537.436   171.27  114.91
 265081.634  1555.645    48.38   81.11
 265457.870  1522.964   -86.84  120.25
 265834.039  1436.319  -230.28  170.11
 266210.142  1342.737  -248.76  169.12
 266586.178  1262.877  -212.33  132.38
 266962.148  1220.852  -111.75  105.59
 267338.052  1212.186   -23.05  123.36
 267713.889  1239.242    71.97  135.46
 268089.660  1290.025   135.11  139.34
 268465.365  1344.370   144.62  132.72
 268841.003  1371.855    73.15   95.24
 269216.575  1362.493   -24.92   70.38
 269592.082  1321.050  -110.34   80.26
 269967.522  1277.703  -115.43   81.68
 270342.895  1213.123  -172.00   93.47
 270718.203  1122.404  -241.66  130.43
 271093.445  1061.116  -163.29  131.39
 271468.621  1002.798  -155.41   96.46
