-244388.644  1719.354     0.00  122.65
-244017.976  1802.836   225.18  132.90
-243647.239  1836.471    90.71  103.87
-243276.432  1809.296   -73.27  131.41
-242905.556  1749.225  -161.94  146.96
-242534.611  1711.434  -101.86  111.20
-242163.597  1736.682    68.04  119.94
-241792.513  1807.047   189.58  141.89
-241421.360  1899.341   248.62  121.03
-241050.138  1923.373    64.73  105.19
-240678.846  1881.136  -113.74  140.96
-240307.484  1819.906  -164.85  150.21
-239936.053  1778.518  -111.41  124.26
-239564.552  1805.682    73.11  136.92
-239192.982  1861.209   149.41  111.28
-238821.342  1881.131    53.59   95.88
-238449.632  1843.314  -101.72  136.18
-238077.853  1768.081  -202.32  160.15
-237706.004  1689.831  -210.40  158.48
-237334.085  1621.733  -183.07  167.43
-236962.096  1537.791  -225.62  162.36
-236590.038  1478.724  -158.73  117.80
-236217.909  1481.329     7.00  120.15
-235845.710  1545.282   171.79  173.03
-235473.442  1644.329   266.01  172.85
-235101.103  1716.430   193.61  136.76
-234728.694  1765.247   131.06  109.77
-234356.215  1754.713   -28.28  104.38
-233983.666  1675.711  -212.02  151.39
-233611.047  1566.917  -291.92  188.49
-233238.357  1455.571  -298.71  118.37
-232865.598  1452.209    -9.02  116.18
-232492.767  1546.429   252.67  180.68
-232119.867  1669.345   329.56  169.49
-231746.896  1747.074   208.37  116.32
-231373.855  1715.860   -83.66  157.68
-231000.743  1643.309  -194.42  156.33
-230627.560  1564.333  -211.59  106.05
-230254.307  1532.833   -84.38   81.89
-229880.984  1547.919    40.40   93.69
-229507.590  1546.889    -2.76   99.17
-229134.125  1549.721     7.58   78.76
-228760.589  1526.475   -62.22   79.06
-228386.983  1500.221   -70.26   96.78
-228013.305  1480.667   -52.32  114.92
-227639.557  1442.299  -102.64  115.80
-227265.738  1445.150     7.63  104.55
-226891.849  1423.716   -57.32   95.79
-226517.888  1374.188  -132.42  101.03
-226143.856  1340.337   -90.49  103.74
-225769.753  1314.235   -69.76  105.44
-225395.579  1321.805    20.23  109.83
-225021.334  1346.469    65.89   98.50
-224647.018  1351.517    13.48   63.23
-224272.630  1328.025   -62.74   55.43
-223898.171  1281.570  -124.04   70.04
-223523.641  1233.716  -127.75   67.49
-223149.040  1198.989   -92.69   63.58
-222774.367  1174.207   -66.13   57.49
-222399.623  1151.402   -60.84   53.47
-222024.807  1127.704   -63.22   55.29
-221649.920  1096.874   -82.22   58.45
-221274.962  1063.298   -89.53   52.58
-220899.931  1033.138   -80.41   54.55
-220524.830  1003.819   -78.15   51.02
-220149.656   981.035   -60.72   37.82
-219774.411   969.458   -30.85   35.37
-219399.094   977.391    21.13   59.42
-219023.705   990.000    33.58   81.55
-218648.245  1006.471    43.86   96.94
-218272.712  1036.434    79.77  119.08
-217897.108  1059.128    60.41  131.64
-217521.432  1095.976    98.07  135.82
-217145.684  1119.609    62.89  140.04
-216769.864  1134.116    38.59  150.48
-216393.971  1157.453    62.07  162.18
-216018.007  1175.786    48.75  177.66
-215641.970  1179.161     8.97  171.10
-215265.861  1151.663   -73.10  156.40
-214889.681  1074.163  -205.98  133.58
-214513.427  1033.930  -106.91   93.36
-214137.102  1040.106    16.41   83.38
-213760.704  1111.271   189.04  128.89
-213384.233  1208.489   258.19  139.07
-213007.691  1312.060   275.01  136.89
-212631.075  1362.094   132.83  121.33
-212254.388  1364.761     7.08  108.33
-211877.627  1325.750  -103.53  113.42
-211500.794  1274.895  -134.93  108.96
-211123.889  1226.163  -129.28  117.82
-210746.910  1182.674  -115.34  130.19
-210369.859  1131.442  -135.85  149.05
-209992.736  1108.398   -61.10  141.41
-209615.539  1117.771    24.85  134.50
-209238.270  1145.816    74.32  148.41
-208860.927  1176.071    80.17  154.18
-208483.512  1132.678  -114.96  152.44
-208106.024  1110.807   -57.93  126.34
-207728.462  1133.860    61.05  132.70
-207350.828  1202.341   181.31  145.84
-206973.120  1270.239   179.73  121.84
-206595.340  1291.793    57.05  113.47
-206217.486  1259.859   -84.50  112.56
-205839.559  1183.244  -202.69  129.49
-205461.558  1070.739  -297.59  142.66
-205083.485   998.062  -192.20  130.11
-204705.338   993.966   -10.83  150.34
-204327.117  1002.133    21.59  171.67
-203948.823   981.678   -54.06  164.45
-203570.456   913.547  -180.04  169.47
-203192.015   833.360  -211.85  145.76
-202813.501   757.476  -200.45  119.00
-202434.913   713.045  -117.34  109.57
-202056.251   687.678   -66.98   87.89
-201677.515   672.482   -40.12   75.36
-201298.706   681.182    22.96  103.73
-200919.823   695.376    37.46  130.36
-200540.866   688.930   -17.01  128.90
-200161.835   673.500   -40.70  111.24
-199782.731   650.299   -61.19   80.39
-199403.552   636.244   -37.06   54.91
-199024.300   620.287   -42.07   33.18
-198644.973   614.619   -14.94   19.49
-198265.572   609.593   -13.25   11.55
-197886.097   605.309   -11.29    8.76
-197506.548   601.837    -9.14    9.48
-197126.925   584.598   -45.41   32.78
-196747.228   548.284   -95.62   52.80
-196367.456   514.049   -90.13   45.61
-195987.610   492.352   -57.11   24.11
-195607.689   493.964     4.24   23.38
-195227.694   531.920    99.87   65.94
-194847.624   614.767   217.95  118.28
-194467.480   725.884   292.26  155.57
-194087.262   897.011   450.01  187.06
-193706.969  1069.045   452.30  214.69
-193326.601  1270.333   529.11  215.21
-192953.655  1451.103   484.64  209.61
-192587.480  1591.709   383.93  154.82
-192221.237  1650.356   160.11  112.04
-191854.925  1641.247   -24.86  138.73
-191488.544  1603.733  -102.38  133.15
-191122.095  1605.807     5.66  119.98
-190755.578  1657.573   141.22  119.10
-190388.992  1715.622   158.33  105.04
-190022.337  1720.287    12.72  117.98
-189655.614  1673.821  -126.69  147.39
-189288.821  1636.057  -102.94  123.54
-188921.960  1650.518    39.41  112.98
-188555.030  1706.966   153.82  119.04
-188188.032  1746.329   107.24   98.52
-187820.964  1759.330    35.41   93.86
-187453.828  1744.674   -39.91  105.63
-187086.622  1722.036   -61.64   93.88
-186719.348  1708.670   -36.39   71.94
-186352.005  1719.169    28.57   69.96
-185984.592  1720.885     4.67   72.80
-185617.110  1704.309   -45.10   83.51
-185249.560  1655.852  -131.82   89.76
-184881.940  1616.659  -106.60   82.54
-184514.250  1608.044   -23.42   98.29
-184146.492  1600.571   -20.32  101.00
-183778.664  1585.818   -40.10   94.31
-183410.767  1568.291   -47.64   88.66
-183042.800  1521.872  -126.13   76.74
-182674.764  1472.727  -133.51   81.72
-182306.659  1420.932  -140.69   84.87
-181938.484  1381.788  -106.30   70.16
-181570.239  1363.035   -50.92   71.24
-181201.925  1359.767    -8.87   83.12
-180833.541  1351.714   -21.86   90.46
-180465.088  1318.000   -91.49   95.31
-180096.565  1271.667  -125.71   88.24
-179727.972  1231.448  -109.10   72.70
-179359.309  1197.901   -90.98   40.50
-178990.577  1190.140   -21.05   36.55
-178621.774  1190.256     0.32   38.57
-178252.902  1198.161    21.43   36.03
-177883.960  1207.759    26.01   36.36
-177514.948  1217.011    25.07   34.14
-177145.866  1214.894    -5.74   34.55
-176776.713  1197.250   -47.79   40.46
-176407.491  1172.116   -68.06   43.11
-176038.199  1136.116   -97.47   42.65
-175668.836  1105.295   -83.43   40.42
-175299.403  1083.364   -59.36   31.10
-174929.900  1070.612   -34.51   29.14
-174560.326  1079.770    24.78   43.22
-174190.683  1102.614    61.79   47.54
-173820.969  1127.250    66.63   39.79
-173451.184  1135.230    21.58   26.22
-173081.329  1118.709   -44.66   32.83
-172711.403  1092.545   -70.72   39.13
-172341.407  1069.253   -62.94   31.90
-171971.341  1069.057    -0.53   33.59
-171601.203  1088.598    52.79   47.45
-171230.995  1132.011   117.25   50.58
-170860.717  1173.183   111.18   42.87
-170490.367  1207.011    91.33   45.01
-170119.947  1239.857    88.66   42.76
-169749.456  1266.045    70.68   39.58
-169378.894  1279.548    36.43   29.73
-169008.261  1264.182   -41.45   46.75
-168637.558  1225.046  -105.56   73.36
-168266.783  1152.648  -195.24  102.55
-167895.937  1065.941  -233.78  130.86
-167525.020   974.494  -246.51  129.41
-167154.033   908.193  -178.69   93.21
-166782.973   883.767   -65.82   54.68
-166411.843   932.534   131.38  112.03
-166040.642  1022.882   243.36  150.35
-165669.369  1113.674   244.51  152.28
-165298.025  1211.644   263.79  114.29
-164926.610  1272.069   162.67   77.98
-164555.123  1300.744    77.18   64.37
-164183.565  1314.713    37.59   55.01
-163811.935  1325.812    29.86   45.53
-163440.234  1339.193    36.00   35.28
-163068.461  1353.859    39.44   20.84
-162696.617  1360.382    17.54   21.88
-162324.701  1368.345    21.41   19.82
-161952.713  1378.648    27.69   19.52
-161580.653  1392.036    35.98   19.17
-161208.522  1402.379    27.79   17.43
-160836.319  1409.458    19.02   14.24
-160464.044  1413.933    12.02   12.45
-160091.698  1417.317     9.09   11.41
-159719.279  1411.341   -16.04   21.87
-159346.788  1401.634   -26.06   28.40
-158974.226  1378.966   -60.84   44.18
-158601.591  1351.598   -73.44   55.04
-158228.884  1296.345  -148.23   93.19
-157856.106  1232.807  -170.42  107.17
-157483.254  1225.833   -18.70  104.42
-157110.331  1246.470    55.33  113.08
-156737.336  1314.551   182.50  105.38
-156364.268  1380.435   176.58   37.23
-155991.128  1385.000    12.23   43.71
-155617.915  1370.595   -38.59   65.43
-155244.630  1359.409   -29.96   62.96
-154871.272  1359.930     1.40   52.95
-154497.842  1376.427    44.17   47.90
-154124.340  1396.753    54.41   42.77
-153750.765  1420.739    64.20   28.71
-153377.117  1431.384    28.49   17.95
-153003.397  1430.102    -3.43   17.20
-152629.603  1421.895   -21.95   25.57
-152255.737  1406.989   -39.87   32.98
-151881.799  1387.391   -52.40   43.37
-151507.787  1349.511  -101.27   61.34
-151133.703  1296.609  -141.40   75.72
-150759.545  1256.067  -108.34   69.03
-150385.315  1240.828   -40.72   55.85
-150011.011  1243.727     7.75   50.92
-149636.635  1251.667    21.20   34.29
-149262.185  1245.839   -15.56   31.00
-148887.662  1231.965   -37.04   39.14
-148513.067  1220.736   -29.97   43.96
-148138.397  1211.540   -24.54   47.12
-147763.655  1210.573    -2.58   52.61
-147388.839  1204.115   -17.23   60.31
-147013.950  1205.618     4.01   70.98
-146638.988  1204.136    -3.95   78.78
-146263.952  1197.545   -17.57   81.20
-145888.842  1187.391   -27.07   78.82
-145513.659  1145.540  -111.53   95.41
-145138.403  1074.448  -189.43  121.77
-144763.073   999.830  -198.79  113.79
-144387.669   947.602  -139.11   74.46
-144012.191   937.910   -25.81   54.00
-143636.640   965.023    72.19   82.51
-143261.015  1003.023   101.15   97.08
-142885.316  1036.172    88.23  100.97
-142509.543  1066.517    80.74   97.40
-142133.697  1085.826    51.37   95.25
-141757.776  1118.614    87.21   97.97
-141381.781  1142.897    64.58   96.10
-141005.713  1170.398    73.12   94.17
-140629.570  1183.655    35.24   91.72
-140253.353  1201.789    48.20   86.50
-139877.062  1224.349    59.95   89.17
-139500.696  1256.820    86.27   88.90
-139124.257  1288.230    83.43   86.81
-138747.743  1324.568    96.50   78.66
-138371.155  1356.558    84.94   72.17
-137994.492  1374.034    46.39   65.15
-137617.755  1376.209     5.77   68.27
-137240.943  1359.633   -43.99   73.80
-136864.057  1338.628   -55.73   78.36
-136487.097  1313.667   -66.21   72.59
-136110.061  1283.012   -81.30   64.41
-135732.952  1246.682   -96.33   60.98
-135355.767  1210.917   -94.81   52.72
-134978.507  1175.427   -94.06   49.01
-134601.173  1152.256   -61.40   40.37
-134223.764  1140.839   -30.25   36.87
-133846.280  1144.325     9.23   41.71
-133468.722  1146.156     4.85   41.46
-133091.088  1141.810   -11.51   43.52
-132713.379  1124.043   -47.03   47.79
-132335.595  1100.024   -63.57   29.78
-131957.736  1089.989   -26.55   20.57
-131579.802  1087.866    -5.62   18.73
-131201.793  1088.742     2.32   17.86
-130823.708  1093.810    13.40   18.63
-130445.548  1096.591     7.35   18.48
-130067.313  1093.686    -7.68   20.81
-129689.003  1086.956   -17.79   24.26
-129310.617  1095.126    21.59   43.84
-128932.155  1123.708    75.51   67.17
-128553.619  1152.136    75.09   65.21
-128175.006  1182.159    79.29   61.92
-127796.318  1190.184    21.19   54.80
-127417.555  1187.356    -7.46   51.84
-127038.715  1204.195    44.44   61.57
-126659.800  1232.448    74.56   75.03
-126280.809  1269.944    98.93   65.97
-125901.743  1288.159    48.05   50.62
-125522.600  1276.719   -30.17   51.35
-125143.382  1255.425   -56.15   49.70
-124764.087  1229.404   -68.60   44.47
-124384.717  1207.552   -57.60   30.89
-124005.271  1188.589   -49.97   24.85
-123625.748  1176.529   -31.77   20.99
-123246.149  1167.483   -23.83   18.71
-122866.475  1161.188   -16.58   16.98
-122486.724  1161.879     1.82   19.67
-122106.896  1170.000    21.38   36.63
-121726.993  1174.875    12.83   41.76
-121347.013  1177.488     6.88   39.86
-120966.956  1160.416   -44.92   39.51
-120586.823  1135.988   -64.26   30.37
-120206.614  1116.602   -50.98   24.70
-119826.328  1101.628   -39.37   17.93
-119445.966  1094.589   -18.50   13.81
-119065.527  1092.966    -4.27    9.28
-118685.011  1086.133   -17.95   14.95
-118307.363  1076.281   -26.09   19.93
-117941.405  1064.567   -32.01   22.92
-117575.378  1054.430   -27.69   23.01
-117209.280  1046.368   -22.02   27.46
-116843.112  1034.217   -33.18   36.99
-116476.873  1021.000   -36.09   38.56
-116110.565  1006.905   -38.48   33.10
-115744.186  1006.831    -0.20   35.81
-115377.737  1002.839   -10.89   41.06
-115011.217  1009.236    17.45   37.68
-114644.627  1014.568    14.54   33.64
-114277.967  1024.667    27.54   31.72
-113911.236  1035.427    29.34   30.60
-113544.435  1042.326    18.81   35.53
-113177.563  1033.022   -25.36   43.80
-112810.620  1014.738   -49.82   52.91
-112443.607  1028.522    37.55   73.59
-112076.523  1057.977    80.23   93.48
-111709.368  1122.308   175.20  141.35
-111342.143  1203.897   222.16  155.41
-110974.846  1250.878   127.90  148.99
-110607.479  1225.494   -69.09  167.25
-110240.041  1170.807  -148.82  146.32
-109872.532  1142.489   -77.05   98.97
-109504.952  1170.652    76.61  108.19
-109137.301  1235.739   177.02  113.12
-108769.579  1306.563   192.59  113.64
-108401.786  1357.393   138.19  116.47
-108033.922  1391.060    91.51  130.35
-107665.987  1417.371    71.50  134.87
-107297.980  1433.795    44.63  133.41
-106929.902  1473.250   107.18  126.68
-106561.753  1515.640   115.13  114.98
-106193.532  1530.467    40.26   95.62
-105825.240  1524.831   -15.30  109.75
-105456.877  1520.022   -13.05  116.77
-105088.442  1515.667   -11.82  119.82
-104719.935  1502.326   -36.20  134.02
-104351.358  1467.697   -93.95  151.87
-103982.708  1382.057  -232.29  126.72
-103613.987  1319.956  -168.41   94.68
-103245.194  1286.747   -90.04   97.23
-102876.329  1272.055   -39.83  107.02
-102507.393  1249.800   -60.32  125.13
-102138.385  1199.670  -135.84  134.95
-101769.305  1133.726  -178.66  117.79
-101400.153  1061.202  -196.45  140.13
-101030.929   978.081  -225.11  142.13
-100661.633   897.101  -219.27  120.31
-100292.266   840.942  -152.03   76.83
 -99922.826   819.708   -57.47   56.57
 -99553.314   823.908    11.37   78.23
 -99183.730   824.933     2.77   86.71
 -98814.073   795.091   -80.72   84.00
 -98444.345   759.273   -96.87   70.92
 -98074.544   720.800  -104.03   53.90
 -97704.671   694.170   -71.99   49.88
 -97334.726   687.191   -18.86   44.86
 -96964.708   704.116    45.74   64.07
 -96594.618   758.889   147.99   94.69
 -96224.455   854.259   257.62  124.19
 -95854.220   960.407   286.68  150.47
 -95483.912  1066.143   285.52  142.57
 -95113.532  1160.043   253.51  135.39
 -94743.079  1243.407   225.02  125.64
 -94372.553  1331.725   238.34  133.21
 -94001.954  1387.034   149.23   97.40
 -93631.283  1365.089   -59.20  116.26
 -93260.539  1284.547  -217.23  150.12
 -92889.722  1136.308  -399.74  148.15
 -92518.832  1038.345  -264.11  118.65
 -92147.870   990.614  -128.66   72.19
 -91776.834  1017.011    71.14  100.01
 -91405.725  1110.888   252.94  141.72
 -91034.543  1226.978   312.74  139.15
 -90663.289  1304.966   210.05  109.80
 -90291.960  1320.244    41.14  106.98
 -89920.559  1276.621  -117.45  138.78
 -89549.085  1185.090  -246.38  132.24
 -89177.537  1102.678  -221.79   90.60
 -88805.916  1082.244   -54.98   75.31
 -88434.221  1088.233    16.11   92.26
 -88062.453  1085.516    -7.31   94.04
 -87690.612  1070.869   -39.39   88.50
 -87318.697  1029.670  -110.77   73.98
 -86946.708   990.930  -104.14   46.41
 -86574.646   964.022   -72.32   48.02
 -86202.511   933.384   -82.32   61.84
 -85830.301   890.359  -115.59   80.08
 -85458.018   832.107  -156.46   77.50
 -85085.661   786.473  -122.55   57.79
 -84713.231   768.047   -49.47   49.79
 -84340.726   747.100   -56.23   83.94
 -83968.148   726.907   -54.19  133.21
 -83595.496   638.854  -236.27  183.37
 -83222.769   554.932  -225.14  178.66
 -82849.969   454.209  -270.16  134.17
 -82477.095   400.701  -143.49   88.64
 -82104.146   382.247   -49.48   51.81
 -81731.123   396.534    38.30   61.14
 -81358.026   418.573    59.07   60.67
 -80984.855   433.056    38.81   53.94
 -80611.610   436.267     8.60   45.82
 -80238.290   425.889   -27.80   45.64
 -79864.896   404.289   -57.84   31.82
 -79491.428   393.034   -30.14   21.33
 -79117.885   385.648   -19.77   21.87
 -78744.267   379.461   -16.56   23.32
 -78370.575   370.466   -24.07   19.52
 -77996.809   363.165   -19.53   11.66
 -77622.967   359.222   -10.55    8.48
 -77249.051   356.833    -6.39    8.46
 -76875.061   354.722    -5.64    8.24
 -76500.995   352.544    -5.82    6.36
 -76126.855   350.876    -4.46    4.32
 -75752.640   349.901    -2.61    2.32
 -75378.350   349.693    -0.56    1.46
 -75003.985   349.901     0.56    1.27
 -74629.545   350.326     1.13    1.00
 -74255.030   350.505     0.48    0.85
 -73880.439   350.512     0.02    0.79
 -73505.774   350.270    -0.65    0.64
 -73131.034   349.786    -1.29    0.71
 -72756.218   348.539    -3.33    3.33
 -72381.327   347.179    -3.63    4.78
 -72006.361   346.333    -2.25    5.53
 -71631.319   345.659    -1.80    6.54
 -71256.202   346.923     3.37    7.72
 -70881.010   349.452     6.74    8.20
 -70505.742   353.000     9.45    6.99
 -70130.399   356.442     9.17    2.33
 -69754.980   355.870    -1.52    2.36
 -69379.485   354.267    -4.27    2.51
 -69003.915   351.424    -7.57    3.81
 -68628.269   349.523    -5.06    3.78
 -68252.547   348.587    -2.49    4.29
 -67876.749   348.452    -0.36    4.87
 -67500.876   348.352    -0.27    4.90
 -67124.926   346.679    -4.45    5.52
 -66748.901   343.275    -9.05    6.58
 -66372.800   338.988   -11.40    5.34
 -65996.622   335.333    -9.72    4.07
 -65620.369   333.000    -6.20    3.66
 -65244.039   330.820    -5.79    3.55
 -64867.634   329.167    -4.39    3.39
 -64491.152   327.389    -4.72    3.39
 -64114.594   325.788    -4.25    3.05
 -63737.959   324.264    -4.05    2.87
 -63361.248   323.059    -3.20    2.25
 -62984.461   322.440    -1.64    1.84
 -62607.597   321.976    -1.23    1.50
 -62230.657   321.901    -0.20    1.42
 -61853.640   321.860    -0.11    1.42
 -61476.547   321.696    -0.44    1.64
 -61099.377   321.744     0.13    1.98
 -60722.130   321.837     0.25    2.03
 -60344.807   322.070     0.62    1.85
 -59967.407   322.283     0.56    1.49
 -59589.930   322.299     0.04    1.19
 -59212.376   322.077    -0.59    0.93
 -58834.745   320.773    -3.45    2.44
 -58457.038   319.714    -2.80    2.59
 -58079.253   319.207    -1.34    2.23
 -57701.391   319.174    -0.09    1.88
 -57323.452   319.425     0.67    1.90
 -56945.436   319.824     1.06    1.82
 -56567.343   320.314     1.30    1.90
 -56189.173   322.110     4.75    3.98
 -55810.925   326.318    11.13    7.26
 -55432.600   330.626    11.39    8.47
 -55054.198   336.170    14.65    7.54
 -54675.718   340.132    10.47    5.40
 -54297.161   343.705     9.44    3.91
 -53918.526   346.456     7.27    5.29
 -53539.813   352.932    17.10   13.06
 -53161.023   359.725    17.93   16.63
 -52782.156   366.523    17.94   18.46
 -52403.210   369.567     8.03   18.94
 -52024.187   370.644     2.84   16.78
 -51645.086   372.622     5.22   12.95
 -51265.908   374.078     3.84   10.01
 -50886.651   374.596     1.37    8.16
 -50507.316   378.611    10.59    7.71
 -50127.904   383.011    11.60    7.45
 -49748.413   387.882    12.83    8.20
 -49368.844   393.341    14.38    8.02
 -48989.198   396.604     8.60    7.83
 -48609.473   399.420     7.42    8.17
 -48229.669   399.758     0.89    8.25
 -47849.788   399.965     0.54    8.73
 -47469.828   416.804    44.32   42.76
 -47089.790   435.919    50.29   57.64
 -46709.673   437.882     5.16   55.67
 -46329.478   432.529   -14.08   53.22
 -45949.204   417.548   -39.39   44.35
 -45568.852   403.128   -37.91   40.87
 -45188.421   381.196   -57.65   55.78
 -44807.912   358.070   -60.77   70.95
 -44427.323   295.674  -163.94  112.22
 -44046.657   226.897  -180.67  102.31
 -43665.911   157.204  -183.04   87.34
 -43298.196    99.558  -156.76   39.11
 -42932.390    81.913   -48.23   27.78
 -42566.512    71.221   -29.22    3.17
 -42200.562    71.935     1.95    2.96
 -41834.541    73.089     3.15    3.13
 -41468.447    73.944     2.34    2.94
 -41102.281    73.696    -0.68    3.60
 -40736.044    71.775    -5.24    4.19
 -40369.734    70.604    -3.20    4.18
 -40003.352    69.807    -2.18    3.21
 -39636.898    69.913     0.29    2.43
 -39270.372    70.141     0.62    2.42
 -38903.774    69.402    -2.02    2.86
 -38537.103    67.414    -5.42    3.50
 -38170.360    63.130   -11.68    7.64
 -37803.545    55.611   -20.50   12.98
 -37436.657    45.132   -28.56   15.78
 -37069.697    36.011   -24.85   14.92
 -36702.664    26.573   -25.71    9.19
 -36335.559    23.703    -7.82    5.17
 -35968.381    24.784     2.94    5.26
 -35601.131    27.011     6.06    4.03
 -35233.808    28.442     3.89    5.86
 -34866.412    30.239     4.89   11.11
 -34498.943    33.895     9.95   14.60
 -34131.402    41.560    20.85   17.45
 -33763.787    46.705    13.99   16.42
 -33396.100    51.172    12.15   14.09
 -33028.340    49.078    -5.69   17.06
 -32660.507    43.903   -14.07   18.39
 -32292.601    39.456   -12.09   17.06
 -31924.622    37.978    -4.01   14.88
 -31556.570    38.912     2.54   11.76
 -31188.445    41.989     8.36    9.84
 -30820.246    44.804     7.65    7.88
 -30451.974    47.942     8.52    1.30
 -30083.629    47.870    -0.20    0.60
 -29715.211    47.730    -0.38    0.49
 -29346.719    46.870    -2.34    2.23
 -28978.154    45.011    -5.04    4.43
 -28609.516    40.761   -11.53    7.82
 -28240.804    35.300   -14.81   10.28
 -27872.018    27.411   -21.39   11.34
 -27503.159    20.902   -17.65    9.49
 -27134.226    15.622   -14.31    5.23
 -26765.220    13.728    -5.13    2.89
 -26396.140    13.114    -1.67    2.00
 -26026.986    13.720     1.64    2.21
 -25657.758    14.058     0.91    2.52
 -25288.457    14.258     0.54    3.00
 -24919.081    14.295     0.10    3.43
 -24549.632    13.511    -2.12    3.55
 -24180.109    12.989    -1.41    3.53
 -23810.511    12.935    -0.15    3.81
 -23440.840    12.484    -1.22    3.73
 -23071.094    12.055    -1.16    3.77
 -22701.275    11.165    -2.41    2.99
 -22331.381    10.056    -3.00    0.28
 -21961.413    13.934    10.48   12.35
 -21591.370    36.932    62.15   47.00
 -21221.254    73.935    99.97   76.37
 -20851.063   132.172   157.32  100.34
 -20480.797   192.484   162.88  103.09
 -20110.457   238.698   124.79   83.51
 -19740.043   225.641   -35.25   82.65
 -19369.554   188.012  -101.57  100.60
 -18998.990   130.120  -156.22   95.28
 -18628.352    72.000  -156.81   50.64
 -18257.639    39.141   -88.64   31.80
 -17886.852    21.614   -47.27   19.24
 -17515.989    12.151   -25.52    8.60
 -17145.052    10.000    -5.80    0.00
 -16774.040    10.000     0.00    0.00
 -16402.953    10.000     0.00    0.00
 -16031.791    10.086     0.23    0.48
 -15660.554    10.418     0.89    1.27
 -15289.242    10.826     1.10    1.81
 -14917.855    11.247     1.13    2.21
 -14546.393    11.644     1.07    2.55
 -14174.856    11.609    -0.10    2.49
 -13803.243    11.558    -0.14    2.21
 -13431.555    11.217    -0.92    1.74
 -13059.792    11.326     0.29    1.63
 -12687.954    11.902     1.55    2.15
 -12316.040    11.977     0.20    3.88
 -11944.050    11.620    -0.96    5.81
 -11571.985    11.544    -0.20    6.62
 -11199.845    13.337     4.82    8.19
 -10827.629    16.756     9.18    9.38
 -10455.337    20.549    10.19    8.55
 -10082.970    23.290     7.36    7.03
  -9710.527    24.264     2.61    5.78
  -9338.008    24.419     0.42    5.11
  -8965.413    24.811     1.05    4.45
  -8592.743    25.533     1.94    4.84
  -8219.997    25.730     0.53    5.24
  -7847.174    26.204     1.27    5.46
  -7474.276    25.773    -1.16    5.31
  -7101.302    25.859     0.23    5.56
  -6728.251    24.593    -3.39    6.09
  -6355.124    21.109    -9.34    9.28
  -5981.922    14.867   -16.73   12.01
  -5608.643     9.054   -15.57   11.41
  -5235.287     3.264   -15.51    7.89
  -4861.856     0.075    -8.54    0.73
  -4488.348     0.000    -0.20    0.00
  -4114.763     0.000     0.00    0.00
  -3741.102     0.000     0.00    0.00
  -3367.365     0.000     0.00    0.00
  -2993.551     0.000     0.00    0.00
  -2619.661     0.000     0.00    0.00
  -2245.693     0.000     0.00    0.00
  -1871.650     0.000     0.00    0.00
  -1497.529     0.000     0.00    0.00
  -1123.332     0.022     0.06    0.21
   -749.057     0.033     0.03    0.23
   -374.706     0.011    -0.06    0.10
     -0.278     0.000    -0.03    0.00
    374.227     0.000     0.00    0.00
    748.809     0.000     0.00    0.00
   1123.468     0.000     0.00    0.00
   1498.204     0.000     0.00    0.00
   1873.018     0.000     0.00    0.00
   2247.908     0.000     0.00    0.00
   2622.876     0.700     1.87    3.16
   2997.921     3.677     7.94    7.59
   3373.044     7.656    10.60    9.83
   3748.244    11.624    10.58   10.76
   4123.521    14.933     8.82    9.96
   4498.876    16.576     4.38    8.77
   4874.308    18.211     4.36    7.37
   5249.818    19.054     2.25    6.29
   5625.406    20.386     3.55    4.25
   6001.071    20.978     1.58    3.72
   6376.814    21.483     1.34    3.42
   6752.635    21.489     0.02    3.60
   7128.534    21.178    -0.83    3.91
   7504.510    20.376    -2.13    4.45
   7880.565    19.385    -2.64    5.04
   8256.697    17.717    -4.43    5.79
   8632.908    14.641    -8.18    7.80
   9009.196    11.315    -8.84    8.11
   9385.563    10.286    -2.74    7.44
   9762.008    12.348     5.48    7.79
  10138.531    15.922     9.49    8.09
  10515.132    17.548     4.32    9.71
  10891.811    16.489    -2.81   11.57
  11268.569    14.691    -4.77   12.80
  11645.406    12.253    -6.47   13.78
  12022.320     9.624    -6.98   13.48
  12399.314     7.429    -5.82   13.19
  12776.385     5.489    -5.14   12.16
  13153.536     4.527    -2.55   11.75
  13530.765     3.043    -3.94    9.85
  13908.073     2.011    -2.73    8.45
  14285.459    -0.158    -5.75    3.80
  14662.925    -0.956    -2.11    0.42
  15040.469    -1.000    -0.12    0.00
  15418.092    -1.000     0.00    0.00
  15795.794    -1.000     0.00    0.00
  16173.575    -1.000     0.00    0.00
  16551.435    -1.000     0.00    0.00
  16929.374    -1.000     0.00    0.00
  17307.392    -1.000     0.00    0.00
  17685.489    -0.945     0.15    0.27
  18063.666    -0.731     0.57    0.49
  18441.922    -0.440     0.77    0.54
  18820.257    -0.191     0.66    0.45
  19198.672     0.011     0.54    0.11
  19577.166     0.000    -0.03    0.00
  19955.740     0.000     0.00    0.00
  20334.393     0.000     0.00    0.00
  20713.125     0.000     0.00    0.00
  21091.938     0.000     0.00    0.00
  21470.830     0.000     0.00    0.00
  21849.801     0.000     0.00    0.00
  22228.853     0.000     0.00    0.00
  22607.984     0.000     0.00    0.00
  22987.195     0.000     0.00    0.00
  23366.486     0.000     0.00    0.00
  23745.857     0.000     0.00    0.00
  24125.309     0.011     0.03    0.10
  24504.840     1.484     3.88    5.88
  24884.451     2.867     3.64    8.26
  25264.143     5.183     6.10   11.02
  25643.914     6.722     4.05   12.07
  26023.766    10.064     8.80   14.80
  26403.699    11.600     4.04   15.82
  26783.711    13.468     4.92   16.93
  27163.804    14.911     3.80   17.11
  27543.978    16.904     5.24   17.60
  27924.232    21.120    11.09   18.09
  28304.567    26.194    13.34   17.76
  28684.982    33.484    19.16   16.64
  29065.478    41.011    19.78   12.03
  29446.055    47.077    15.94    6.74
  29826.713    50.484     8.95    5.25
  30207.451    52.944     6.46    3.24
  30588.270    54.258     3.45    1.25
  30969.170    53.977    -0.74    1.70
  31341.965    52.936    -2.79    2.23
  31707.544    52.044    -2.44    2.25
  32073.196    51.848    -0.54    2.42
  32438.921    50.828    -2.79    3.61
  32804.721    47.660    -8.66    6.19
  33170.594    37.882   -26.73   16.69
  33536.540    25.411   -34.08   18.44
  33902.561    17.430   -21.81   14.15
  34268.655    11.523   -16.14    6.49
  34634.823    14.914     9.26    6.24
  35001.065    19.495    12.51    6.47
  35367.380    23.913    12.06    5.76
  35733.770    26.500     7.06    5.07
  36100.234    28.817     6.32    5.26
  36466.772    29.394     1.57    5.35
  36833.384    28.111    -3.50    6.65
  37200.070    25.681    -6.63    7.12
  37566.831    22.151    -9.62    6.36
  37933.665    21.484    -1.82    5.73
  38300.574    24.462     8.12    8.93
  38667.557    29.613    14.04   11.05
  39034.615    35.538    16.14   11.18
  39401.747    42.935    20.15    6.64
  39768.954    43.883     2.58    7.25
  40136.235    41.880    -5.45    9.29
  40503.590    38.957    -7.96   10.05
  40871.021    36.299    -7.23    9.59
  41238.525    36.763     1.26    9.26
  41606.105    40.310     9.65    9.58
  41973.759    44.365    11.03    9.44
  42341.488    48.363    10.87    7.32
  42709.292    51.624     8.87    2.60
  43077.171    53.000     3.74    2.56
  43445.125    54.570     4.27    2.99
  43813.153    56.223     4.49    3.42
  44181.257    58.207     5.39    3.13
  44549.436    59.574     3.72    2.76
  44917.690    60.954     3.75    1.90
  45286.019    61.702     2.03    1.35
  45654.423    62.218     1.40    0.80
  46022.902    62.277     0.16    0.59
  46391.457    62.209    -0.18    0.46
  46760.087    62.054    -0.42    0.31
  47128.793    62.011    -0.12    0.28
  47497.574    62.043     0.09    0.33
  47866.430    62.098     0.15    0.33
  48235.362    62.076    -0.06    0.45
  48604.369    61.979    -0.26    0.58
  48973.452    61.798    -0.49    0.69
  49342.611    61.527    -0.73    0.67
  49711.845    61.195    -0.90    0.57
  50081.155    60.851    -0.93    0.60
  50450.541    60.533    -0.86    0.60
  50820.003    60.106    -1.16    0.71
  51189.541    59.678    -1.16    0.83
  51559.154    59.358    -0.87    0.94
  51928.844    59.163    -0.53    1.03
  52298.610    59.255     0.25    1.14
  52668.451    59.598     0.93    1.38
  53038.369    60.304     1.91    1.66
  53408.363    61.223     2.48    2.13
  53778.433    62.292     2.89    2.56
  54148.579    63.865     4.25    3.23
  54518.802    65.489     4.39    3.26
  54889.101    66.789     3.51    3.63
  55259.477    68.326     4.15    3.73
  55629.929    70.064     4.69    3.71
  56000.457    71.739     4.52    3.61
  56371.062    73.319     4.26    3.59
  56741.743    74.298     2.64    3.60
  57112.502    76.022     4.65    3.85
  57483.336    77.189     3.15    4.03
  57854.248    79.044     5.00    4.04
  58225.236    80.883     4.96    4.14
  58596.301    82.692     4.88    3.97
  58967.443    84.232     4.15    3.88
  59338.662    85.713     3.99    3.40
  59709.958    87.172     3.93    3.26
  60081.331    88.713     4.15    2.80
  60452.781    90.287     4.24    2.89
  60824.308    91.670     3.72    2.77
  61195.912    93.255     4.27    2.91
  61567.594    94.409     3.10    3.06
  61939.352    95.495     2.92    3.23
  62311.188    96.366     2.34    3.29
  62683.102    97.043     1.82    3.35
  63055.092    97.436     1.06    3.27
  63427.161    97.766     0.89    3.25
  63799.306    97.511    -0.69    3.23
  64171.529    97.000    -1.37    3.27
  64543.830    95.763    -3.32    3.12
  64916.209    94.648    -2.99    3.01
  65288.665    93.642    -2.70    2.56
  65661.198    93.189    -1.22    2.33
  66033.810    93.402     0.57    2.21
  66406.499    93.856     1.22    2.00
  66779.267    95.000     3.07    2.50
  67152.112    96.239     3.32    2.58
  67525.035    97.745     4.04    2.68
  67898.036    99.000     3.37    2.39
  68271.115   100.737     4.66    2.90
  68644.273   102.161     3.82    2.89
  69017.508   103.734     4.21    2.70
  69390.822   105.117     3.70    2.38
  69764.214   106.670     4.16    2.32
  70137.684   108.333     4.45    2.85
  70511.233   110.628     6.14    3.04
  70884.860   112.516     5.05    2.96
  71258.565   114.319     4.82    2.86
  71632.349   116.021     4.55    2.80
  72006.212   117.413     3.72    2.62
  72380.153   119.042     4.36    2.32
  72754.173   120.489     3.87    2.07
  73128.271   121.853     3.64    1.69
  73502.448   122.967     2.98    1.40
  73876.704   123.705     1.97    1.41
  74251.039   124.364     1.76    1.70
  74625.453   125.170     2.15    1.89
  74999.946   126.023     2.28    1.96
  75374.517   126.787     2.04    1.73
  75749.168   127.195     1.09    1.58
  76123.898   126.968    -0.61    1.59
  76498.707   126.275    -1.85    1.52
  76873.595   125.326    -2.53    1.49
  77248.563   124.383    -2.52    1.45
  77623.609   123.421    -2.56    1.17
  77998.735   123.120    -0.80    1.64
  78373.941   123.937     2.18    3.45
  78749.226   125.021     2.89    4.55
  79124.590   126.117     2.92    4.79
  79500.034   124.926    -3.17    5.08
  79875.558   121.309    -9.63    7.30
  80251.161   115.564   -15.30    9.01
  80626.844   109.085   -17.25    7.14
  81002.606   105.426    -9.74    4.51
  81378.449   103.766    -4.42    1.49
  81754.371   105.383     4.30    3.72
  82130.373   108.702     8.83    5.23
  82506.455   112.074     8.97    5.89
  82882.617   115.699     9.64    5.48
  83258.859   119.052     8.91    5.20
  83635.181   122.902    10.23    4.75
  84011.584   126.600     9.82    4.83
  84388.066   130.511    10.39    5.17
  84764.629   133.937     9.10    5.44
  85141.272   138.370    11.77    6.29
  85517.995   142.802    11.77    7.27
  85894.799   147.615    12.77    5.50
  86271.684   150.179     6.80    3.41
  86648.648   151.511     3.53    2.51
  87025.694   152.990     3.92    3.34
  87402.820   154.882     5.02    3.95
  87780.026   157.211     6.17    3.81
  88157.313   159.374     5.73    3.47
  88534.681   160.302     2.46    3.24
  88912.130   159.989    -0.83    4.06
  89289.660   157.789    -5.83    6.37
  89667.270   154.875    -7.72    7.32
  90044.962   148.684   -16.39   12.72
  90422.734   141.022   -20.28   16.27
  90800.588   129.792   -29.72   19.71
  91178.523   117.000   -33.85   17.70
  91556.539   104.929   -31.94   16.75
  91934.636    94.244   -28.26   12.23
  92312.814    85.844   -22.22   11.03
  92691.074    79.067   -17.92    8.76
  93069.415    73.426   -14.91    8.07
  93447.837    68.057   -14.19    5.79
  93826.341    64.394    -9.68    3.76
  94204.927    61.344    -8.05    2.54
  94583.594    59.124    -5.86    2.76
  94962.343    57.022    -5.55    2.58
  95341.173    55.323    -4.48    2.28
  95720.085    54.033    -3.40    2.11
  96099.079    53.083    -2.51    1.86
  96478.155    52.318    -2.02    1.82
  96857.312    52.149    -0.45    1.87
  97236.552    52.299     0.40    1.72
  97615.873    52.653     0.93    1.38
  97995.277    52.967     0.83    1.15
  98374.763    52.701    -0.70    1.71
  98754.331    52.022    -1.79    2.36
  99133.981    51.286    -1.94    2.53
  99513.713    50.689    -1.57    2.46
  99893.528    50.105    -1.54    2.18
 100273.425    49.932    -0.46    2.04
 100653.404    50.221     0.76    1.84
 101033.466    50.711     1.29    1.56
 101413.610    51.821     2.92    1.88
 101793.837    53.261     3.79    2.15
 102174.147    54.789     4.02    2.84
 102554.539    56.723     5.08    2.78
 102935.014    57.969     3.27    2.26
 103315.572    58.141     0.45    2.42
 103696.213    57.330    -2.13    3.11
 104076.937    54.978    -6.18    5.37
 104457.743    50.928   -10.64    8.33
 104838.633    43.613   -19.21   11.78
 105219.605    35.260   -21.93   15.28
 105600.661    25.189   -26.43   16.27
 105978.962    16.158   -23.88   16.56
 106344.307     7.522   -23.64   14.03
 106709.727     0.897   -18.13   11.15
 107075.222    -4.534   -14.86    5.83
 107440.793    -6.906    -6.49    2.81
 107806.439    -7.839    -2.55    0.68
 108172.160    -7.660     0.49    1.27
 108537.957    -7.354     0.83    1.75
 108903.830    -7.284     0.19    1.75
 109269.778    -7.299    -0.04    1.74
 109635.802    -7.900    -1.64    0.34
 110001.901    -8.000    -0.27    0.00
 110368.077    -7.500     1.37    2.11
 110734.328    -5.379     5.79    5.99
 111100.654    -2.787     7.08    9.69
 111467.057     3.137    16.17   14.83
 111833.536     7.677    12.39   17.55
 112200.091    16.240    23.36   22.70
 112566.721    29.289    35.59   34.47
 112933.428    46.667    47.39   45.57
 113300.211    69.421    62.04   57.42
 113667.070    87.130    48.28   61.03
 114034.005   102.526    41.96   58.09
 114401.016   108.011    14.95   50.85
 114768.104   105.884    -5.79   42.63
 115135.268    93.750   -33.05   41.85
 115502.509    82.109   -31.70   38.50
 115869.826    73.896   -22.36   32.86
 116237.219    77.141     8.83   32.83
 116604.689    89.649    34.04   36.09
 116972.235   108.553    51.44   35.10
 117339.859   125.979    47.41   22.28
 117707.558   133.495    20.44   13.11
 118075.335   133.561     0.18   12.33
 118443.188   129.240   -11.75   11.51
 118811.119   121.663   -20.59   12.34
 119179.126   113.719   -21.59   15.45
 119547.210   103.292   -28.33   19.27
 119915.370    95.732   -20.54   18.69
 120283.608    89.522   -16.87   16.15
 120651.923    84.653   -13.22   12.01
 121020.315    81.354    -8.95    8.62
 121388.785    78.589    -7.50    5.87
 121757.331    75.895    -7.31    4.01
 122125.955    73.632    -6.14    3.81
 122494.656    71.453    -5.91    4.62
 122863.434    69.044    -6.53    5.48
 123232.290    66.608    -6.60    5.53
 123601.223    64.330    -6.18    5.02
 123970.234    62.423    -5.17    4.10
 124339.322    61.129    -3.51    2.99
 124708.488    59.938    -3.23    3.00
 125077.731    58.541    -3.78    3.90
 125447.053    57.674    -2.35    3.99
 125816.452    56.635    -2.81    4.32
 126185.928    56.240    -1.07    4.50
 126555.483    56.442     0.55    4.95
 126925.115    56.484     0.11    5.02
 127294.825    56.667     0.50    4.96
 127664.614    57.596     2.51    4.37
 128034.480    58.165     1.54    3.85
 128404.424    58.914     2.02    3.21
 128774.447    58.760    -0.42    3.06
 129144.548    57.806    -2.58    3.99
 129514.727    56.537    -3.43    4.74
 129884.984    55.402    -3.07    4.62
 130255.319    54.385    -2.75    5.23
 130625.733    53.042    -3.63    5.87
 130996.226    52.097    -2.55    6.83
 131366.796    52.546     1.21    6.99
 131737.446    54.180     4.41    6.59
 132108.174    55.115     2.52    5.45
 132478.980    54.245    -2.35    4.94
 132849.865    51.510    -7.37    5.60
 133220.829    48.177    -8.99    5.78
 133591.872    45.583    -6.99    5.02
 133962.993    43.221    -6.37    4.81
 134334.193    41.408    -4.88    4.80
 134705.473    39.583    -4.92    4.76
 135076.831    37.621    -5.28    4.69
 135448.268    35.443    -5.86    4.45
 135819.784    33.878    -4.21    4.30
 136191.380    32.887    -2.67    3.83
 136563.054    32.587    -0.81    2.98
 136934.808    33.273     1.84    2.18
 137306.641    33.979     1.90    2.59
 137678.554    33.990     0.03    2.82
 138050.545    33.473    -1.39    2.92
 138422.617    33.804     0.89    3.09
 138794.767    35.309     4.04    3.56
 139166.997    39.156    10.34    5.69
 139539.307    42.356     8.60    5.70
 139911.696    45.433     8.26    4.00
