-226321.697   581.132     0.00   22.14
-225941.323   592.098    28.82    9.82
-225560.870   596.739    12.20    3.26
-225180.338   597.333     1.56    3.75
-224799.727   598.087     1.98    4.75
-224419.038   598.466     1.00    5.21
-224049.297   595.933    -6.85   11.48
-223683.557   591.121   -13.16   16.82
-223317.746   578.946   -33.28   28.60
-222951.863   569.021   -27.12   34.66
-222585.908   562.587   -17.58   37.51
-222219.881   559.935    -7.24   38.66
-221853.782   553.121   -18.61   40.76
-221487.611   536.740   -44.73   43.52
-221121.367   512.087   -67.30   42.60
-220755.052   486.296   -70.39   39.27
-220388.664   463.859   -61.23   26.34
-220022.204   446.843   -46.43   14.00
-219655.672   440.604   -17.02   11.59
-219289.067   437.087    -9.59    9.71
-218922.390   433.670    -9.32    9.32
-218555.641   428.006   -15.44    9.21
-218188.819   421.636   -17.36    9.85
-217821.925   414.216   -20.22    8.75
-217454.958   407.479   -18.36    7.90
-217087.918   401.788   -15.50    7.33
-216720.806   394.729   -19.23    8.88
-216353.621   384.498   -27.86   15.32
-215986.364   372.283   -33.26   17.96
-215619.034   365.054   -19.68   15.14
-215251.631   364.952    -0.28   13.66
-214884.155   372.674    21.01   16.67
-214516.606   388.155    42.11   17.40
-214148.984   404.142    43.48   20.10
-213781.290   421.028    45.92   22.52
-213413.522   439.587    50.46   24.69
-213045.681   456.854    46.93   23.76
-212677.767   469.296    33.81   20.89
-212309.780   479.496    27.71   16.70
-211941.720   485.980    17.61   11.95
-211573.586   488.334     6.39    7.84
-211205.380   484.098   -11.50   10.84
-210837.100   476.398   -20.90   15.67
-210468.746   463.173   -35.90   20.95
-210100.319   448.848   -38.88   21.19
-209731.819   434.244   -39.62   19.77
-209363.245   420.326   -37.76   14.79
-208994.598   409.377   -29.70   11.20
-208625.877   401.490   -21.39    9.36
-208257.082   395.412   -16.48    7.13
-207888.214   389.851   -15.07    8.48
-207519.272   386.320    -9.57   10.11
-207150.256   381.955   -11.83   15.08
-206781.167   380.087    -5.06   18.03
-206412.004   379.143    -2.56   19.09
-206042.766   380.370     3.32   16.84
-205673.455   374.428   -16.09   21.83
-205304.070   359.494   -40.42   31.53
-204934.611   335.065   -66.11   35.58
-204565.078   313.544   -58.23   33.15
-204195.470   295.181   -49.68   22.66
-203825.789   284.196   -29.71   11.20
-203456.033   279.017   -14.01    4.96
-203086.203   280.636     4.38    6.23
-202716.299   282.363     4.67    6.67
-202346.320   285.794     9.27    4.74
-201976.267   287.876     5.63    1.08
-201606.140   287.957     0.22    0.87
-201235.938   288.166     0.56    0.94
-200865.661   288.381     0.58    1.02
-200495.311   288.544     0.44    1.10
-200124.885   289.012     1.26    1.43
-199754.385   289.392     1.02    1.39
-199383.810   289.384    -0.02    2.14
-199013.160   288.283    -2.97    3.86
-198642.436   284.543   -10.09    8.64
-198271.637   279.311   -14.11   12.80
-197900.763   272.914   -17.25   14.47
-197529.814   263.797   -24.57   17.61
-197158.790   254.098   -26.14   18.41
-196787.691   245.496   -23.18   17.96
-196416.517   238.360   -19.22   15.34
-196045.268   231.109   -19.53   16.08
-195673.943   223.243   -21.18   16.36
-195302.544   214.012   -24.85   15.40
-194931.069   206.980   -18.93   13.40
-194559.519   200.587   -17.20    9.94
-194187.894   197.794    -7.52    7.06
-193816.194   195.296    -6.72    4.36
-193444.418   195.206    -0.24    4.87
-193072.566   194.402    -2.16    5.07
-192700.639   193.152    -3.36    5.96
-192328.636   191.121    -5.46    7.86
-191956.558   188.370    -7.39   10.38
-191584.405   184.076   -11.54   13.27
-191212.175   179.685   -11.79   14.78
-190839.870   176.857    -7.60   14.40
-190467.489   173.435    -9.19   13.76
-190095.032   171.715    -4.62   12.20
-189722.499   170.851    -2.32   10.63
-189349.891   170.661    -0.51    9.28
-188977.206   170.250    -1.10    8.53
-188604.446   169.397    -2.29    8.21
-188231.609   168.894    -1.35    8.41
-187858.696   168.409    -1.30    8.21
-187485.708   165.604    -7.52    8.94
-187112.642   162.666    -7.87    8.19
-186739.501   161.227    -3.86    9.22
-186366.284   161.212    -0.04   12.07
-185992.990   160.034    -3.16   13.52
-185619.619   157.020    -8.07   12.39
-185246.173   151.957   -13.55    9.59
-184872.650   149.198    -7.38    5.91
-184499.050   152.367     8.48   11.28
-184125.374   158.932    17.57   16.51
-183751.621   168.044    24.38   18.27
-183377.791   175.604    20.22   15.30
-183003.885   180.518    13.14   10.67
-182629.902   183.522     8.03    5.40
-182255.842   183.055    -1.25    4.07
-181881.706   182.356    -1.87    3.74
-181507.492   181.209    -3.06    3.37
-181133.202   180.316    -2.39    3.10
-180758.834   178.986    -3.55    2.47
-180384.390   178.098    -2.37    2.95
-180009.868   176.780    -3.52    3.52
-179635.270   174.971    -4.83    4.41
-179260.594   172.696    -6.07    4.44
-178885.841   169.173    -9.40    6.13
-178511.010   165.314   -10.29    6.83
-178136.103   162.421    -7.72    6.32
-177761.118   160.871    -4.13    5.48
-177386.055   160.948     0.20    5.53
-177010.915   159.680    -3.38    6.51
-176635.698   155.722   -10.55    8.53
-176260.403   149.972   -15.32    8.59
-175885.031   143.614   -16.93    9.67
-175509.581   136.592   -18.70    9.45
-175134.053   131.044   -14.77    9.11
-174758.447   125.570   -14.57    7.83
-174382.764   120.786   -12.73    6.75
-174007.002   117.233    -9.46    4.82
-173631.163   115.593    -4.36    3.38
-173255.246   115.087    -1.35    3.30
-172879.251   115.808     1.92    4.91
-172503.178   116.143     0.89    5.85
-172127.027   115.937    -0.55    6.24
-171750.798   114.965    -2.58    5.33
-171374.490   114.946    -0.05    5.03
-170998.105   115.033     0.23    4.92
-170621.641   115.392     0.95    5.07
-170245.099   115.714     0.85    5.18
-169868.478   116.130     1.11    5.44
-169491.779   116.384     0.67    5.62
-169115.002   116.217    -0.44    5.67
-168738.146   115.609    -1.61    5.21
-168361.211   114.783    -2.19    4.68
-167984.198   114.250    -1.41    4.16
-167607.106   113.326    -2.45    3.69
-167229.935   112.490    -2.22    3.12
-166852.686   111.707    -2.07    2.42
-166475.358   111.566    -0.37    2.36
-166097.951   112.786     3.23    5.38
-165720.465   115.761     7.88    9.88
-165342.901   116.238     1.26   17.35
-164965.257   117.305     2.82   21.79
-164587.534   112.883   -11.70   24.45
-164209.732   117.066    11.07   29.27
-163831.851   121.424    11.53   29.87
-163453.891   127.826    16.94   30.24
-163075.851   131.184     8.88   30.25
-162697.732   127.153   -10.66   29.64
-162319.534   117.453   -25.65   28.68
-161941.257   114.164    -8.69   26.65
-161562.900   114.034    -0.34   26.68
-161184.463   115.739     4.50   27.17
-160805.947   119.582    10.15   27.63
-160427.352   124.809    13.80   26.92
-160048.676   126.992     5.76   26.12
-159669.921   130.065     8.11   24.67
-159291.087   131.958     5.00   22.39
-158912.172   128.354    -9.51   22.26
-158533.178   118.881   -24.99   23.35
-158154.104   108.570   -27.20   21.94
-157774.950   103.279   -13.95   18.85
-157395.716   100.723    -6.74   17.41
-157016.401   102.226     3.96   20.43
-156637.007   103.236     2.66   22.02
-156257.533   100.055    -8.38   22.10
-155877.978    99.494    -1.48   22.69
-155498.343    98.571    -2.43   21.29
-155118.628   102.912    11.43   21.25
-154738.833   107.356    11.70   20.35
-154358.957   110.765     8.97   18.65
-153979.001   113.550     7.33   16.34
-153598.964   114.960     3.71   14.15
-153218.847   113.811    -3.02   12.25
-152838.649   110.825    -7.85   10.81
-152458.370   109.183    -4.32    7.59
-152078.011   106.817    -6.22    4.27
-151697.571   105.346    -3.87    3.16
-151317.051   103.941    -3.69    2.29
-150936.449   102.582    -3.57    1.98
-150555.766   101.318    -3.32    1.64
-150175.003   100.268    -2.76    1.46
-149794.159    99.120    -3.01    1.26
-149419.273    98.356    -2.04    1.20
-149053.760    97.698    -1.80    1.16
-148688.173    97.290    -1.12    1.13
-148322.513    96.937    -0.96    1.02
-147956.780    96.641    -0.81    0.96
-147590.972    96.384    -0.70    0.87
-147225.091    95.948    -1.19    0.83
-146859.136    95.550    -1.09    0.84
-146493.107    95.065    -1.32    0.74
-146127.004    94.683    -1.04    0.72
-145760.827    94.154    -1.45    0.71
-145394.577    93.651    -1.37    0.84
-145028.252    93.064    -1.60    0.98
-144661.853    92.322    -2.03    1.24
-144295.380    91.632    -1.88    1.33
-143928.833    90.840    -2.16    1.48
-143562.212    90.217    -1.70    1.57
-143195.516    89.461    -2.06    1.55
-142828.746    88.971    -1.34    1.57
-142461.902    88.230    -2.02    1.54
-142094.983    87.518    -1.94    1.53
-141727.990    86.907    -1.66    1.47
-141360.923    86.322    -1.60    1.38
-140993.781    85.750    -1.56    1.35
-140626.564    84.939    -2.21    1.69
-140259.273    84.324    -1.67    1.71
-139891.907    83.816    -1.38    1.76
-139524.467    84.066     0.68    2.18
-139156.951    84.898     2.26    2.43
-138789.361    85.492     1.61    2.34
-138421.696    85.932     1.20    2.00
-138053.957    85.917    -0.04    1.72
-137686.142    85.700    -0.59    1.52
-137318.252    85.481    -0.60    1.45
-136950.288    85.318    -0.44    1.51
-136582.248    85.088    -0.63    1.58
-136214.133    85.335     0.67    1.36
-135845.943    85.555     0.60    1.13
-135477.677    85.768     0.58    0.94
-135109.337    85.066    -1.91    2.42
-134740.921    83.926    -3.09    3.37
-134372.430    82.570    -3.68    3.92
-134003.864    81.130    -3.91    3.87
-133635.222    80.284    -2.29    3.45
-133266.504    80.598     0.85    3.59
-132897.711    81.384     2.13    4.04
-132528.843    82.939     4.21    4.05
-132159.899    84.545     4.35    3.31
-131790.879    85.428     2.39    2.58
-131421.783    84.694    -1.99    2.86
-131052.612    84.290    -1.09    2.47
-130683.365    84.055    -0.64    1.61
-130314.042    84.351     0.80    1.15
-129944.643    84.827     1.29    0.64
-129575.169    85.087     0.70    0.11
-129205.618    85.109     0.06    0.10
-128835.991    85.144     0.10    0.21
-128466.288    85.225     0.22    0.33
-128096.509    85.285     0.16    0.39
-127726.654    85.322     0.10    0.42
-127356.723    85.289    -0.09    0.45
-126986.715    85.183    -0.29    0.50
-126616.631    85.076    -0.29    0.47
-126246.471    85.194     0.32    0.55
-125876.234    85.343     0.40    0.50
-125505.921    85.329    -0.04    0.42
-125135.532    85.238    -0.25    0.43
-124765.066    85.098    -0.38    0.54
-124394.523    84.686    -1.11    1.18
-124023.903    83.487    -3.23    2.48
-123653.207    81.911    -4.25    2.89
-123282.435    80.943    -2.61    2.66
-122911.585    80.992     0.13    2.62
-122540.659    82.152     3.13    2.78
-122169.655    83.571     3.83    2.31
-121798.575    83.442    -0.35    2.26
-121427.418    82.087    -3.65    2.98
-121056.184    80.077    -5.42    3.51
-120684.872    78.303    -4.78    2.90
-120313.484    77.949    -0.95    2.39
-119942.018    78.142     0.52    2.30
-119570.476    78.896     2.03    1.81
-119198.856    79.541     1.74    1.20
-118827.158    80.045     1.35    0.85
-118455.384    80.382     0.91    0.62
-118083.532    80.598     0.58    0.56
-117711.602    80.609     0.03    0.71
-117339.595    80.396    -0.57    1.29
-116967.511    79.928    -1.26    1.57
-116595.349    79.340    -1.58    1.31
-116223.109    78.670    -1.80    0.65
-115850.791    78.588    -0.22    0.58
-115478.396    78.550    -0.10    0.58
-115105.923    78.407    -0.38    0.59
-114733.372    78.013    -1.06    0.81
-114360.744    76.417    -4.28    4.75
-113988.037    72.835    -9.61    7.92
-113615.253    68.055   -12.82    9.25
-113242.390    65.407    -7.10    8.94
-112869.449    63.843    -4.19    8.50
-112496.430    68.088    11.38    9.53
-112123.334    73.064    13.34    8.65
-111750.158    77.449    11.75    5.05
-111376.905    79.144     4.54    2.31
-111003.573    79.428     0.76    2.59
-110630.163    79.368    -0.16    2.67
-110256.674    78.754    -1.64    2.16
-109883.107    78.272    -1.29    1.22
-109509.462    78.319     0.13    0.95
-109135.738    78.620     0.80    1.02
-108761.935    79.193     1.53    1.04
-108388.054    79.864     1.80    1.00
-108014.094    80.556     1.85    0.80
-107640.055    81.173     1.65    0.82
-107265.937    81.907     1.96    0.95
-106891.741    82.488     1.55    0.87
-106517.466    83.163     1.80    0.66
-106143.111    83.556     1.05    0.60
-105768.678    84.045     1.31    0.66
-105394.166    84.492     1.19    0.57
-105019.574    85.054     1.50    1.38
-104644.903    86.796     4.65    3.09
-104270.154    88.826     5.42    3.51
-103895.325    90.551     4.60    3.02
-103520.416    92.359     4.82    0.49
-103145.429    92.859     1.33    0.95
-102770.361    93.527     1.78    1.27
-102395.215    94.734     3.22    1.80
-102019.989    96.098     3.64    2.05
-101644.683    97.647     4.13    2.32
-101269.298    99.360     4.56    1.83
-100893.833   100.790     3.81    1.62
-100518.288   102.110     3.51    1.26
-100142.664   103.396     3.42    1.49
 -99766.960   104.709     3.50    1.47
 -99391.176   106.182     3.92    1.64
 -99015.312   107.657     3.93    1.53
 -98639.368   109.067     3.75    1.57
 -98263.345   110.424     3.61    1.52
 -97887.241   111.698     3.39    1.43
 -97511.057   112.915     3.24    1.41
 -97134.793   114.498     4.21    1.95
 -96758.448   116.077     4.19    2.45
 -96382.024   118.449     6.30    2.87
 -96005.519   120.641     5.82    2.64
 -95628.934   122.772     5.66    2.22
 -95252.268   124.066     3.44    1.95
 -94875.522   124.820     2.00    1.95
 -94498.695   124.909     0.24    2.10
 -94121.788   124.098    -2.15    2.25
 -93744.800   123.513    -1.55    2.17
 -93367.732   123.046    -1.24    2.15
 -92990.583   122.898    -0.39    2.17
 -92613.353   122.814    -0.22    2.06
 -92236.042   122.667    -0.39    1.97
 -91858.651   122.311    -0.94    2.11
 -91481.178   121.709    -1.60    2.50
 -91103.625   121.046    -1.76    2.65
 -90725.990   120.403    -1.70    2.75
 -90348.275   119.088    -3.48    2.82
 -89970.478   117.949    -3.01    2.72
 -89592.600   116.588    -3.60    2.72
 -89214.641   115.871    -1.89    3.02
 -88836.601   114.854    -2.69    3.47
 -88458.479   113.846    -2.67    3.61
 -88080.276   113.630    -0.57    3.45
 -87701.991   114.223     1.57    3.35
 -87323.625   115.667     3.81    2.94
 -86945.178   117.119     3.84    1.79
 -86566.649   117.566     1.18    1.18
 -86188.038   117.414    -0.40    1.13
 -85809.346   116.885    -1.40    1.10
 -85430.572   116.407    -1.26    1.00
 -85051.716   115.835    -1.51    1.02
 -84672.778   115.456    -1.00    1.06
 -84293.758   115.354    -0.27    1.02
 -83914.656   115.435     0.22    0.91
 -83535.473   115.726     0.77    0.72
 -83156.207   116.109     1.01    0.49
 -82776.859   116.322     0.56    0.42
 -82397.429   116.432     0.29    0.54
 -82017.917   116.557     0.33    0.68
 -81638.322   116.820     0.69    0.81
 -81258.646   117.311     1.29    0.97
 -80878.886   117.747     1.15    1.06
 -80499.045   118.446     1.84    1.11
 -80119.121   119.130     1.80    0.98
 -79739.114   119.864     1.93    0.94
 -79359.025   120.609     1.96    0.91
 -78978.853   121.382     2.03    0.88
 -78598.598   122.193     2.13    1.01
 -78218.261   123.390     3.15    1.56
 -77837.841   124.800     3.71    2.05
 -77457.338   126.864     5.42    2.42
 -77076.752   128.614     4.60    2.30
 -76696.083   130.366     4.60    1.67
 -76315.332   131.414     2.75    0.80
 -75934.497   131.869     1.19    0.42
 -75553.579   132.077     0.55    0.15
 -75172.577   132.183     0.28    0.28
 -74792.125   132.260     0.20    0.37
 -74426.844   133.268     2.76    1.97
 -74061.488   134.463     3.27    2.45
 -73696.057   135.894     3.92    2.29
 -73330.550   137.016     3.07    1.48
 -72964.968   137.609     1.62    0.50
 -72599.310   137.727     0.32    0.49
 -72233.577   137.758     0.08    0.48
 -71867.768   137.973     0.59    0.51
 -71501.883   138.225     0.69    0.67
 -71135.923   138.730     1.38    0.97
 -70769.887   139.488     2.07    1.40
 -70403.775   140.651     3.18    1.75
 -70037.588   142.109     3.98    2.02
 -69671.324   143.965     5.07    2.00
 -69304.985   146.026     5.63    2.50
 -68938.569   147.979     5.33    2.65
 -68572.078   150.213     6.10    2.68
 -68205.511   152.013     4.91    2.39
 -67838.867   153.864     5.05    2.22
 -67472.147   155.275     3.85    2.22
 -67105.351   156.954     4.58    2.04
 -66738.479   158.500     4.22    2.26
 -66371.530   160.283     4.86    2.11
 -66004.506   161.951     4.54    2.33
 -65637.404   163.867     5.22    2.52
 -65270.227   165.993     5.79    2.43
 -64902.972   167.827     4.99    2.32
 -64535.642   169.677     5.04    1.87
 -64168.234   171.421     4.75    2.04
 -63800.750   173.065     4.47    2.38
 -63433.190   175.024     5.33    2.61
 -63065.552   176.769     4.75    2.12
 -62697.838   178.304     4.18    1.77
 -62330.047   179.502     3.26    1.64
 -61962.179   180.830     3.61    2.32
 -61594.234   182.504     4.55    3.42
 -61226.213   185.758     8.84    5.90
 -60858.114   189.078     9.02    8.58
 -60489.938   193.119    10.98   10.58
 -60121.685   197.680    12.38   12.25
 -59753.355   201.787    11.15   11.93
 -59384.948   205.182     9.21   11.10
 -59016.463   207.283     5.70    9.80
 -58647.901   209.377     5.68    8.90
 -58279.262   211.428     5.56    8.20
 -57910.545   214.140     7.36    7.94
 -57541.751   217.129     8.10    6.84
 -57172.880   219.647     6.82    5.62
 -56803.930   220.562     2.48    5.08
 -56434.904   221.957     3.78    4.70
 -56065.799   224.320     6.40    5.08
 -55696.617   227.472     8.54    5.49
 -55327.357   231.593    11.16    7.50
 -54958.020   236.651    13.70    9.05
 -54588.604   243.369    18.18    9.99
 -54219.111   249.140    15.62    9.22
 -53849.540   254.961    15.75    8.60
 -53479.891   259.546    12.40    9.08
 -53110.163   264.348    12.99   10.04
 -52740.358   267.490     8.50   11.22
 -52370.474   270.968     9.40   11.80
 -52000.513   273.644     7.23   11.27
 -51630.473   275.131     4.02    9.79
 -51260.355   274.789    -0.92    8.08
 -50890.158   275.238     1.21    6.53
 -50519.883   277.192     5.28    7.92
 -50149.530   278.540     3.64    9.19
 -49779.098   278.509    -0.09    9.72
 -49408.588   279.109     1.62    9.43
 -49037.999   279.808     1.89    8.83
 -48667.332   279.848     0.11    9.02
 -48296.585   281.556     4.61    9.58
 -47925.760   282.710     3.11   10.07
 -47554.857   283.120     1.11   10.31
 -47183.874   283.109    -0.03   10.71
 -46812.813   282.490    -1.67   12.07
 -46441.673   281.731    -2.04   13.54
 -46070.453   282.130     1.07   14.94
 -45699.155   284.789     7.16   16.69
 -45327.778   287.963     8.55   17.85
 -44956.321   293.025    13.63   16.20
 -44584.786   295.254     6.00   14.55
 -44213.171   297.892     7.10   14.03
 -43841.477   300.017     5.72   13.99
 -43469.703   303.043     8.14   13.63
 -43097.850   305.340     6.18   12.22
 -42725.918   306.954     4.34   10.72
 -42353.906   307.017     0.17    9.10
 -41981.815   306.539    -1.28    7.82
 -41609.644   305.182    -3.65    6.26
 -41237.394   303.238    -5.22    5.61
 -40865.064   301.160    -5.58    7.42
 -40492.654   297.109   -10.88   11.00
 -40120.164   288.267   -23.74   15.96
 -39747.595   280.442   -21.00   15.77
 -39374.945   273.140   -19.59   14.45
 -39002.216   265.799   -19.69   14.30
 -38629.407   258.817   -18.73   15.86
 -38256.518   251.603   -19.34   13.80
 -37883.548   245.673   -15.90   11.07
 -37510.499   239.964   -15.30    7.55
 -37137.369   234.954   -13.43    6.29
 -36764.159   231.807    -8.43    6.67
 -36390.869   230.725    -2.90    7.79
 -36017.498   230.706    -0.05    9.35
 -35644.048   232.758     5.49   10.81
 -35270.516   234.292     4.11   11.27
 -34896.904   235.971     4.49   10.97
 -34523.212   237.882     5.11   10.07
 -34149.439   239.119     3.31    8.13
 -33775.585   239.984     2.31    6.31
 -33401.651   240.598     1.64    6.01
 -33027.636   241.730     3.03    5.95
 -32653.540   243.665     5.17    6.12
 -32279.364   245.286     4.33    5.70
 -31905.106   246.923     4.37    4.20
 -31530.767   247.679     2.02    3.11
 -31156.348   247.925     0.66    2.62
 -30781.847   246.648    -3.41    3.97
 -30407.265   237.292   -24.98   14.86
 -30032.603   224.522   -34.08   19.46
 -29657.858   210.613   -37.11   18.29
 -29283.033   197.720   -34.40   10.50
 -28908.126   191.985   -15.30    6.53
 -28533.138   190.208    -4.74    4.67
 -28158.069   193.129     7.79    7.71
 -27782.918   200.494    19.63   12.09
 -27407.685   212.902    33.07   18.31
 -27032.371   224.130    29.92   18.21
 -26656.976   231.191    18.81   13.66
 -26281.498   230.930    -0.70   13.54
 -25905.939   226.810   -10.97   16.07
 -25530.298   224.710    -5.59   16.06
 -25154.575   228.182     9.24   15.81
 -24778.771   233.119    13.14   12.98
 -24402.884   237.506    11.67    9.79
 -24026.916   240.140     7.00    7.14
 -23650.865   241.694     4.13    4.92
 -23274.732   242.846     3.06    3.17
 -22898.517   243.496     1.73    2.27
 -22522.220   243.674     0.47    2.10
 -22145.841   244.205     1.41    1.53
 -21769.379   244.272     0.18    1.52
 -21392.835   244.403     0.35    1.43
 -21016.208   244.241    -0.43    1.78
 -20639.499   244.208    -0.09    1.94
 -20262.708   243.898    -0.82    2.31
 -19885.833   242.446    -3.85    3.74
 -19508.877   238.788    -9.70    5.50
 -19131.837   234.340   -11.80    5.66
 -18754.715   228.302   -16.01    7.33
 -18377.510   220.406   -20.93    9.97
 -18000.222   211.782   -22.86   11.95
 -17622.851   203.715   -21.38    9.66
 -17245.397   198.496   -13.83    5.97
 -16867.861   195.217    -8.69    4.96
 -16490.241   190.659   -12.07    7.13
 -16112.538   184.530   -16.23    8.90
 -15734.752   175.609   -23.61   10.20
 -15356.882   166.057   -25.28   11.77
 -14978.930   154.588   -30.34   13.06
 -14600.894   144.172   -27.55   11.92
 -14222.774   134.149   -26.51    8.22
 -13844.571   128.827   -14.07    4.76
 -13466.285   125.727    -8.20    2.29
 -13087.915   123.727    -5.29    2.05
 -12709.461   121.222    -6.62    4.13
 -12330.924   117.909    -8.75    5.39
 -11952.303   112.655   -13.88    6.66
 -11573.599   108.927    -9.85    5.06
 -11194.810   106.315    -6.90    3.27
 -10815.938   105.109    -3.18    2.48
 -10436.981   105.302     0.51    2.22
 -10057.941   105.807     1.33    2.14
  -9678.816   105.377    -1.13    2.85
  -9299.608   105.098    -0.73    3.26
  -8920.315   105.263     0.43    3.42
  -8540.938   106.315     2.77    2.84
  -8161.477   106.639     0.85    2.47
  -7781.931   106.772     0.35    2.31
  -7402.301   106.214    -1.47    2.44
  -7022.587   105.313    -2.37    2.57
  -6642.788   104.098    -3.20    2.78
  -6262.905   102.944    -3.04    2.90
  -5882.937   101.432    -3.98    2.75
  -5502.884   100.537    -2.35    2.42
  -5122.747    99.467    -2.82    2.06
  -4742.525    98.598    -2.28    1.96
  -4362.218    97.425    -3.09    1.93
  -3981.826    96.428    -2.62    2.16
  -3601.349    95.057    -3.60    2.19
  -3220.787    93.108    -5.12    3.56
  -2840.140    90.201    -7.64    4.50
  -2459.408    84.975   -13.73    9.03
  -2078.591    65.119   -52.14   31.17
  -1697.689    41.578   -61.80   37.47
  -1316.701    16.921   -64.72   28.67
   -935.628     2.411   -38.08    9.05
   -554.469    -0.341    -7.22    1.93
   -173.226    -0.944    -1.58    2.07
    196.999    -1.432    -1.32    2.14
    562.120    -1.710    -0.76    2.14
    927.317     3.843    15.20   17.03
   1292.592    22.228    50.33   32.96
   1657.945    42.152    54.53   33.66
   2023.374    60.057    49.00   23.45
   2388.881    70.650    28.98    2.99
   2754.465    71.533     2.41    2.50
   3120.127    72.006     1.30    2.42
   3485.866    72.367     0.99    1.88
   3851.683    72.394     0.07    1.34
   4217.577    72.131    -0.72    0.94
   4583.549    71.686    -1.22    0.88
   4949.598    70.789    -2.45    1.60
   5315.725    69.578    -3.31    1.78
   5681.930    69.068    -1.39    1.62
   6048.213    69.161     0.26    1.79
   6414.574    69.967     2.20    1.81
   6781.012    70.598     1.72    1.49
   7147.529    69.856    -2.03    2.50
   7514.123    68.933    -2.52    3.43
   7880.796    68.721    -0.58    3.17
   8247.546    68.634    -0.24    2.34
   8614.375    68.418    -0.59    1.63
   8981.282    67.250    -3.18    2.21
   9348.267    65.442    -4.93    1.95
   9715.331    63.128    -6.30    4.68
  10082.473    59.235   -10.60    7.22
  10449.693    55.361   -10.55    7.24
  10816.992    53.182    -5.93    5.48
  11184.369    53.977     2.16    4.66
  11551.825    57.472     9.51    3.85
  11919.360    60.603     8.52    2.83
  12286.973    63.288     7.30    3.79
  12654.664    66.826     9.62    4.72
  13022.435    71.260    12.05    5.75
  13390.284    76.109    13.18    5.51
  13758.213    82.068    16.20    6.56
  14126.220    88.088    16.36    7.58
  14494.306    96.765    23.57   11.48
  14862.471   113.231    44.72   26.63
  15230.715   133.694    55.57   34.60
  15599.038   152.688    51.57   35.33
  15967.440   167.290    39.64   24.18
  16335.922   169.997     7.35   17.63
  16704.483   173.428     9.31   13.93
  17073.123   180.619    19.51   12.27
  17441.842   188.486    21.34   12.80
  17810.641   197.710    25.01   12.75
  18179.520   204.199    17.59   10.96
  18548.478   210.120    16.05    6.84
  18917.515   212.098     5.36    5.08
  19286.632   214.240     5.80    4.41
  19655.829   219.159    13.32    9.82
  20025.105   224.036    13.21   13.06
  20394.461   230.833    18.40   13.23
  20763.897   234.418     9.70   11.55
  21133.413   232.593    -4.94   14.60
  21503.009   227.947   -12.57   16.88
  21872.685   223.940   -10.84   17.53
  22242.441   217.308   -17.94   18.52
  22612.276   208.928   -22.66   18.84
  22982.192   202.248   -18.06   17.81
  23352.189   194.463   -21.04   11.46
  23722.265   189.623   -13.08    9.13
  24092.422   188.775    -2.29    8.95
  24462.659   192.310     9.55   11.68
  24832.976   198.815    17.57   16.11
  25203.374   205.307    17.53   17.14
  25573.852   207.698     6.46   15.16
  25944.411   206.000    -4.58   13.96
  26315.050   200.788   -14.06   15.12
  26685.770   195.905   -13.17   14.53
  27056.571   198.196     6.18   13.36
  27427.453   204.139    16.02   13.93
  27798.415   209.792    15.24   12.20
  28169.458   210.808     2.74   11.08
  28540.582   206.502   -11.60   14.19
  28911.787   201.179   -14.34   15.60
  29283.073   194.807   -17.16   16.23
  29654.440   191.738    -8.26   18.36
  30025.888   193.196     3.92   22.29
  30397.418   197.168    10.69   23.84
  30769.028   200.722     9.56   24.72
  31140.720   206.304    15.02   22.93
  31512.493   213.476    19.29   21.33
  31884.348   220.462    18.79   18.04
  32256.284   226.118    15.21   13.89
  32628.301   227.240     3.01   10.99
  33000.400   224.442    -7.52   10.52
  33372.581   218.542   -15.85    7.87
  33744.843   215.848    -7.24    6.83
  34117.187   212.888    -7.95    7.49
  34489.613   207.228   -15.20   11.34
  34862.120   200.960   -16.83   12.02
  35234.709   194.438   -17.50    8.22
  35607.381   191.498    -7.89    3.20
  35980.134   190.947    -1.48    2.69
  36352.969   190.945    -0.00    2.71
  36725.886   190.937    -0.02    2.69
  37098.886   190.398    -1.44    1.44
  37471.967   193.036     7.07    8.35
  37845.131   196.418     9.06   11.99
  38218.377   201.108    12.57   13.76
  38591.705   205.374    11.43   13.20
  38965.116   209.449    10.91   12.27
  39338.609   216.778    19.62   11.10
  39712.185   221.935    13.80   10.82
  40085.843   226.518    12.27   14.54
  40459.584   228.556     5.45   17.50
  40833.408   230.762     5.90   17.19
  41207.314   233.521     7.38   15.19
  41581.303   236.158     7.05   15.02
  41955.375   239.792     9.71   15.47
  42329.530   247.654    21.01   13.84
  42703.767   253.078    14.50   12.64
  43078.088   257.387    11.51    9.38
  43452.492   260.573     8.51    5.76
  43826.978   259.782    -2.11    6.79
  44201.548   253.458   -16.88   14.72
  44576.201   242.820   -28.40   19.57
  44950.938   232.623   -27.21   18.47
  45325.757   224.207   -22.46   14.53
  45700.660   218.728   -14.61   10.14
  46075.647   220.919     5.84   11.65
  46450.717   229.588    23.11   15.22
  46825.870   240.577    29.29   17.48
  47201.107   256.118    41.42   20.45
  47576.428   269.593    35.90   17.58
  47951.833   277.886    22.09   12.25
  48327.321   277.785    -0.27   12.65
  48702.893   265.618   -32.40   21.54
  49078.549   247.232   -48.95   25.56
  49454.288   223.848   -62.24   25.50
  49830.112   204.563   -51.32   20.68
  50206.020   189.149   -41.01   13.09
  50582.012   185.346   -10.12    9.40
  50958.088   188.425     8.19   10.89
  51334.248   193.177    12.63   11.54
  51710.492   202.182    23.93   12.98
  52086.821   211.593    25.01   17.26
  52463.234   223.475    31.57   17.75
  52839.732   236.068    33.45   12.69
  53216.314   244.332    21.95    9.97
  53592.980   250.653    16.78    8.65
  53969.731   256.819    16.37    7.28
  54346.567   260.618    10.08    7.10
  54723.488   262.109     3.96   10.22
  55100.493   261.088    -2.71   13.82
  55477.583   259.986    -2.92   16.74
  55854.758   252.334   -20.29   21.90
  56232.018   242.955   -24.86   25.00
  56609.362   231.989   -29.06   23.42
  56986.792   224.502   -19.84   15.84
  57364.307   220.553   -10.46   10.58
  57741.907   220.218    -0.89   11.02
  58119.593   214.976   -13.88   13.56
  58497.363   205.408   -25.33   17.40
  58875.219   190.049   -40.65   17.74
  59253.161   179.418   -28.13   13.44
  59631.187   172.496   -18.31    6.00
  60009.299   174.128     4.32    9.94
  60387.497   180.522    16.91   16.86
  60765.781   189.821    24.58   21.90
  61144.150   203.016    34.87   24.42
  61522.604   216.870    36.61   21.98
  61901.145   230.961    37.23   11.71
  62279.771   237.530    17.35   10.67
  62658.484   241.951    11.67   11.22
  63037.282   246.613    12.31   13.03
  63416.166   253.883    19.19   14.46
  63795.137   263.227    24.66   14.67
  64174.193   272.980    25.73    9.74
  64553.336   281.979    23.74   11.00
  64932.565   290.900    23.52   12.00
  65311.880   295.388    11.83   10.77
  65691.281   295.700     0.82   12.10
  66070.769   293.573    -5.60   11.95
  66450.344   290.994    -6.80    8.44
  66830.005   287.732    -8.59    7.53
  67209.752   283.410   -11.38    8.35
  67589.586   280.331    -8.11    8.55
  67969.507   276.506   -10.07    7.03
  68349.515   272.748    -9.89    5.76
  68729.610   269.317    -9.03    6.05
  69109.791   264.158   -13.57    6.72
  69490.059   258.765   -14.18    5.84
  69870.415   251.554   -18.96    9.53
  70250.857   242.394   -24.08   13.69
  70631.387   230.726   -30.67   13.92
  71012.003   220.109   -27.90   10.44
  71392.707   210.838   -24.35    8.37
  71773.498   205.578   -13.82    8.01
  72154.377   203.726    -4.86    7.27
  72535.343   203.180    -1.43    6.83
  72916.397   202.415    -2.01    7.12
  73297.538   201.129    -3.37    8.09
  73678.766   196.784   -11.40    6.02
  74060.082   194.189    -6.81    2.83
  74441.486   193.227    -2.52    0.64
  74817.735   193.098    -0.34    0.00
  75182.616   193.358     0.71    0.96
  75547.575   193.765     1.11    1.62
  75912.613   194.397     1.73    2.23
  76277.730   194.544     0.40    2.17
  76642.926   194.793     0.68    2.26
  77008.201   195.471     1.86    2.74
  77373.556   195.598     0.35    2.73
  77738.989   196.421     2.25    2.89
  78104.502   197.578     3.16    3.47
  78470.094   199.151     4.30    3.95
  78835.766   201.455     6.30    4.95
  79201.517   204.511     8.36    5.42
  79567.347   209.732    14.27    7.64
  79933.257   215.338    15.32    8.91
  80299.246   221.543    16.95    8.16
  80665.315   226.039    12.28    6.77
  81031.464   229.088     8.33    5.21
  81397.693   229.296     0.57    5.36
  81764.001   228.343    -2.60    6.27
  82130.389   225.978    -6.45    7.08
  82496.857   222.478    -9.55    7.10
  82863.404   219.735    -7.49    6.45
  83230.032   218.514    -3.33    4.95
  83596.740   218.496    -0.05    3.55
  83963.528   220.451     5.33    4.10
  84330.396   223.374     7.97    4.12
  84697.344   225.824     6.68    3.12
  85064.372   228.118     6.25    3.32
  85431.481   230.391     6.19    4.31
  85798.670   231.588     3.26    4.07
  86165.939   232.432     2.30    3.40
  86533.289   230.801    -4.44    3.69
  86900.720   228.954    -5.03    3.66
  87268.230   227.425    -4.16    3.94
  87635.822   226.138    -3.50    4.33
  88003.494   223.957    -5.93    5.42
  88371.247   219.979   -10.82    6.70
  88739.080   215.740   -11.53    6.94
  89106.995   210.613   -13.94    6.34
  89474.990   206.150   -12.13    4.89
  89843.066   202.663    -9.48    3.92
  90211.223   200.613    -5.57    2.75
  90579.462   199.438    -3.19    2.41
  90947.781   198.843    -1.62    2.63
  91316.181   197.661    -3.21    2.25
  91684.663   196.716    -2.56    2.18
  92053.225   196.292    -1.15    2.92
  92421.870   197.534     3.37    4.66
  92790.595   198.058     1.42    5.15
  93159.402   198.098     0.11    5.19
  93528.290   197.030    -2.90    4.53
  93897.260   196.237    -2.15    3.60
  94266.311   195.843    -1.07    3.38
  94635.444   195.816    -0.08    3.56
  95004.658   195.826     0.03    4.19
  95373.955   195.533    -0.80    4.48
  95743.333   194.722    -2.19    4.69
  96112.793   194.219    -1.36    4.39
  96482.334   194.275     0.15    4.04
  96851.958   194.583     0.84    3.97
  97221.664   195.119     1.45    3.97
  97591.451   195.257     0.37    4.50
  97961.321   194.411    -2.29    6.10
  98331.273   193.167    -3.36    7.94
  98701.307   190.543    -7.09   10.01
  99071.423   187.549    -8.09   10.25
  99441.622   184.178    -9.11    9.15
  99811.903   180.638    -9.56    7.55
 100182.266   177.530    -8.39    5.30
 100552.712   174.913    -7.06    3.96
 100923.241   172.613    -6.21    3.52
 101293.852   170.221    -6.45    3.59
 101664.545   167.118    -8.37    4.75
 102035.322   163.775    -9.02    5.66
 102406.181   158.647   -13.83    6.23
 102777.123   153.778   -13.13    6.41
 103148.147   147.418   -17.14    7.58
 103519.255   143.157   -11.48    7.27
 103890.446   140.346    -7.57    6.36
 104261.719   138.461    -5.08    6.30
 104633.076   137.872    -1.58    6.80
 105004.516   136.059    -4.88    7.84
 105376.039   134.069    -5.36    7.87
 105747.645   132.316    -4.72    7.03
 106119.335   131.398    -2.47    5.70
 106491.107   129.494    -5.12    5.39
 106862.964   127.069    -6.52    5.20
 107234.903   124.177    -7.77    4.39
 107606.927   121.912    -6.09    4.32
 107979.034   118.309    -9.68    4.11
 108351.224   114.723    -9.63    4.13
 108723.498   111.651    -8.25    3.61
 109095.856   107.873   -10.15    4.76
 109468.298   103.758   -11.05    5.78
 109840.823    98.807   -13.29    6.56
 110213.433    93.811   -13.41    6.88
 110586.126    87.647   -16.54    7.34
 110958.904    81.186   -17.33    8.67
 111331.765    72.970   -22.04    9.94
 111704.711    65.020   -21.32   11.19
 112077.740    56.130   -23.83   10.88
 112450.854    47.733   -22.51    9.04
 112824.053    41.417   -16.92    8.06
 113197.336    35.273   -16.46    7.00
 113570.703    29.918   -14.34    6.77
 113944.154    24.788   -13.74    6.19
 114317.690    20.438   -11.64    4.93
 114691.311    16.981    -9.26    3.55
 115065.016    14.603    -6.36    2.00
 115438.806    13.128    -3.95    1.28
 115812.681    12.314    -2.18    1.08
 116186.641    11.543    -2.06    0.88
 116560.685    11.030    -1.37    0.72
 116934.815    10.663    -0.98    0.54
 117309.029    10.512    -0.41    0.51
 117683.328    10.260    -0.67    0.63
 118057.713     9.904    -0.95    0.73
 118432.183     9.462    -1.18    0.75
 118806.737     8.920    -1.45    0.70
 119181.378     8.530    -1.04    0.50
 119556.103     8.247    -0.75    0.36
 119930.914     7.972    -0.73    0.39
 120305.810     7.791    -0.48    0.48
 120680.792     7.531    -0.69    0.66
 121055.859     7.108    -1.13    0.74
 121431.012     6.788    -0.86    0.77
 121806.251     6.400    -1.03    0.73
 122181.575     6.079    -0.86    0.64
 122556.985     6.027    -0.14    0.74
 122932.481     6.127     0.27    0.97
 123308.063     6.445     0.85    1.19
 123683.731     6.902     1.22    1.22
 124059.485     7.368     1.24    1.10
 124435.325     7.506     0.37    1.12
 124811.251     7.661     0.41    1.28
 125187.263     7.781     0.32    1.36
 125563.362     8.049     0.71    1.42
 125939.546     8.538     1.30    1.43
 126315.818     8.892     0.94    1.27
 126692.175     9.038     0.39    1.22
 127068.619     9.383     0.91    1.32
 127445.150     9.833     1.20    1.52
 127821.767    10.254     1.12    1.45
 128198.471    10.620     0.97    1.26
 128575.262    11.521     2.39    1.47
 128952.139    12.562     2.76    1.61
 129329.104    13.933     3.64    1.99
 129706.155    15.488     4.12    2.50
 130083.293    18.733     8.60    4.88
 130460.518    23.257    11.99    7.31
 130837.830    30.898    20.25    9.76
 131215.230    38.363    19.78   10.57
 131592.716    48.296    26.32   11.66
 131970.290    56.784    22.48   11.73
 132347.951    64.861    21.39   10.99
 132725.700    69.613    12.58    9.27
 133103.536    70.958     3.56    8.74
 133481.459    70.814    -0.38    8.38
 133859.470    69.543    -3.36    7.12
 134237.569    70.991     3.83    6.32
 134615.755    74.937    10.43    7.95
 134994.029    82.409    19.76   11.57
 135372.391    92.004    25.36   12.50
 135750.841   100.344    22.04   11.37
 136129.378   105.473    13.55    7.67
 136508.004   107.733     5.97    4.00
 136886.717   108.058     0.86    1.07
 137265.519   108.108     0.13    0.88
 137644.409   108.320     0.56    0.82
 138023.387   108.739     1.10    0.68
 138402.454   109.098     0.95    0.55
 138781.608   109.059    -0.10    0.59
 139160.851   108.603    -1.20    0.97
 139540.183   107.791    -2.14    1.96
 139919.603   106.981    -2.13    2.49
 140299.112   106.050    -2.45    2.96
 140678.709   104.981    -2.82    3.58
 141058.395   103.500    -3.90    4.46
 141438.170   101.304    -5.78    5.74
 141818.034    98.663    -6.95    5.76
 142197.986    96.781    -4.95    5.90
 142578.028    96.569    -0.56    6.23
 142958.158    99.242     7.03    6.31
 143338.378   103.018     9.93    6.13
 143718.686   107.059    10.63    7.25
 144099.084   112.967    15.53    8.72
 144479.572   118.098    13.49   10.08
 144860.148   123.148    13.27   10.23
 145240.814   126.031     7.57   10.51
 145621.569   128.718     7.06   10.95
 146002.414   133.771    13.27   10.12
 146383.348   138.327    11.96    7.26
 146764.372   138.512     0.48    6.27
 147145.486   134.700   -10.00   10.19
 147526.690   124.778   -26.03   14.46
 147907.983   112.700   -31.68   15.33
 148289.366    99.817   -33.78   13.48
 148670.839    89.547   -26.92   10.33
 149052.402    83.296   -16.38    8.51
 149434.056    78.981   -11.31    6.59
 149799.786    76.762    -6.07    7.42
 150164.502    74.962    -4.93    8.15
 150529.299    71.720    -8.89    9.12
 150894.176    69.079    -7.24    9.25
 151259.134    66.884    -6.01    8.80
 151624.173    64.336    -6.98    9.34
 151989.293    60.968    -9.23    9.88
 152354.494    56.981   -10.92   10.14
 152719.776    54.914    -5.66   10.92
 153085.140    52.392    -6.90   11.25
 153450.584    50.545    -5.06   11.04
 153816.109    47.639    -7.95    9.20
 154181.716    45.260    -6.51    8.13
 154547.404    42.778    -6.79    6.16
 154913.174    40.412    -6.47    3.97
 155279.025    40.167    -0.67    3.61
 155644.957    39.840    -0.89    3.38
 156010.971    39.377    -1.27    3.20
 156377.066    38.861    -1.41    2.65
 156743.243    38.974     0.31    2.64
 157109.502    41.550     7.03    5.67
 157475.843    47.530    16.32    9.48
 157842.265    55.319    21.26   11.59
 158208.769    63.598    22.59   11.04
 158575.355    70.300    18.28    8.09
 158942.023    74.079    10.31    5.46
 159308.773    77.885    10.38    5.73
 159675.605    83.312    14.80    9.24
 160042.519    90.548    19.72   10.66
 160409.516    98.234    20.94    9.84
 160776.594   104.028    15.78    6.35
 161143.755   107.726    10.07    3.52
 161510.998   109.584     5.06    5.70
 161878.324   112.226     7.19   10.32
 162245.732   115.204     8.11   12.54
 162613.223   116.261     2.88   13.72
 162980.796   111.281   -13.55   16.26
 163348.452   110.356    -2.52   17.46
 163716.190   111.021     1.81   18.93
 164084.011   116.108    13.83   19.08
 164451.915   122.378    17.05   14.80
 164819.902   123.791     3.84   11.44
 165187.972   120.680    -8.45   10.33
 165556.124   114.936   -15.60   12.82
 165924.360   108.425   -17.68   11.66
 166292.679   105.374    -8.28    8.49
 166661.080   105.204    -0.46    6.26
 167029.565   106.677     4.00    5.59
 167398.134   110.175     9.49    6.13
 167766.785   114.251    11.06    6.96
 168135.520   120.689    17.46    9.09
 168504.338   126.108    14.70    8.01
 168873.240   131.098    13.53    5.91
 169242.225   133.774     7.25    4.99
 169611.294   135.399     4.40    4.21
 169980.446   133.136    -6.13    6.72
 170349.682   127.435   -15.44   12.33
 170719.002   115.117   -33.36   19.71
 171088.406    99.564   -42.11   22.95
 171457.893    80.755   -50.91   20.04
 171827.464    67.147   -36.83   15.97
 172197.120    55.749   -30.84   10.57
 172566.859    49.023   -18.19    7.59
 172936.682    44.823   -11.36    4.77
 173306.590    42.432    -6.46    3.88
 173676.581    41.118    -3.55    3.30
 174046.657    40.051    -2.89    3.25
 174416.817    38.632    -3.83    2.80
 174787.062    37.700    -2.52    1.82
 175157.391    37.865     0.45    1.60
 175527.804    39.187     3.57    2.53
 175898.302    41.393     5.96    3.05
 176268.885    43.731     6.31    2.89
 176639.552    46.136     6.49    2.37
 177010.304    48.302     5.84    2.88
 177381.141    50.202     5.12    4.09
 177752.062    51.517     3.55    5.18
 178123.069    51.396    -0.33    6.09
 178494.160    48.867    -6.82    5.00
 178865.336    46.480    -6.43    3.30
 179236.597    45.612    -2.34    1.57
 179607.944    46.049     1.18    1.11
 179979.375    46.367     0.86    0.89
 180350.892    46.778     1.10    0.88
 180722.494    47.374     1.61    1.45
 181094.182    48.574     3.23    3.04
 181465.955    50.690     5.69    4.64
 181837.813    53.003     6.22    5.72
 182209.757    55.986     8.02    5.93
 182581.786    57.079     2.94    5.93
 182953.901    58.179     2.96    7.32
 183326.102    58.896     1.93    9.06
 183698.388    60.380     3.99    9.16
 184070.760    60.781     1.08    8.59
 184443.218    64.222     9.24   10.64
 184815.762    72.370    21.87   15.02
 185188.392    82.743    27.84   20.59
 185561.108    92.935    27.35   26.06
 185933.910    96.396     9.29   28.38
 186306.798    99.247     7.65   28.00
 186679.773    95.685    -9.55   25.70
 187052.834    95.834     0.40   23.68
 187425.981   100.867    13.49   24.42
 187799.214   110.690    26.32   25.87
 188172.534   131.196    54.93   32.17
 188545.940   152.377    56.73   31.07
 188919.433   170.482    48.48   27.59
 189293.013   181.098    28.42   30.87
 189666.679   187.966    18.38   34.16
 190040.432   193.407    14.56   30.73
 190414.272   197.069     9.80   22.36
 190788.199   198.851     4.76   12.51
 191162.213   197.281    -4.20    7.98
 191536.313   193.050   -11.31   10.43
 191910.501   186.992   -16.19   13.19
 192284.776   176.363   -28.40   15.85
 192659.138   165.784   -28.26   16.76
 193033.587   152.398   -35.75   16.43
 193408.123   138.796   -36.32   21.30
 193782.747   121.935   -45.01   24.60
 194157.458   101.902   -53.47   25.59
 194532.257    84.425   -46.64   18.40
 194907.143    79.355   -13.53   14.04
 195282.117    83.656    11.47   17.24
 195657.179    96.617    34.56   19.99
 196032.328   110.460    36.90   17.87
 196407.565   121.331    28.97   14.13
 196782.890   127.425    16.24   11.22
 197158.302   131.381    10.54    8.52
 197533.803   129.533    -4.92   10.39
 197909.392   126.059    -9.25   12.49
 198285.068   123.184    -7.65   12.68
 198660.833   118.902   -11.40   12.04
 199036.686   113.683   -13.89   11.96
 199412.628   109.348   -11.53   11.34
 199788.657   104.098   -13.96   10.66
 200164.775    99.051   -13.42   11.33
 200540.982    91.846   -19.15   11.68
 200917.277    84.287   -20.09   10.95
 201293.660    77.863   -17.07    7.58
 201670.133    74.004   -10.25    7.20
 202046.694    71.495    -6.66    6.65
