# NaN NaN NaN ;Mean Elev.(m), Avg Gradient(m/km), RMS Gradient(m/km) - SRTM1     
#   98.249 -39.070  53.849 ;Mean Elev.(m), Avg Gradient(m/km), RMS Gradient(m/km) - ASTER GDEM
#  104.087 -38.114  54.830 ;Mean Elev.(m), Avg Gradient(m/km), RMS Gradient(m/km) - GMTED2010 
  8   180.502 52483.80705385  8.53 236.669952  63.165473  9.279
  8   188.049 52483.80705450  6.85 236.667312  63.162343  9.279
  8   188.074 52483.80705514  6.29 236.664672  63.159213  9.279
  8   104.674 52483.80705579  9.44 236.662042  63.156073  9.279
  8   105.918 52483.80705643 10.87 236.659402  63.152943  9.279
  8   100.389 52483.80705707 20.30 236.656772  63.149813  9.279
  9   173.266 52518.80701381 12.38 236.668160  63.165535  5.873
  9    96.383 52518.80701446 12.88 236.665520  63.162395  5.873
  9    97.244 52518.80701510 13.10 236.662890  63.159265  5.873
  9    97.964 52518.80701575 12.81 236.660250  63.156125  5.873
  9    98.515 52518.80701639 14.12 236.657610  63.152995  5.873
 10   101.059 52553.80706459 35.81 236.677182  63.162340 17.077
 10    99.817 52553.80706523 41.11 236.674552  63.159210 17.077
 10   100.369 52553.80706587 39.30 236.671912  63.156080 17.077
 10    98.451 52553.80706652 37.62 236.669272  63.152940 17.077
 10   100.219 52553.80706716 42.63 236.666635  63.149811 12.177
 10   100.714 52553.80706781 39.16 236.663995  63.146681 12.177
 11    97.207 52588.80704817  7.35 236.669127  63.159919 11.095
 11   106.207 52588.80704882 14.65 236.666487  63.156779 11.095
 11   103.760 52588.80704946 24.21 236.663847  63.153649 11.095
 11   102.096 52588.80705011 32.70 236.661217  63.150509 11.095
 11    95.914 52588.80705075 37.59 236.658577  63.147379 11.095
 12   213.589 52623.80699563  5.75 236.666492  63.162806  8.932
 12   180.240 52623.80699627 13.25 236.663852  63.159676  8.932
 12   184.922 52623.80699692 14.89 236.661222  63.156546  8.932
 12   187.718 52623.80699756 14.14 236.658582  63.153406  8.932
 13   219.571 52658.80701705  8.85 236.674892  63.160725  7.194
 13   215.886 52658.80701770  9.98 236.672252  63.157595  7.194
 13   215.465 52658.80701834  9.99 236.669622  63.154465  7.194
 13   211.504 52658.80701899 10.21 236.666982  63.151325  7.194
 13   212.326 52658.80701963 10.24 236.664342  63.148195  7.194
 13   210.351 52658.80702028 10.48 236.661712  63.145055  7.194
 15   215.831 52728.80703481  6.84 236.677653  63.162425  4.718
 15   214.095 52728.80703545  8.33 236.675013  63.159295  4.718
 15   214.394 52728.80703609  7.85 236.672373  63.156155  4.718
 15   212.705 52728.80703674  8.46 236.669743  63.153025  4.718
 15   211.601 52728.80703738  6.49 236.667103  63.149895  4.718
 15   210.076 52728.80703803  7.03 236.664463  63.146755  4.718
 15   208.454 52728.80703867  7.81 236.661833  63.143625  4.718
 16   104.019 52763.80704677 16.02 236.655767  63.165900 16.938
 16   104.009 52763.80704742 15.08 236.653127  63.162760 16.938
 16   104.741 52763.80704806 15.24 236.650497  63.159630 16.938
 17    99.790 52798.80702466 42.51 236.684964  63.155331 17.911
 17    98.834 52798.80702531 41.82 236.682324  63.152191 17.911
 17    98.368 52798.80702595 40.91 236.679694  63.149061 17.911
 17    99.981 52798.80702660 41.53 236.677054  63.145931 17.911
 17    99.028 52798.80702724 42.82 236.674414  63.142791 17.911
 17    99.799 52798.80702788 42.97 236.671784  63.139661 17.911
 18    98.873 52833.80709420 35.87 236.684861  63.156925 17.916
 18    98.007 52833.80709485 38.78 236.682221  63.153795 17.916
 18    97.795 52833.80709549 39.12 236.679591  63.150655 17.916
 18    98.087 52833.80709614 37.70 236.676951  63.147525 17.916
 18    98.206 52833.80709678 38.20 236.674311  63.144395 17.916
 18    97.659 52833.80709743 40.10 236.671681  63.141255 17.916
 19    97.396 52868.80713619 40.38 236.680471  63.159273 16.004
 19    96.588 52868.80713684 42.24 236.677831  63.156143 16.004
 19    96.943 52868.80713748 40.77 236.675201  63.153003 16.004
 19    97.206 52868.80713813 41.73 236.672561  63.149873 16.004
 19    96.435 52868.80713877 42.92 236.669931  63.146743 16.004
 19    96.272 52868.80713942 40.60 236.667291  63.143603 16.004
 21    98.480 52938.80708305 19.54 236.660341  63.165027 14.813
 21   100.743 52938.80708370 16.39 236.657711  63.161897 14.813
 21   101.499 52938.80708434 15.22 236.655071  63.158757 14.813
 21   102.541 52938.80708499 16.62 236.652441  63.155627 14.813
 22   220.502 52973.80712075  4.22 236.677915  63.162274  6.515
 22   217.469 52973.80712139  7.94 236.675275  63.159134  6.515
 22   215.309 52973.80712204  8.87 236.672635  63.156004  6.515
 22   216.908 52973.80712268  7.21 236.670005  63.152874  6.515
 22   213.250 52973.80712333  7.63 236.667365  63.149734  6.515
 22   213.109 52973.80712397  7.39 236.664725  63.146604  6.515
 22   210.112 52973.80712461  7.35 236.662095  63.143474  6.515
 23   217.148 53008.80712836  4.79 236.667581  63.162724  6.661
 23   214.802 53008.80712900  5.21 236.664941  63.159584  6.661
 23   214.801 53008.80712965  4.93 236.662301  63.156454  6.661
 23   211.278 53008.80713029  5.16 236.659671  63.153324  6.661
 23   212.145 53008.80713094  4.24 236.657031  63.150184  6.661
 24   217.368 53043.80708689  5.24 236.679662  63.159536  6.370
 24   219.761 53043.80708754  4.13 236.677022  63.156406  6.370
 24   216.727 53043.80708818  3.64 236.674382  63.153276  6.370
 24   217.221 53043.80708883  3.80 236.671752  63.150136  6.370
 24   215.999 53043.80708947  3.73 236.669112  63.147006  6.370
 24   215.157 53043.80709012  3.64 236.666472  63.143876  6.370
 25   215.456 53078.80711995  3.00 236.666776  63.164633  7.082
 25   213.452 53078.80712059  2.78 236.664136  63.161503  7.082
 25   215.506 53078.80712124  1.78 236.661506  63.158373  7.082
 25   214.119 53078.80712188  2.09 236.658866  63.155233  7.082
 25   212.056 53078.80712252  2.26 236.656226  63.152103  7.082
 26   217.599 53113.80709063  0.05 236.678132  63.161191  6.362
 26   213.617 53113.80709192  0.17 236.672852  63.154931  6.362
 27   108.062 53148.80713601 23.12 236.671065  63.161552 14.382
 27   106.539 53148.80713665 32.90 236.668425  63.158422 14.382
 27   101.763 53148.80713730 39.50 236.665785  63.155292 14.382
 27   103.476 53148.80713794 41.08 236.663155  63.152152 14.382
 27   100.867 53148.80713859 41.59 236.660515  63.149022 14.382
 28   215.537 53183.80713256  3.58 236.680056  63.160416 19.533
 28   215.145 53183.80713321  4.31 236.677416  63.157276 19.533
 28   209.517 53183.80713385  5.13 236.674776  63.154146 19.533
 28   177.980 53183.80713450  6.28 236.672146  63.151016 19.533
 28   106.306 53183.80713514  6.89 236.669506  63.147876 19.533
 28   109.467 53183.80713579  7.02 236.666876  63.144746 19.533
 29    97.288 53218.80715701 14.59 236.672274  63.163357 12.957
 29    97.250 53218.80715766 15.05 236.669634  63.160217 12.957
 29    96.896 53218.80715830 15.47 236.666994  63.157087 12.957
 29    99.057 53218.80715895 14.18 236.664364  63.153957 12.957
 29    98.628 53218.80715959 16.50 236.661724  63.150817 12.957
 29   100.892 53218.80716024 16.38 236.659094  63.147687 12.957
 30   176.976 53253.80713449  7.27 236.660208  63.165071  9.996
 30   172.933 53253.80713514  8.45 236.657568  63.161931  9.996
 30   175.779 53253.80713578  7.46 236.654938  63.158801  9.996
 31   101.266 53288.80713817 34.85 236.678605  63.162257 20.981
 31    99.935 53288.80713881 40.88 236.675965  63.159127 20.981
 31   101.957 53288.80713945 37.39 236.673325  63.155997 20.981
 31    99.502 53288.80714010 34.19 236.670685  63.152857 20.981
 31    98.021 53288.80714074 30.99 236.668055  63.149727 20.981
 31   104.455 53288.80714139 35.52 236.665415  63.146597 20.981
 31    95.006 53288.80714203 37.92 236.662775  63.143457 20.981
 32   103.867 53323.80711453  5.98 236.676428  63.158834 15.443
 32   103.970 53323.80711517 12.57 236.673788  63.155704 15.443
 32   101.285 53323.80711582 23.88 236.671158  63.152574 15.443
 32    97.517 53323.80711646 29.63 236.668518  63.149434 15.443
 32   100.587 53323.80711711 35.77 236.665888  63.146304 15.443
 32    97.560 53323.80711775 36.82 236.663248  63.143164 15.443
 33   184.745 53358.80707672 12.40 236.671570  63.164089  7.835
 33   183.384 53358.80707736 10.95 236.668930  63.160949  7.835
 33   206.719 53358.80707801 10.34 236.666300  63.157819  7.835
 33   202.201 53358.80707865  9.69 236.663660  63.154689  7.835
 33   207.782 53358.80707930  9.35 236.661020  63.151549  7.835
 33   200.250 53358.80707994  9.61 236.658390  63.148419  7.835
 34   220.260 53393.80709405  4.68 236.679739  63.158610  7.183
 34   220.480 53393.80709470  4.67 236.677099  63.155480  7.183
 34   217.355 53393.80709534  4.50 236.674469  63.152350  7.183
 34   219.460 53393.80709599  4.89 236.671829  63.149210  7.183
 34   214.842 53393.80709663  4.44 236.669189  63.146080  7.183
 34   214.257 53393.80709728  4.47 236.666549  63.142950  7.183
 35   177.204 53428.80708721  7.32 236.671685  63.164627  5.969
 35   210.748 53428.80708785  6.96 236.669045  63.161487  5.969
 35   211.938 53428.80708850  4.98 236.666415  63.158357  5.969
 35   211.108 53428.80708914  6.07 236.663775  63.155217  5.969
 35   212.709 53428.80708979  3.84 236.661135  63.152087  5.969
 35   210.307 53428.80709043  5.02 236.658505  63.148957  5.969
 36   216.317 53463.80710988  4.18 236.682673  63.157094  6.008
 36   215.814 53463.80711052  5.39 236.680033  63.153954  6.008
 36   215.835 53463.80711117  4.64 236.677403  63.150824  6.008
 36   215.734 53463.80711181  3.12 236.674763  63.147694  6.008
 36   214.137 53463.80711246  3.53 236.672123  63.144554  6.008
 36   211.358 53463.80711310  5.31 236.669493  63.141424  6.008
 37   101.664 53498.80717689 28.91 236.669026  63.163644 16.329
 37   103.008 53498.80717753 35.96 236.666386  63.160504 16.329
 37   101.504 53498.80717818 40.53 236.663746  63.157374 16.329
 37   100.863 53498.80717882 38.52 236.661116  63.154234 16.329
 37   101.416 53498.80717946 38.28 236.658476  63.151104 16.329
 38   107.869 53533.80716056 35.05 236.674332  63.163977 17.650
 38    98.705 53533.80716120 38.95 236.671692  63.160837 17.650
 38    94.714 53533.80716185 36.71 236.669052  63.157707 17.650
 38    98.968 53533.80716249 24.58 236.666422  63.154577 17.650
 38    99.112 53533.80716314 22.89 236.663782  63.151437 17.650
 38    99.348 53533.80716378 22.62 236.661152  63.148307 17.650
 39   100.716 53568.80717677 22.71 236.666739  63.165198 15.121
 39   100.250 53568.80717741 21.65 236.664099  63.162068 15.121
 39    99.988 53568.80717806 22.45 236.661469  63.158938 15.121
 39    99.754 53568.80717870 21.59 236.658829  63.155798 15.121
 39   100.149 53568.80717935 21.41 236.656197  63.152663 10.958
 40   176.020 53603.80712289 10.57 236.665938  63.165080 10.064
 40    96.997 53603.80712354 13.51 236.663298  63.161940 10.064
 40    96.624 53603.80712418 12.78 236.660668  63.158810 10.064
 40    98.138 53603.80712483 12.72 236.658028  63.155680 10.064
 41   211.311 53638.80712196  6.92 236.678625  63.159944 16.238
 41   209.352 53638.80712261  6.83 236.675985  63.156814 16.238
 41   188.911 53638.80712325  8.81 236.673345  63.153684 16.238
 41   193.384 53638.80712389  9.60 236.670715  63.150544 16.238
 41   195.893 53638.80712454  9.69 236.668075  63.147414 16.238
 41   186.301 53638.80712518 12.84 236.665435  63.144284 16.238
 42   102.906 53673.80714221 15.30 236.670098  63.161997 12.372
 42   102.303 53673.80714286 24.79 236.667458  63.158867 12.372
 42   101.009 53673.80714350 28.10 236.664828  63.155737 12.372
 42   100.912 53673.80714415 33.15 236.662188  63.152597 12.372
 42   101.692 53673.80714479 33.62 236.659548  63.149467 12.372
 43   206.078 53708.80707286  8.79 236.670258  63.163961  8.382
 43   203.409 53708.80707350  9.45 236.667618  63.160821  8.382
 43   175.326 53708.80707415  9.25 236.664988  63.157691  8.382
 43   183.351 53708.80707479  8.56 236.662348  63.154561  8.382
 43   200.026 53708.80707544  8.63 236.659708  63.151421  8.382
 44   210.498 53743.80698331  6.27 236.661074  63.165186  7.043
 44   207.550 53743.80698396  6.65 236.658434  63.162046  7.043
 44   204.534 53743.80698460  6.52 236.655804  63.158916  7.043
 44   198.761 53743.80698525  6.04 236.653164  63.155776  7.043
 45   219.660 53778.80701200  3.98 236.678706  63.160503  6.510
 45   216.455 53778.80701264  4.44 236.676066  63.157373  6.510
 45   214.822 53778.80701329  4.16 236.673436  63.154243  6.510
 45   214.873 53778.80701393  3.87 236.670796  63.151103  6.510
 45   214.201 53778.80701458  4.24 236.668156  63.147973  6.510
 45   212.146 53778.80701522  3.92 236.665526  63.144843  6.510
 46   214.374 53813.80698513  2.49 236.662971  63.165617  8.437
 46   213.199 53813.80698577  1.81 236.660331  63.162477  8.437
 46   214.633 53813.80698642  1.81 236.657701  63.159347  8.437
 46   210.454 53813.80698706  1.89 236.655061  63.156207  8.437
 49   103.779 53918.80712426 35.41 236.668441  63.165700 19.261
 49   101.285 53918.80712490 39.21 236.665811  63.162570 19.261
 49   102.073 53918.80712554 39.29 236.663171  63.159440 19.261
 49   102.856 53918.80712619 37.86 236.660531  63.156300 19.261
 49    98.534 53918.80712683 38.53 236.657891  63.153170 19.261
 50    95.634 53953.80712621 19.39 236.665409  63.165205  7.749
 50    94.758 53953.80712685 19.67 236.662779  63.162075  7.749
 50    95.257 53953.80712750 18.74 236.660139  63.158945  7.749
 50    95.853 53953.80712814 18.22 236.657499  63.155805  7.749
 52   101.123 54023.80710763 18.45 236.682316  63.160178 20.379
 52   100.350 54023.80710827 20.49 236.679676  63.157048 20.379
 52   100.008 54023.80710892 22.16 236.677036  63.153908 20.379
 52   100.214 54023.80710956 20.65 236.674396  63.150778 20.379
 52    99.173 54023.80711021 21.76 236.671766  63.147648 20.379
 52   101.217 54023.80711085 25.98 236.669126  63.144508 20.379
 52    98.350 54023.80711150 35.85 236.666486  63.141378 20.379
 53   215.714 54058.80710073  6.25 236.679562  63.159319  8.212
 53   184.599 54058.80710138 12.30 236.676922  63.156179  8.212
 53   183.151 54058.80710202 14.93 236.674282  63.153049  8.212
 53   184.606 54058.80710267 13.43 236.671652  63.149919  8.212
 53   183.792 54058.80710331 15.34 236.669012  63.146779  8.212
 53    97.424 54058.80710396 23.85 236.666382  63.143649  8.212
 54   212.809 54093.80707930  5.26 236.663850  63.163635  8.298
 54   211.476 54093.80707995  4.66 236.661220  63.160505  8.298
 54   206.619 54093.80708059  6.24 236.658580  63.157365  8.298
 54   205.025 54093.80708124  5.02 236.655950  63.154235  8.298
 55   220.679 54128.80701914  4.08 236.684523  63.157733  7.147
 55   218.938 54128.80701978  4.41 236.681883  63.154593  7.147
 55   216.682 54128.80702043  4.08 236.679243  63.151463  7.147
 55   217.264 54128.80702107  4.13 236.676603  63.148333  7.147
 55   215.652 54128.80702172  3.23 236.673973  63.145193  7.147
 55   213.647 54128.80702236  3.24 236.671333  63.142063  7.147
 55   213.297 54128.80702301  3.47 236.668703  63.138933  7.147
 57   212.260 54198.80702453  0.19 236.668396  63.145515  3.848
 57   212.749 54198.80702518  0.56 236.665756  63.142385  3.848
 58    99.411 54233.80706293 38.93 236.678051  63.161614 18.179
 58    98.370 54233.80706357 41.42 236.675411  63.158484 18.179
 58   100.443 54233.80706421 42.10 236.672771  63.155344 18.179
 58    99.711 54233.80706486 43.65 236.670140  63.152210 12.006
 58    98.946 54233.80706550 43.68 236.667500  63.149080 12.006
 58    98.510 54233.80706615 39.95 236.664860  63.145940 12.006
 59   211.723 54268.80708191  4.23 236.675491  63.163728 10.976
 59   209.679 54268.80708256  4.82 236.672851  63.160588 10.976
 59   181.373 54268.80708320  5.42 236.670221  63.157458 10.976
 59   179.254 54268.80708385  6.73 236.667581  63.154328 10.976
 59   106.718 54268.80708449  8.92 236.664941  63.151188 10.976
 59   106.140 54268.80708513  9.95 236.662306  63.148053 12.053
 59   108.242 54268.80708578 10.12 236.659676  63.144923 12.053
 60    96.642 54303.80708602 16.89 236.674384  63.161328 12.832
 60    97.480 54303.80708666 17.88 236.671744  63.158198 12.832
 60    98.513 54303.80708731 19.29 236.669114  63.155058 12.832
 60    98.764 54303.80708795 19.20 236.666475  63.151925 14.103
 60    98.627 54303.80708860 21.84 236.663835  63.148795 14.103
 60    99.142 54303.80708924 30.51 236.661205  63.145655 14.103
 61    99.238 54338.80707013 14.89 236.671686  63.164786 13.480
 61    94.770 54338.80707077 16.57 236.669056  63.161656 13.480
 61    95.995 54338.80707142 17.78 236.666416  63.158526 13.480
 61    95.444 54338.80707206 19.35 236.663776  63.155386 13.480
 61    95.671 54338.80707271 19.83 236.661139  63.152250 10.349
 61    96.093 54338.80707335 21.79 236.658509  63.149120 10.349
 62   204.125 54373.80701948  8.04 236.679196  63.161223 16.655
 62   208.225 54373.80702013  7.85 236.676566  63.158083 16.655
 62   105.075 54373.80702206 11.17 236.668654  63.148683  7.316
 62   105.327 54373.80702271 11.55 236.666014  63.145553  7.316
 62   109.246 54373.80702335 12.10 236.663384  63.142423  7.316
 63   105.959 54408.80701646 15.98 236.671193  63.162074  5.928
 63   104.741 54408.80701711 23.66 236.668563  63.158934  5.928
 63   105.833 54408.80701775 31.22 236.665917  63.155801 18.563
 63   101.966 54408.80701840 38.33 236.663287  63.152671 18.563
 63   100.296 54408.80701904 39.36 236.660647  63.149531 18.563
 63    98.429 54408.80701969 32.12 236.658017  63.146401 18.563
 64   216.969 54443.80698150  7.38 236.684311  63.157669  5.748
 64   213.737 54443.80698214  8.18 236.681668  63.154532  8.889
 64   211.721 54443.80698279  8.72 236.679028  63.151392  8.889
 64   207.737 54443.80698343  9.97 236.676398  63.148262  8.889
 64   204.908 54443.80698408  9.73 236.673758  63.145132  8.889
 64   208.847 54443.80698472  9.59 236.671118  63.141992  8.889
 64   206.862 54443.80698537  9.68 236.668488  63.138862  8.889
 65   216.988 54478.80700613  6.12 236.674654  63.162031  5.258
 65   212.729 54478.80700677  6.07 236.672014  63.158901  5.258
 65   212.557 54478.80700742  6.67 236.669374  63.155761  5.258
 65   209.648 54478.80700806  6.15 236.666734  63.152631  5.258
 65   211.538 54478.80700871  6.04 236.664104  63.149501  5.258
 65   209.666 54478.80700935  5.57 236.661464  63.146361  5.258
 66   220.840 54513.80699627  3.57 236.683825  63.158441  6.921
 66   219.397 54513.80699691  4.49 236.681185  63.155311  6.921
 66   219.681 54513.80699756  4.04 236.678555  63.152181  6.921
 66   217.992 54513.80699820  3.90 236.675915  63.149041  6.921
 66   216.345 54513.80699885  2.92 236.673275  63.145911  6.921
 66   216.250 54513.80699949  2.73 236.670635  63.142781  6.921
 66   216.028 54513.80700014  2.83 236.668005  63.139641  6.921
 67   219.327 54548.80701920  3.37 236.670824  63.165154  5.981
 67   216.887 54548.80701985  2.57 236.668184  63.162024  5.981
 67   216.412 54548.80702049  3.09 236.665554  63.158884  5.981
 67   212.512 54548.80702114  2.78 236.662914  63.155754  5.981
 67   213.712 54548.80702178  2.61 236.660284  63.152624  5.981
 67   212.450 54548.80702243  2.41 236.657644  63.149484  5.981
 68   175.909 54583.80699114  1.43 236.677696  63.162644  7.707
 68   105.628 54583.80699178  2.96 236.675056  63.159514  7.707
 68   174.658 54583.80699243  2.21 236.672426  63.156374  7.707
 68   204.183 54583.80699307  0.49 236.669786  63.153244  7.707
 69   100.806 54618.80701179 43.59 236.674352  63.160930 21.044
 69    99.687 54618.80701243 44.48 236.671722  63.157790 21.044
 69   100.062 54618.80701308 41.83 236.669082  63.154660 21.044
 69    98.939 54618.80701372 43.70 236.666442  63.151530 21.044
 69    99.224 54618.80701437 45.49 236.663812  63.148390 21.044
 69    99.081 54618.80701501 43.98 236.661172  63.145260 21.044
 70    99.421 54653.80702330 19.53 236.671669  63.161586 18.095
 70    99.959 54653.80702394 19.72 236.669039  63.158446 18.095
 70   101.613 54653.80702459 19.30 236.666399  63.155316 18.095
 70    98.578 54653.80702523 20.42 236.663759  63.152186 18.095
 70    97.749 54653.80702588 23.79 236.661129  63.149046 18.095
 70    99.108 54653.80702652 23.63 236.658489  63.145916 18.095
 71   181.368 54688.80701141  6.97 236.669348  63.162896 12.389
 71   180.326 54688.80701205  6.28 236.666718  63.159756 12.389
 71   182.438 54688.80701270  6.81 236.664078  63.156626 12.389
 71   176.657 54688.80701334  7.19 236.661438  63.153496 12.389
 71   106.524 54688.80701399 11.18 236.658808  63.150356 12.389
 72    97.229 54723.80697173 36.20 236.684034  63.158987 15.982
 72    96.158 54723.80697238 41.83 236.681394  63.155847 15.982
 72    96.923 54723.80697302 40.60 236.678754  63.152717 15.982
 72    96.200 54723.80697367 40.78 236.676124  63.149587 15.982
 72    95.770 54723.80697431 38.55 236.673484  63.146447 15.982
 72    95.737 54723.80697496 40.08 236.670844  63.143317 15.982
 72    95.156 54723.80697560 40.08 236.668214  63.140187 15.982
 73   504.000 54758.80698965 17.60 236.662916  63.152501 19.441
 73   500.013 54758.80699030 16.47 236.660286  63.149361 19.441
 74   101.304 54793.80696523 17.76 236.683808  63.159397 14.150
 74   101.389 54793.80696588 19.66 236.681168  63.156267 14.150
 74   101.381 54793.80696652 22.20 236.678528  63.153137 14.150
 74   100.281 54793.80696717 31.23 236.675888  63.149997 14.150
 74    98.589 54793.80696781 32.70 236.673258  63.146867 14.150
 74   103.255 54793.80696846 33.12 236.670618  63.143737 14.150
 74    99.584 54793.80696910 34.59 236.667978  63.140597 14.150
 75   219.943 54828.80698652  3.48 236.673778  63.160313  4.978
 75   217.684 54828.80698717  6.33 236.671148  63.157173  4.978
 75   216.186 54828.80698781  6.49 236.668508  63.154043  4.978
 75   214.310 54828.80698846  6.64 236.665868  63.150903  4.978
 75   211.425 54828.80698910  6.66 236.663238  63.147773  4.978
 75   211.429 54828.80698974  6.08 236.660598  63.144643  4.978
 76   219.216 54863.80695980  6.02 236.680714  63.158119  5.934
 76   219.492 54863.80696044  5.08 236.678074  63.154989  5.934
 76   218.775 54863.80696109  5.49 236.675444  63.151859  5.934
 76   217.925 54863.80696173  4.53 236.672804  63.148719  5.934
 76   216.885 54863.80696238  4.91 236.670164  63.145589  5.934
 76   213.876 54863.80696302  4.85 236.667534  63.142459  5.934
 77   215.514 54898.80698586  3.09 236.669836  63.163856  3.801
 77   214.482 54898.80698650  3.71 236.667206  63.160716  3.801
 77   213.702 54898.80698715  3.36 236.664566  63.157586  3.801
 77   212.442 54898.80698779  4.40 236.661926  63.154456  3.801
 77   211.325 54898.80698844  3.38 236.659296  63.151316  3.801
 78   216.221 54933.80695328  2.65 236.678347  63.160331  4.753
 78   215.316 54933.80695393  2.45 236.675707  63.157191  4.753
 78   214.578 54933.80695457  2.72 236.673077  63.154061  4.753
 78   212.843 54933.80695522  3.38 236.670437  63.150931  4.753
 78   212.954 54933.80695586  2.51 236.667797  63.147791  4.753
 78   211.134 54933.80695651  2.25 236.665167  63.144661  4.753
 79   106.100 54968.80698704 36.15 236.674634  63.161531 24.350
 79   105.765 54968.80698768 35.96 236.672004  63.158401 24.350
 79   106.520 54968.80698833 35.06 236.669364  63.155261 24.350
 79   104.154 54968.80698897 35.53 236.666724  63.152131 24.350
 79   106.880 54968.80698962 35.74 236.664094  63.149001 24.350
 79   101.711 54968.80699026 40.29 236.661454  63.145861 24.350
 80   101.853 55003.80700650 23.40 236.673596  63.164430 19.180
 80   107.076 55003.80700715 29.57 236.670956  63.161300 19.180
 80    93.692 55003.80700779 35.55 236.668326  63.158160 19.180
 80    96.278 55003.80700844 27.41 236.665686  63.155030 19.180
 80    98.078 55003.80700908 24.65 236.663046  63.151900 19.180
 80    98.391 55003.80700973 25.04 236.660416  63.148760 19.180
 81    97.586 55038.80699411 31.74 236.673723  63.160835 17.935
 81    96.939 55038.80699476 34.15 236.671093  63.157695 17.935
 81    99.568 55038.80699540 32.87 236.668453  63.154565 17.935
 81    95.723 55038.80699605 32.58 236.665813  63.151435 17.935
 81    96.371 55038.80699669 35.47 236.663183  63.148295 17.935
 81    98.031 55038.80699734 37.64 236.660543  63.145165 17.935
 82    96.713 55073.80697858 43.94 236.667679  63.162483 20.436
 82    95.966 55073.80697922 45.33 236.665049  63.159353 20.436
 82    95.873 55073.80697987 45.12 236.662409  63.156213 20.436
 82    97.258 55073.80698051 41.54 236.659769  63.153083 20.436
 82    95.929 55073.80698116 40.90 236.657139  63.149953 20.436
 83   103.402 55108.80692641 35.98 236.681653  63.160846 23.856
 83   100.198 55108.80692705 40.17 236.679013  63.157706 23.856
 83   100.224 55108.80692770 39.08 236.676373  63.154576 23.856
 83   103.653 55108.80692834 36.94 236.673743  63.151446 23.856
 83   101.864 55108.80692899 39.30 236.671103  63.148306 23.856
 83   100.254 55108.80692963 38.68 236.668463  63.145176 23.856
 83   101.758 55108.80693027 38.70 236.665833  63.142046 23.856
 84   104.843 55143.80693053 12.31 236.670200  63.162822 11.341
 84   105.833 55143.80693118 21.58 236.667570  63.159682 11.341
 84    99.310 55143.80693182 32.59 236.664930  63.156552 11.341
 84    99.750 55143.80693247 37.17 236.662290  63.153422 11.341
 84   100.300 55143.80693311 35.10 236.659660  63.150282 11.341
 85   216.784 55178.80690036 11.14 236.684488  63.157679  5.188
 85   216.187 55178.80690101 10.94 236.681848  63.154549  5.188
 85   214.922 55178.80690165 10.81 236.679208  63.151419  5.188
 85   214.180 55178.80690230 10.44 236.676578  63.148279  5.188
 85   212.904 55178.80690294  9.17 236.673938  63.145149  5.188
 85   211.140 55178.80690359  9.21 236.671298  63.142019  5.188
 85   210.220 55178.80690423  8.52 236.668668  63.138879  5.188
 86   217.667 55213.80692528  6.11 236.671522  63.161443  6.039
 86   213.105 55213.80692592  7.22 236.668892  63.158303  6.039
 86   215.386 55213.80692656  6.23 236.666252  63.155173  6.039
 86   211.337 55213.80692721  6.09 236.663612  63.152043  6.039
 86   212.354 55213.80692785  4.69 236.660982  63.148903  6.039
 87   218.761 55248.80689992  6.21 236.679385  63.158621  6.046
 87   218.535 55248.80690057  4.90 236.676745  63.155491  6.046
 87   215.885 55248.80690121  5.04 236.674115  63.152361  6.046
 87   215.904 55248.80690186  3.86 236.671475  63.149221  6.046
 87   216.007 55248.80690250  3.58 236.668835  63.146091  6.046
 87   214.011 55248.80690314  3.65 236.666205  63.142961  6.046
 88   214.630 55283.80691834  5.92 236.670274  63.165161  6.629
 88   216.918 55283.80691898  4.62 236.667634  63.162021  6.629
 88   214.954 55283.80691962  4.83 236.665004  63.158891  6.629
 88   211.898 55283.80692027  3.45 236.662364  63.155761  6.629
 88   212.981 55283.80692091  3.56 236.659734  63.152621  6.629
 88   212.992 55283.80692156  3.50 236.657094  63.149491  6.629
 89   103.807 55318.80688934 17.84 236.672175  63.162781 15.649
 89   103.780 55318.80688998 17.04 236.669535  63.159651 15.649
 89   103.295 55318.80689062 17.07 236.666905  63.156511 15.649
 89   103.450 55318.80689127 17.36 236.664265  63.153381 15.649
 90   174.658 55353.80689154 12.74 236.671856  63.163564  7.007
 90    96.322 55353.80689218 13.52 236.669216  63.160434  7.007
 90    96.357 55353.80689283 14.06 236.666586  63.157294  7.007
 90    95.709 55353.80689347 15.86 236.663946  63.154164  7.007
 90    95.926 55353.80689412 16.46 236.661316  63.151024  7.007
 90    97.341 55353.80689476 17.58 236.658676  63.147894  7.007
 91    98.815 55388.80688985 40.73 236.680345  63.160831 19.479
 91    97.179 55388.80689049 41.28 236.677705  63.157691 19.479
 91    93.704 55388.80689114 43.19 236.675065  63.154561 19.479
 91    98.856 55388.80689178 43.37 236.672435  63.151431 19.479
 91    97.415 55388.80689243 42.34 236.669795  63.148291 19.479
 91    97.260 55388.80689307 41.46 236.667155  63.145161 19.479
 91    95.443 55388.80689372 43.55 236.664525  63.142021 19.479
 92    95.555 55423.80690905 39.50 236.674321  63.162372 17.894
 92    96.075 55423.80690969 45.83 236.671681  63.159242 17.894
 92    96.528 55423.80691034 42.40 236.669051  63.156102 17.894
 92    95.610 55423.80691098 44.35 236.666411  63.152972 17.894
 92    96.157 55423.80691163 43.92 236.663771  63.149842 17.894
 92    95.912 55423.80691227 43.14 236.661141  63.146702 17.894
 93   105.316 55458.80687998  9.80 236.669671  63.164943  4.791
 93   101.602 55458.80688062 10.21 236.667031  63.161813  4.791
 93   103.239 55458.80688127 10.70 236.664401  63.158683  4.791
