# NaN NaN NaN ;Mean Elev.(m), Avg Gradient(m/km), RMS Gradient(m/km) - SRTM1     
#  109.171  -8.186   8.710 ;Mean Elev.(m), Avg Gradient(m/km), RMS Gradient(m/km) - ASTER GDEM
#  121.197  -4.109   6.994 ;Mean Elev.(m), Avg Gradient(m/km), RMS Gradient(m/km) - GMTED2010 
  7 238.526021  61.905423   116.597   116.972  5 52477.79933655 28.204
  8 238.530881  61.904106   116.084   116.304  5 52512.79927815 40.737
  9 238.537608  61.902566   115.668   115.937  5 52547.79931956 32.618
 10 238.534974  61.905694   114.826   114.869  5 52582.79932368 42.829
 11 238.518136  61.906584   117.246   117.132  4 52617.79929751 30.165
 12 238.542624  61.902711   116.410   116.791  6 52652.79927174 32.453
 13 238.524808  61.907061   116.054   116.051  3 52687.79927049 16.448
 14 238.531991  61.905132   141.431   141.472  4 52722.79931749  8.517
 15 238.513416  61.908178   120.271   117.333  5 52757.79933919 30.832
 16 238.542282  61.901336   127.590   127.372  5 52792.79929155 13.551
 17 238.544308  61.903768   138.600   139.738  5 52827.79935912 13.779
 18 238.543043  61.903392   116.199   116.253  5 52862.79940438 43.396
 19 238.526128  61.906285   123.729   123.462  4 52897.79943401 19.217
 20 238.517270  61.906760   114.789   115.128  4 52932.79938023 45.826
 21 238.538488  61.902285   112.924   113.208  5 52967.79938660 41.174
 22 238.523539  61.906776   115.538   115.655  4 53002.79941054 15.856
 23 238.517103  61.906456   164.477   165.886  4 53037.79935980  0.820
 24 238.527539  61.904961   161.854   161.471  4 53072.79938600  1.906
 25 238.512346  61.904272   150.808   150.808  2 53107.79936090  2.572
 26 238.535031  61.904126   115.804   116.023  5 53142.79939483 43.926
 28 238.527762  61.904728   115.998   115.884  4 53212.79943788 16.919
 29 238.525031  61.905943   118.046   115.054  4 53247.79940670 26.762
 30 238.537719  61.904965   114.669   114.747  5 53282.79939677 48.782
 31 238.537200  61.904463   113.882   114.040  5 53317.79939804 43.021
 32 238.529584  61.906151   115.829   115.777  4 53352.79936389 20.737
 33 238.539444  61.903239   151.180   151.534  5 53387.79935828  6.074
 34 238.534424  61.903008   162.345   161.432  5 53422.79935936  0.688
 35 238.544352  61.901991   165.435   165.355  5 53457.79936450  1.068
 36 238.525989  61.904895   118.518   118.756  4 53492.79944965 43.355
 37 238.535660  61.905431   118.761   118.847  5 53527.79942828 43.318
 38 238.520314  61.905856   116.891   117.122  5 53562.79945822 46.220
 39 238.527459  61.905177   116.396   116.437  4 53597.79939823 28.443
 40 238.538732  61.905094   118.244   116.399  5 53632.79939332 20.007
 41 238.526317  61.903548   113.610   115.196  4 53667.79941628 38.397
 42 238.530632  61.904868   115.658   115.474  5 53702.79936067 36.457
 43 238.519994  61.905865   117.355   117.420  5 53737.79927043 17.422
 44 238.537955  61.901137   116.612   116.578  3 53772.79928248 14.369
 45 238.524262  61.905239   164.032   162.820  5 53807.79926982  0.866
 47 238.541957  61.909247   141.885   141.885  2 53877.79933761 18.395
 48 238.527035  61.905331   130.627   130.462  5 53912.79939090 14.118
 49 238.519871  61.906061   116.601   116.633  4 53947.79940553 46.944
 50 238.522169  61.905670   129.747   129.866  4 53982.79934763 15.466
 51 238.540985  61.902809   121.267   117.784  5 54017.79937573 19.202
 52 238.539538  61.902767   112.547   112.418  5 54052.79937059 38.491
 53 238.527283  61.905371   115.186   115.185  5 54087.79936227 16.847
 54 238.513196  61.907131   161.545   160.069  4 54122.79928549  2.058
 55 238.530576  61.905015   163.715   163.580  5 54157.79932463  1.123
 57 238.532611  61.904626   117.133   117.070  4 54227.79933634 34.968
 58 238.534138  61.905527   119.090   119.097  5 54262.79935504 46.243
 59 238.530088  61.905295   117.904   117.986  5 54297.79936038 46.062
 60 238.526907  61.904627   123.453   123.125  4 54332.79935048 11.968
 62 238.529102  61.904471   115.527   115.543  4 54402.79929360 46.411
 63 238.522858  61.906557   146.041   145.678  5 54437.79925053 11.886
 64 238.538179  61.905039   115.466   115.595  5 54472.79927865 17.838
 65 238.521095  61.906414   158.420   157.882  4 54507.79926161  4.203
 66 238.531843  61.905265   164.952   164.503  4 54542.79929328  1.654
 67 238.519013  61.905251   114.647   114.620  4 54577.79926408  5.831
 68 238.531632  61.905389   118.703   119.074  5 54612.79928396 47.809
 69 238.532323  61.907199   141.584   141.584  2 54647.79929071 10.858
 70 238.528024  61.906099   128.078   129.576  5 54682.79929145 10.136
 71 238.520680  61.905754   115.377   115.582  5 54717.79923939 32.382
 72 238.533327  61.903720   114.965   115.392  5 54752.79926441 45.208
 73 238.523123  61.906058   113.546   113.723  5 54787.79922996 40.607
 74 238.535503  61.903442   115.865   115.924  5 54822.79925874 20.448
 75 238.523643  61.905202   163.471   163.520  4 54857.79922588  2.942
 76 238.527287  61.906022   164.078   164.654  5 54892.79926129  1.724
 77 238.517078  61.905940   168.089   168.825  5 54927.79922380  2.495
 79 238.528368  61.905630   119.097   119.219  4 54997.79928128 47.271
 80 238.529265  61.905981   116.649   117.100  4 55032.79927073 44.882
 81 238.525861  61.905051   116.328   116.536  5 55067.79925925 46.865
 82 238.517897  61.907519   115.614   115.513  5 55102.79919818 38.237
 83 238.530772  61.902044   136.624   136.124  3 55137.79920662 17.972
 84 238.522345  61.905687   116.624   116.595  4 55172.79916728 25.377
 85 238.533513  61.903417   162.060   162.086  5 55207.79920048  4.693
 86 238.519411  61.907156   115.661   115.705  4 55242.79917178 12.436
 87 238.527318  61.906208   164.462   164.381  4 55277.79919400  0.873
 88 238.521626  61.906672   125.012   124.843  4 55312.79915701 25.879
 89 238.529585  61.905740   116.492   116.750  5 55347.79916415 47.597
 90 238.526712  61.905946   120.907   117.404  4 55382.79915508 33.124
 91 238.538631  61.908532   146.198   135.563  3 55417.79918236 12.148
 92 238.524912  61.905769   115.670   115.644  5 55452.79916447 45.353
 93 238.519397  61.906626   156.460   170.577  5 55487.79908641 13.263
