# NaN NaN NaN ;Mean Elev.(m), Avg Gradient(m/km), RMS Gradient(m/km) - SRTM1     
#   39.185  -8.179  14.226 ;Mean Elev.(m), Avg Gradient(m/km), RMS Gradient(m/km) - ASTER GDEM
#   63.871  -7.276  14.365 ;Mean Elev.(m), Avg Gradient(m/km), RMS Gradient(m/km) - GMTED2010 
  7 234.130397  64.926917    52.888    53.364  4 52465.21462626 19.744
  8 234.139125  64.925642    60.464    60.948  5 52500.21462106 11.299
  9 234.110417  64.926900   102.131   102.026  4 52535.21460938  6.612
 10 234.130977  64.921828    47.675    47.675  2 52570.21463930 28.179
 11 234.139556  64.924546   102.867   103.075  4 52605.21461507 13.013
 12 234.119293  64.925494   100.661   100.678  4 52640.21460193  9.298
 13 234.138734  64.925311   105.741   104.024  5 52675.21459436  4.011
 14 234.122088  64.925730   103.921   104.992  3 52710.21461505  3.313
 15 234.128559  64.926976   107.604   107.611  4 52745.21464333  1.938
 16 234.115045  64.926065    52.287    49.094  3 52780.21458036 24.131
 17 234.117687  64.922637    54.835    54.835  2 52815.21466212 17.040
 18 234.121888  64.926124    50.389    50.616  3 52850.21471478 17.949
 20 234.141517  64.924773    47.545    47.700  5 52920.21470499 21.421
 21 234.125183  64.925593    84.941    88.122  4 52955.21466945 16.895
 22 234.136444  64.925693   105.922   106.068  4 52990.21468176  4.174
 23 234.148769  64.924500   110.205   110.289  5 53025.21465572  1.760
 24 234.135658  64.926338   108.185   108.176  5 53060.21465959  2.218
 25 234.135598  64.925361   109.228   109.042  4 53095.21469344  1.965
 26 234.128926  64.927111   101.865   101.872  4 53130.21466630  4.069
 28 234.130211  64.924889    68.404    68.576  4 53200.21473801  9.332
 30 234.114192  64.926234   100.588   100.365  4 53270.21467145  2.800
 31 234.116200  64.926455    97.102    97.660  3 53305.21473375 14.980
 32 234.135990  64.926367   101.910   101.903  5 53340.21470146  7.526
 33 234.149041  64.925723   105.250   105.258  5 53375.21463147  5.044
 34 234.131128  64.926300   104.215   103.980  5 53410.21467593  2.631
 35 234.148893  64.924820   107.063   108.733  5 53445.21465792  0.871
 36 234.117681  64.926094   109.151   108.407  4 53480.21474062  2.934
 38 234.130326  64.924809    49.456    49.444  4 53550.21476539 17.556
 40 234.148412  64.923499    49.049    49.035  5 53620.21468196 29.616
 41 234.122575  64.927007    51.845    52.394  3 53655.21471190 14.932
 42 234.133207  64.924900    68.315    68.315  2 53690.21470380 14.733
 43 234.151505  64.924147   103.600   103.317  6 53725.21462736  5.985
 44 234.127166  64.926486   100.609   100.627  4 53760.21457391  6.355
 46 234.119796  64.926760   103.776   103.414  4 53830.21457054  3.735
 47 234.121600  64.925912   105.247   106.319  4 53865.21464737 17.337
 48 234.128050  64.926977    53.321    51.592  4 53900.21467420 17.379
 49 234.122028  64.925275   101.643   101.264  4 53935.21471616  1.969
 52 234.128660  64.925893    46.836    46.847  4 54040.21469193 43.353
 53 234.136149  64.926522   102.374   102.348  5 54075.21468622  7.386
 54 234.147698  64.925985   104.173   104.127  5 54110.21462950  5.243
 55 234.123284  64.926947   103.215   103.382  4 54145.21462590  3.926
 56 234.143860  64.925909   109.202   109.248  5 54180.21461515  1.718
 58 234.128842  64.925086    48.743    48.660  4 54250.21466070 22.856
 59 234.134962  64.926220    49.899    49.823  4 54285.21466755 16.225
 61 234.147510  64.922931    48.891    48.667  3 54355.21462597 45.467
 62 234.132366  64.925309    47.396    47.996  4 54390.21460504 44.071
 63 234.137392  64.926380   102.469   102.838  4 54425.21457673  5.665
 64 234.123630  64.927112   102.141   101.989  4 54460.21458171  3.883
 65 234.138948  64.926136   108.298   108.163  5 54495.21458229  1.478
 66 234.129067  64.925556   106.718   106.667  4 54530.21459418  1.014
 67 234.144735  64.925486   112.631   113.793  5 54565.21458850  3.037
 68 234.130108  64.925714   109.713   108.798  4 54600.21458982 11.489
 70 234.135560  64.924039    48.782    48.708  4 54670.21460588 22.963
 71 234.141045  64.926887    52.431    48.518  3 54705.21456868 17.095
 73 234.140333  64.925013    47.291    47.298  5 54775.21454931 40.942
 74 234.121365  64.926004   100.611   100.507  4 54810.21456326  6.712
 75 234.138172  64.925883   106.406   106.933  4 54845.21454865  3.105
 76 234.125885  64.926815   107.629   107.257  4 54880.21456646  1.797
 77 234.141193  64.925734   113.965   114.193  4 54915.21455213  0.833
 81 234.136444  64.926326    52.565    50.891  5 55055.21457508 14.051
 82 234.142008  64.926134    59.051    59.580  3 55090.21453407 12.407
 84 234.137086  64.926461   102.856   102.934  4 55160.21449529  9.144
 85 234.121872  64.926663   100.243   100.231  4 55195.21450382  6.737
 86 234.142156  64.924590   106.059   106.644  5 55230.21449744  3.396
 87 234.130408  64.926016   102.881   101.774  5 55265.21449849  3.001
 88 234.142823  64.926402   117.690   117.783  4 55300.21448018  0.660
 90 234.131790  64.929689    50.122    50.939  3 55370.21446644 12.858
 91 234.128334  64.925044    56.543    56.637  4 55405.21448372 13.720
