-253347.596   263.985     0.00    2.69
-252968.619   262.720    -3.34    1.95
-252589.583   262.417    -0.80    1.97
-252210.486   261.780    -1.68    2.47
-251831.329   260.529    -3.30    2.91
-251452.112   260.628     0.26    3.48
-251072.834   260.759     0.35    3.80
-250694.468   260.596    -0.43    3.73
-250326.732   258.632    -5.34    4.49
-249958.939   256.499    -5.80    4.31
-249591.090   253.593    -7.90    3.92
-249223.185   250.965    -7.14    2.68
-248855.224   249.404    -4.24    2.96
-248487.206   247.749    -4.50    2.53
-248119.132   246.661    -2.96    2.48
-247751.002   245.596    -2.89    2.27
-247382.815   244.458    -3.09    1.38
-247014.572   243.763    -1.89    1.08
-246646.272   243.005    -2.06    1.27
-246277.917   242.189    -2.21    1.35
-245909.504   241.298    -2.42    1.26
-245541.035   240.795    -1.37    1.37
-245172.510   240.152    -1.74    1.58
-244803.928   239.781    -1.01    2.05
-244435.290   239.323    -1.24    2.36
-244066.594   238.499    -2.23    2.51
-243697.843   237.539    -2.60    3.26
-243329.034   236.471    -2.90    3.38
-242960.169   234.877    -4.32    3.05
-242591.248   233.837    -2.82    2.71
-242222.269   232.837    -2.71    2.16
-241853.234   231.823    -2.75    1.81
-241484.142   231.026    -2.16    2.00
-241114.993   230.374    -1.76    2.04
-240745.788   229.566    -2.19    1.97
-240376.525   228.791    -2.10    2.13
-240007.206   227.677    -3.02    1.94
-239637.829   227.110    -1.53    2.01
-239268.396   226.663    -1.21    2.10
-238898.906   225.777    -2.40    2.30
-238529.359   224.937    -2.27    2.57
-238159.754   223.894    -2.82    2.42
-237790.093   222.841    -2.85    2.06
-237420.375   222.034    -2.18    2.28
-237050.599   221.197    -2.26    2.32
-236680.766   220.316    -2.38    2.25
-236310.877   219.430    -2.39    1.87
-235940.930   218.527    -2.44    0.96
-235570.925   218.115    -1.11    1.16
-235200.864   217.541    -1.55    1.19
-234830.745   217.129    -1.11    1.07
-234460.569   216.759    -1.00    1.15
-234090.336   216.499    -0.70    1.40
-233720.045   216.143    -0.96    2.19
-233349.697   215.593    -1.48    3.00
-232979.292   214.745    -2.29    3.48
-232608.829   213.732    -2.74    3.83
-232238.308   212.417    -3.55    3.86
-231867.731   210.622    -4.84    2.65
-231497.095   209.403    -3.29    2.02
-231126.402   208.732    -1.81    2.14
-230755.652   207.999    -1.98    2.04
-230384.844   207.513    -1.31    2.19
-230013.978   208.125     1.65    3.45
-229643.055   208.677     1.49    3.82
-229272.074   208.432    -0.66    4.15
-228901.035   207.791    -1.73    4.18
-228529.938   206.630    -3.13    4.39
-228158.784   204.674    -5.27    3.86
-227787.572   203.301    -3.70    2.82
-227416.302   201.362    -5.22    3.09
-227044.975   199.064    -6.19    4.34
-226673.589   196.184    -7.75    5.07
-226302.145   193.634    -6.86    4.55
-225930.644   191.096    -6.83    4.01
-225559.085   188.622    -6.66    4.30
-225187.467   185.957    -7.17    4.20
-224815.792   183.526    -6.54    3.46
-224444.059   181.791    -4.67    2.77
-224072.267   180.647    -3.07    1.50
-223700.418   180.874     0.61    2.10
-223328.510   181.365     1.32    2.83
-222956.544   181.221    -0.39    3.21
-222584.520   179.418    -4.84    3.92
-222212.438   177.430    -5.34    4.29
-221840.297   175.045    -6.41    5.17
-221468.099   171.074   -10.67    6.31
-221095.842   166.525   -12.22    8.11
-220723.526   161.943   -12.30    7.21
-220351.153   160.364    -4.24    5.67
-219978.721   160.999     1.71    6.09
-219606.230   162.242     3.34    5.78
-219233.681   164.102     4.99    5.87
-218861.074   166.937     7.61    6.89
-218488.408   169.485     6.84    6.78
-218115.684   171.567     5.59    6.41
-217742.901   174.526     7.93    4.05
-217370.059   175.541     2.72    2.18
-216997.159   175.800     0.70    1.82
-216624.201   175.880     0.21    1.30
-216251.183   176.102     0.60    1.14
-215878.107   176.332     0.62    1.26
-215504.972   176.364     0.08    1.18
-215131.779   176.071    -0.78    1.32
-214758.527   175.338    -1.96    1.52
-214385.216   174.559    -2.09    1.26
-214011.846   174.058    -1.34    1.24
-213638.417   173.470    -1.57    1.45
-213264.929   172.904    -1.52    1.33
-212891.383   172.371    -1.43    1.11
-212517.777   172.138    -0.62    1.07
-212144.113   172.041    -0.26    1.07
-211770.390   172.459     1.12    1.60
-211396.607   172.263    -0.52    1.84
-211022.766   172.112    -0.40    1.85
-210648.865   171.661    -1.21    1.95
-210274.905   171.161    -1.34    1.52
-209900.886   171.066    -0.25    1.38
-209526.808   171.080     0.04    1.39
-209152.671   170.998    -0.22    1.30
-208778.475   171.161     0.43    1.23
-208404.219   171.275     0.30    1.30
-208029.904   171.277     0.01    1.30
-207655.530   171.669     1.05    1.35
-207281.096   171.721     0.14    1.62
-206906.603   171.992     0.72    1.70
-206532.051   171.739    -0.68    1.97
-206157.439   171.130    -1.62    2.44
-205782.768   171.028    -0.27    3.14
-205408.037   170.512    -1.38    4.30
-205033.246   170.288    -0.60    5.76
-204658.397   170.796     1.35    6.80
-204283.487   171.622     2.20    6.51
-203908.518   172.134     1.36    5.52
-203533.490   172.093    -0.11    4.08
-203158.401   172.147     0.14    2.09
-202783.253   171.725    -1.13    1.26
-202408.046   172.272     1.46    1.47
-202032.778   173.143     2.32    1.51
-201657.451   173.855     1.90    1.21
-201282.064   174.184     0.88    0.88
-200906.617   174.372     0.50    0.99
-200531.110   174.580     0.55    1.06
-200155.544   174.941     0.96    1.10
-199779.917   175.196     0.68    1.11
-199404.231   175.794     1.59    1.35
-199028.484   176.632     2.23    1.75
-198652.678   177.704     2.85    1.87
-198276.811   178.537     2.22    1.61
-197900.885   179.012     1.26    1.30
-197524.898   178.840    -0.46    1.36
-197148.851   179.742     2.40    2.68
-196772.744   180.715     2.59    3.68
-196396.577   182.715     5.32    4.22
-196020.350   184.782     5.49    3.70
-195644.062   185.669     2.36    3.29
-195267.714   185.513    -0.42    3.54
-194891.306   184.433    -2.87    3.50
-194514.838   183.485    -2.52    3.11
-194138.309   183.893     1.08    2.76
-193761.719   184.640     1.98    2.76
-193385.070   185.952     3.48    2.45
-193008.360   186.735     2.08    2.26
-192631.589   187.796     2.82    2.54
-192254.758   188.992     3.17    2.58
-191877.866   190.350     3.60    2.62
-191500.914   192.685     6.19    3.69
-191123.901   194.161     3.91    3.38
-190746.828   195.650     3.95    2.91
-190369.694   196.985     3.54    2.76
-189992.499   197.931     2.51    2.95
-189615.243   199.271     3.55    3.06
-189237.927   201.005     4.60    3.06
-188860.550   202.970     5.21    3.18
-188483.112   204.738     4.68    3.46
-188105.613   206.999     5.99    3.41
-187728.054   208.784     4.73    3.61
-187350.433   211.378     6.87    4.14
-186972.752   213.778     6.35    4.19
-186595.009   216.485     7.16    3.60
-186217.206   219.282     7.40    3.63
-185839.342   222.525     8.58    4.71
-185461.416   225.652     8.27    4.48
-185083.430   229.394     9.90    4.34
-184705.382   232.346     7.81    4.03
-184327.273   235.012     7.05    4.01
-183949.104   237.485     6.54    3.53
-183570.872   239.712     5.89    3.32
-183192.580   242.364     7.01    4.49
-182814.227   245.209     7.52    5.02
-182435.812   248.392     8.41    5.46
-182057.335   251.832     9.09    5.68
-181678.798   254.755     7.72    5.02
-181300.199   256.074     3.48    4.02
-180921.539   258.102     5.35    3.05
-180542.817   260.556     6.48    3.57
-180164.033   263.325     7.31    4.31
-179785.189   266.528     8.45    5.29
-179406.282   269.885     8.86    5.99
-179027.315   274.143    11.23    7.35
-178648.285   279.258    13.50   10.76
-178269.194   287.952    22.93   15.56
-177890.041   298.215    27.06   18.57
-177510.827   311.485    34.99   19.78
-177131.551   326.350    39.19   21.30
-176752.213   340.831    38.17   21.62
-176372.813   355.841    39.56   23.18
-175993.352   371.088    40.17   25.65
-175623.790   385.555    39.14   26.62
-175256.175   402.732    46.72   27.45
-174888.501   418.235    42.16   26.41
-174520.770   435.218    46.18   22.18
-174152.982   447.133    32.39   19.14
-173785.135   461.458    38.94   18.01
-173417.231   474.612    35.75   22.20
-173049.270   492.338    48.17   26.71
-172681.250   510.542    49.46   26.17
-172313.173   528.312    48.27   21.24
-171945.038   541.527    35.89   14.35
-171576.845   551.632    27.44   11.06
-171208.594   559.006    20.02    9.37
-170840.285   566.107    19.28    7.52
-170471.919   571.372    14.29    5.46
-170103.494   575.512    11.23    4.73
-169735.011   578.650     8.51    4.13
-169366.471   581.685     8.24    3.70
-168997.872   583.663     5.37    3.64
-168629.215   584.927     3.43    3.60
-168260.500   584.485    -1.20    4.49
-167891.727   583.901    -1.58    5.47
-167522.896   581.701    -5.96    7.20
-167154.006   577.459   -11.50    8.45
-166785.059   573.732   -10.10    8.15
-166416.053   568.719   -13.58    7.05
-166046.989   566.458    -6.13    5.74
-165677.866   568.169     4.64    9.56
-165308.686   571.471     8.94   11.54
-164939.447   577.618    16.65   11.54
-164570.149   579.846     6.03    9.63
-164200.793   573.445   -17.33   14.22
-163831.379   562.814   -28.77   17.27
-163461.906   555.418   -20.01   13.13
-163092.375   554.638    -2.11   11.86
-162722.785   561.647    18.96   13.16
-162353.136   569.888    22.29    7.44
-161983.429   574.565    12.65    5.50
-161613.664   573.864    -1.90    7.57
-161243.839   565.183   -23.47   15.69
-160873.956   554.540   -28.77   17.10
-160504.015   543.344   -30.26   11.49
-160134.014   536.891   -17.44    4.78
-159763.955   537.698     2.18    6.12
-159393.837   542.180    12.11    8.60
-159023.661   548.784    17.84    9.89
-158653.425   557.612    23.84    9.16
-158283.131   565.338    20.86    9.80
-157912.777   573.682    22.53    9.19
-157542.365   581.367    20.74    8.71
-157171.894   585.571    11.35    6.77
-156801.364   584.965    -1.63    7.15
-156430.775   582.399    -6.92    7.33
-156060.126   581.418    -2.65    6.03
-155689.419   582.028     1.64    6.19
-155318.653   582.725     1.88    5.98
-154947.827   583.085     0.97    5.17
-154576.942   582.275    -2.19    3.67
-154205.999   582.823     1.48    2.83
-153834.995   587.072    11.45    6.59
-153463.933   592.318    14.14    8.10
-153092.812   598.096    15.56    8.28
-152721.631   602.193    11.04    5.55
-152350.390   603.245     2.83    4.76
-151979.091   603.143    -0.27    4.09
-151607.732   603.075    -0.18    3.27
-151236.313   604.088     2.73    3.59
-150864.836   605.771     4.53    3.63
-150493.298   606.458     1.85    2.99
-150121.701   606.058    -1.08    3.11
-149750.045   605.841    -0.58    3.01
-149378.329   605.896     0.15    2.93
-149006.554   606.672     2.09    2.59
-148634.718   606.782     0.30    2.66
-148262.824   605.701    -2.91    3.95
-147890.869   605.117    -1.57    5.10
-147518.855   605.498     1.03    6.04
-147146.781   606.038     1.45    7.25
-146774.647   606.538     1.35    8.33
-146402.454   603.378    -8.49   11.51
-146030.201   595.620   -20.84   14.30
-145657.887   585.512   -27.15   14.33
-145285.514   574.367   -29.93   13.98
-144913.081   567.125   -19.44   12.30
-144540.589   561.940   -13.92   13.62
-144168.036   561.832    -0.29   18.51
-143795.423   562.173     0.92   20.21
-143422.750   561.391    -2.10   19.08
-143050.017   558.445    -7.90   14.31
-142677.224   557.800    -1.73    9.78
-142304.371   563.485    15.25   17.13
-141931.457   573.358    26.47   21.11
-141558.484   585.288    31.98   17.12
-141185.450   593.402    21.75    6.37
-140812.356   593.538     0.36    4.39
-140439.202   590.207    -8.92    5.39
-140065.987   586.355   -10.32    5.38
-139692.713   582.416   -10.55    4.76
-139319.377   577.135   -14.14    6.99
-138945.982   572.039   -13.65    7.40
-138572.526   564.280   -20.77   13.61
-138199.009   553.526   -28.79   19.85
-137825.432   542.122   -30.52   21.23
-137451.795   531.498   -28.43   16.62
-137078.097   527.525   -10.63   11.61
-136704.338   530.605     8.24   11.05
-136330.519   534.938    11.59    9.24
-135956.639   539.025    10.93    5.98
-135582.699   540.719     4.53    4.86
-135208.698   542.761     5.46    3.38
-134834.636   543.365     1.61    2.85
-134460.514   542.199    -3.12    3.85
-134086.330   540.169    -5.42    5.02
-133712.086   536.318   -10.29    5.83
-133337.781   529.951   -17.01   10.34
-132963.415   522.789   -19.13   12.55
-132588.988   521.201    -4.24   11.36
-132214.501   523.563     6.31   11.65
-131839.952   528.218    12.43    9.74
-131465.342   532.393    11.15    5.28
-131090.672   533.985     4.25    3.11
-130715.940   534.893     2.42    2.43
-130341.147   535.654     2.03    2.35
-129966.293   537.674     5.39    2.64
-129591.378   540.580     7.75    3.13
-129216.402   542.972     6.38    3.29
-128841.365   544.419     3.86    4.20
-128466.266   545.251     2.22    2.66
-128091.106   545.472     0.59    3.94
-127715.885   540.992   -11.94   10.77
-127340.603   520.918   -53.49   31.72
-126965.259   489.904   -82.62   46.85
-126589.853   458.049   -84.85   45.15
-126214.387   442.605   -41.13   31.86
-125838.859   447.901    14.10   39.58
-125463.269   467.431    51.99   46.51
-125087.618   497.735    80.66   53.20
-124711.905   519.871    58.91   53.66
-124336.131   539.472    52.16   53.23
-123960.295   547.314    20.86   54.41
-123584.398   548.551     3.29   54.10
-123208.439   543.647   -13.04   56.03
-122832.418   535.934   -20.51   54.15
-122456.336   528.672   -19.31   53.80
-122080.191   512.498   -42.99   53.61
-121703.985   493.093   -51.58   50.41
-121327.718   470.112   -61.07   48.47
-120951.388   445.722   -64.80   48.73
-120574.996   417.340   -75.40   48.93
-120198.543   381.169   -96.07   50.42
-119822.028   346.085   -93.17   49.41
-119445.450   302.912  -114.63   47.67
-119068.811   268.471   -91.43   39.43
-118692.109   244.138   -64.59   28.80
-118315.346   227.057   -45.33   20.41
-117938.520   215.025   -31.93   15.81
-117561.633   205.417   -25.49    9.28
-117184.683   199.460   -15.80    4.71
-116807.671   196.053    -9.04    4.19
-116430.597   192.934    -8.27    4.16
-116053.460   189.377    -9.43    3.84
-115676.262   186.245    -8.30    3.90
-115299.000   182.775    -9.20    4.02
-114921.677   179.775    -7.95    3.99
-114544.291   176.617    -8.37    3.60
-114166.843   173.898    -7.20    3.56
-113789.332   170.840    -8.10    3.53
-113411.759   168.257    -6.84    2.44
-113034.124   166.814    -3.82    1.64
-112656.426   166.184    -1.67    1.44
-112278.665   165.498    -1.81    2.30
-111900.842   164.458    -2.75    2.98
-111522.956   163.395    -2.81    3.63
-111145.007   161.864    -4.05    3.80
-110766.996   160.314    -4.10    3.80
-110388.922   158.658    -4.38    3.58
-110010.785   156.658    -5.29    2.56
-109632.586   155.148    -3.99    2.14
-109254.323   153.898    -3.30    1.72
-108875.998   152.552    -3.56    1.67
-108497.610   151.299    -3.31    1.69
-108119.159   150.314    -2.60    1.63
-107740.645   149.332    -2.59    1.54
-107362.069   148.445    -2.34    1.41
-106983.429   147.350    -2.89    1.57
-106604.726   146.306    -2.76    1.65
-106225.960   145.112    -3.15    1.53
-105847.131   144.058    -2.78    1.55
-105468.238   142.998    -2.80    1.56
-105089.283   142.011    -2.60    1.47
-104710.264   141.049    -2.54    1.49
-104331.183   140.058    -2.61    1.54
-103952.038   138.933    -2.97    1.55
-103572.829   137.999    -2.46    1.39
-103193.557   137.169    -2.19    1.07
-102814.222   136.485    -1.80    0.72
-102434.824   135.966    -1.37    0.72
-102055.362   135.380    -1.54    0.96
-101675.837   134.669    -1.87    1.07
-101296.248   134.018    -1.71    0.79
-100923.632   133.618    -1.07    0.38
-100556.200   133.485    -0.36    0.00
-100188.709   133.485     0.00    0.00
 -99821.159   133.485     0.00    0.00
 -99453.550   133.485     0.00    0.00
 -99085.881   133.485     0.00    0.00
 -98718.154   133.485     0.00    0.00
 -98350.367   133.485     0.00    0.00
 -97982.521   133.485     0.00    0.00
 -97614.616   133.485     0.00    0.00
 -97246.651   133.485     0.00    0.00
 -96878.627   134.209     1.97    1.73
 -96510.544   136.460     6.11    4.03
 -96142.402   139.809     9.10    5.21
 -95774.200   143.242     9.32    4.79
 -95405.938   146.512     8.88    3.22
 -95037.617   148.628     5.75    2.27
 -94669.237   150.418     4.86    1.96
 -94300.797   151.945     4.14    1.92
 -93932.298   153.685     4.72    1.85
 -93563.739   155.165     4.02    1.90
 -93195.121   157.232     5.61    2.21
 -92826.443   159.152     5.21    2.50
 -92457.705   161.323     5.89    2.44
 -92088.907   163.310     5.39    2.44
 -91720.050   165.255     5.27    2.10
 -91351.133   167.080     4.95    2.20
 -90982.157   168.985     5.16    2.11
 -90613.120   170.722     4.71    2.29
 -90244.024   172.472     4.74    1.73
 -89874.868   173.696     3.32    1.40
 -89505.652   174.582     2.40    0.87
 -89136.376   175.038     1.23    0.74
 -88767.040   175.296     0.70    0.68
 -88397.644   175.355     0.16    0.61
 -88028.188   175.293    -0.17    0.54
 -87658.672   175.148    -0.39    0.50
 -87289.096   174.965    -0.50    0.50
 -86919.460   174.586    -1.02    0.57
 -86549.763   174.129    -1.24    0.51
 -86180.007   173.709    -1.14    0.67
 -85810.190   173.174    -1.45    0.60
 -85440.313   172.775    -1.08    0.58
 -85070.376   172.307    -1.26    0.54
 -84700.379   171.748    -1.51    1.46
 -84330.321   170.512    -3.34    3.09
 -83960.203   169.370    -3.09    3.65
 -83590.025   167.850    -4.11    4.06
 -83219.786   166.623    -3.31    3.95
 -82849.487   165.418    -3.25    3.57
 -82479.127   164.203    -3.28    2.98
 -82108.707   163.364    -2.27    2.25
 -81738.227   162.685    -1.83    1.52
 -81367.685   162.266    -1.13    0.90
 -80997.083   161.946    -0.86    0.62
 -80626.421   161.752    -0.52    0.58
 -80255.698   161.630    -0.33    0.56
 -79884.914   161.458    -0.46    0.74
 -79514.070   161.447    -0.03    0.79
 -79143.165   161.566     0.32    0.81
 -78772.199   161.814     0.67    0.86
 -78401.172   162.093     0.75    0.89
 -78030.085   162.331     0.64    0.82
 -77658.936   162.604     0.73    0.88
 -77287.727   162.864     0.70    0.84
 -76916.457   163.072     0.56    0.79
 -76545.126   163.248     0.48    0.69
 -76173.734   163.205    -0.12    0.69
 -75802.281   163.152    -0.14    0.64
 -75430.767   163.169     0.05    0.73
 -75059.191   163.293     0.33    0.81
 -74687.555   163.378     0.23    0.78
 -74315.858   163.381     0.01    0.77
 -73944.099   163.235    -0.39    0.66
 -73572.279   163.238     0.01    0.59
 -73200.399   163.665     1.15    0.85
 -72828.456   164.194     1.42    0.98
 -72456.453   164.654     1.24    0.95
 -72084.388   164.870     0.58    0.97
 -71712.262   164.732    -0.37    1.04
 -71340.074   164.538    -0.52    0.93
 -70967.826   164.303    -0.63    0.85
 -70595.515   164.138    -0.44    0.80
 -70223.143   163.810    -0.88    0.79
 -69850.710   163.498    -0.84    0.77
 -69478.215   163.222    -0.74    0.72
 -69105.659   163.025    -0.53    0.68
 -68733.041   162.872    -0.41    0.59
 -68360.361   162.735    -0.37    0.47
 -67987.620   162.485    -0.67    0.48
 -67614.817   162.053    -1.16    0.72
 -67241.953   161.210    -2.26    1.33
 -66869.026   160.539    -1.80    1.22
 -66496.038   160.423    -0.31    1.01
 -66122.988   160.608     0.50    0.97
 -65749.877   161.209     1.61    0.96
 -65376.703   161.800     1.58    0.70
 -65003.468   162.433     1.70    0.76
 -64630.170   163.138     1.89    0.87
 -64256.811   163.906     2.06    1.01
 -63883.389   164.755     2.27    0.90
 -63509.906   165.648     2.39    1.01
 -63136.360   166.457     2.17    1.10
 -62762.753   167.385     2.48    1.19
 -62389.083   168.364     2.62    1.06
 -62015.351   169.216     2.28    1.12
 -61641.557   170.222     2.69    1.22
 -61267.701   171.232     2.70    1.34
 -60893.783   172.446     3.25    1.46
 -60519.802   173.589     3.06    1.51
 -60145.759   174.696     2.96    1.45
 -59771.654   175.511     2.18    1.37
 -59397.486   176.143     1.69    1.08
 -59023.256   176.258     0.31    0.94
 -58648.963   175.849    -1.09    0.97
 -58274.608   175.316    -1.42    1.03
 -57900.191   174.564    -2.01    1.00
 -57525.711   173.888    -1.81    0.94
 -57151.168   173.209    -1.81    0.90
 -56776.563   172.656    -1.48    0.87
 -56401.895   172.113    -1.45    0.94
 -56027.165   171.698    -1.11    0.89
 -55652.372   171.460    -0.64    1.10
 -55277.516   171.457    -0.01    1.35
 -54902.597   171.685     0.61    1.63
 -54527.616   171.945     0.69    1.78
 -54152.572   172.143     0.53    1.54
 -53777.465   171.957    -0.49    1.40
 -53402.295   171.538    -1.12    1.23
 -53027.062   170.618    -2.45    1.30
 -52651.766   169.511    -2.95    1.57
 -52276.408   168.432    -2.87    1.32
 -51900.986   167.650    -2.08    0.98
 -51525.501   166.643    -2.68    1.16
 -51149.953   165.810    -2.22    1.45
 -50774.342   164.921    -2.37    1.34
 -50398.668   164.408    -1.37    1.08
 -50022.931   164.156    -0.67    1.08
 -49647.131   164.203     0.13    1.18
 -49271.267   164.216     0.03    1.16
 -48895.340   164.192    -0.06    1.05
 -48519.350   164.098    -0.25    1.02
 -48143.296   163.845    -0.67    0.94
 -47767.179   163.422    -1.13    0.99
 -47390.999   162.864    -1.48    0.99
 -47014.755   162.090    -2.05    1.30
 -46638.448   161.166    -2.46    1.53
 -46262.078   160.051    -2.96    2.03
 -45885.643   158.938    -2.96    2.22
 -45509.146   158.042    -2.38    2.29
 -45132.584   157.038    -2.67    2.19
 -44755.960   156.473    -1.50    2.10
 -44379.271   155.669    -2.13    1.90
 -44002.519   155.031    -1.70    1.80
 -43625.703   154.216    -2.16    1.56
 -43248.823   153.549    -1.77    1.36
 -42871.880   152.810    -1.96    1.27
 -42494.872   152.122    -1.83    1.12
 -42117.801   151.408    -1.89    1.05
 -41740.666   150.605    -2.13    1.14
 -41363.467   149.748    -2.27    1.28
 -40986.204   148.971    -2.06    1.41
 -40608.877   148.473    -1.32    2.06
 -40231.487   148.362    -0.29    3.21
 -39854.032   148.212    -0.40    4.47
 -39476.513   148.639     1.13    5.47
 -39098.930   149.434     2.11    5.88
 -38721.282   151.117     4.46    6.32
 -38343.571   153.639     6.68    6.32
 -37965.795   157.117     9.21    5.23
 -37587.955   160.325     8.49    4.18
 -37210.051   163.190     7.58    4.19
 -36832.083   165.314     5.62    4.15
 -36454.050   167.122     4.78    4.20
 -36075.953   168.196     2.84    4.88
 -35697.791   166.867    -3.51    7.75
 -35319.565   162.715   -10.98   11.09
 -34941.275   155.283   -19.65   13.65
 -34562.920   146.674   -22.75   12.50
 -34184.500   138.510   -21.57   11.54
 -33806.016   130.032   -22.40   10.63
 -33427.468   122.563   -19.73   11.60
 -33048.854   114.660   -20.87   10.16
 -32670.176   108.726   -15.67    8.20
 -32291.433   103.096   -14.86    5.70
 -31912.626    99.340    -9.91    3.78
 -31533.754    96.561    -7.34    2.76
 -31154.817    94.580    -5.23    1.66
 -30775.815    93.423    -3.05    1.07
 -30396.748    92.580    -2.22    0.83
 -30017.616    91.893    -1.81    1.00
 -29638.420    91.196    -1.84    0.96
 -29259.158    90.628    -1.50    1.08
 -28879.832    90.070    -1.47    1.21
 -28500.440    89.615    -1.20    1.17
 -28120.983    89.104    -1.35    1.13
 -27741.461    88.564    -1.42    0.98
 -27361.874    87.979    -1.54    0.85
 -26982.222    87.485    -1.30    0.78
 -26602.505    86.831    -1.72    0.91
 -26226.566    86.109    -1.92    0.92
 -25859.323    85.277    -2.26    1.03
 -25492.018    84.432    -2.30    1.08
 -25124.654    83.485    -2.58    1.16
 -24757.228    82.564    -2.51    1.13
 -24389.743    81.548    -2.76    1.19
 -24022.196    80.592    -2.60    1.17
 -23654.589    79.498    -2.98    1.24
 -23286.921    78.485    -2.75    1.17
 -22919.193    77.447    -2.82    1.18
 -22551.403    76.485    -2.62    1.08
 -22183.553    75.563    -2.51    0.90
 -21815.642    74.827    -2.00    0.87
 -21447.670    74.057    -2.09    0.88
 -21079.638    73.393    -1.80    0.77
 -20711.544    72.613    -2.12    0.83
 -20343.389    71.960    -1.77    0.84
 -19975.174    71.235    -1.97    0.85
 -19606.897    70.562    -1.83    0.85
 -19238.560    69.836    -1.97    0.89
 -18870.161    69.257    -1.57    0.77
 -18501.702    68.525    -1.99    0.74
 -18133.181    68.004    -1.41    0.78
 -17764.599    67.293    -1.93    0.81
 -17395.956    66.524    -2.09    1.00
 -17027.251    65.397    -3.06    1.59
 -16658.486    63.916    -4.02    2.06
 -16289.659    62.038    -5.09    2.26
 -15920.770    60.207    -4.96    2.31
 -15551.821    58.183    -5.49    2.28
 -15182.810    56.010    -5.89    2.85
 -14813.737    53.156    -7.73    3.43
 -14444.604    50.295    -7.75    3.64
 -14075.408    47.498    -7.58    2.72
 -13706.152    45.802    -4.59    1.88
 -13336.833    44.485    -3.56    0.87
 -12967.454    43.798    -1.86    0.89
 -12598.012    43.112    -1.86    0.85
 -12228.509    42.423    -1.87    0.90
 -11858.944    41.672    -2.03    0.85
 -11489.318    40.916    -2.05    0.92
 -11119.630    40.109    -2.18    0.89
 -10749.880    39.383    -1.96    0.85
 -10380.068    38.634    -2.02    0.77
 -10010.195    37.873    -2.06    0.88
  -9640.260    37.170    -1.90    0.88
  -9270.263    36.273    -2.43    1.01
  -8900.204    35.282    -2.68    1.23
  -8530.083    34.131    -3.11    1.39
  -8159.900    32.893    -3.34    1.29
  -7789.655    31.652    -3.35    1.50
  -7419.348    30.391    -3.41    1.51
  -7048.979    28.898    -4.03    1.79
  -6678.548    27.416    -4.00    1.83
  -6308.054    25.535    -5.08    2.57
  -5937.499    23.296    -6.04    3.08
  -5566.881    20.190    -8.38    3.58
  -5196.201    17.285    -7.84    2.82
  -4825.459    14.878    -6.49    2.24
  -4454.655    13.107    -4.78    1.65
  -4083.788    11.435    -4.51    1.73
  -3712.859    10.006    -3.85    1.52
  -3341.868     8.695    -3.53    1.60
  -2970.814     7.377    -3.55    1.46
  -2599.698     6.122    -3.38    1.64
  -2228.519     4.672    -3.91    1.65
  -1857.278     3.207    -3.95    2.01
  -1485.974     1.728    -3.98    1.77
  -1114.608     0.585    -3.08    1.25
   -743.179    -0.042    -1.69    0.60
   -371.688    -0.102    -0.16    0.50
     -0.133    -0.015     0.24    0.50
    371.483     0.135     0.40    0.48
    743.163     0.143     0.02    0.48
   1114.905     0.257     0.31    0.51
   1486.711     0.814     1.50    1.76
   1858.579     2.835     5.43    3.74
   2230.509     5.538     7.27    4.40
   2602.503     8.359     7.58    4.09
   2974.560    11.460     8.33    2.03
   3346.679    13.139     4.51    2.11
   3718.862    15.576     6.55    2.86
   4091.108    17.991     6.49    3.43
   4463.416    20.831     7.63    3.45
   4835.788    23.160     6.25    3.08
   5208.223    25.525     6.35    2.62
   5580.721    27.216     4.54    2.51
   5953.282    28.903     4.53    2.51
   6325.907    30.848     5.22    2.81
   6698.594    33.190     6.29    3.18
   7071.345    35.549     6.33    3.28
   7444.159    37.985     6.53    2.41
   7817.037    39.229     3.34    1.23
   8189.978    39.511     0.76    0.70
   8562.982    39.035    -1.28    0.94
   8936.050    38.048    -2.65    1.35
   9309.181    36.827    -3.27    1.78
   9682.376    35.998    -2.22    1.56
  10055.634    35.919    -0.21    1.41
  10428.956    36.435     1.38    1.46
  10802.342    37.160     1.94    1.28
  11175.791    37.895     1.97    0.83
  11549.304    38.473     1.55    0.76
  11922.880    39.156     1.83    0.98
  12296.521    39.919     2.04    1.01
  12670.225    40.785     2.32    0.93
  13043.992    41.459     1.80    0.83
  13417.824    42.098     1.71    0.77
  13791.719    42.738     1.71    0.81
  14165.679    43.524     2.10    0.97
  14539.702    44.323     2.14    0.94
  14913.789    45.173     2.27    0.94
  15287.941    45.958     2.10    0.91
  15662.156    46.769     2.17    0.96
  16036.436    47.634     2.31    0.89
  16410.779    48.535     2.41    1.14
  16785.187    49.525     2.64    1.11
  17159.658    50.346     2.19    1.11
  17534.194    51.248     2.41    0.92
  17908.795    52.048     2.13    0.97
  18283.459    52.933     2.36    1.01
  18658.188    53.660     1.94    0.87
  19032.981    54.329     1.79    0.61
  19407.838    54.835     1.35    0.55
  19782.760    55.169     0.89    0.47
  20157.747    55.368     0.53    0.32
  20532.797    55.677     0.82    0.40
  20907.913    55.919     0.64    0.55
  21283.092    56.139     0.59    0.60
  21658.337    56.177     0.10    0.59
  22033.646    56.023    -0.41    0.55
  22409.019    55.844    -0.48    0.48
  22784.458    55.840    -0.01    0.48
  23159.961    56.011     0.46    0.58
  23535.528    56.510     1.33    0.81
  23911.161    57.183     1.79    0.89
  24286.858    57.960     2.07    1.08
  24662.620    58.669     1.89    0.93
  25038.447    58.700     0.08    0.92
  25414.339    58.877     0.47    1.27
  25790.296    58.769    -0.29    1.43
  26166.318    58.728    -0.11    1.52
  26542.404    59.360     1.68    1.52
  26918.556    59.952     1.57    1.64
  27294.773    60.973     2.71    1.61
  27671.055    62.242     3.37    1.51
  28047.402    63.536     3.44    1.51
  28423.814    64.992     3.87    1.51
  28800.292    66.409     3.77    1.81
  29176.835    68.346     5.14    2.15
  29553.443    70.073     4.59    2.14
  29930.116    72.139     5.49    2.19
  30306.855    73.903     4.68    1.98
  30683.659    75.523     4.30    1.55
  31060.528    76.630     2.94    1.04
  31437.463    77.373     1.97    0.78
  31814.464    77.912     1.43    0.66
  32191.530    78.385     1.26    0.69
  32568.661    78.912     1.40    0.74
  32945.858    79.460     1.45    0.81
  33323.121    79.958     1.32    0.83
  33700.449    80.523     1.50    0.91
  34077.843    81.038     1.37    0.94
  34455.303    81.498     1.22    0.92
  34832.829    81.789     0.77    0.87
  35210.420    81.810     0.06    0.71
  35588.077    81.601    -0.56    0.66
  35965.800    81.290    -0.82    0.67
  36343.589    80.760    -1.40    0.64
  36721.444    80.357    -1.07    0.69
  37099.365    79.814    -1.44    0.61
  37477.351    79.346    -1.24    0.67
  37855.404    78.769    -1.53    0.64
  38233.523    78.215    -1.47    0.65
  38611.708    77.646    -1.51    0.72
  38989.959    77.093    -1.46    0.66
  39368.276    76.535    -1.48    0.69
  39746.660    75.862    -1.78    0.67
  40125.110    75.210    -1.72    0.90
  40503.626    74.472    -1.95    0.85
  40882.208    73.840    -1.67    0.80
  41260.857    73.327    -1.35    0.57
  41639.572    73.283    -0.12    0.52
  42018.353    73.698     1.10    0.96
  42397.201    74.726     2.71    1.51
  42776.116    76.510     4.71    2.26
  43155.097    78.735     5.87    2.69
  43534.144    81.335     6.86    3.09
  43913.259    84.215     7.60    3.00
  44292.439    87.201     7.88    3.52
  44671.687    90.498     8.69    3.35
  45051.001    93.397     7.64    3.27
  45430.382    96.199     7.39    2.76
  45809.829    98.423     5.86    2.79
  46189.344   101.044     6.91    2.88
  46568.925   103.194     5.67    2.63
  46948.573   105.298     5.54    1.86
  47328.288   106.673     3.62    1.07
  47708.070   107.660     2.60    0.87
  48087.919   108.433     2.03    0.91
  48467.486   109.073     1.69    0.88
  48834.535   109.525     1.23    0.77
  49201.646   109.498    -0.07    0.89
  49568.819   109.295    -0.55    1.01
  49936.054   108.798    -1.36    1.00
  50303.351   108.293    -1.37    0.98
  50670.710   107.823    -1.28    0.79
  51038.132   107.460    -0.99    0.68
  51405.616   107.023    -1.19    0.65
  51773.162   106.695    -0.89    0.75
  52140.770   106.285    -1.12    0.89
  52508.441   106.004    -0.76    0.93
  52876.174   105.754    -0.68    1.09
  53243.969   105.710    -0.12    1.10
  53611.827   105.498    -0.58    1.05
  53979.747   105.160    -0.92    1.05
  54347.730   104.548    -1.66    1.12
  54715.775   103.823    -1.97    1.20
  55083.882   102.883    -2.55    1.14
  55452.053   102.085    -2.17    1.05
  55820.286   101.340    -2.02    0.95
  56188.581   100.707    -1.72    0.89
  56556.939   100.109    -1.63    0.84
  56925.360    99.534    -1.56    0.87
  57293.843    98.877    -1.78    0.89
  57662.390    98.198    -1.84    0.93
  58030.999    97.593    -1.64    0.79
  58399.671    97.102    -1.33    0.80
  58768.405    96.641    -1.25    0.73
  59137.203    96.288    -0.96    0.68
  59506.064    95.945    -0.93    0.60
  59874.987    95.658    -0.78    0.67
  60243.974    95.323    -0.91    0.66
  60613.023    95.016    -0.83    0.57
  60982.136    94.788    -0.62    0.49
  61351.311    94.781    -0.02    0.56
  61720.550    94.985     0.55    0.76
  62089.852    95.385     1.08    0.81
  62459.217    95.775     1.05    0.69
  62828.645    96.028     0.69    0.50
  63198.137    96.257     0.62    0.53
  63567.691    96.810     1.50    0.85
  63937.310    97.729     2.49    1.34
  64306.991    99.073     3.64    1.86
  64676.736   100.575     4.06    2.02
  65046.544   102.423     5.00    2.07
  65416.416   103.954     4.14    1.82
  65786.351   105.685     4.68    1.86
  66156.349   107.156     3.98    2.09
  66526.412   109.160     5.42    2.51
  66896.537   110.941     4.81    2.68
  67266.727   113.263     6.27    2.79
  67636.980   115.650     6.45    2.84
  68007.296   118.275     7.09    3.22
  68377.677   120.908     7.11    3.41
  68748.121   124.235     8.98    3.45
  69118.629   126.865     7.10    3.31
  69489.201   129.835     8.02    3.23
  69859.836   132.473     7.12    3.20
  70230.535   135.485     8.13    3.30
  70601.299   138.242     7.43    3.52
  70972.126   141.748     9.46    3.63
  71343.017   144.273     6.81    3.10
  71713.972   146.769     6.73    2.33
  72084.992   148.411     4.43    1.82
  72456.075   150.177     4.76    1.95
  72827.222   151.729     4.18    2.07
  73198.434   153.549     4.90    2.17
  73569.710   155.460     5.15    2.52
  73941.050   158.584     8.41    4.02
  74312.454   162.214     9.77    5.12
  74683.922   167.135    13.25    5.93
  75055.455   171.844    12.68    5.72
  75427.052   177.472    15.15    5.83
  75798.713   182.273    12.92    6.75
  76170.439   189.658    19.87    9.76
  76542.230   202.214    33.77   18.55
  76914.084   227.908    69.10   34.53
  77286.004   260.434    87.46   45.43
  77657.988   308.947   130.42   57.99
  78030.036   358.806   134.02   65.24
  78402.149   418.670   160.89   70.92
  78774.327   479.295   162.90   68.66
  79146.569   542.048   168.59   61.31
  79518.876   581.143   105.02   45.90
  79891.248   609.973    77.43   23.03
  80263.684   619.635    25.95   11.32
  80636.186   620.831     3.21    7.55
  81008.752   615.173   -15.19   11.15
  81381.383   607.298   -21.13   11.87
  81754.079   601.648   -15.16    9.88
  82126.840   598.337    -8.88    8.37
  82499.666   595.878    -6.60    8.69
  82872.557   593.139    -7.34    8.19
  83245.513   590.156    -8.00    7.35
  83618.534   587.673    -6.66    6.49
  83991.620   586.219    -3.90    6.88
  84364.771   585.658    -1.50    7.59
  84737.988   584.688    -2.60    7.93
  85111.270   582.090    -6.96    7.43
  85484.617   580.537    -4.16    6.97
  85858.029   580.373    -0.44    6.26
  86231.507   580.602     0.61    5.36
  86605.050   581.095     1.32    4.77
  86978.658   580.031    -2.85    5.99
  87352.332   577.363    -7.14    7.45
  87726.071   574.275    -8.26    8.97
  88099.876   573.144    -3.03    9.45
  88473.746   572.788    -0.95    9.83
  88847.682   573.868     2.89   10.58
  89221.684   577.248     9.04   10.59
  89595.751   578.769     4.07    9.83
  89969.884   579.192     1.13    8.80
  90344.082   576.253    -7.85    9.28
  90718.346   571.446   -12.85   10.31
  91092.676   567.942    -9.36    9.24
  91467.072   565.005    -7.85    8.72
  91841.534   562.473    -6.76    8.97
  92216.062   559.264    -8.57    9.58
  92590.655   555.041   -11.28    9.34
  92965.314   550.903   -11.05    8.68
  93340.040   546.860   -10.79    7.25
  93714.831   543.979    -7.69    6.05
  94089.689   541.960    -5.39    5.33
  94464.612   539.362    -6.93    6.22
  94839.602   535.300   -10.83    7.97
  95214.658   529.997   -14.14    9.31
  95589.780   524.067   -15.81    7.74
  95964.968   518.878   -13.83    4.43
  96340.223   516.248    -7.01    3.07
  96715.544   514.448    -4.80    2.51
  97090.931   513.373    -2.87    1.71
  97466.384   512.658    -1.90    0.67
  97841.904   512.485    -0.46    0.00
  98217.491   512.535     0.13    0.44
  98593.144   512.599     0.17    0.53
  98968.863   512.594    -0.01    0.52
  99344.649   512.586    -0.02    0.52
  99720.502   512.485    -0.27    0.00
 100096.421   512.485     0.00    0.00
 100472.407   512.485     0.00    0.00
 100848.459   512.485     0.00    0.00
 101224.578   512.485     0.00    0.00
 101600.764   512.485     0.00    0.00
 101977.017   512.485     0.00    0.00
 102353.337   512.485     0.00    0.00
 102729.723   512.485     0.00    0.00
 103106.177   512.485     0.00    0.00
 103482.697   512.485     0.00    0.00
 103859.284   512.485     0.00    0.00
 104235.939   512.485     0.00    0.00
 104612.660   512.485     0.00    0.00
 104989.448   512.572     0.23    0.55
 105366.304   513.164     1.57    1.75
 105743.227   514.177     2.69    2.92
 106120.217   516.781     6.91    5.03
 106497.274   520.270     9.25    6.95
 106874.398   526.533    16.61    9.47
 107251.590   533.473    18.40    9.42
 107628.849   541.235    20.58   10.04
 108006.175   547.117    15.59    7.81
 108383.569   549.979     7.58    5.06
 108761.031   551.844     4.94    2.56
 109138.559   553.041     3.17    3.01
 109516.156   555.285     5.94    4.07
 109893.819   559.360    10.79    5.38
 110271.551   562.890     9.35    4.45
 110649.350   565.449     6.77    3.17
 111027.217   566.991     4.08    1.86
 111405.151   567.535     1.44    1.80
 111783.153   568.498     2.55    1.98
 112161.223   570.041     4.08    2.46
 112539.361   571.905     4.93    2.75
 112917.567   572.880     2.58    2.83
 113295.840   572.386    -1.31    3.70
 113674.181   570.751    -4.32    4.71
 114052.591   568.152    -6.87    5.09
 114431.068   565.148    -7.94    5.56
 114809.613   563.065    -5.50    6.16
 115188.227   561.590    -3.90    6.39
 115566.908   561.278    -0.83    6.99
 115945.658   560.314    -2.54    7.99
 116324.476   560.180    -0.35    7.69
 116703.362   559.029    -3.04    8.27
 117082.316   555.991    -8.02    9.31
 117461.339   551.985   -10.57   10.09
 117840.430   546.164   -15.36   10.46
 118219.589   541.263   -12.93    9.85
 118598.817   537.535    -9.83    9.32
 118978.113   533.510   -10.61    8.97
 119357.477   530.181    -8.77    8.34
 119736.911   526.152   -10.62    8.16
 120116.412   522.036   -10.85    8.35
 120495.982   520.437    -4.21    8.51
 120875.621   520.693     0.67    9.25
 121255.329   523.753     8.06   10.00
 121635.105   527.225     9.14   10.81
 122014.950   531.256    10.61   11.23
 122394.864   532.080     2.17   11.03
 122774.846   528.609    -9.14   10.84
 123154.898   525.650    -7.79    8.15
 123525.174   523.339    -6.24    6.31
 123892.087   520.852    -6.78    7.80
 124259.064   517.497    -9.14   10.82
 124626.105   514.560    -8.00   11.36
 124993.209   513.035    -4.15    9.76
 125360.377   514.135     3.00    7.41
 125727.609   514.557     1.15    5.30
 126094.904   514.459    -0.27    3.40
 126462.263   514.924     1.27    5.57
 126829.686   517.867     8.01   10.95
 127197.173   524.164    17.14   15.65
 127564.724   532.251    22.01   17.66
 127932.339   537.900    15.37   15.00
 128300.017   539.589     4.59   11.49
 128667.760   538.510    -2.93    8.00
 129035.567   535.707    -7.62    7.53
 129403.437   531.344   -11.86    8.45
 129771.372   527.004   -11.80    8.79
 130139.371   521.423   -15.17   10.00
 130507.434   516.164   -14.29   11.21
 130875.562   508.497   -20.83   12.68
 131243.753   499.535   -24.35   13.25
 131612.009   489.034   -28.52   13.15
 131980.329   480.865   -22.18   13.82
 132348.714   468.835   -32.66   16.77
 132717.162   456.900   -32.40   19.24
 133085.676   443.760   -35.66   19.67
 133454.253   432.302   -31.09   18.96
 133822.895   418.585   -37.21   15.12
 134191.602   406.942   -31.58   16.84
 134560.373   392.586   -38.93   18.07
 134929.209   378.759   -37.49   19.11
 135298.109   363.409   -41.61   16.35
 135667.074   350.098   -36.08   17.65
 136036.104   335.650   -39.16   16.36
 136405.198   321.640   -37.96   19.95
 136774.357   306.329   -41.48   19.02
 137143.581   291.997   -38.82   18.98
 137512.869   278.801   -35.74   14.69
 137882.223   268.065   -29.07   13.26
 138251.641   257.793   -27.81   11.07
 138621.124   247.806   -27.03   13.37
 138990.673   237.235   -28.61   13.66
 139360.286   226.351   -29.45   14.68
 139729.964   215.031   -30.63   12.90
 140099.707   204.307   -29.01   13.26
 140469.515   194.748   -25.85   12.34
 140839.389   184.635   -27.34   12.15
 141209.327   176.198   -22.81   10.54
 141579.331   168.316   -21.30    9.02
 141949.400   162.650   -15.31    6.90
 142319.534   157.658   -13.49    5.21
 142689.734   154.536    -8.43    4.45
 143059.999   151.714    -7.62    3.98
 143430.329   149.637    -5.61    3.63
 143800.724   147.318    -6.26    3.71
 144171.185   145.098    -6.00    3.71
 144541.712   142.423    -7.22    3.63
 144912.304   140.102    -6.26    3.55
 145282.961   137.436    -7.19    3.43
 145653.684   135.016    -6.53    3.10
 146024.473   132.460    -6.89    3.11
 146395.327   130.893    -4.23    3.01
 146766.247   129.071    -4.91    2.89
 147137.233   127.485    -4.27    2.68
 147508.284   125.738    -4.71    2.43
 147879.401   124.485    -3.38    2.32
 148250.584   122.802    -4.53    2.29
 148621.833   121.251    -4.18    2.23
 148993.148   119.473    -4.79    2.15
 149364.529   117.991    -3.99    1.92
 149735.975   116.386    -4.32    1.71
 150107.488   114.973    -3.80    1.81
 150479.066   113.375    -4.30    1.85
 150850.711   111.997    -3.71    1.98
 151222.422   110.300    -4.57    1.87
 151594.199   108.839    -3.93    1.76
 151966.042   107.473    -3.67    1.53
 152337.951   106.363    -2.98    1.21
 152709.927   105.411    -2.56    1.00
 153081.968   104.741    -1.80    1.06
 153454.076   104.071    -1.80    1.09
 153826.251   103.510    -1.51    1.05
 154198.492   102.769    -1.99    1.16
 154570.799   102.229    -1.45    1.19
 154943.172   101.278    -2.55    1.19
 155315.613   100.436    -2.26    1.32
 155688.119    99.766    -1.80    1.09
 156060.692    99.386    -1.02    0.86
 156433.332    98.979    -1.09    0.71
 156806.039    98.814    -0.44    0.79
 157178.812    98.534    -0.75    0.82
 157551.651    98.241    -0.79    0.92
 157924.558    97.875    -0.98    0.87
 158297.531    97.558    -0.85    0.78
 158670.571    97.201    -0.96    0.60
 159043.678    96.949    -0.68    0.57
 159416.852    96.753    -0.52    0.55
 159790.093    96.522    -0.62    0.66
 160163.401    95.705    -2.19    1.52
 160536.775    94.571    -3.04    1.83
 160910.217    93.774    -2.13    1.51
 161283.726    93.766    -0.02    1.46
 161657.301    94.741     2.61    1.65
 162030.944    95.856     2.98    1.08
 162404.655    96.533     1.81    0.60
 162778.432    96.656     0.33    0.60
 163152.277    96.283    -1.00    1.05
 163526.188    95.823    -1.23    1.14
 163900.168    95.247    -1.54    0.91
 164274.214    94.930    -0.85    0.67
 164648.328    94.781    -0.40    0.46
 165022.509    94.835     0.14    0.48
 165396.758    94.944     0.29    0.50
 165771.074    95.090     0.39    0.49
 166145.458    95.226     0.36    0.44
 166519.910    95.300     0.20    0.39
 166894.429    95.368     0.18    0.32
 167269.015    95.398     0.08    0.28
 167643.670    95.485     0.23    0.00
 168018.392    95.498     0.03    0.11
 168393.181    95.676     0.47    0.40
 168768.039    95.914     0.64    0.50
 169142.964    96.192     0.74    0.46
 169517.958    96.472     0.75    0.11
 169893.019    96.485     0.03    0.00
 170268.148    96.485     0.00    0.00
 170643.345    96.485     0.00    0.00
 171018.610    96.525     0.11    0.20
 171393.943    96.678     0.41    0.40
 171769.344    96.934     0.68    0.64
 172144.814    97.365     1.15    0.85
 172520.351    97.921     1.48    0.95
 172895.957    98.460     1.44    0.97
 173271.631    99.017     1.48    1.12
 173647.373    99.545     1.41    1.25
 174023.183   100.241     1.85    1.31
 174399.062   100.814     1.53    1.37
 174775.009   101.547     1.95    1.45
 175151.025   102.339     2.11    1.89
 175527.109   103.399     2.82    2.16
 175903.262   104.545     3.05    2.07
 176279.483   105.522     2.60    1.36
 176655.773   105.717     0.52    0.85
 177032.131   105.184    -1.42    1.07
 177408.558   104.569    -1.63    1.01
 177785.053   104.533    -0.10    1.21
 178161.618   104.460    -0.19    1.59
 178538.251   104.473     0.04    1.93
 178914.953   104.695     0.59    2.12
 179291.723   105.071     1.00    2.15
 179668.563   104.599    -1.25    2.76
 180045.472   102.711    -5.01    4.03
 180422.449   100.242    -6.55    3.70
 180799.495    98.595    -4.37    2.10
 181176.611    98.139    -1.21    0.74
 181553.795    98.938     2.12    1.16
 181931.049   100.088     3.05    1.51
 182308.372   101.192     2.93    1.61
 182685.764   102.447     3.33    1.68
 183063.225   103.462     2.69    1.56
 183440.755   104.263     2.12    1.25
 183818.355   104.917     1.73    0.89
 184196.024   105.522     1.60    0.70
 184573.762   105.533     0.03    0.92
 184951.570   104.498    -2.74    2.84
 185329.447   103.863    -1.68    3.17
 185707.394   103.351    -1.36    3.58
 186085.410   103.997     1.71    3.87
 186463.496   105.949     5.16    3.33
 186841.651   107.628     4.44    2.29
 187219.876   109.196     4.15    1.34
 187598.170   110.207     2.67    1.34
 187976.535   111.378     3.10    1.46
 188354.969   112.498     2.96    1.35
 188733.473   113.692     3.16    1.56
 189112.046   114.921     3.25    1.34
 189490.690   116.063     3.02    1.34
 189869.403   117.101     2.74    1.15
 190248.187   118.119     2.69    1.21
 190627.040   119.067     2.50    0.96
 191005.964   119.926     2.27    1.09
 191384.957   120.774     2.24    1.38
 191764.021   121.640     2.28    1.46
 192143.154   122.485     2.23    1.12
 192522.358   122.583     0.26    1.38
 192901.632   122.329    -0.67    1.37
 193280.976   121.924    -1.07    1.40
 193660.391   121.673    -0.66    1.32
 194039.876   121.510    -0.43    1.56
 194419.431   121.325    -0.49    1.87
 194799.057   121.370     0.12    2.27
 195178.753   121.615     0.64    2.50
 195558.520   121.754     0.37    2.58
 195938.357   121.778     0.06    2.47
 196318.264   121.781     0.01    2.11
 196698.243   121.136    -1.70    1.87
 197078.292   120.598    -1.42    1.53
 197458.411   119.827    -2.03    1.74
 197838.602   118.533    -3.40    1.77
 198212.768   118.058    -1.27    1.87
 198579.477   117.818    -0.65    2.02
 198946.250   118.132     0.85    2.49
 199313.089   118.219     0.24    2.58
 199679.993   117.954    -0.72    2.57
