# NaN NaN NaN ;Mean Elev.(m), Avg Gradient(m/km), RMS Gradient(m/km) - SRTM1     
#  124.001  -3.416   5.565 ;Mean Elev.(m), Avg Gradient(m/km), RMS Gradient(m/km) - ASTER GDEM
#  145.000  -2.979   4.622 ;Mean Elev.(m), Avg Gradient(m/km), RMS Gradient(m/km) - GMTED2010 
  6 240.227216  61.299648   142.312   142.349  7 52420.79343799 42.155
  7 240.224048  61.301612   144.985   146.847  7 52455.79346113 20.424
 10 240.230349  61.299145   141.589   141.555  6 52560.79346368 14.470
 11 240.222392  61.306201   138.711   139.296  5 52595.79347218 39.366
 15 240.226292  61.299920   138.985   138.985  7 52735.79344213 14.414
 17 240.234916  61.298753   141.489   141.491  6 52805.79346597 39.315
 18 240.233366  61.297798   142.076   141.984  6 52840.79352660 18.069
 19 240.229533  61.298872   142.177   142.661  7 52875.79356552 16.879
 20 240.225981  61.300099   141.925   142.505  7 52910.79353226 15.415
 23 240.215384  61.295598   139.066   139.066  2 53015.79352165 19.539
 24 240.235417  61.297417   139.096   139.101  7 53050.79349659 13.861
 25 240.214836  61.303350   138.705   138.756  7 53085.79353250 13.195
 26 240.230291  61.298892   139.741   139.699  7 53120.79350286 22.912
 27 240.225670  61.302021   141.663   142.343  7 53155.79355625 36.053
 28 240.231154  61.298616   141.836   141.679  6 53190.79354785 13.841
 29 240.226073  61.300145   140.397   140.363  6 53225.79355470 12.853
 30 240.219131  61.308140   139.132   139.212  4 53260.79352765 47.122
 31 240.223570  61.299305   138.891   138.985  3 53295.79356003 18.607
 32 240.222617  61.294231   137.994   137.958  3 53330.79353368 39.722
 33 240.216964  61.295328   138.517   138.517  2 53365.79348182 19.206
 35 240.216297  61.293495   138.767   138.767  2 53435.79349789 12.157
 36 240.230264  61.299723   143.646   142.664  7 53470.79354418  2.320
 37 240.223373  61.301499   141.475   141.439  7 53505.79358055 47.706
 38 240.223555  61.300530   146.772   147.558  7 53540.79358329 19.125
 39 240.221551  61.305037   141.187   140.972  6 53575.79357470 20.840
 40 240.216403  61.304340   139.274   139.223  7 53610.79352614 16.960
 41 240.233760  61.296824   140.481   140.486  6 53645.79353072 20.103
 42 240.219481  61.301911   139.550   139.613  7 53680.79354700 21.536
 44 240.245657  61.302548   140.759   140.759  2 53750.79339125 25.403
 45 240.233854  61.308508   140.914   140.914  2 53785.79342081 19.555
 46 240.218271  61.304699   140.256   140.254  7 53820.79337954 16.015
 47 240.228261  61.300702   143.001   143.131  6 53855.79346608 23.984
 48 240.233965  61.298903   144.039   142.980  6 53890.79347725 22.552
 49 240.219627  61.301775   141.311   140.895  7 53925.79354053 19.311
 50 240.217134  61.304531   140.780   140.688  7 53960.79352747 13.921
 51 240.243249  61.295326   139.882   139.514  6 53995.79346660 16.224
 52 240.234608  61.297822   139.338   139.251  6 54030.79352138 20.185
 53 240.221931  61.294129   137.535   137.502  3 54065.79351638 25.188
 54 240.214219  61.295908   137.422   137.662  3 54100.79347946 21.324
 57 240.231866  61.297102   138.876   138.793  5 54205.79344652  7.544
 58 240.227562  61.299717   139.947   139.996  6 54240.79347944 48.547
 59 240.227655  61.300560   140.969   141.126  7 54275.79349487 28.715
 61 240.219966  61.302577   142.783   142.092  6 54345.79347068 13.393
 62 240.231901  61.298508   141.396   141.565  7 54380.79343294 25.767
 63 240.226484  61.305941   139.509   139.607  4 54415.79341870 47.568
 65 240.223014  61.292702   139.238   139.238  2 54485.79341699 18.343
 66 240.232139  61.298469   138.911   138.859  7 54520.79341460 13.676
 67 240.221604  61.302540   139.202   139.227  6 54555.79342605 13.837
 68 240.228767  61.299257   142.419   142.498  7 54590.79341030 32.032
 69 240.224962  61.300592   141.259   141.518  7 54625.79342664 47.769
 70 240.226457  61.300986   141.557   141.402  7 54660.79343464 16.248
 71 240.223709  61.302298   140.718   140.703  7 54695.79341215 14.070
 72 240.231528  61.297940   139.813   139.539  6 54730.79339047 17.644
 74 240.228864  61.293406   138.493   138.031  3 54800.79338526 32.984
 75 240.221604  61.295129   138.498   138.498  2 54835.79338385 24.722
 76 240.233255  61.298074   138.906   138.933  7 54870.79338207 10.928
 77 240.218328  61.303348   138.623   138.587  7 54905.79339101 10.411
 79 240.227977  61.300918   142.852   142.190  7 54975.79340270 33.264
 80 240.224127  61.300853   141.300   141.287  7 55010.79341364 48.786
 81 240.229080  61.300820   140.782   140.642  6 55045.79340450 16.224
 82 240.221153  61.303635   140.340   139.777  6 55080.79337832 18.258
 83 240.231697  61.299100   140.545   140.625  6 55115.79333702 18.820
 84 240.226928  61.303669   138.880   139.207  4 55150.79333533 37.107
 86 240.218367  61.293991   138.266   138.266  2 55220.79333549 24.066
 87 240.225542  61.290614   138.872   138.872  2 55255.79331991 22.062
 88 240.219943  61.303873   139.105   139.106  7 55290.79332241 15.923
 89 240.225454  61.300305   143.240   142.968  6 55325.79330328 21.118
 90 240.223432  61.300723   142.710   143.071  7 55360.79330054 14.462
 91 240.230904  61.298843   139.735   139.704  6 55395.79330646 28.483
 92 240.228997  61.300136   139.522   139.491  6 55430.79331567 45.871
 93 240.219149  61.302269   143.208   141.780  7 55465.79327679 19.752
