-252724.108   541.365     0.00    5.24
-252353.823   543.565     5.94    6.47
-251983.479   548.243    12.63    6.57
-251613.076   553.091    13.08    6.60
-251242.614   558.867    15.59    6.19
-250872.093   564.205    14.40    6.93
-250501.513   570.351    16.58    6.45
-250130.874   575.247    13.21    5.63
-249760.176   579.730    12.09    4.01
-249389.418   582.195     6.65    3.41
-249018.601   584.351     5.81    2.62
-248647.725   585.684     3.59    2.38
-248276.790   586.867     3.19    2.04
-247905.796   587.974     2.98    2.11
-247534.742   589.680     4.60    2.41
-247163.629   591.697     5.43    3.44
-246792.456   594.276     6.95    4.03
-246421.224   596.293     5.43    3.86
-246049.933   597.360     2.87    3.35
-245678.582   597.053    -0.83    3.20
-245307.172   595.789    -3.40    3.74
-244935.702   594.307    -3.99    4.09
-244564.172   592.197    -5.68    4.75
-244192.583   590.787    -3.80    5.34
-243820.935   588.539    -6.05    5.74
-243449.227   586.676    -5.01    4.91
-243077.459   585.260    -3.81    3.86
-242705.631   585.014    -0.66    3.11
-242333.744   585.218     0.55    2.29
-241961.797   585.649     1.16    1.63
-241589.790   585.506    -0.38    1.54
-241217.724   585.135    -1.00    1.61
-240845.597   584.547    -1.58    1.60
-240473.411   583.861    -1.84    1.39
-240101.165   582.933    -2.49    1.55
-239728.858   581.986    -2.54    1.40
-239356.492   581.013    -2.61    1.37
-238984.066   580.029    -2.64    1.17
-238611.580   579.118    -2.44    1.53
-238239.034   578.014    -2.96    1.75
-237866.428   577.303    -1.91    1.85
-237493.761   576.292    -2.71    2.11
-237121.035   575.494    -2.14    2.41
-236748.248   574.135    -3.64    2.86
-236375.401   572.278    -4.98    3.69
-236002.494   569.740    -6.81    4.60
-235629.527   565.795   -10.57    6.22
-235256.500   560.587   -13.96    7.31
-234883.412   554.857   -15.35    7.38
-234510.263   548.770   -16.31    7.02
-234137.055   543.355   -14.51    6.53
-233763.786   537.800   -14.88    6.13
-233390.456   533.160   -12.43    5.66
-233017.066   528.053   -13.68    5.57
-232643.616   523.455   -12.31    6.10
-232270.105   518.053   -14.46    5.72
-231896.534   513.961   -10.95    4.45
-231522.902   510.727    -8.65    2.61
-231149.209   509.066    -4.45    1.86
-230775.456   508.896    -0.45    2.00
-230401.642   509.890     2.66    3.13
-230027.767   512.658     7.40    4.58
-229653.832   516.493    10.25    4.63
-229279.835   522.395    15.78    7.20
-228905.778   529.264    18.36    9.01
-228531.661   538.579    24.89   10.98
-228157.482   548.014    25.21    9.16
-227783.243   556.413    22.44    9.34
-227408.942   564.000    20.26    7.34
-227034.581   570.592    17.61    7.08
-226660.158   577.041    17.22    6.05
-226285.675   582.130    13.59    6.22
-225911.131   586.720    12.25    5.02
-225536.525   589.218     6.67    3.80
-225161.859   590.040     2.19    3.55
-224787.131   587.684    -6.29    5.88
-224412.342   582.541   -13.72    8.19
-224037.492   575.973   -17.52    8.87
-223662.581   568.908   -18.84    8.02
-223287.609   563.105   -15.47    6.48
-222912.575   558.250   -12.94    5.38
-222537.480   555.108    -8.37    4.26
-222162.323   553.027    -5.55    3.87
-221787.106   552.380    -1.72    4.33
-221411.827   553.453     2.86    5.12
-221036.486   554.757     3.47    5.84
-220661.084   556.039     3.42    6.85
-220285.620   556.472     1.15    7.49
-219910.095   557.792     3.51    6.90
-219534.509   559.973     5.80    6.77
-219158.861   564.316    11.56    8.43
-218783.151   570.932    17.61    9.24
-218407.380   575.831    13.03    9.21
-218031.546   580.360    12.05    8.19
-217655.652   582.000     4.36    8.17
-217279.695   582.974     2.59    7.33
-216903.677   582.132    -2.24    7.85
-216527.597   579.347    -7.40   10.96
-216151.455   573.267   -16.16   15.96
-215775.251   563.320   -26.43   19.30
-215398.985   552.608   -28.46   20.05
-215022.658   540.880   -31.16   19.74
-214646.268   527.342   -35.96   21.05
-214269.817   514.913   -33.01   22.13
-213893.303   500.958   -37.05   22.12
-213516.727   485.375   -41.37   23.19
-213140.090   470.014   -40.78   21.91
-212763.390   456.244   -36.55   20.51
-212386.628   442.882   -35.46   18.21
-212009.804   431.605   -29.92   14.88
-211632.918   420.312   -29.96   13.33
-211255.969   411.494   -23.39   11.88
-210878.958   402.813   -23.02    9.26
-210501.885   397.280   -14.67    6.31
-210124.750   393.280   -10.60    4.01
-209747.552   390.703    -6.83    3.51
-209370.292   387.947    -7.30    3.55
-208992.969   384.681    -8.66    3.64
-208615.584   381.987    -7.14    3.52
-208238.137   379.875    -5.60    2.61
-207860.627   378.646    -3.26    1.31
-207483.054   379.622     2.58    3.24
-207105.419   383.038     9.05    7.18
-206727.721   388.934    15.61   10.94
-206349.961   399.325    27.50   17.33
-205972.138   417.052    46.91   25.65
-205594.252   438.733    57.37   30.76
-205216.303   464.867    69.13   31.92
-204838.292   488.693    63.02   29.65
-204460.218   510.079    56.55   24.59
-204082.081   528.625    49.04   20.11
-203703.881   540.175    30.53   16.47
-203325.619   550.972    28.54   12.20
-202947.293   557.450    17.12    9.03
-202568.904   559.581     5.63    6.49
-202190.453   555.295   -11.32   10.28
-201811.938   544.987   -27.23   15.68
-201433.361   529.766   -40.20   21.31
-201054.720   507.558   -58.64   27.95
-200676.016   485.040   -59.45   29.29
-200297.249   461.973   -60.89   24.74
-199918.419   442.267   -52.01   19.24
-199539.526   425.960   -43.03   19.35
-199160.569   409.083   -44.53   19.23
-198781.549   395.127   -36.82   16.05
-198402.466   384.973   -26.78    9.85
-198023.319   379.861   -13.48    4.57
-197644.109   378.000    -4.91    0.00
-197264.836   378.000     0.00    0.00
-196885.499   378.000     0.00    0.00
-196506.099   378.000     0.00    0.00
-196126.635   378.027     0.07    0.16
-195747.108   378.453     1.12    1.24
-195367.717   379.539     2.86    2.63
-195000.354   381.257     4.67    4.05
-194632.933   383.192     5.27    5.04
-194265.452   385.797     7.09    6.25
-193897.912   389.722    10.68    7.54
-193530.313   394.770    13.73    8.85
-193162.655   401.418    18.08   10.69
-192794.937   408.867    20.25   11.81
-192427.160   417.795    24.27   13.10
-192059.324   426.733    24.30   12.40
-191691.429   436.427    26.34   11.64
-191323.474   445.107    23.59   10.52
-190955.460   454.461    25.41   10.15
-190587.387   462.753    22.53   11.89
-190219.254   473.675    29.66   14.36
-189851.062   485.868    33.11   17.59
-189482.810   499.447    36.87   18.55
-189114.498   512.757    36.13   18.00
-188746.127   526.382    36.98   16.44
-188377.697   538.133    31.89   15.49
-188009.207   551.961    37.52   18.00
-187640.657   564.859    34.99   19.85
-187272.048   581.013    43.82   19.60
-186903.379   595.922    40.43   18.05
-186534.650   607.987    32.72   15.59
-186165.861   614.513    17.69   11.87
-185797.013   615.740     3.33    9.18
-185428.104   607.789   -21.55   14.98
-185059.136   591.347   -44.56   22.72
-184690.108   572.368   -51.42   23.88
-184321.021   554.027   -49.69   18.09
-183951.873   541.117   -34.97   13.65
-183582.665   529.857   -30.49   12.23
-183213.397   520.961   -24.09   13.96
-182844.070   510.513   -28.28   12.08
-182474.682   505.727   -12.95    7.98
-182105.234   502.566    -8.56    4.98
-181735.726   499.688    -7.79    7.37
-181366.158   497.132    -6.92    8.19
-180996.530   494.909    -6.01    7.41
-180626.841   486.907   -21.64   11.68
-180257.092   481.590   -14.38   14.36
-179887.283   477.200   -11.87   13.86
-179517.414   476.442    -2.05   12.60
-179147.484   483.000    17.73   13.97
-178777.494   490.727    20.88   10.93
-178407.444   495.603    13.17    7.17
-178037.333   497.675     5.60    4.73
-177667.162   497.870     0.53    4.64
-177296.930   499.000     3.05    4.84
-176926.638   499.613     1.66    4.98
-176556.286   499.487    -0.34    4.90
-176185.872   499.237    -0.67    4.67
-175815.398   499.882     1.74    4.27
-175444.864   501.280     3.77    5.17
-175074.269   503.909     7.09    7.20
-174703.613   505.078     3.15    7.80
-174332.897   505.192     0.31    7.10
-173962.119   505.769     1.56    6.17
-173591.281   507.090     3.56    4.97
-173220.382   508.740     4.45    4.20
-172849.423   510.547     4.87    4.35
-172478.402   511.427     2.37    5.03
-172107.321   510.224    -3.24    6.58
-171736.178   508.211    -5.42    8.20
-171364.975   506.013    -5.92   10.10
-170993.711   502.571    -9.27   10.84
-170622.385   500.481    -5.63   11.73
-170250.999   496.338   -11.15   12.28
-169879.552   491.442   -13.18   11.53
-169508.043   486.539   -13.19   11.11
-169136.473   483.092    -9.28   11.07
-168764.843   476.487   -17.77   11.46
-168393.150   470.895   -15.04   11.70
-168021.397   464.608   -16.91   12.09
-167649.583   459.227   -14.47   10.85
-167277.707   453.782   -14.64    9.39
-166905.770   449.947   -10.31    7.90
-166533.771   445.720   -11.36    5.88
-166161.711   442.895    -7.59    4.03
-165789.590   440.187    -7.28    2.74
-165417.407   438.400    -4.80    2.32
-165045.163   436.603    -4.83    2.35
-164672.857   434.662    -5.21    2.10
-164300.490   432.950    -4.60    1.96
-163928.061   431.292    -4.45    1.44
-163555.571   430.025    -3.40    1.45
-163183.019   428.878    -3.08    1.29
-162810.405   427.763    -2.99    1.24
-162437.729   426.750    -2.72    1.10
-162064.992   426.039    -1.91    1.09
-161692.193   425.795    -0.66    1.28
-161319.333   425.795     0.00    1.65
-160946.410   426.000     0.55    1.91
-160573.426   425.825    -0.47    1.93
-160200.379   425.554    -0.73    2.14
-159827.271   424.949    -1.62    2.85
-159454.101   423.932    -2.72    3.08
-159080.869   422.701    -3.30    3.22
-158707.575   421.421    -3.43    2.95
-158334.219   420.539    -2.36    2.74
-157960.801   419.922    -1.65    2.78
-157587.321   419.442    -1.29    2.73
-157213.778   419.039    -1.08    2.66
-156840.174   418.857    -0.49    2.32
-156466.507   418.632    -0.60    1.91
-156092.778   418.773     0.38    1.47
-155718.987   418.844     0.19    1.06
-155345.133   418.961     0.31    1.06
-154971.217   419.623     1.77    1.67
-154597.239   420.829     3.22    2.25
-154223.198   422.697     4.99    2.56
-153849.096   424.587     5.05    2.55
-153474.930   427.013     6.48    3.03
-153100.702   429.627     6.98    3.17
-152726.412   432.350     7.28    3.09
-152352.059   434.986     7.04    2.67
-151977.643   437.346     6.30    2.64
-151603.165   439.164     4.85    2.11
-151228.624   440.494     3.55    1.79
-150854.021   441.139     1.72    1.55
-150479.355   441.408     0.72    1.26
-150104.626   441.554     0.39    1.01
-149729.834   441.595     0.11    0.78
-149354.980   441.600     0.01    0.92
-148980.063   441.163    -1.17    1.45
-148605.083   440.333    -2.21    1.91
-148230.040   439.208    -3.00    2.22
-147854.934   437.564    -4.38    2.41
-147479.765   435.899    -4.44    2.50
-147104.533   433.709    -5.84    2.65
-146729.238   431.692    -5.37    2.82
-146353.880   429.377    -6.17    2.88
-145978.459   427.566    -4.82    2.69
-145602.975   425.797    -4.71    2.62
-145227.428   424.053    -4.64    3.40
-144851.817   421.064    -7.96    5.26
-144476.144   417.613    -9.18    6.49
-144100.407   413.974    -9.68    6.15
-143724.607   411.319    -7.06    3.47
-143348.743   410.684    -1.69    1.81
-142972.816   411.041     0.95    1.36
-142596.826   411.722     1.81    1.11
-142220.773   412.243     1.39    0.93
-141844.656   411.712    -1.41    2.10
-141468.475   410.573    -3.03    2.93
-141092.231   409.923    -1.73    2.86
-140715.924   409.974     0.14    2.58
-140339.552   411.557     4.21    3.19
-139963.118   414.278     7.23    3.68
-139586.619   415.590     3.48    3.67
-139210.057   415.091    -1.32    4.63
-138833.432   412.461    -6.98    5.80
-138456.742   408.025   -11.77    5.78
-138079.989   404.360    -9.73    5.20
-137703.172   400.410   -10.48    4.70
-137326.291   396.824    -9.51    4.24
-136949.347   393.299    -9.35    4.22
-136572.338   389.917    -8.97    3.18
-136195.265   386.949    -7.87    3.28
-135818.129   384.253    -7.15    3.12
-135440.929   381.488    -7.33    3.85
-135063.664   378.587    -7.69    4.08
-134686.335   375.797    -7.39    3.99
-134308.943   372.779    -8.00    3.46
-133931.486   370.231    -6.75    4.11
-133553.965   366.203   -10.67    6.11
-133176.380   361.500   -12.45    7.53
-132798.731   355.299   -16.42    7.19
-132421.017   348.173   -18.86    7.49
-132043.239   340.913   -19.22    8.51
-131665.397   337.213    -9.79    6.54
-131287.491   336.900    -0.83    5.49
-130909.520   339.554     7.02    4.71
-130531.484   340.908     3.58    2.72
-130153.384   340.260    -1.71    2.51
-129775.220   338.737    -4.03    2.09
-129396.991   337.303    -3.79    1.61
-129018.698   336.354    -2.51    1.39
-128640.340   335.382    -2.57    1.59
-128261.917   334.329    -2.78    1.81
-127883.430   333.481    -2.24    2.54
-127504.878   332.372    -2.93    3.43
-127126.261   329.679    -7.11    5.84
-126747.580   326.397    -8.67    7.57
-126368.834   321.935   -11.78    7.36
-125990.023   317.108   -12.74    5.31
-125611.147   313.300   -10.05    4.91
-125232.206   309.681    -9.55    5.01
-124853.200   305.137   -11.99    5.41
-124474.130   299.813   -14.04    5.80
-124094.994   292.455   -19.41   11.47
-123715.793   285.350   -18.73   10.85
-123336.528   281.762    -9.46    8.41
-122957.197   280.403    -3.58    4.95
-122577.801   282.039     4.31    3.83
-122198.340   283.175     2.99    1.92
-121818.813   282.573    -1.59    2.16
-121439.222   280.325    -5.92    3.51
-121059.565   277.108    -8.47    3.93
-120679.843   273.299   -10.03    4.61
-120309.504   268.920   -11.82    4.66
-119942.271   264.325   -12.51    5.55
-119574.978   259.108   -14.20    5.81
-119207.623   253.750   -14.58    6.50
-118840.209   248.014   -15.61    6.37
-118472.733   241.725   -17.11    7.16
-118105.197   235.419   -17.16    7.13
-117737.600   228.649   -18.41    7.97
-117369.943   221.868   -18.44    7.27
-117002.224   214.038   -21.29    8.48
-116634.445   208.107   -16.13    7.38
-116266.605   203.413   -12.76    5.76
-115898.704   200.053    -9.13    4.27
-115530.742   197.600    -6.67    3.32
-115162.719   196.013    -4.31    2.00
-114794.635   194.974    -2.82    1.58
-114426.490   193.462    -4.11    2.32
-114058.284   190.610    -7.74    4.32
-113690.017   186.792   -10.37    5.82
-113321.689   181.962   -13.11    5.65
-112953.300   178.104   -10.47    5.07
-112584.849   173.835   -11.58    4.71
-112216.338   170.390    -9.35    4.97
-111847.765   166.481   -10.61    5.20
-111479.131   163.025    -9.37    4.71
-111110.435   159.775    -8.81    3.94
-110741.679   157.487    -6.20    2.84
-110372.860   155.714    -4.81    1.68
-110003.981   154.908    -2.19    1.56
-109635.040   153.829    -2.92    1.81
-109266.038   152.545    -3.48    2.03
-108896.974   150.949    -4.33    1.69
-108527.849   149.863    -2.94    1.35
-108158.662   148.875    -2.67    0.91
-107789.413   148.397    -1.29    0.59
-107420.103   148.468     0.19    0.79
-107050.732   148.886     1.13    0.96
-106681.298   149.558     1.82    0.91
-106311.803   150.127     1.54    0.67
-105942.247   150.731     1.63    1.27
-105572.628   151.812     2.93    2.22
-105202.948   153.551     4.70    2.85
-104833.206   156.000     6.62    3.37
-104463.402   159.013     8.15    3.75
-104093.536   162.262     8.78    4.52
-103723.608   167.468    14.07    6.10
-103353.618   172.354    13.21    6.62
-102983.567   176.104    10.13    5.47
-102613.453   174.228    -5.07    8.70
-102243.277   168.051   -16.68   11.83
-101873.039   158.603   -25.52   12.41
-101502.739   148.132   -28.27    9.21
-101132.377   140.613   -20.30    9.35
-100761.953   132.513   -21.86    7.97
-100391.467   127.329   -13.99    6.56
-100020.918   121.494   -15.75    5.37
 -99650.307   116.329   -13.93    6.38
 -99279.634   111.410   -13.27    6.39
 -98908.898   107.228   -11.28    5.55
 -98538.101   103.053   -11.26    2.97
 -98167.240   100.762    -6.17    2.55
 -97796.318    97.908    -7.70    3.24
 -97425.332    92.308   -15.09   10.46
 -97054.285    81.744   -28.47   16.22
 -96683.175    73.088   -23.32   14.50
 -96312.002    68.974   -11.08   10.60
 -95940.767    73.709    12.75   12.07
 -95569.469    83.442    26.21    8.50
 -95198.108    86.038     6.99    6.17
 -94826.685    75.870   -27.37   19.75
 -94455.199    67.718   -21.94   21.15
 -94083.650    67.684    -0.09   20.69
 -93712.039    75.887    22.07   21.03
 -93340.365    87.564    31.41   13.33
 -92968.628    93.582    16.19    2.18
 -92596.828    95.447     5.02    2.10
 -92224.965    97.333     5.07    2.72
 -91853.039    99.922     6.96    3.11
 -91481.050   101.700     4.78    2.35
 -91108.999   102.512     2.18    1.41
 -90736.884   102.696     0.49    1.36
 -90364.706   102.810     0.31    1.41
 -89992.465   103.171     0.97    1.41
 -89620.161   103.782     1.64    1.30
 -89247.794   103.909     0.34    1.43
 -88875.364   103.625    -0.76    1.53
 -88502.870   103.432    -0.52    1.31
 -88130.313   103.475     0.12    1.12
 -87757.693   103.974     1.34    1.36
 -87385.009   105.038     2.85    1.53
 -87012.263   106.195     3.10    1.51
 -86639.452   107.494     3.48    1.48
 -86266.579   108.701     3.24    1.47
 -85893.641   110.190     3.99    1.90
 -85520.641   112.205     5.40    2.54
 -85147.577   114.949     7.36    3.15
 -84774.449   117.566     7.01    3.10
 -84401.258   120.450     7.73    3.18
 -84028.003   123.474     8.10    3.80
 -83654.684   126.823     8.97    4.48
 -83281.302   130.052     8.65    3.74
 -82907.856   133.449     9.10    4.09
 -82534.347   135.649     5.89    4.05
 -82160.773   136.887     3.32    3.82
 -81787.136   137.575     1.84    3.20
 -81413.435   135.838    -4.65    3.67
 -81039.670   132.770    -8.21    4.51
 -80665.841   127.430   -14.28    6.87
 -80291.948   122.507   -13.17    6.18
 -79917.991   119.213    -8.81    4.42
 -79543.971   117.107    -5.63    2.85
 -79169.886   117.000    -0.29    1.81
 -78795.737   116.400    -1.60    1.29
 -78421.524   115.658    -1.98    1.50
 -78047.246   114.577    -2.89    1.83
 -77672.905   113.291    -3.43    2.55
 -77298.500   111.641    -4.41    2.89
 -76924.030   110.759    -2.35    2.17
 -76549.496   111.026     0.71    2.19
 -76174.897   112.658     4.36    2.93
 -75800.234   115.247     6.91    2.80
 -75425.507   117.262     5.38    2.92
 -75050.716   119.383     5.66    3.10
 -74675.860   121.325     5.18    3.06
 -74300.939   123.577     6.01    2.89
 -73925.954   125.416     4.90    2.25
 -73550.905   126.988     4.19    1.35
 -73175.790   127.883     2.39    1.06
 -72800.612   128.405     1.39    1.25
 -72425.368   128.911     1.35    1.46
 -72050.060   129.580     1.78    1.42
 -71674.688   130.107     1.40    1.38
 -71299.250   130.613     1.35    1.25
 -70923.748   130.946     0.89    1.23
 -70548.181   131.062     0.31    1.22
 -70172.549   131.211     0.39    1.31
 -69796.852   131.684     1.26    1.33
 -69421.090   132.467     2.08    1.61
 -69045.263   133.838     3.65    2.14
 -68669.372   135.421     4.21    2.67
 -68293.415   137.175     4.67    3.19
 -67917.393   139.779     6.93    3.98
 -67541.306   142.462     7.13    4.91
 -67165.154   145.450     7.94    5.62
 -66788.937   148.449     7.97    6.41
 -66412.655   151.641     8.48    6.86
 -66036.307   154.145     6.65    7.60
 -65659.895   156.051     5.06    7.92
 -65283.416   159.141     8.21    8.74
 -64906.873   162.050     7.73    8.97
 -64530.264   165.346     8.75    9.44
 -64153.590   169.562    11.19    8.94
 -63776.851   170.627     2.82    9.40
 -63400.045   172.100     3.91    9.41
 -63023.175   173.730     4.32    9.26
 -62646.239   175.788     5.46    8.83
 -62269.237   177.816     5.38    8.82
 -61892.170   179.481     4.42    8.22
 -61515.037   180.579     2.91    7.66
 -61137.839   182.087     4.00    6.71
 -60760.574   183.701     4.28    5.80
 -60383.244   185.633     5.12    5.26
 -60005.849   187.864     5.91    5.02
 -59628.387   189.375     4.00    4.88
 -59250.860   190.747     3.63    5.02
 -58873.266   191.818     2.84    4.98
 -58495.607   193.113     3.43    4.64
 -58117.882   194.421     3.46    4.21
 -57740.091   195.728     3.46    3.47
 -57362.234   197.455     4.57    2.89
 -56984.311   199.358     5.04    2.96
 -56606.321   201.189     4.84    2.45
 -56228.266   203.288     5.55    2.40
 -55850.144   205.378     5.53    2.26
 -55471.957   207.812     6.44    2.88
 -55093.703   210.418     6.89    3.23
 -54715.382   213.300     7.62    3.87
 -54336.996   216.103     7.41    3.77
 -53958.543   218.628     6.67    3.54
 -53580.024   221.538     7.69    3.34
 -53201.438   223.759     5.87    3.09
 -52822.786   226.225     6.51    2.75
 -52444.068   228.278     5.42    2.45
 -52065.283   230.087     4.78    2.28
 -51686.431   231.693     4.24    2.05
 -51307.513   233.038     3.55    2.14
 -50928.528   234.581     4.07    2.11
 -50549.477   236.123     4.07    2.32
 -50170.359   237.623     3.96    2.35
 -49791.174   239.190     4.13    2.54
 -49411.923   241.179     5.25    2.85
 -49032.604   242.750     4.14    3.04
 -48653.219   244.897     5.66    3.23
 -48273.767   246.575     4.42    3.48
 -47894.248   248.425     4.87    3.63
 -47514.663   250.076     4.35    3.94
 -47135.010   251.738     4.38    4.50
 -46755.290   253.597     4.90    5.71
 -46375.503   256.450     7.51    7.16
 -45995.649   260.122     9.67    8.12
 -45621.839   265.099    13.31    9.01
 -45254.798   269.908    13.10    8.02
 -44887.696   274.235    11.79    8.11
 -44520.531   278.473    11.54    6.97
 -44153.303   281.825     9.13    7.67
 -43786.014   285.579    10.22    8.52
 -43418.663   290.099    12.30    9.45
 -43051.249   294.354    11.58    9.93
 -42683.773   300.438    16.55    9.66
 -42316.234   305.883    14.82    9.71
 -41948.634   312.413    17.76    9.87
 -41580.970   317.646    14.23    9.61
 -41213.245   324.333    18.19   10.68
 -40845.457   330.531    16.85   11.97
 -40477.606   338.075    20.51   14.13
 -40109.693   344.557    17.62   14.58
 -39741.718   353.351    23.90   14.45
 -39373.680   359.397    16.43   14.31
 -39005.579   366.938    20.48   14.18
 -38637.416   373.272    17.20   14.21
 -38269.190   380.462    19.53   14.89
 -37900.901   386.848    17.34   16.93
 -37532.550   397.654    29.33   20.79
 -37164.135   408.825    30.32   23.27
 -36795.658   422.462    37.01   21.33
 -36427.119   433.111    28.90   16.68
 -36058.516   441.228    22.02   11.74
 -35689.850   443.506     6.18   11.16
 -35321.122   445.130     4.40   10.49
 -34952.330   446.163     2.80   10.36
 -34583.476   446.118    -0.12   11.23
 -34214.558   446.481     0.98   11.71
 -33845.578   445.623    -2.32   13.16
 -33476.534   444.500    -3.04   13.01
 -33107.427   443.520    -2.65   13.20
 -32738.257   441.568    -5.29   13.32
 -32369.024   438.553    -8.17   13.96
 -31999.728   435.487    -8.30   13.35
 -31630.368   429.618   -15.89   13.24
 -31260.945   421.432   -22.16   12.80
 -30891.459   412.092   -25.28   13.37
 -30521.909   400.025   -32.65   15.74
 -30152.297   385.474   -39.37   16.27
 -29782.620   370.762   -39.79   18.61
 -29412.880   354.234   -44.70   16.30
 -29043.077   338.537   -42.45   16.13
 -28673.210   324.395   -38.23   14.59
 -28303.280   311.512   -34.82   14.68
 -27933.286   299.231   -33.19   11.98
 -27563.228   289.494   -26.31   10.49
 -27193.107   282.179   -19.76    7.73
 -26822.922   276.525   -15.27    5.44
 -26452.673   272.750   -10.20    3.79
 -26082.361   269.688    -8.27    3.39
 -25711.985   267.329    -6.37    3.12
 -25341.545   264.654    -7.22    2.92
 -24971.041   262.671    -5.35    2.50
 -24600.473   260.837    -4.95    2.41
 -24229.842   259.553    -3.47    2.19
 -23859.146   258.481    -2.89    1.96
 -23488.387   257.797    -1.84    1.71
 -23117.563   257.256    -1.46    1.29
 -22746.675   257.038    -0.59    1.04
 -22375.724   257.288     0.67    0.94
 -22004.708   257.744     1.23    0.96
 -21633.628   258.531     2.12    1.08
 -21262.484   259.215     1.84    1.17
 -20891.275   260.110     2.41    1.30
 -20520.003   261.038     2.50    1.23
 -20148.666   262.137     2.96    1.38
 -19777.265   263.128     2.67    1.24
 -19405.799   264.050     2.48    1.09
 -19034.269   264.797     2.01    0.99
 -18662.675   265.543     2.01    1.11
 -18291.016   266.139     1.60    1.17
 -17919.293   266.663     1.41    1.40
 -17547.505   266.731     0.18    1.83
 -17175.652   266.593    -0.37    2.28
 -16803.735   266.215    -1.01    2.66
 -16431.754   265.613    -1.62    2.91
 -16059.708   264.910    -1.89    3.41
 -15687.597   263.788    -3.02    3.87
 -15315.421   261.937    -4.97    4.45
 -14943.181   259.783    -5.79    4.98
 -14570.875   257.190    -6.97    5.24
 -14198.505   252.963   -11.35    5.66
 -13826.070   248.234   -12.70    6.30
 -13453.571   242.275   -16.00    7.29
 -13081.006   236.165   -16.40    6.75
 -12708.376   230.074   -16.34    6.24
 -12335.682   224.481   -15.01    6.07
 -11962.922   217.775   -17.99    7.60
 -11590.097   211.038   -18.07    8.13
 -11217.207   203.451   -20.35    8.91
 -10844.252   196.091   -19.73    7.36
 -10471.232   189.575   -17.47    6.69
 -10098.147   184.026   -14.87    4.76
  -9724.996   179.593   -11.88    4.88
  -9351.780   175.320   -11.45    4.42
  -8978.499   170.728   -12.30    5.24
  -8605.153   165.731   -13.39    5.52
  -8231.741   160.222   -14.75    5.99
  -7858.264   154.743   -14.67    5.83
  -7484.721   149.415   -14.26    6.39
  -7111.113   144.027   -14.42    5.63
  -6737.439   138.148   -15.73    7.62
  -6363.700   131.922   -16.66    7.83
  -5989.895   124.939   -18.68    8.46
  -5616.025   116.779   -21.83    8.50
  -5242.089   109.325   -19.93    9.52
  -4868.087   101.190   -21.75    8.61
  -4494.019    94.062   -19.06    9.33
  -4119.886    85.076   -24.02   11.23
  -3745.687    75.074   -26.73   13.63
  -3371.422    63.177   -31.79   14.03
  -2997.091    52.815   -27.68   13.40
  -2622.695    39.342   -35.99   12.17
  -2248.232    30.463   -23.71   10.57
  -1873.704    20.713   -26.04   11.74
  -1499.109    12.062   -23.09   10.79
  -1124.449     5.127   -18.51    8.44
   -749.722     0.976   -11.08    3.35
   -374.929     0.000    -2.60    0.00
     -0.071     0.000     0.00    0.00
    374.854     0.000     0.00    0.00
    749.846     0.000     0.00    0.00
   1124.903     0.000     0.00    0.00
   1500.027     0.000     0.00    0.00
   1875.217     0.000     0.00    0.00
   2250.473     0.000     0.00    0.00
   2625.796     1.125     3.00    2.25
   3001.185     3.215     5.57    3.80
   3376.641     6.807     9.57    5.29
   3752.163    10.779    10.58    4.91
   4127.752    14.317     9.42    5.02
   4503.407    17.513     8.51    4.65
   4879.129    21.110     9.57    5.91
   5254.918    25.829    12.56    6.96
   5630.773    33.500    20.41   10.81
   6006.695    42.079    22.82   11.33
   6382.683    52.312    27.22   12.75
   6758.739    62.961    28.32   12.16
   7134.861    71.878    23.71   11.77
   7511.050    80.886    23.95    7.87
   7887.306    86.531    15.00    5.87
   8263.629    90.838    11.44    5.78
   8640.018    94.537     9.83    5.50
   9016.475    99.200    12.39    5.39
   9392.999   103.111    10.39    5.34
   9769.590   107.012    10.36    5.00
  10146.248   110.213     8.50    4.35
  10522.973   113.137     7.76    3.80
  10899.765   114.525     3.68    3.79
  11276.625   116.157     4.33    4.44
  11653.551   117.025     2.30    5.03
  12030.545   117.506     1.28    6.01
  12407.607   118.115     1.62    6.52
  12784.735   118.939     2.18    6.14
  13161.931   119.312     0.99    5.41
  13539.195   118.420    -2.36    4.72
  13916.526   117.789    -1.67    4.71
  14293.924   116.088    -4.51    4.14
  14671.390   115.154    -2.47    3.97
  15048.924   114.506    -1.72    4.14
  15426.525   114.633     0.34    4.46
  15804.194   114.827     0.51    5.30
  16181.930   115.812     2.61    6.07
  16559.734   115.444    -0.97    6.61
  16937.606   115.134    -0.82    7.14
  17315.546   114.901    -0.62    6.43
  17693.553   114.753    -0.39    5.81
  18071.629   114.600    -0.40    5.05
  18449.772   113.049    -4.10    4.93
  18827.983   110.937    -5.59    5.11
  19206.263   108.807    -5.63    5.48
  19584.610   107.065    -4.61    5.51
  19963.025   105.469    -4.22    5.58
  20341.508   104.605    -2.28    5.90
  20720.060   103.815    -2.09    5.96
  21098.679   102.558    -3.32    6.85
  21477.367   101.378    -3.12    7.34
  21856.123   101.410     0.09    7.67
  22234.947   101.370    -0.11    7.19
  22613.840   100.901    -1.24    6.40
  22992.801    99.975    -2.44    5.68
  23371.830    98.902    -2.83    5.04
  23750.928    97.519    -3.65    3.99
  24130.094    96.444    -2.83    3.29
  24509.329    95.468    -2.57    3.38
  24888.632    95.398    -0.19    3.63
  25268.004    95.848     1.19    4.25
  25647.444    94.173    -4.42    7.39
  26026.953    90.618    -9.37    9.74
  26406.531    87.691    -7.71    9.18
  26786.177    84.718    -7.83    8.39
  27165.892    84.037    -1.79    8.01
  27545.676    84.620     1.54    7.05
  27925.529    82.827    -4.72    6.48
  28305.450    82.073    -1.98    5.86
  28685.441    82.778     1.85    5.88
  29063.027    84.222     3.83    6.22
  29429.867    85.244     2.78    6.37
  29796.771    86.287     2.85    7.06
  30163.739    86.866     1.58    7.32
  30530.770    87.925     2.89    7.61
  30897.865    87.889    -0.10    7.66
  31265.024    88.662     2.11    7.62
  31632.247    88.802     0.38    7.32
  31999.534    88.141    -1.80    7.34
  32366.884    87.512    -1.71    7.43
  32734.298    87.013    -1.36    7.62
  33101.777    86.037    -2.66    7.89
  33469.319    84.987    -2.86    8.53
  33836.925    84.310    -1.84    8.64
  34204.595    83.623    -1.87    8.04
  34572.329    83.244    -1.03    7.53
  34940.128    83.372     0.35    7.14
  35307.990    83.463     0.25    7.13
  35675.917    83.127    -0.92    7.35
  36043.908    84.012     2.41    7.43
  36411.963    85.812     4.89    7.63
  36780.083    87.704     5.14    7.35
  37148.266    87.778     0.20    6.99
  37516.514    86.695    -2.94    7.77
  37884.827    84.111    -7.02    8.61
  38253.204    80.113   -10.86    8.49
  38621.645    77.556    -6.94    8.73
  38990.151    76.927    -1.71    9.27
  39358.721    75.073    -5.03   10.19
  39727.356    72.812    -6.13   10.98
  40096.055    69.412    -9.22   11.03
  40464.819    65.593   -10.36   11.29
  40833.648    62.205    -9.19   11.05
  41202.541    58.949    -8.83    9.83
  41571.499    55.198   -10.17    8.27
  41940.522    52.449    -7.45    7.63
  42309.609    50.524    -5.21    7.17
  42678.762    47.810    -7.35    7.17
  43047.979    45.732    -5.63    7.43
  43417.261    44.636    -2.97    7.64
  43786.608    43.866    -2.09    6.84
  44156.020    44.481     1.66    6.04
  44525.497    45.929     3.92    6.62
  44895.039    47.403     3.99    6.54
  45264.646    48.854     3.93    6.80
  45634.318    50.385     4.14    8.03
  46004.056    50.607     0.60    8.83
  46373.858    49.000    -4.35    9.49
  46743.726    46.866    -5.77    9.39
  47113.658    45.750    -3.02    9.85
  47483.656    44.366    -3.74    9.27
  47853.720    42.260    -5.69    8.58
  48223.849    40.415    -4.99    7.81
  48594.043    39.487    -2.51    7.17
  48964.302    38.074    -3.82    7.22
  49334.627    36.700    -3.71    6.99
  49705.017    35.747    -2.57    6.88
  50075.473    34.691    -2.85    7.63
  50445.995    33.800    -2.41    7.80
  50816.582    33.531    -0.73    8.05
  51187.235    33.271    -0.70    8.07
  51557.953    33.850     1.56    6.73
  51928.737    33.123    -1.96    5.15
  52299.586    32.346    -2.10    4.22
  52670.502    32.265    -0.22    3.43
  53041.483    32.342     0.21    2.86
  53412.530    32.855     1.38    2.45
  53783.643    33.146     0.78    2.23
  54154.822    33.317     0.46    1.98
  54526.067    32.863    -1.22    1.89
  54897.377    32.354    -1.37    2.16
  55268.754    31.679    -1.82    2.67
  55640.197    30.309    -3.69    3.25
  56011.705    27.605    -7.28    4.73
  56383.280    23.098   -12.13    7.52
  56754.921    19.173   -10.56    8.46
  57126.629    14.728   -11.96    7.99
  57498.402    11.309    -9.20    7.82
  57870.242     8.537    -7.46    8.61
  58242.147     4.232   -11.58    9.02
  58614.120    -0.506   -12.74    8.11
  58986.158    -4.390   -10.44    6.32
  59358.263    -7.244    -7.67    4.23
  59730.435    -8.568    -3.56    2.62
  60102.673    -9.085    -1.39    1.96
  60474.977    -8.975     0.30    2.76
  60847.348    -8.744     0.62    3.60
  61219.785    -9.000    -0.69    3.19
  61592.289    -9.500    -1.34    2.01
  61964.860    -9.662    -0.44    1.30
  62337.497    -6.524     8.42    9.72
  62710.202    -1.244    14.17   16.27
  63082.972     4.037    14.17   19.70
  63455.810     8.704    12.52   21.02
  63828.714    15.400    17.96   21.55
  64201.686    21.741    17.00   20.01
  64574.724    26.024    11.48   17.40
  64947.829    30.198    11.19   13.16
  65321.001    32.062     5.00    9.60
  65694.240    31.309    -2.02    8.47
  66067.546    28.807    -6.70   10.33
  66440.919    24.173   -12.41   13.06
  66814.360    18.646   -14.80   15.84
  67187.867    12.476   -16.52   17.83
  67561.442     5.262   -19.31   16.56
  67935.083    -0.873   -16.42   12.26
  68308.792    -5.012   -11.08    7.30
  68682.569    -7.000    -5.32    3.96
  69056.412    -8.123    -3.01    2.84
  69430.323    -8.975    -2.28    1.95
  69804.302    -9.595    -1.66    1.14
  70178.348    -9.617    -0.06    2.37
  70552.461    -6.926     7.19    8.17
  70926.642    -1.125    15.50   14.97
  71300.890     5.141    16.74   18.11
  71675.206    10.175    13.45   19.09
  72049.590    14.914    12.66   18.12
  72424.041    18.410     9.34   17.47
  72798.560    22.365    10.56   19.31
  73173.147    24.859     6.66   19.99
  73547.801    25.723     2.31   19.66
  73922.523    23.500    -5.93   18.60
  74297.313    20.729    -7.39   16.18
  74672.171    17.205    -9.40   13.30
  75047.097    16.747    -1.22   11.70
  75422.091    15.756    -2.64   10.60
  75797.152    15.655    -0.27    9.91
  76172.282    15.844     0.50    9.15
  76547.480    16.622     2.07    7.74
  76922.746    16.380    -0.65    6.68
  77298.080    16.655     0.73    5.20
  77673.482    16.937     0.75    3.74
  78048.953    17.639     1.87    2.79
  78424.491    17.387    -0.67    2.67
  78800.098    16.807    -1.54    3.33
  79175.774    15.241    -4.17    4.02
  79551.517    14.417    -2.19    4.32
  79927.329    13.890    -1.40    5.11
  80303.210    14.679     2.10    6.12
  80679.159    16.366     4.49    6.50
  81055.176    17.854     3.96    6.51
  81431.262    18.841     2.63    6.53
  81807.417    20.247     3.74    6.07
  82183.640    22.805     6.80    6.20
  82559.932    27.049    11.28    8.41
  82936.292    32.585    14.71    9.90
  83312.721    39.037    17.14   11.46
  83689.219    45.048    15.97   11.46
  84065.786    49.418    11.61   11.29
  84442.422    55.370    15.81   10.26
  84819.127    62.139    17.97    9.46
  85195.900    70.179    21.34   10.61
  85572.742    79.564    24.91   13.72
  85949.654    89.476    26.30   16.28
  86326.634   101.605    32.18   19.84
  86703.684   112.695    29.41   21.14
  87080.803   124.744    31.95   22.24
  87457.990   134.619    26.18   20.89
  87835.247   142.101    19.83   20.17
  88212.573   150.610    22.55   18.02
  88589.969   161.329    28.41   17.62
  88967.434   172.333    29.16   16.29
  89344.968   183.134    28.61   15.32
  89722.571   192.429    24.62   12.43
  90100.244   200.683    21.86    9.73
  90477.986   206.061    14.24    7.87
  90855.798   209.549     9.23    6.35
  91233.680   208.964    -1.55    6.76
  91611.631   206.488    -6.55    7.77
  91989.651   203.262    -8.53    7.08
  92367.741   200.049    -8.50    4.44
  92745.901   199.630    -1.11    3.77
  93124.131   201.224     4.21    5.04
  93502.430   203.922     7.13    5.51
  93880.799   206.463     6.72    4.95
  94259.238   208.436     5.21    5.81
  94637.747   209.560     2.97    6.50
  95016.326   210.182     1.64    7.04
  95394.974   210.878     1.84    7.59
  95773.693   212.617     4.59    9.85
  96152.482   215.274     7.01   12.56
  96531.341   220.525    13.86   15.64
  96910.270   227.476    18.35   19.56
  97289.269   240.902    35.43   23.53
  97668.338   254.793    36.65   22.93
  98047.477   269.325    38.33   18.54
  98426.687   279.378    26.51   11.94
  98805.967   282.488     8.20    9.85
  99185.317   280.877    -4.25   10.44
  99564.738   277.291    -9.45   11.16
  99944.229   271.425   -15.46   11.02
 100323.791   268.452    -7.83   13.18
 100703.423   267.988    -1.22   17.67
 101083.126   267.271    -1.89   23.67
 101462.899   267.900     1.66   27.81
 101842.743   266.049    -4.87   27.50
 102222.657   259.296   -17.78   27.92
 102602.642   251.036   -21.74   28.26
 102982.698   240.195   -28.53   27.03
 103362.825   230.643   -25.13   25.84
 103743.023   215.915   -38.74   22.28
 104111.143   205.542   -28.18   16.57
 104477.845   197.889   -20.87   10.96
 104844.611   193.602   -11.69    9.57
 105211.443   188.235   -14.63    8.73
 105578.341   182.360   -16.01    9.73
 105945.304   173.148   -25.11   12.10
 106312.332   161.902   -30.64   16.02
 106679.425   150.859   -30.09   13.84
 107046.584   144.059   -18.52   12.27
 107413.809   139.756   -11.72   12.51
 107781.099   136.310    -9.39   14.19
 108148.454   136.731     1.15   19.07
 108515.876   139.612     7.84   26.96
 108883.362   145.136    15.03   35.74
 109250.915   154.185    24.62   42.61
 109618.533   166.175    32.62   47.94
 109986.217   172.824    18.08   48.29
 110353.966   177.747    13.39   45.64
 110721.782   182.286    12.34   39.01
 111089.663   181.915    -1.01   31.82
 111457.610   179.744    -5.90   26.54
 111825.623   179.786     0.11   24.28
 112193.702   181.780     5.42   20.02
 112561.847   181.095    -1.86   18.08
 112930.058   179.926    -3.18   16.51
 113298.335   179.122    -2.18   14.84
 113666.678   175.852    -8.88   13.56
 114035.088   172.906    -8.00   12.16
 114403.563   169.658    -8.81    9.61
 114772.105   167.452    -5.99    7.42
 115140.712   164.203    -8.82    5.90
 115509.386   161.624    -7.00    6.15
 115878.127   159.392    -6.05    6.02
 116246.934   156.905    -6.75    7.53
 116615.807   153.570    -9.04    9.32
 116984.746   148.314   -14.25   11.61
 117353.752   142.235   -16.48   12.08
 117722.824   133.841   -22.74   13.30
 118091.963   123.605   -27.73   17.39
 118461.169   113.047   -28.60   19.89
 118830.441   105.892   -19.38   21.11
 119199.780    98.578   -19.80   21.38
 119569.185    92.210   -17.24   23.05
 119938.657    85.843   -17.23   23.23
 120308.196    80.831   -13.56   24.01
 120677.801    76.675   -11.25   25.77
 121047.474    73.928    -7.43   26.02
 121417.213    72.061    -5.05   27.32
 121787.019    71.298    -2.06   26.95
 122156.892    68.927    -6.41   28.73
 122526.832    79.614    28.89   37.14
 122896.839   102.500    61.86   64.23
 123266.913   128.598    70.53   74.94
 123637.054   165.610   100.00   68.44
 124007.262   182.765    46.34   66.98
 124377.537   181.000    -4.77   62.59
 124747.880   160.890   -54.31   45.80
 125118.289   140.037   -56.30   30.13
 125488.766   122.395   -47.62   19.93
 125859.310   108.222   -38.25   13.41
 126229.922    99.711   -22.97   11.26
 126600.600    92.975   -18.17    9.77
 126971.346    87.729   -14.15    9.29
 127342.160    82.808   -13.27    7.39
 127713.041    78.386   -11.92    5.31
 128083.990    75.615    -7.47    3.18
 128455.006    74.893    -1.95    3.56
 128826.089    74.875    -0.05    4.24
 129197.241    76.012     3.06    4.67
 129568.460    74.128    -5.07   10.14
 129939.746    63.238   -29.33   22.02
 130311.101    39.354   -64.32   36.39
 130682.523    20.224   -51.51   33.52
 131054.013     7.532   -34.17   21.24
 131425.570     6.880    -1.76   15.48
 131797.196    12.938    16.30   15.43
 132168.889    14.453     4.08   19.51
 132540.651    17.304     7.67   23.07
 132912.480    19.780     6.66   25.27
 133284.378    21.457     4.51   26.23
 133656.343    26.023    12.28   23.56
 134028.377    30.494    12.02   18.37
 134400.478    31.817     3.56   11.97
 134772.648    30.457    -3.66   10.27
 135144.886    28.407    -5.51   11.15
 135517.193    28.476     0.18   13.88
 135889.567    31.012     6.81   16.09
 136262.010    34.617     9.68   16.79
 136634.522    38.698    10.95   14.46
 137007.101    40.855     5.79   13.07
 137379.749    41.542     1.84   11.33
 137752.466    41.691     0.40   10.77
 138125.251    41.940     0.67    9.58
 138498.105    43.341     3.76    8.85
 138871.027    44.859     4.07    7.47
 139244.018    46.037     3.16    6.05
 139617.077    45.167    -2.33    6.65
 139990.205    40.476   -12.57   10.01
 140363.402    37.128    -8.97   10.59
 140736.668    36.321    -2.16   11.87
 141110.002    39.183     7.67   14.81
 141483.406    47.378    21.95   13.04
 141856.878    50.874     9.36   13.35
 142230.419    51.244     0.99   13.11
 142604.029    54.337     8.28   13.71
 142977.708    56.099     4.71   13.84
 143351.456    54.477    -4.34   20.42
 143725.273    54.470    -0.02   27.88
 144099.160    49.205   -14.08   30.82
 144473.115    45.259   -10.55   29.71
 144847.140    51.447    16.55   30.22
 145221.234    60.060    23.03   31.80
 145595.397    76.647    44.34   32.95
 145969.629    96.494    53.04   20.32
 146343.931   110.341    37.00   17.27
 146718.302   122.272    31.87   19.13
 147092.743   134.628    33.00   20.40
 147467.253   143.210    22.92   18.47
 147841.833   148.256    13.47   15.50
 148216.482   149.788     4.09   13.28
 148591.200   149.081    -1.88   10.73
 148965.989   147.367    -4.57    8.73
 149340.847   145.157    -5.90    8.96
 149715.774   141.443    -9.91    8.20
 150090.771   138.698    -7.32    7.46
 150465.839   136.700    -5.33    5.99
 150840.976   136.435    -0.71    5.23
 151216.182   136.192    -0.65    4.94
 151591.459   136.518     0.87    5.01
 151966.806   136.312    -0.55    5.30
 152342.222   136.570     0.69    5.53
 152717.709   136.512    -0.15    5.61
 153093.265   136.000    -1.36    5.09
 153468.892   135.367    -1.69    4.50
 153844.589   133.655    -4.56    3.75
 154220.356   131.765    -5.03    3.26
 154596.193   128.831    -7.81    4.07
 154972.100   124.469   -11.61    5.12
 155348.078   121.000    -9.23    5.17
 155724.126   119.106    -5.04    4.94
 156100.244   118.000    -2.94    5.01
 156476.433   117.765    -0.62    5.14
 156852.692   118.964     3.19    4.85
 157229.022   121.624     7.07    4.97
 157605.422   124.600     7.91    4.67
 157981.893   126.646     5.44    4.68
 158358.434   123.897    -7.30   16.84
 158735.046   118.675   -13.87   23.75
 159111.729   118.771     0.26   25.21
 159488.482   124.488    15.18   27.07
 159865.306   133.682    24.40   29.31
 160242.201   147.893    37.71   30.84
 160619.166   167.659    52.44   24.33
 160996.203   186.059    48.81   19.85
 161373.310   196.386    27.39   17.44
 161750.489   203.384    18.56   12.55
 162127.738   205.614     5.91    8.77
 162505.059   203.310    -6.11    7.74
 162882.450   198.825   -11.88    8.61
 163259.913   192.824   -15.90   10.60
 163637.447   186.938   -15.59   10.96
 164015.052   182.372   -12.09   11.50
 164392.728   177.450   -13.03   11.92
 164770.475   172.388   -13.40   14.89
 165148.294   170.000    -6.32   16.58
 165526.184   172.407     6.37   17.00
 165904.146   176.679    11.30   15.77
 166282.178   182.265    14.78   11.87
 166660.283   184.938     7.07   12.10
 167038.459   186.628     4.47   13.16
 167416.706   189.151     6.67   14.39
 167795.025   191.060     5.04   13.79
 168173.416   191.795     1.94   13.88
 168551.878   193.459     4.40   13.86
 168930.412   193.465     0.02   14.49
 169309.018   191.253    -5.84   16.97
 169687.696   185.600   -14.93   17.43
 170066.445   185.570    -0.08   16.03
 170445.267   193.376    20.61   18.22
 170824.160   203.975    27.98   20.38
 171203.125   222.786    49.64   23.16
 171582.162   241.000    48.06   20.86
 171961.272   254.788    36.37   16.78
 172340.453   264.722    26.20    9.65
 172719.706   268.667    10.40    8.70
 173099.032   271.087     6.38   10.59
 173478.430   272.942     4.89   11.90
 173857.900   274.639     4.47   13.64
 174237.442   275.118     1.26   14.16
 174617.057   275.976     2.26   18.15
 174996.744   278.859     7.59   24.32
 175376.504   281.976     8.21   26.16
 175756.335   284.120     5.65   20.74
 176136.240   288.452    11.40   16.49
 176516.217   304.188    41.42   25.05
 176896.266   323.212    50.06   28.00
 177276.388   337.537    37.69   23.31
 177656.583   344.165    17.44   16.49
 178036.851   339.305   -12.78   16.58
 178417.191   324.663   -38.50   21.30
 178789.380   305.964   -50.25   26.94
 179155.873   276.058   -81.61   38.20
 179522.433   245.901   -82.28   38.84
 179889.059   212.824   -90.23   35.21
 180255.752   187.024   -70.37   26.71
 180622.512   165.735   -58.05   19.86
 180989.340   151.369   -39.17   16.69
 181356.234   135.256   -43.92   16.06
 181723.195   121.106   -38.57   19.33
 182090.224   104.074   -46.41   27.26
 182457.319    83.119   -57.09   36.72
 182824.482    56.086   -73.64   40.85
 183191.712    42.244   -37.70   34.69
 183559.009    43.790     4.21   38.83
 183926.374    65.372    58.76   49.50
 184293.805    97.658    87.88   41.73
 184661.305   122.988    68.94   22.16
 185028.871   135.241    33.34   11.31
 185396.505   141.570    17.22    8.52
 185764.207   146.458    13.30    9.39
 186131.976   153.488    19.12   14.26
 186499.812   163.614    27.53   21.34
 186867.716   175.833    33.22   30.69
 187235.688   187.943    32.91   35.38
 187603.727   198.953    29.92   39.43
 187971.834   209.452    28.53   41.00
 188340.009   217.965    23.12   39.78
 188708.252   230.143    33.08   37.55
 189076.562   247.084    46.00   36.26
 189444.940   262.256    41.19   30.55
 189813.386   274.988    34.56   21.39
 190181.900   272.628    -6.40   23.01
 190550.482   261.212   -30.98   27.82
 190919.132   245.333   -43.08   28.52
 191287.850   229.000   -44.30   23.26
 191656.636   218.826   -27.59   21.38
 192025.491   215.313    -9.52   19.80
 192394.413   217.500     5.93   19.80
 192763.403   224.573    19.17   19.34
 193132.462   231.429    18.58   19.69
 193501.589   237.176    15.57   23.21
 193870.784   244.107    18.78   26.03
 194240.048   250.635    17.68   29.66
 194609.380   253.310     7.24   31.15
 194978.780   257.627    11.69   31.72
 195348.249   257.558    -0.19   32.98
 195717.786   255.221    -6.33   34.94
 196087.392   247.427   -21.09   38.00
 196457.066   237.659   -26.43   42.50
 196826.809   224.372   -35.94   44.39
 197196.621   215.349   -24.40   44.56
 197566.501   201.817   -36.59   44.45
 197936.450   190.083   -31.72   42.86
 198306.468   180.825   -25.03   38.42
 198676.555   172.070   -23.66   35.64
 199046.710   164.432   -20.64   30.89
 199416.934   160.205   -11.42   26.66
 199787.227   156.850    -9.06   22.61
 200157.590   155.093    -4.74   21.64
 200528.021   154.765    -0.88   23.13
 200898.521   156.186     3.83   23.34
 201269.090   157.296     3.00   23.55
 201639.728   158.674     3.72   21.27
 202010.435   159.614     2.54   17.81
 202381.212   159.407    -0.56   13.20
 202752.058   158.894    -1.38    9.82
 203122.973   156.195    -7.28    9.45
 203493.957   153.229    -8.00   11.01
 203865.011   152.977    -0.68   15.44
 204236.134   152.422    -1.50   20.99
 204607.326   154.314     5.10   26.40
 204978.588   154.930     1.66   31.29
 205349.919   146.643   -22.32   31.62
 205721.320   132.667   -37.64   31.67
 206092.791   113.500   -51.60   27.37
 206464.331    97.405   -43.33   17.19
 206835.940    85.393   -32.33   10.52
 207207.620    79.568   -15.67    8.38
 207579.369    74.558   -13.48    5.94
 207951.187    71.583    -8.00    5.17
 208323.076    69.407    -5.85    4.71
 208695.034    68.349    -2.85    4.52
 209067.063    67.434    -2.46    4.80
 209439.161    67.093    -0.92    4.95
 209811.329    64.953    -5.75    6.14
 210183.567    62.471    -6.67    6.85
 210555.876    58.372   -11.01    7.07
 210928.254    54.709    -9.84    6.73
 211300.702    50.614   -11.00    5.92
 211673.221    46.859   -10.08    5.82
 212045.810    42.738   -11.06    5.94
 212418.469    38.644   -10.99    6.76
 212791.198    33.024   -15.08    7.77
 213163.997    27.686   -14.32    9.94
 213536.867    19.940   -20.78   10.95
 213909.807    12.105   -21.01   10.14
 214282.818     3.482   -23.12    8.45
 214655.899    -2.195   -15.22    7.84
 215029.051    -6.566   -11.72    6.65
 215402.273    -8.814    -6.02    4.70
 215775.566   -11.329    -6.74    4.62
 216148.929   -15.384   -10.86    5.70
 216522.364   -19.659   -11.45    5.29
 216895.868   -22.701    -8.15    3.54
 217269.444   -24.562    -4.98    1.68
 217643.090   -25.609    -2.80    1.29
 218016.807   -26.049    -1.18    1.36
 218390.595   -20.402    15.11   18.74
 218764.454    -4.099    43.62   33.13
 219138.384    20.163    64.89   36.57
 219512.385    41.877    58.07   23.16
 219886.457    50.897    24.12    4.12
 220260.600    50.284    -1.64    3.95
 220634.814    49.540    -1.99    3.49
 221009.099    48.901    -1.71    3.13
 221383.456    47.674    -3.28    3.47
 221757.883    45.900    -4.74    5.55
