# NaN NaN NaN ;Mean Elev.(m), Avg Gradient(m/km), RMS Gradient(m/km) - SRTM1     
#   34.097   2.736  19.259 ;Mean Elev.(m), Avg Gradient(m/km), RMS Gradient(m/km) - ASTER GDEM
#   60.956 -12.660  28.724 ;Mean Elev.(m), Avg Gradient(m/km), RMS Gradient(m/km) - GMTED2010 
  7    49.522 52457.81865074 22.61 233.966700  64.952231 10.497
  7    51.088 52457.81865139 30.26 233.963730  64.949121 10.497
  7    51.071 52457.81865203 30.72 233.960770  64.946011 10.497
 10   104.367 52562.81864951 24.20 233.976597  64.951001  9.694
 10   104.109 52562.81865016 20.45 233.973637  64.947901  9.694
 10   102.833 52562.81865080 19.51 233.970667  64.944791  9.694
 10   101.609 52562.81865145 20.44 233.967697  64.941681  9.694
 13   103.272 52667.81863143  8.25 233.963673  64.950932  4.592
 13   100.860 52667.81863208  8.57 233.960703  64.947822  4.592
 13    99.300 52667.81863272  9.81 233.957743  64.944712  4.592
 14   104.153 52702.81860625  5.87 233.981486  64.948838  3.812
 14   102.524 52702.81860689  5.37 233.978516  64.945728  3.812
 14   100.808 52702.81860754  6.13 233.975548  64.942624  3.628
 14    98.835 52702.81860818  7.34 233.972588  64.939514  3.628
 17    50.793 52807.81866954 43.12 233.975308  64.950877 14.958
 17    50.666 52807.81867018 46.68 233.972338  64.947767 14.958
 17    50.035 52807.81867083 42.05 233.969368  64.944657 14.958
 17    50.285 52807.81867147 42.65 233.966398  64.941557 14.958
 18   105.215 52842.81872776  7.02 233.975351  64.950300  8.867
 18   100.475 52842.81872841  9.16 233.972391  64.947190  8.867
 18    87.490 52842.81872905  9.77 233.969421  64.944080  8.867
 18    56.328 52842.81872970 24.49 233.966451  64.940980  8.867
 20   102.656 52912.81872447 13.12 233.963961  64.952148 14.965
 20   101.881 52912.81872512 12.71 233.960993  64.949038  5.363
 20    55.419 52912.81872576 14.73 233.958023  64.945928  5.363
 23   103.156 53017.81871048  6.89 233.960151  64.953270  3.860
 23   102.067 53017.81871112  6.50 233.957181  64.950160  3.860
 23    99.998 53017.81871176  7.80 233.954221  64.947050  3.860
 24   109.600 53052.81869138  5.21 233.979007  64.950139  3.268
 24   107.370 53052.81869203  6.29 233.976037  64.947039  3.268
 24   102.529 53052.81869267  5.76 233.973067  64.943929  3.268
 24   122.984 53052.81869332  5.65 233.970107  64.940819  3.268
 25   119.973 53087.81872801  3.56 233.953379  64.956251  2.456
 25   124.456 53087.81872866  3.34 233.950409  64.953141  2.456
 25   126.620 53087.81872930  3.79 233.947449  64.950031  2.456
 27    53.441 53157.81875545 38.92 233.964690  64.951537 22.421
 27    49.884 53157.81875674 37.55 233.958750  64.945327 22.421
 28   103.384 53192.81874886  9.35 233.969763  64.951022  8.828
 28    56.964 53192.81874951 10.51 233.966793  64.947912  8.828
 28    56.194 53192.81875015 16.22 233.963833  64.944802  8.828
 30   105.516 53262.81871942  6.14 233.955424  64.956621  7.241
 30   101.944 53262.81872006  7.40 233.952454  64.953521  7.241
 30    55.368 53262.81872071  9.51 233.949494  64.950411  7.241
 31    47.743 53297.81875864 32.88 233.963983  64.951551  9.733
 31    48.602 53297.81875928 27.13 233.961023  64.948441  9.733
 31    48.187 53297.81875993 25.79 233.958053  64.945331  9.733
 34   109.541 53402.81870285  5.01 233.972900  64.952540  3.697
 34   116.735 53402.81870350  5.49 233.969930  64.949430  3.697
 34   108.665 53402.81870414  6.01 233.966960  64.946320  3.697
 34   123.623 53402.81870479  5.97 233.964000  64.943210  3.697
 36   122.107 53472.81874685  5.33 233.969720  64.951947  2.633
 36   125.213 53472.81874750  5.27 233.966760  64.948837  2.633
 36   127.735 53472.81874814  5.27 233.963790  64.945727  2.633
 38   102.130 53542.81878266  9.27 233.963381  64.953659  8.134
 38    97.835 53542.81878330  9.39 233.960421  64.950549  8.134
 38    55.541 53542.81878395 13.93 233.957451  64.947439  8.134
 39    49.808 53577.81876778 26.45 233.959354  64.953752 13.586
 39    50.845 53577.81876842 32.70 233.956384  64.950652 13.586
 39    49.803 53577.81876907 36.45 233.953424  64.947542 13.586
 41   103.544 53647.81872618 10.79 233.974653  64.948857 14.595
 41   102.590 53647.81872682 11.46 233.971693  64.945757 14.595
 41    99.232 53647.81872747 13.66 233.968723  64.942647 14.595
 43    50.539 53717.81866839 14.93 233.960880  64.952800  7.368
 43    98.172 53717.81866904 13.69 233.957920  64.949690  7.368
 43    48.800 53717.81866968 15.99 233.954950  64.946580  7.368
 44   101.686 53752.81858898 11.03 233.981824  64.948150  5.141
 44   100.875 53752.81858963 12.00 233.978864  64.945040  5.141
 44    49.851 53752.81859027 17.08 233.975894  64.941930  5.141
 44    49.389 53752.81859092 15.22 233.972924  64.938830  5.141
 45   102.278 53787.81861912  8.73 233.966197  64.950454  4.493
 45   100.327 53787.81861976 10.25 233.963237  64.947344  4.493
 45    99.118 53787.81862040  9.36 233.960267  64.944234  4.493
 46   116.426 53822.81857346  4.68 233.986163  64.948323  2.705
 46   120.750 53822.81857410  4.93 233.983193  64.945213  2.705
 46   122.544 53822.81857475  4.84 233.980223  64.942103  2.705
 46   125.975 53822.81857539  4.74 233.977263  64.939003  2.705
 47    46.479 53857.81866541 19.80 233.968713  64.951945 13.161
 47    47.853 53857.81866605 19.98 233.965743  64.948845 13.161
 47    48.652 53857.81866670 20.08 233.962783  64.945735 13.161
 49   104.623 53927.81873829  8.58 233.960134  64.954356  8.422
 49   103.050 53927.81873894  9.32 233.957164  64.951246  8.422
 49    54.051 53927.81873958 16.69 233.954204  64.948146  8.422
 50    45.995 53962.81872130 27.74 233.956293  64.955147 11.905
 50    46.089 53962.81872194 29.29 233.953333  64.952037 11.905
 50    46.514 53962.81872259 36.10 233.950363  64.948937 11.905
 51   102.293 53997.81866859  7.45 233.985994  64.947323  8.152
 51   100.288 53997.81866924  9.55 233.983024  64.944213  8.152
 51    54.878 53997.81866988 11.37 233.980054  64.941113  8.152
 51    54.395 53997.81867053 17.02 233.977084  64.938003  8.152
 52    48.742 54032.81871837 43.77 233.974081  64.949611 12.946
 52    47.191 54032.81871901 44.64 233.971111  64.946511 12.946
 52    45.483 54032.81871966 45.77 233.968141  64.943401 12.946
 54   105.771 54102.81867093  7.76 233.958118  64.955691  3.651
 54   104.095 54102.81867157  8.98 233.955148  64.952581  3.651
 54   109.668 54102.81867222  8.00 233.952188  64.949481  3.651
 55   105.434 54137.81864095  5.87 233.972765  64.950470  3.801
 55   102.283 54137.81864159  6.32 233.969795  64.947360  3.801
 55   100.878 54137.81864224  7.86 233.966835  64.944260  3.801
 59   100.501 54277.81869203  9.39 233.968307  64.952041  7.598
 59    55.423 54277.81869267  9.97 233.965347  64.948931  7.598
 59    56.243 54277.81869332 12.14 233.962377  64.945821  7.598
 60    50.926 54312.81869266 42.00 233.967143  64.951638 17.150
 60    50.577 54312.81869331 43.03 233.964173  64.948538 17.150
 60    50.297 54312.81869395 41.99 233.961213  64.945428 17.150
 61   101.843 54347.81866432  7.52 233.958000  64.953313 10.115
 61    99.907 54347.81866496  7.99 233.955040  64.950203 10.115
 61    55.724 54347.81866561  9.79 233.952070  64.947093 10.115
 63    48.512 54417.81861367 29.58 233.960964  64.953301 14.205
 63    48.833 54417.81861432 32.93 233.958004  64.950191 14.205
 63    48.661 54417.81861496 35.91 233.955034  64.947081 14.205
 64    48.702 54452.81859964 11.10 233.978213  64.951437  8.672
 64    48.889 54452.81860028 11.82 233.975243  64.948327  8.672
 64    48.342 54452.81860093 12.11 233.972273  64.945217  8.672
 64    47.617 54452.81860157 13.95 233.969303  64.942117  8.672
 67   104.858 54557.81862125  3.07 233.960992  64.953792  3.424
 67   103.231 54557.81862189  3.88 233.958032  64.950682  3.424
 67   104.918 54557.81862254  3.78 233.955062  64.947582  3.424
 69    51.035 54627.81862390 35.55 233.966810  64.953844 16.201
 69    50.797 54627.81862454 37.20 233.963840  64.950734 16.201
 69    50.363 54627.81862519 37.18 233.960870  64.947634 16.201
 69    49.223 54627.81862583 37.88 233.957910  64.944524 16.201
 70    48.388 54662.81863139 22.61 233.967947  64.953445 12.190
 70    49.716 54662.81863203 24.15 233.964977  64.950335 12.190
 70    50.700 54662.81863268 27.15 233.962007  64.947235 12.190
 70    49.848 54662.81863332 28.15 233.959047  64.944125 12.190
 73    53.989 54767.81858575 27.18 233.965806  64.951756 16.925
 73    51.444 54767.81858640 32.55 233.962836  64.948656 16.925
 73    52.981 54767.81858704 30.37 233.959876  64.945546 16.925
 74   102.893 54802.81858248 11.18 233.973965  64.951663  8.226
 74   102.962 54802.81858313 12.17 233.971005  64.948563  8.226
 74   101.411 54802.81858377 13.21 233.968035  64.945453  8.226
 74    52.944 54802.81858442 14.33 233.965065  64.942343  8.226
 75   104.002 54837.81857831  8.05 233.967492  64.952906  4.315
 75   107.761 54837.81857896  8.31 233.964522  64.949796  4.315
 75   107.043 54837.81857960  8.64 233.961552  64.946696  4.315
 77   119.287 54907.81858597  3.00 233.955702  64.953320  2.600
 77   120.885 54907.81858662  2.50 233.952732  64.950220  2.600
 78   112.044 54942.81857406  1.94 233.973565  64.952527  2.554
 78   117.377 54942.81857470  2.93 233.970595  64.949417  2.554
 78   122.124 54942.81857535  2.08 233.967635  64.946317  2.554
 78   126.327 54942.81857599  1.48 233.964665  64.943207  2.554
 79    48.862 54977.81860171 38.49 233.966913  64.952799 10.680
 79    48.421 54977.81860235 37.39 233.963943  64.949689 10.680
 79    48.105 54977.81860300 36.42 233.960973  64.946589 10.680
 80   105.111 55012.81860864  9.21 233.966431  64.953712 13.057
 80   103.127 55012.81860928 10.03 233.963461  64.950602 13.057
 80    55.425 55012.81860993 15.04 233.960491  64.947502 13.057
 80    53.749 55012.81861057 25.36 233.957531  64.944392 13.057
 81    50.012 55047.81860125 41.11 233.969119  64.952329 15.948
 81    50.043 55047.81860189 43.01 233.966149  64.949219 15.948
 81    49.731 55047.81860254 43.94 233.963179  64.946119 15.948
 82   120.601 55082.81857232  8.13 233.955899  64.952682  8.660
 82   102.250 55082.81857296  9.33 233.952929  64.949582  8.660
 83   102.649 55117.81853347 20.93 233.973808  64.950289 13.226
 83   102.328 55117.81853412 19.14 233.970848  64.947189 13.226
 83   101.032 55117.81853476 18.58 233.967878  64.944079 13.226
 84    50.095 55152.81853084 17.40 233.962156  64.951569  9.499
 84    49.165 55152.81853148 19.03 233.959186  64.948469  9.499
 84    49.536 55152.81853213 19.32 233.956226  64.945359  9.499
 86   104.967 55222.81852970  5.47 233.962756  64.951405  3.131
 86   108.689 55222.81853035  4.87 233.959786  64.948305  3.131
 86   100.698 55222.81853099  6.96 233.956826  64.945195  3.131
 87   108.440 55257.81851684  4.58 233.971510  64.952445  3.194
 87   109.336 55257.81851748  4.07 233.968540  64.949345  3.194
 87   102.183 55257.81851813  5.21 233.965580  64.946235  3.194
 87   110.238 55257.81851877  5.11 233.962610  64.943125  3.194
 88   103.937 55292.81851712  4.28 233.957386  64.953019  3.123
 88   104.555 55292.81851776  4.75 233.954416  64.949919  3.123
 91    46.335 55397.81850468 16.22 233.972325  64.949855  8.041
 91    48.955 55397.81850533 15.50 233.969365  64.946755  8.041
 91    49.434 55397.81850597 17.83 233.966395  64.943645  8.041
 92    49.087 55432.81851175 18.88 233.967662  64.951047 10.879
 92    49.765 55432.81851240 22.90 233.964702  64.947937 10.879
 92    48.283 55432.81851304 31.99 233.961732  64.944837 10.879
 93   105.497 55467.81846990  6.87 233.955476  64.953424  6.949
 93   101.682 55467.81847054  8.48 233.952506  64.950314  6.949
