# NaN NaN NaN ;Mean Elev.(m), Avg Gradient(m/km), RMS Gradient(m/km) - SRTM1     
#  104.467 -15.938  18.363 ;Mean Elev.(m), Avg Gradient(m/km), RMS Gradient(m/km) - ASTER GDEM
#  117.000 -15.741  16.145 ;Mean Elev.(m), Avg Gradient(m/km), RMS Gradient(m/km) - GMTED2010 
  8 237.259719  62.138400   113.353   113.175  7 52481.21207090 35.702
 11 237.273276  62.136416   110.019   111.360  5 52586.21204219 39.324
 12 237.269907  62.138141   111.772   111.867  5 52621.21202070 23.015
 15 237.260786  62.139787   106.739   106.705  7 52726.21205129 18.576
 17 237.259995  62.134826   236.828   236.898  6 52796.21202558  1.547
 21 237.273550  62.136900   125.125   129.049  5 52936.21210502 31.669
 22 237.255107  62.138591   110.021   110.020  8 52971.21212995 27.183
 23 237.257345  62.137754   110.813   110.728  8 53006.21214347 19.838
 24 237.244823  62.139708   109.602   109.765  7 53041.21209625 18.111
 25 237.256395  62.145003   108.312   108.175  4 53076.21212954 18.390
 26 237.242084  62.140477   108.625   108.500  6 53111.21209934  9.131
 27 237.259260  62.133225   239.360   239.468  5 53146.21214042  1.131
 28 237.265252  62.139104   128.185   128.064  7 53181.21214875 35.486
 29 237.261465  62.137094   109.799   110.359  5 53216.21217128 15.157
 31 237.244383  62.139378   109.352   110.202  6 53286.21214388 40.827
 32 237.269584  62.137267   109.600   109.616  5 53321.21211904 40.374
 34 237.249987  62.138093   110.001   110.046  8 53391.21210172 15.548
 35 237.270054  62.140189   108.244   108.244  2 53426.21209799 14.914
 37 237.250845  62.138862   229.469   229.525  8 53496.21218854  2.961
 39 237.258853  62.140065   118.489   112.171  5 53566.21219187 27.447
 40 237.273645  62.136852   131.114   130.648  4 53601.21213442 15.735
 42 237.254706  62.138093   110.712   110.845  7 53671.21215338 15.432
 43 237.278184  62.136090   112.871   112.969  5 53706.21208460 25.650
 44 237.286188  62.136421   111.784   111.963  4 53741.21199752 16.228
 45 237.263271  62.139581   111.054   111.136  8 53776.21202156 15.240
 50 237.255318  62.138436   109.994   109.695  5 53951.21214010 45.349
 53 237.269005  62.137387   109.772   109.938  5 54056.21210745 26.479
 54 237.273421  62.136332   109.469   109.553  4 54091.21209249 14.752
 55 237.252118  62.137218   109.138   109.341  8 54126.21202416 14.158
 56 237.260080  62.141658   108.333   107.950  6 54161.21206178 13.437
 57 237.252967  62.139143   107.019   106.816  8 54196.21202635 12.938
 58 237.265441  62.131593   243.405   243.405  2 54231.21207283  0.040
 63 237.259714  62.144596   110.829   110.829  4 54406.21202998 38.895
 64 237.249368  62.138179   110.751   111.066  8 54441.21198711 24.755
 65 237.261139  62.140196   111.482   111.553  7 54476.21201689 20.257
 66 237.248956  62.142283   109.361   109.536  5 54511.21200377 17.035
 67 237.259364  62.146414   109.115   109.370  3 54546.21203236 15.191
 68 237.254801  62.147219   108.942   108.633  3 54581.21200034  6.196
 71 237.268795  62.137148   109.230   109.309  5 54686.21202492 21.041
 74 237.251165  62.136361   114.849   115.245  8 54791.21197134 31.749
 75 237.259379  62.138359   110.488   110.713  7 54826.21199692 18.803
 76 237.253905  62.137730   110.307   110.355  8 54861.21196518 15.757
 79 237.265924  62.132979   242.788   242.390  3 54966.21199722  0.512
 84 237.262736  62.139831   110.124   109.711  7 55141.21194242 40.202
 85 237.251449  62.137935   111.893   111.853  8 55176.21190517 24.052
 86 237.257686  62.142972   110.400   110.562  5 55211.21193782 19.471
 87 237.255618  62.137614   110.388   110.408  8 55246.21190934 18.537
 89 237.261218  62.137617   233.561   233.579  6 55316.21189782  1.452
