# NaN NaN NaN ;Mean Elev.(m), Avg Gradient(m/km), RMS Gradient(m/km) - SRTM1     
#   11.019  -9.662  26.597 ;Mean Elev.(m), Avg Gradient(m/km), RMS Gradient(m/km) - ASTER GDEM
#   29.197  -9.217  26.354 ;Mean Elev.(m), Avg Gradient(m/km), RMS Gradient(m/km) - GMTED2010 
 11 230.639498  66.627820   170.431   170.455  3 52590.83228487  6.645
 12 230.640387  66.628462   172.839   171.705  4 52625.83220967  3.014
 15 230.647744  66.625680    28.610    25.453  4 52730.83225771  7.492
 27 230.642222  66.626802   183.832   183.621  3 53150.83236872  5.058
 32 230.646088  66.626543   171.372   172.246  3 53325.83234638  2.700
 37 230.638843  66.627355   169.411   168.548  3 53500.83240519  3.388
 48 230.654082  66.625906   169.673   169.712  3 53885.83228654  1.483
 53 230.649119  66.625844   168.347   167.917  3 54060.83233147  2.198
 54 230.633370  66.629045   170.826   170.826  2 54095.83230534  4.477
 58 230.647540  66.624171    32.007    25.897  3 54235.83229217 19.180
 79 230.645925  66.625039   182.655   182.869  4 54970.83221602  5.101
 83 230.653366  66.626845   169.556   169.556  2 55110.83215575  3.134
 85 230.655336  66.622545   167.646   167.554  5 55180.83213361  2.862
 86 230.641135  66.626918   177.084   177.084  2 55215.83215312  1.009
