-159685.511   203.166     0.00    8.24
-159305.621   206.657     9.19    8.21
-158925.650   209.504     7.49    4.18
-158545.600   210.767     3.32    4.29
-158165.468   209.419    -3.55    8.76
-157785.256   190.164   -50.64   39.42
-157404.964   159.065   -81.77   58.16
-157024.591   125.700   -87.71   56.46
-156644.138   119.012   -17.58   54.67
-156263.604   141.679    59.56   63.16
-155882.989   176.111    90.46   52.61
-155502.293   195.614    51.22   21.79
-155121.517   194.766    -2.23   22.84
-154740.659   195.390     1.64   19.77
-154370.558   196.113     1.95   17.30
-154005.009   202.448    17.33    5.41
-153639.387   202.573     0.34    2.17
-153273.691   202.937     1.00    2.12
-152907.922   203.958     2.79    2.70
-152542.079   205.002     2.85    3.20
-152176.162   205.703     1.92    3.56
-151810.172   206.388     1.87    3.62
-151444.108   206.044    -0.94    3.68
-151077.970   205.168    -2.39    3.36
-150711.758   204.480    -1.88    2.57
-150345.473   203.679    -2.19    1.77
-149979.113   203.292    -1.06    1.36
-149612.680   203.163    -0.35    1.45
-149246.172   202.760    -1.10    1.37
-148879.590   202.256    -1.37    1.25
-148512.935   201.772    -1.32    1.28
-148146.205   201.065    -1.93    1.07
-147779.401   200.446    -1.69    0.78
-147412.523   199.765    -1.86    0.85
-147045.570   199.068    -1.90    1.02
-146678.543   198.270    -2.17    1.14
-146311.442   197.588    -1.86    1.20
-145944.266   196.958    -1.72    1.45
-145577.016   196.348    -1.66    1.54
-145209.691   195.547    -2.18    1.52
-144842.292   194.603    -2.57    1.64
-144474.818   193.611    -2.70    1.41
-144107.270   192.650    -2.61    1.44
-143739.647   191.694    -2.60    1.36
-143371.949   190.480    -3.30    1.78
-143004.176   189.468    -2.75    1.88
-142636.329   188.550    -2.50    1.68
-142268.407   187.775    -2.10    1.38
-141900.409   187.023    -2.04    1.20
-141532.337   186.235    -2.14    1.47
-141164.190   185.485    -2.04    1.57
-140795.968   184.657    -2.25    1.73
-140427.670   183.627    -2.80    1.46
-140059.298   182.571    -2.87    1.55
-139690.850   181.708    -2.34    1.40
-139322.327   181.054    -1.77    1.12
-138953.729   180.815    -0.65    1.04
-138585.055   180.937     0.33    1.25
-138216.306   180.740    -0.53    1.57
-137847.482   179.163    -4.28    3.01
-137478.582   177.087    -5.63    3.95
-137109.607   174.279    -7.61    4.46
-136740.556   172.096    -5.92    4.17
-136371.430   170.635    -3.96    3.54
-136002.227   169.233    -3.80    3.78
-135632.950   167.413    -4.93    5.72
-135263.596   164.727    -7.27    8.10
-134894.167   161.287    -9.31    9.28
-134524.662   158.512    -7.51    8.19
-134155.081   156.256    -6.10    6.69
-133785.424   155.281    -2.64    5.68
-133415.691   154.454    -2.24    5.39
-133045.882   153.793    -1.79    5.06
-132675.997   152.601    -3.22    4.74
-132306.036   151.749    -2.30    3.20
-131935.998   150.917    -2.25    2.74
-131565.885   150.568    -0.94    3.06
-131195.695   149.148    -3.84    4.36
-130825.429   147.924    -3.31    5.26
-130455.087   147.522    -1.08    5.76
-130084.668   146.567    -2.58    6.20
-129714.173   146.459    -0.29    5.96
-129343.601   147.453     2.68    3.98
-128972.953   146.480    -2.63    3.16
-128602.228   145.054    -3.84    2.65
-128231.426   143.775    -3.45    1.85
-127860.548   142.767    -2.72    1.69
-127489.594   142.034    -1.97    2.15
-127118.562   141.820    -0.58    2.37
-126747.454   141.853     0.09    2.34
-126376.268   142.480     1.69    1.39
-126005.006   142.634     0.42    0.78
-125633.667   142.246    -1.05    0.55
-125262.251   141.990    -0.69    0.26
-124890.758   141.732    -0.69    0.53
-124519.187   141.219    -1.38    0.97
-124147.540   140.643    -1.55    1.16
-123775.815   140.135    -1.37    1.36
-123404.014   139.085    -2.82    2.10
-123032.134   138.086    -2.69    2.53
-122660.178   137.161    -2.49    2.47
-122288.144   136.201    -2.58    2.14
-121916.033   135.893    -0.83    2.01
-121543.844   135.169    -1.94    1.82
-121171.578   134.610    -1.50    1.68
-120799.234   134.222    -1.04    1.33
-120426.812   133.946    -0.74    1.04
-120054.313   133.948     0.01    0.86
-119681.736   134.150     0.54    0.74
-119309.082   134.163     0.03    0.70
-118936.349   133.933    -0.62    0.78
-118563.539   133.511    -1.13    0.82
-118190.651   133.232    -0.75    0.89
-117817.684   133.352     0.32    1.11
-117444.640   133.464     0.30    1.19
-117071.518   133.622     0.42    1.13
-116698.318   133.550    -0.19    1.17
-116325.039   133.359    -0.51    1.27
-115951.682   133.227    -0.35    1.29
-115578.247   133.107    -0.32    1.30
-115204.734   132.735    -1.00    1.23
-114831.142   132.331    -1.08    1.10
-114457.472   131.664    -1.78    0.97
-114083.724   131.143    -1.40    0.95
-113709.897   130.548    -1.59    0.75
-113335.992   130.023    -1.40    0.72
-112962.007   129.538    -1.30    0.66
-112587.945   129.002    -1.43    0.64
-112213.803   128.565    -1.17    0.56
-111839.583   128.151    -1.11    0.61
-111465.284   127.788    -0.97    0.61
-111090.906   127.588    -0.53    0.74
-110716.450   127.320    -0.72    0.95
-110341.914   127.092    -0.61    1.09
-109967.299   126.854    -0.64    1.03
-109592.606   126.382    -1.26    1.06
-109217.833   125.527    -2.28    1.41
-108842.981   124.433    -2.92    1.56
-108468.050   123.264    -3.12    1.52
-108093.040   122.259    -2.68    1.45
-107717.950   121.085    -3.13    1.45
-107342.781   120.299    -2.10    1.29
-106967.533   119.490    -2.15    1.05
-106592.205   119.097    -1.05    0.93
-106216.798   118.714    -1.02    0.82
-105841.311   118.267    -1.19    0.74
-105465.745   117.831    -1.16    0.83
-105090.099   117.127    -1.87    1.23
-104714.373   115.875    -3.33    1.84
-104338.568   114.544    -3.54    2.17
-103962.683   112.650    -5.04    2.60
-103586.718   107.288   -14.26    9.61
-103210.673   101.421   -15.60   12.66
-102834.548    98.527    -7.69   11.78
-102458.344    97.012    -4.03   10.43
-102082.059    99.896     7.66    8.63
-101705.694   103.404     9.32    3.42
-101329.249   104.864     3.88    2.46
-100952.724   106.219     3.60    1.24
-100576.118   107.345     2.99    1.28
-100199.432   108.694     3.58    1.49
 -99822.666   109.969     3.38    1.63
 -99445.820   111.224     3.33    1.24
 -99068.893   111.908     1.82    0.81
 -98691.886   112.388     1.27    0.53
 -98314.798   112.633     0.65    0.48
 -97937.629   112.735     0.27    0.44
 -97560.380   112.793     0.15    0.40
 -97183.050   112.631    -0.43    0.48
 -96805.639   112.464    -0.44    0.50
 -96428.148   112.365    -0.26    0.49
 -96050.576   112.161    -0.54    0.54
 -95672.923   111.968    -0.51    0.60
 -95295.189   111.793    -0.46    0.57
 -94917.373   111.635    -0.42    0.64
 -94539.477   111.562    -0.19    0.76
 -94161.500   111.397    -0.44    0.92
 -93783.442   111.042    -0.94    1.22
 -93405.302   110.757    -0.75    1.35
 -93027.081   110.682    -0.20    1.37
 -92648.779   110.588    -0.25    1.39
 -92270.395   110.725     0.36    1.17
 -91891.930   110.400    -0.86    1.15
 -91513.384   110.115    -0.75    1.22
 -91134.756   110.124     0.02    1.38
 -90756.047   109.879    -0.65    1.62
 -90377.255   109.490    -1.03    1.90
 -89998.383   108.537    -2.52    1.94
 -89619.428   107.624    -2.41    1.51
 -89240.392   107.193    -1.14    1.05
 -88861.274   107.117    -0.20    1.20
 -88482.074   107.193     0.20    1.62
 -88102.792   107.316     0.33    2.43
 -87723.428   107.886     1.50    3.28
 -87343.982   108.213     0.86    3.66
 -86964.454   107.910    -0.80    3.79
 -86584.843   107.012    -2.36    3.88
 -86205.151   105.532    -3.90    3.31
 -85825.376   104.395    -2.99    2.42
 -85445.519   103.843    -1.45    1.47
 -85065.580   103.831    -0.03    1.15
 -84685.558   103.896     0.17    1.10
 -84305.454   103.968     0.19    1.04
 -83925.267   104.052     0.22    1.17
 -83544.998   104.256     0.54    1.41
 -83164.646   104.748     1.29    1.38
 -82784.212   105.240     1.29    1.20
 -82403.694   105.717     1.25    1.22
 -82023.094   106.164     1.18    1.26
 -81642.412   106.407     0.64    1.37
 -81261.646   106.708     0.79    1.39
 -80880.797   106.855     0.39    1.34
 -80499.865   107.163     0.81    1.36
 -80118.851   107.159    -0.01    1.46
 -79743.355   107.188     0.08    1.56
 -79378.037   107.124    -0.17    1.51
 -79012.644   107.146     0.06    1.45
 -78647.176   107.296     0.41    1.47
 -78281.633   107.782     1.33    1.55
 -77916.014   108.780     2.73    1.80
 -77550.320   109.810     2.82    1.80
 -77184.551   110.884     2.94    1.46
 -76818.706   111.548     1.82    1.37
 -76452.785   112.210     1.81    1.28
 -76086.789   112.691     1.31    1.24
 -75720.717   113.146     1.24    1.13
 -75354.569   113.254     0.29    1.12
 -74988.346   113.345     0.25    1.11
 -74622.047   114.538     3.26    2.76
 -74255.672   115.959     3.88    3.35
 -73889.221   117.643     4.60    3.08
 -73522.695   119.033     3.79    1.92
 -73156.092   119.474     1.20    1.11
 -72789.413   119.320    -0.42    1.48
 -72422.659   119.013    -0.84    1.70
 -72055.828   118.824    -0.51    1.57
 -71688.921   118.703    -0.33    1.36
 -71321.938   118.959     0.70    1.31
 -70954.878   119.355     1.08    1.29
 -70587.742   119.969     1.67    1.12
 -70220.530   120.557     1.60    1.07
 -69853.242   121.268     1.94    1.03
 -69485.877   122.021     2.05    1.12
 -69118.436   122.743     1.96    1.01
 -68750.918   123.548     2.19    1.08
 -68383.323   124.203     1.78    1.13
 -68015.652   125.075     2.37    1.27
 -67647.904   125.908     2.27    1.50
 -67280.080   126.812     2.46    1.56
 -66912.178   127.511     1.90    1.42
 -66544.200   128.024     1.39    1.10
 -66176.145   128.235     0.57    0.89
 -65808.013   128.320     0.23    0.94
 -65439.805   128.188    -0.36    1.15
 -65071.519   127.895    -0.80    1.47
 -64703.156   127.522    -1.01    1.60
 -64334.716   127.199    -0.88    1.57
 -63966.199   127.161    -0.10    1.40
 -63597.604   127.188     0.08    1.30
 -63228.933   127.612     1.15    1.35
 -62860.184   127.877     0.72    1.58
 -62491.358   127.846    -0.08    1.94
 -62122.454   127.537    -0.84    2.32
 -61753.473   127.254    -0.77    2.56
 -61384.414   127.784     1.44    3.21
 -61015.278   129.012     3.33    3.99
 -60646.064   131.011     5.42    4.39
 -60276.773   132.899     5.11    3.89
 -59907.404   134.544     4.45    2.55
 -59537.957   134.695     0.41    1.92
 -59168.433   134.150    -1.47    1.58
 -58798.831   133.182    -2.62    1.90
 -58429.150   131.773    -3.81    2.15
 -58059.392   130.496    -3.45    2.01
 -57689.556   129.595    -2.44    1.79
 -57319.642   129.207    -1.05    1.70
 -56949.650   129.161    -0.13    1.67
 -56579.579   129.327     0.45    1.77
 -56209.431   129.475     0.40    1.98
 -55839.204   129.738     0.71    2.11
 -55468.899   129.722    -0.04    2.28
 -55098.516   129.820     0.26    2.46
 -54728.054   129.896     0.20    2.48
 -54357.514   129.925     0.08    2.55
 -53986.895   129.807    -0.32    2.43
 -53616.198   129.687    -0.32    2.30
 -53245.423   129.557    -0.35    2.29
 -52874.568   129.501    -0.15    2.38
 -52503.635   129.496    -0.02    2.59
 -52132.624   129.465    -0.08    2.90
 -51761.533   129.834     1.00    3.16
 -51390.364   130.127     0.79    3.30
 -51019.116   130.843     1.93    3.28
 -50647.789   131.380     1.45    3.15
 -50276.383   132.001     1.67    3.04
 -49904.898   132.135     0.36    2.99
 -49533.334   132.036    -0.27    3.05
 -49161.691   130.990    -2.81    3.79
 -48789.969   129.357    -4.39    4.71
 -48418.167   127.506    -4.98    5.12
 -48046.287   125.580    -5.18    5.45
 -47674.327   123.764    -4.88    5.23
 -47302.287   121.735    -5.45    5.31
 -46930.168   120.454    -3.44    5.60
 -46557.970   119.306    -3.08    5.79
 -46185.692   117.896    -3.79    6.20
 -45813.335   116.688    -3.24    6.32
 -45440.898   115.390    -3.48    5.93
 -45068.381   113.809    -4.25    5.03
 -44695.785   112.714    -2.94    4.17
 -44323.109   111.768    -2.54    3.38
 -43950.353   110.773    -2.67    3.27
 -43577.517   109.215    -4.18    3.08
 -43204.601   107.724    -4.00    2.94
 -42831.605   106.413    -3.51    2.91
 -42458.530   105.267    -3.07    3.11
 -42085.374   104.209    -2.83    3.03
 -41712.138   103.261    -2.54    2.92
 -41338.822   102.751    -1.37    2.48
 -40965.426   102.864     0.30    2.12
 -40591.949   103.511     1.73    1.83
 -40218.392   104.032     1.40    1.43
 -39844.755   104.275     0.65    1.16
 -39471.037   103.908    -0.98    1.58
 -39097.239   103.512    -1.06    1.86
 -38723.360   103.103    -1.09    2.01
 -38349.401   102.618    -1.30    2.32
 -37975.361   101.990    -1.68    2.59
 -37601.241   101.447    -1.45    2.98
 -37227.039   100.465    -2.62    3.24
 -36852.757    98.902    -4.18    4.15
 -36478.394    96.073    -7.56    5.94
 -36103.950    91.588   -11.98    7.78
 -35729.426    86.702   -13.05    7.83
 -35354.820    84.180    -6.73    6.05
 -34980.133    84.374     0.52    5.66
 -34605.365    87.001     7.01    5.64
 -34230.516    90.238     8.63    3.39
 -33855.586    91.159     2.46    1.77
 -33480.574    90.712    -1.19    1.69
 -33105.481    90.215    -1.33    1.56
 -32730.307    89.563    -1.74    1.13
 -32355.052    89.115    -1.19    0.53
 -31979.715    88.939    -0.47    0.30
 -31604.296    88.797    -0.38    0.42
 -31228.796    88.675    -0.32    0.61
 -30853.214    88.506    -0.45    0.99
 -30477.551    88.171    -0.89    1.37
 -30101.805    87.699    -1.26    1.51
 -29725.978    87.225    -1.26    1.57
 -29350.070    87.093    -0.35    1.70
 -28974.079    87.045    -0.13    1.93
 -28598.006    86.678    -0.98    2.36
 -28221.852    86.946     0.71    2.51
 -27845.615    87.728     2.08    2.46
 -27469.296    88.675     2.52    2.50
 -27092.896    90.162     3.95    2.15
 -26716.413    91.540     3.66    1.33
 -26339.847    92.588     2.78    1.27
 -25963.200    93.556     2.57    1.11
 -25586.470    94.450     2.37    1.16
 -25209.657    95.107     1.75    1.10
 -24832.762    95.501     1.04    1.14
 -24455.785    95.740     0.64    1.16
 -24078.725    96.093     0.93    1.15
 -23701.582    96.373     0.74    1.22
 -23324.357    96.702     0.87    1.16
 -22947.049    96.797     0.25    1.25
 -22569.658    96.909     0.30    1.30
 -22192.185    96.822    -0.23    1.24
 -21814.628    96.888     0.18    1.06
 -21436.989    97.032     0.38    0.88
 -21059.266    97.282     0.66    0.74
 -20681.461    97.644     0.96    0.84
 -20303.572    98.155     1.35    0.70
 -19925.600    98.563     1.08    0.69
 -19547.545    99.031     1.24    0.72
 -19169.407    99.454     1.12    0.66
 -18791.185    99.980     1.39    0.59
 -18412.880   100.248     0.71    0.48
 -18034.492    99.886    -0.96    1.07
 -17656.020    99.197    -1.82    1.57
 -17277.464    98.238    -2.53    1.45
 -16898.825    97.501    -1.95    0.88
 -16520.102    97.717     0.57    1.46
 -16141.296    98.082     0.96    1.62
 -15762.405    98.209     0.33    1.71
 -15383.431    97.743    -1.23    2.11
 -15004.373    97.001    -1.96    2.63
 -14625.232    97.327     0.86    3.42
 -14246.006    98.352     2.70    3.75
 -13866.696    99.297     2.49    3.06
 -13487.302    99.691     1.04    2.12
 -13107.824    99.217    -1.25    1.72
 -12728.261    98.685    -1.40    1.11
 -12348.615    98.597    -0.23    0.82
 -11968.884    98.597     0.00    0.78
 -11589.069    98.552    -0.12    0.79
 -11209.169    98.261    -0.76    0.92
 -10829.185    97.980    -0.74    0.95
 -10449.116    97.270    -1.87    1.58
 -10068.963    95.970    -3.42    2.51
  -9688.725    94.422    -4.07    3.08
  -9308.402    90.722    -9.73    8.33
  -8927.995    85.083   -14.82   12.83
  -8547.503    81.439    -9.58   12.84
  -8166.925    78.582    -7.51   11.26
  -7786.263    78.286    -0.78    9.09
  -7405.516    76.259    -5.33    9.97
  -7024.684    72.240   -10.55   12.80
  -6643.767    64.282   -20.89   14.81
  -6262.765    53.888   -27.28   16.21
  -5881.677    43.506   -27.24   11.36
  -5500.505    37.848   -14.85    9.02
  -5119.247    28.613   -24.22   13.30
  -4754.091    20.215   -23.00   16.11
  -4388.933    12.408   -21.38   16.43
  -4023.699     4.837   -20.73   12.59
  -3658.387    -0.520   -14.67    6.08
  -3292.999    -2.010    -4.08    0.00
  -2927.533    -2.010     0.00    0.00
  -2561.990    -1.906     0.28    1.02
  -2196.370    -0.071     5.02    7.70
  -1830.672     3.219     9.00   13.25
  -1464.898     7.155    10.76   16.81
  -1099.045     8.990     5.02   17.97
   -733.115     8.766    -0.61   16.84
   -367.108     6.419    -6.41   14.49
     -1.023     4.626    -4.90   12.45
    365.139     3.184    -3.94   10.89
    731.379     3.129    -0.15   11.15
   1097.697     4.680     4.24   13.00
   1464.093     7.284     7.11   16.27
   1830.566    12.570    14.43   20.78
   2197.117    18.114    15.12   24.75
   2563.746    29.601    31.33   31.54
   2930.454    40.837    30.64   35.58
   3297.239    55.485    39.94   34.94
   3664.102    63.597    22.11   30.99
   4031.043    70.404    18.55   25.06
   4398.062    68.657    -4.76   27.62
   4765.160    67.022    -4.46   29.85
   5132.336    67.072     0.14   30.60
   5499.590    68.980     5.20   29.94
   5866.922    69.578     1.63   22.42
   6234.333    72.362     7.58   18.64
   6601.823    77.714    14.56   17.74
   6969.391    83.001    14.38   16.09
   7337.037    86.697    10.05   13.53
   7704.762    77.766   -24.29   22.12
   8072.565    60.399   -47.22   32.07
   8440.448    40.123   -55.11   33.68
   8808.409    25.083   -40.87   29.87
   9176.449    14.485   -28.80   26.27
   9544.567     7.480   -19.03   23.42
   9912.765     1.349   -16.65   16.56
  10281.042    -0.350    -4.61   13.12
  10649.397     3.182     9.59   20.73
  11017.832     6.327     8.54   24.82
  11386.346     8.032     4.63   26.73
  11754.938     8.511     1.30   27.18
  12123.610     9.122     1.66   28.32
  12492.362     6.883    -6.07   26.76
  12861.192     5.748    -3.08   26.02
  13230.102     3.936    -4.91   22.79
  13599.092     3.830    -0.29   21.26
  13968.160     6.230     6.50   25.06
  14337.309    18.510    33.27   35.64
  14706.537    35.327    45.55   43.97
  15075.844    61.259    70.22   45.61
  15445.231    83.429    60.02   32.59
  15814.698    99.186    42.65    5.69
  16184.245   101.166     5.36    5.73
  16553.871   101.044    -0.33    5.23
  16923.577   100.031    -2.74    5.95
  17293.364    97.485    -6.89    4.03
  17663.230    96.215    -3.43    3.57
  18033.176    95.238    -2.64    2.34
  18403.202    94.889    -0.94    1.13
  18773.308    94.753    -0.37    1.14
  19143.495    94.449    -0.82    0.92
  19513.762    94.396    -0.14    0.96
  19884.109    94.136    -0.70    1.04
  20254.536    93.260    -2.36    1.55
  20625.044    91.208    -5.54    3.71
  20995.632    88.450    -7.44    4.96
  21366.301    85.740    -7.31    4.74
  21737.050    83.460    -6.15    3.81
  22107.879    82.164    -3.49    3.09
  22478.790    81.243    -2.48    1.14
  22849.781    80.877    -0.99    0.38
  23220.853    80.378    -1.34    1.01
  23592.005    79.852    -1.42    1.41
  23963.239    79.743    -0.29    2.26
  24334.553    80.850     2.98    3.69
  24705.948    82.664     4.88    4.31
  25077.425    84.582     5.16    3.97
  25448.982    85.872     3.47    3.18
  25820.620    86.324     1.22    3.08
  26192.340    86.093    -0.62    2.88
  26564.141    85.728    -0.98    2.30
  26936.023    85.386    -0.92    1.58
  27307.986    85.610     0.60    1.38
  27680.031    86.060     1.21    1.52
  28052.157    86.303     0.65    1.87
  28424.365    86.132    -0.46    2.07
  28796.654    85.882    -0.67    2.25
  29169.025    85.530    -0.94    2.04
  29541.477    85.086    -1.19    1.88
  29914.011    84.664    -1.13    1.65
  30286.627    84.443    -0.59    1.69
  30659.325    84.358    -0.23    1.69
  31032.104    84.282    -0.20    1.81
  31404.965    84.213    -0.19    2.39
  31777.909    83.480    -1.96    3.19
  32150.934    81.928    -4.16    3.86
  32524.041    79.990    -5.19    3.92
  32897.231    78.186    -4.83    3.01
  33270.502    77.280    -2.43    1.38
  33643.856    77.454     0.46    1.34
  34017.292    78.350     2.40    1.60
  34390.811    79.012     1.77    1.51
  34764.412    79.840     2.22    1.56
  35138.095    80.590     2.01    1.53
  35511.861    80.900     0.83    1.60
  35885.709    81.348     1.20    1.48
  36259.640    81.776     1.15    1.38
  36633.654    82.199     1.13    1.39
  37007.750    82.560     0.97    1.30
  37381.929    82.859     0.80    1.08
  37756.191    83.126     0.71    0.96
  38130.535    83.172     0.12    1.05
  38504.963    82.898    -0.73    1.44
  38879.474    82.170    -1.94    1.90
  39254.067    80.643    -4.08    2.45
  39628.744    78.860    -4.76    2.50
  40003.504    76.936    -5.14    2.33
  40378.347    75.200    -4.63    2.23
  40753.273    73.706    -3.99    1.68
  41128.283    72.920    -2.10    1.15
  41503.376    72.554    -0.97    1.43
  41878.552    72.410    -0.38    2.13
  42253.812    71.784    -1.67    2.72
  42629.155    70.576    -3.22    2.98
  43004.582    69.170    -3.74    2.91
  43380.093    67.869    -3.47    2.64
  43755.687    66.899    -2.58    2.02
  44131.365    66.310    -1.57    1.42
  44507.127    66.374     0.17    1.50
  44882.973    66.899     1.40    1.90
  45258.902    67.334     1.16    1.91
  45634.916    67.228    -0.28    2.22
  46011.013    65.773    -3.87    3.17
  46387.195    63.428    -6.23    4.12
  46763.461    60.920    -6.66    4.89
  47139.811    57.719    -8.51    4.91
  47516.245    53.684   -10.72    5.20
  47892.763    48.532   -13.68    6.52
  48269.366    42.820   -15.17    7.34
  48646.053    36.840   -15.88    7.12
  49022.825    31.555   -14.03   10.41
  49399.681    26.320   -13.89   12.53
  49776.622    20.728   -14.84   13.50
  50153.648    16.691   -10.71   11.86
  50530.758    14.377    -6.14    9.52
  50907.953    15.582     3.20    9.08
  51285.232    18.930     8.87    7.24
  51662.597    20.480     4.11    4.96
  52040.046    20.849     0.98    2.73
  52417.581    19.324    -4.04    2.68
  52795.200    17.584    -4.61    3.21
  53172.905    15.580    -5.31    3.64
  53550.695    13.436    -5.68    3.51
  53928.570    11.490    -5.15    3.30
  54306.530     9.746    -4.62    3.25
  54684.575     8.090    -4.38    2.81
  55062.706     6.593    -3.96    2.11
  55440.922     5.600    -2.62    1.32
  55819.224     5.062    -1.42    0.79
  56197.611     4.720    -0.90    0.51
  56576.084     4.422    -0.79    1.03
  56954.643     3.930    -1.30    1.54
  57333.287     3.052    -2.32    2.27
  57712.017     1.780    -3.36    3.24
  58090.833     0.414    -3.61    3.71
  58469.735    -0.911    -3.50    3.73
  58848.723    -2.030    -2.95    3.40
  59227.796    -3.290    -3.32    2.30
  59606.956    -3.836    -1.44    1.17
  59986.202    -4.010    -0.46    0.00
  60365.534    -4.010     0.00    0.00
  60744.952    -4.010     0.00    0.00
  61124.457    -4.010     0.00    0.00
  61504.048    -4.010     0.00    0.00
  61883.725    -4.010     0.00    0.00
  62263.489    -4.010     0.00    0.00
  62643.339    -4.010     0.00    0.00
  63023.276    -4.010     0.00    0.00
  63403.300    -4.010     0.00    0.00
  63783.410    -4.010     0.00    0.00
  64163.607    -4.010     0.00    0.00
  64543.891    -4.010     0.00    0.00
  64924.261    -4.010     0.00    0.00
  65304.719    -4.010     0.00    0.00
  65685.263    -4.010     0.00    0.00
  66065.895    -4.010     0.00    0.00
  66446.614    -4.010     0.00    0.00
  66827.420    -4.010     0.00    0.00
  67208.313    -4.010     0.00    0.00
  67589.293    -4.010     0.00    0.00
  67970.361    -4.010     0.00    0.00
  68351.516    -4.010     0.00    0.00
  68732.759    -3.767     0.64    0.81
  69114.089    -3.010     1.99    1.49
  69495.507    -2.234     2.03    1.67
  69866.511    -1.554     1.83    1.52
  70231.431    -1.090     1.27    1.28
  70596.428    -0.948     0.39    1.12
  70961.505    -0.608     0.93    0.75
  71326.661    -0.412     0.54    0.49
  71691.895    -0.316     0.26    0.46
  72057.209    -0.201     0.31    0.40
  72422.601    -0.060     0.39    0.22
  72788.073    -0.010     0.14    0.00
  73153.624    -0.010     0.00    0.00
  73519.254    -0.010     0.00    0.00
  73884.963    -0.010     0.00    0.00
  74250.752    -0.010     0.00    0.00
  74616.620    -0.010     0.00    0.00
  74982.567    -0.010     0.00    0.00
  75348.594    -0.010     0.00    0.00
  75714.700    -0.010     0.00    0.00
  76080.886    -0.010     0.00    0.00
  76447.151    -0.010     0.00    0.00
  76813.496    -0.010     0.00    0.00
  77179.921    -0.010     0.00    0.00
  77546.426    -0.010     0.00    0.00
  77913.010     0.422     1.18    1.32
  78279.675     1.438     2.77    2.14
  78646.419     2.733     3.53    2.31
  79013.243     3.948     3.31    1.71
  79380.147     4.490     1.48    1.05
  79747.131     4.192    -0.81    1.61
  80114.196     4.142    -0.14    1.64
  80481.340     4.363     0.60    1.38
  80848.565     4.751     1.06    0.68
  81215.870     4.892     0.39    0.33
  81583.256     4.980     0.24    0.10
  81950.722     4.981     0.00    0.10
  82318.268     4.859    -0.33    0.34
  82685.895     4.720    -0.38    0.45
  83053.602     4.684    -0.10    0.46
  83421.390     4.578    -0.29    0.49
  83789.259     4.594     0.04    0.49
  84157.208     4.682     0.24    0.46
  84525.238     4.618    -0.17    0.73
  84893.349     4.647     0.08    0.54
  85261.540     4.644    -0.01    0.48
  85629.813     4.585    -0.16    0.49
  85998.167     4.617     0.09    0.49
  86366.601     4.677     0.16    0.47
  86735.117     4.735     0.16    0.44
  87103.714     4.773     0.10    0.41
  87472.392     4.698    -0.20    0.46
  87841.151     4.608    -0.24    0.49
  88209.991     4.159    -1.22    1.17
  88578.913     3.425    -1.99    1.84
  88947.916     3.258    -0.45    1.98
  89317.001     3.269     0.03    2.07
  89686.167     3.657     1.05    2.07
  90055.415     4.751     2.96    0.43
  90424.744     4.687    -0.18    0.46
  90794.155     4.733     0.13    0.44
  91163.648     4.745     0.03    0.43
  91533.222     4.842     0.26    0.36
  91902.879     4.960     0.32    0.17
  92272.617     4.902    -0.16    0.29
  92642.437     4.879    -0.06    0.32
  93012.339     4.903     0.06    0.28
  93382.323     4.926     0.06    0.25
  93752.389     4.932     0.02    0.24
  94122.538     4.910    -0.06    0.27
  94492.768     4.834    -0.21    0.37
  94863.081     4.785    -0.13    0.41
  95233.476     4.809     0.06    0.39
  95603.953     4.863     0.15    0.34
  95974.513     4.906     0.12    0.28
  96345.156     4.981     0.20    0.10
  96715.880     4.990     0.03    0.00
  97086.688     4.990     0.00    0.00
  97457.578     4.990     0.00    0.00
  97828.551     4.990     0.00    0.00
  98199.606     4.990     0.00    0.00
  98570.744     4.990     0.00    0.00
  98941.966     4.990     0.00    0.00
  99313.270     4.990     0.00    0.00
  99684.657     4.990     0.00    0.00
 100056.127     4.990     0.00    0.00
 100427.680     4.990     0.00    0.00
 100799.316     4.990     0.00    0.00
 101171.035     4.990     0.00    0.00
 101542.838     4.990     0.00    0.00
 101914.724     4.990     0.00    0.00
 102286.693     4.990     0.00    0.00
 102658.746     4.990     0.00    0.00
 103030.882     4.990     0.00    0.00
 103403.102     4.990     0.00    0.00
 103775.405     4.990     0.00    0.00
 104147.792     4.990     0.00    0.00
 104520.262     4.990     0.00    0.00
 104892.817     4.990     0.00    0.00
 105265.455     4.990     0.00    0.00
 105638.177     4.990     0.00    0.00
 106010.982     4.990     0.00    0.00
 106383.872     4.990     0.00    0.00
 106756.846     4.990     0.00    0.00
 107129.904     4.990     0.00    0.00
 107503.046     4.990     0.00    0.00
 107876.272     4.990     0.00    0.00
 108249.582     4.990     0.00    0.00
 108622.977     4.990     0.00    0.00
 108996.456     4.990     0.00    0.00
 109370.020     4.990     0.00    0.00
 109743.668     4.990     0.00    0.00
 110117.400     4.990     0.00    0.00
 110491.217     4.990     0.00    0.00
 110865.119     4.990     0.00    0.00
 111239.105     4.990     0.00    0.00
 111613.176     4.990     0.00    0.00
 111987.332     4.990     0.00    0.00
 112361.573     4.990     0.00    0.00
 112735.899     4.990     0.00    0.00
 113110.309     4.990     0.00    0.00
 113484.805     4.990     0.00    0.00
 113859.386     4.990     0.00    0.00
 114234.052     4.990     0.00    0.00
 114608.803     4.990     0.00    0.00
 114983.640     4.990     0.00    0.00
 115358.561     4.990     0.00    0.00
 115733.568     4.990     0.00    0.00
 116108.661     4.990     0.00    0.00
 116483.839     4.990     0.00    0.00
 116859.103     4.990     0.00    0.00
 117234.452     4.990     0.00    0.00
 117609.887     4.990     0.00    0.00
 117985.408     4.990     0.00    0.00
 118361.014     4.990     0.00    0.00
 118736.706     4.990     0.00    0.00
 119112.484     4.990     0.00    0.00
 119488.348     4.990     0.00    0.00
 119864.299     4.990     0.00    0.00
 120240.335     4.990     0.00    0.00
 120616.457     4.990     0.00    0.00
 120992.666     4.990     0.00    0.00
 121368.960     4.990     0.00    0.00
 121745.341     4.990     0.00    0.00
 122121.809     4.990     0.00    0.00
 122498.363     4.990     0.00    0.00
 122875.003     4.990     0.00    0.00
 123251.730     4.990     0.00    0.00
 123628.544     4.990     0.00    0.00
 124005.444     4.990     0.00    0.00
 124382.431     4.990     0.00    0.00
 124759.504     4.990     0.00    0.00
 125136.665     4.990     0.00    0.00
 125513.912     4.990     0.00    0.00
 125891.247     4.990     0.00    0.00
 126268.668     4.990     0.00    0.00
 126646.176     4.990     0.00    0.00
 127023.772     4.990     0.00    0.00
 127401.455     4.990     0.00    0.00
 127779.225     4.990     0.00    0.00
 128157.082     4.990     0.00    0.00
 128535.027     4.990     0.00    0.00
 128913.059     4.990     0.00    0.00
 129291.178     4.990     0.00    0.00
 129669.386     4.990     0.00    0.00
 130047.680     4.990     0.00    0.00
 130426.063     4.990     0.00    0.00
 130804.533     4.990     0.00    0.00
 131183.091     4.990     0.00    0.00
 131561.737     4.990     0.00    0.00
 131940.471     4.990     0.00    0.00
 132319.292     4.990     0.00    0.00
 132698.202     4.990     0.00    0.00
 133077.200     4.990     0.00    0.00
 133456.286     4.990     0.00    0.00
 133835.460     4.990     0.00    0.00
 134214.723     4.990     0.00    0.00
 134594.073     4.990     0.00    0.00
 134973.513     4.990     0.00    0.00
 135353.040     4.990     0.00    0.00
 135732.657     4.990     0.00    0.00
 136112.361     4.990     0.00    0.00
 136492.155     4.990     0.00    0.00
 136872.037     4.990     0.00    0.00
 137252.008     4.990     0.00    0.00
 137632.067     4.990     0.00    0.00
 138012.216     4.990     0.00    0.00
 138392.453     4.990     0.00    0.00
 138772.780     4.990     0.00    0.00
 139153.196     4.990     0.00    0.00
 139533.700     4.990     0.00    0.00
 139914.294     4.990     0.00    0.00
 140294.977     4.990     0.00    0.00
 140675.750     4.990     0.00    0.00
 141056.612     4.990     0.00    0.00
 141437.563     4.990     0.00    0.00
 141818.604     4.990     0.00    0.00
 142199.734     4.990     0.00    0.00
 142580.954     4.990     0.00    0.00
 142962.264     4.990     0.00    0.00
 143343.663     4.990     0.00    0.00
 143725.153     4.990     0.00    0.00
 144106.732     4.990     0.00    0.00
 144484.057     4.990     0.00    0.00
 144848.734     4.990     0.00    0.00
 145213.491     4.990     0.00    0.00
 145578.328     4.990     0.00    0.00
 145943.246     4.990     0.00    0.00
 146308.245     4.990     0.00    0.00
 146673.325     4.990     0.00    0.00
 147038.485     4.990     0.00    0.00
 147403.727     4.990     0.00    0.00
 147769.049     4.990     0.00    0.00
 148134.452     4.990     0.00    0.00
 148499.937     4.990     0.00    0.00
 148865.502     4.990     0.00    0.00
 149231.149     4.990     0.00    0.00
 149596.876     4.990     0.00    0.00
 149962.685     4.990     0.00    0.00
 150328.576     4.990     0.00    0.00
 150694.548     4.990     0.00    0.00
 151060.601     4.990     0.00    0.00
 151426.735     4.990     0.00    0.00
 151792.952     4.990     0.00    0.00
 152159.249     4.990     0.00    0.00
 152525.629     4.990     0.00    0.00
 152892.090     4.990     0.00    0.00
 153258.633     4.990     0.00    0.00
 153625.257     4.990     0.00    0.00
 153991.964     4.990     0.00    0.00
 154358.752     4.990     0.00    0.00
 154725.623     4.990     0.00    0.00
 155092.575     4.990     0.00    0.00
 155459.610     4.990     0.00    0.00
 155826.726     4.990     0.00    0.00
 156193.925     4.990     0.00    0.00
 156561.206     4.990     0.00    0.00
 156928.569     4.990     0.00    0.00
 157296.015     4.990     0.00    0.00
 157663.543     4.990     0.00    0.00
 158031.154     4.990     0.00    0.00
 158398.847     4.990     0.00    0.00
 158766.622     4.990     0.00    0.00
 159134.481     4.990     0.00    0.00
 159502.422     4.990     0.00    0.00
 159870.445     4.990     0.00    0.00
 160238.552     4.990     0.00    0.00
 160606.741     4.990     0.00    0.00
 160975.013     4.990     0.00    0.00
 161343.368     4.990     0.00    0.00
 161711.806     4.990     0.00    0.00
 162080.328     4.990     0.00    0.00
 162448.932     4.990     0.00    0.00
 162817.620     4.990     0.00    0.00
 163186.390     4.990     0.00    0.00
 163555.244     4.990     0.00    0.00
 163924.182     4.990     0.00    0.00
 164293.202     4.990     0.00    0.00
 164662.307     4.990     0.00    0.00
 165031.494     4.990     0.00    0.00
 165400.766     4.990     0.00    0.00
 165770.121     4.990     0.00    0.00
 166139.559     4.990     0.00    0.00
 166509.082     4.990     0.00    0.00
 166878.688     4.990     0.00    0.00
 167248.378     4.990     0.00    0.00
 167618.152     4.990     0.00    0.00
 167988.010     4.990     0.00    0.00
 168357.952     4.990     0.00    0.00
 168727.978     4.990     0.00    0.00
 169098.088     4.990     0.00    0.00
 169468.282     4.990     0.00    0.00
 169838.561     4.990     0.00    0.00
 170208.923     4.990     0.00    0.00
 170579.371     4.990     0.00    0.00
 170949.902     4.990     0.00    0.00
 171320.518     4.990     0.00    0.00
 171691.219     4.990     0.00    0.00
 172062.004     4.990     0.00    0.00
 172432.874     4.990     0.00    0.00
 172803.829     4.990     0.00    0.00
 173174.868     4.990     0.00    0.00
 173545.992     4.990     0.00    0.00
 173917.201     4.990     0.00    0.00
 174288.495     4.990     0.00    0.00
 174659.874     4.990     0.00    0.00
 175031.338     4.990     0.00    0.00
 175402.888     4.990     0.00    0.00
 175774.522     4.990     0.00    0.00
 176146.241     4.990     0.00    0.00
 176518.046     4.990     0.00    0.00
 176889.936     4.990     0.00    0.00
 177261.912     4.990     0.00    0.00
 177633.973     4.990     0.00    0.00
 178006.119     4.990     0.00    0.00
 178378.351     4.990     0.00    0.00
 178750.669     4.990     0.00    0.00
 179123.073     4.990     0.00    0.00
 179495.562     4.990     0.00    0.00
 179868.137     4.990     0.00    0.00
 180240.798     4.990     0.00    0.00
 180613.544     4.990     0.00    0.00
 180986.377     4.990     0.00    0.00
 181359.296     4.990     0.00    0.00
 181732.301     4.990     0.00    0.00
 182105.392     4.990     0.00    0.00
 182478.569     4.990     0.00    0.00
 182851.833     4.990     0.00    0.00
 183225.182     4.990     0.00    0.00
 183598.619     4.990     0.00    0.00
 183972.141     4.990     0.00    0.00
 184345.751     4.990     0.00    0.00
 184719.446     4.990     0.00    0.00
 185093.229     4.990     0.00    0.00
 185467.098     4.990     0.00    0.00
 185841.054     4.990     0.00    0.00
 186215.097     4.990     0.00    0.00
 186589.226     4.990     0.00    0.00
 186963.443     4.990     0.00    0.00
 187337.746     4.990     0.00    0.00
 187712.137     4.990     0.00    0.00
 188086.614     4.990     0.00    0.00
 188461.179     4.990     0.00    0.00
 188835.831     4.990     0.00    0.00
 189210.571     4.990     0.00    0.00
 189585.397     4.990     0.00    0.00
 189960.312     4.990     0.00    0.00
 190335.313     4.990     0.00    0.00
 190710.402     4.990     0.00    0.00
 191085.579     4.990     0.00    0.00
 191460.843     4.990     0.00    0.00
 191836.195     4.990     0.00    0.00
 192211.635     4.990     0.00    0.00
 192587.163     4.990     0.00    0.00
 192962.779     4.990     0.00    0.00
 193338.482     4.990     0.00    0.00
 193714.274     4.990     0.00    0.00
 194090.153     4.990     0.00    0.00
 194466.121     4.990     0.00    0.00
 194842.177     4.990     0.00    0.00
 195218.322     4.990     0.00    0.00
 195594.554     4.990     0.00    0.00
 195970.875     4.990     0.00    0.00
 196347.285     4.990     0.00    0.00
 196723.782     4.990     0.00    0.00
 197100.369     4.990     0.00    0.00
 197477.044     4.990     0.00    0.00
 197853.808     4.990     0.00    0.00
 198230.661     4.990     0.00    0.00
 198607.602     4.990     0.00    0.00
 198984.632     4.990     0.00    0.00
 199361.752     4.990     0.00    0.00
 199738.960     4.990     0.00    0.00
 200116.257     4.990     0.00    0.00
 200493.643     4.990     0.00    0.00
 200871.119     4.990     0.00    0.00
 201248.684     3.692    -3.44    3.98
 201626.338     2.713    -2.59    4.96
