-156161.401   189.628     0.00    1.34
-155783.639   189.750     0.32    1.38
-155405.948   188.527    -3.24    3.76
-155028.329   187.034    -3.95    4.64
-154650.780   187.427     1.04    5.13
-154273.301   189.137     4.53    5.48
-153895.894   191.555     6.41    5.42
-153518.557   194.283     7.23    3.58
-153141.290   196.051     4.69    2.31
-152764.095   196.972     2.44    2.11
-152386.969   197.145     0.46    2.12
-152009.915   196.949    -0.52    1.98
-151632.930   197.026     0.20    1.69
-151256.017   197.058     0.09    1.37
-150879.173   197.408     0.93    1.03
-150502.400   197.831     1.12    0.90
-150125.697   197.877     0.12    1.13
-149749.065   197.761    -0.31    1.58
-149372.503   197.805     0.12    1.89
-148996.011   197.938     0.35    1.90
-148619.589   198.323     1.02    1.65
-148243.237   198.620     0.79    1.33
-147866.955   199.359     1.97    1.77
-147490.743   200.480     2.98    2.51
-147114.602   202.772     6.10    3.19
-146738.530   205.259     6.61    2.77
-146362.528   207.608     6.25    2.49
-145986.596   209.469     4.95    2.30
-145610.734   211.109     4.36    2.06
-145234.941   212.401     3.44    2.16
-144859.219   213.293     2.37    2.49
-144483.566   214.309     2.70    2.91
-144107.983   215.401     2.91    3.26
-143732.469   215.496     0.25    3.85
-143357.025   216.623     3.00    4.38
-142981.651   218.293     4.45    4.87
-142606.346   220.456     5.76    5.26
-142231.111   223.483     8.07    4.89
-141855.945   226.169     7.16    4.25
-141480.848   228.439     6.05    2.19
-141105.821   229.631     3.18    1.62
-140730.864   230.503     2.33    2.25
-140355.975   232.818     6.18    3.69
-139981.156   235.039     5.92    4.18
-139606.406   237.020     5.29    4.51
-139231.725   238.965     5.19    3.50
-138857.113   239.779     2.17    3.15
-138482.571   240.388     1.62    2.89
-138108.097   241.879     3.98    2.60
-137733.693   243.787     5.10    2.98
-137359.357   246.010     5.94    3.32
-136985.091   248.704     7.20    3.91
-136610.893   251.472     7.40    4.64
-136236.765   255.136     9.79    5.58
-135862.705   258.767     9.71    5.97
-135488.714   262.025     8.71    5.51
-135114.791   265.052     8.10    4.92
-134740.938   267.840     7.46    5.07
-134367.153   270.365     6.76    5.41
-133993.437   272.037     4.48    6.44
-133619.789   272.949     2.44    7.12
-133246.210   272.852    -0.26    7.37
-132872.699   270.743    -5.65    6.90
-132499.257   268.852    -5.06    5.39
-132125.884   267.146    -4.57    3.39
-131752.579   267.767     1.66    3.79
-131379.342   271.167     9.11    5.65
-131006.173   275.975    12.89    5.82
-130633.073   280.361    11.75    4.74
-130260.042   284.058     9.91    3.42
-129887.078   286.649     6.95    3.05
-129514.183   289.471     7.57    3.53
-129141.355   292.420     7.91    4.15
-128768.596   294.645     5.97    3.73
-128395.905   295.926     3.44    3.42
-128023.282   296.126     0.54    3.48
-127650.727   295.118    -2.71    3.78
-127278.240   293.304    -4.87    4.04
-126905.821   291.361    -5.22    4.41
-126533.470   288.716    -7.10    4.76
-126161.187   286.576    -5.75    4.50
-125788.971   285.012    -4.20    3.75
-125416.824   285.255     0.65    3.82
-125044.744   285.445     0.51    4.62
-124672.732   284.556    -2.39    4.65
-124300.787   283.111    -3.88    3.35
-123928.910   283.843     1.97    7.20
-123557.101   287.838    10.74   11.91
-123185.359   293.697    15.76   15.57
-122813.685   300.014    17.00   15.56
-122442.079   302.600     6.96   12.69
-122070.539   300.491    -5.68    7.05
-121699.068   300.311    -0.48    3.43
-121327.663   302.141     4.93    3.62
-120956.326   304.620     6.67    4.26
-120585.056   307.357     7.37    3.43
-120213.854   307.402     0.12    4.65
-119842.719   305.311    -5.63    6.86
-119471.651   300.678   -12.49    7.05
-119100.650   295.721   -13.36    3.72
-118729.716   292.937    -7.51    2.65
-118358.849   290.192    -7.40    3.59
-117988.050   285.867   -11.67    5.96
-117617.317   281.192   -12.61    6.77
-117246.652   276.986   -11.35    5.83
-116876.053   273.711    -8.84    4.02
-116505.521   271.972    -4.69    3.10
-116135.056   270.445    -4.12    2.78
-115764.658   268.206    -6.04    3.35
-115394.327   265.543    -7.19    3.90
-115024.063   261.762   -10.21    5.63
-114653.865   257.605   -11.23    6.51
-114283.734   251.950   -15.28    6.83
-113913.670   247.136   -13.01    6.29
-113543.672   242.485   -12.57    5.34
-113173.741   238.304   -11.30    4.57
-112803.876   233.793   -12.20    5.00
-112434.078   229.950   -10.39    5.26
-112064.346   225.239   -12.74    4.88
-111694.681   221.384   -10.43    4.77
-111325.082   216.304   -13.74    5.41
-110955.550   211.840   -12.08    6.89
-110586.084   206.694   -13.93    8.40
-110216.684   201.152   -15.01   10.03
-109847.351   192.817   -22.57   11.14
-109478.083   185.640   -19.44   10.22
-109108.882   178.114   -20.39    6.89
-108739.747   173.143   -13.47    4.74
-108370.678   168.889   -11.53    3.85
-108001.676   165.556    -9.03    3.87
-107632.739   162.369    -8.64    3.40
-107263.868   159.828    -6.89    3.36
-106895.064   157.132    -7.31    2.87
-106526.325   155.408    -4.68    2.53
-106157.652   154.619    -2.14    2.53
-105789.045   154.552    -0.18    2.96
-105420.504   155.055     1.36    3.17
-105052.028   155.514     1.25    2.69
-104683.619   155.863     0.95    1.99
-104315.275   156.060     0.53    1.61
-103946.997   155.572    -1.33    1.34
-103578.784   155.371    -0.54    1.25
-103210.637   155.243    -0.35    1.15
-102842.556   154.817    -1.16    1.02
-102474.540   154.556    -0.71    0.96
-102106.590   154.295    -0.71    0.93
-101738.705   154.106    -0.51    0.89
-101370.886   153.816    -0.79    0.76
-101003.132   153.731    -0.23    0.70
-100635.444   153.432    -0.81    0.57
-100267.821   153.046    -1.05    0.81
 -99900.263   152.426    -1.69    1.10
 -99532.770   151.560    -2.36    1.39
 -99165.343   150.531    -2.80    1.55
 -98797.981   150.076    -1.24    1.42
 -98430.684   149.736    -0.93    1.31
 -98063.452   149.396    -0.93    1.13
 -97696.285   149.067    -0.89    1.05
 -97329.184   148.608    -1.25    0.83
 -96962.147   148.491    -0.32    0.66
 -96595.175   148.633     0.39    0.82
 -96228.269   148.914     0.76    0.92
 -95861.427   149.274     0.98    0.82
 -95494.650   149.539     0.72    0.58
 -95118.475   149.605     0.18    0.46
 -94738.282   149.469    -0.36    0.50
 -94358.159   149.149    -0.84    0.61
 -93978.106   148.657    -1.29    0.80
 -93598.123   147.950    -1.86    1.14
 -93218.211   147.144    -2.12    1.33
 -92838.369   145.902    -3.27    1.45
 -92458.597   144.939    -2.54    1.25
 -92078.895   144.275    -1.75    1.14
 -91699.264   143.661    -1.62    1.23
 -91319.702   143.239    -1.11    1.18
 -90940.211   142.721    -1.37    1.17
 -90560.789   142.365    -0.94    1.19
 -90181.438   141.889    -1.25    1.33
 -89802.156   141.731    -0.42    1.51
 -89422.945   141.525    -0.54    1.62
 -89043.803   141.439    -0.23    1.51
 -88664.731   141.259    -0.47    1.27
 -88285.728   140.760    -1.32    1.01
 -87906.796   140.208    -1.46    1.17
 -87527.933   139.199    -2.66    1.45
 -87149.140   138.145    -2.78    1.49
 -86770.417   137.489    -1.73    1.17
 -86391.763   136.937    -1.46    0.92
 -86013.178   136.369    -1.50    1.19
 -85634.663   135.414    -2.53    1.66
 -85256.218   133.950    -3.87    1.74
 -84877.842   132.804    -3.03    1.23
 -84499.535   131.987    -2.16    0.56
 -84121.298   131.755    -0.61    0.62
 -83743.130   131.679    -0.20    0.98
 -83365.032   131.767     0.23    1.29
 -82987.002   131.664    -0.27    1.33
 -82609.042   131.383    -0.74    1.19
 -82231.151   130.741    -1.70    1.27
 -81853.329   130.076    -1.76    1.15
 -81475.576   129.325    -1.99    0.97
 -81097.893   128.503    -2.18    0.81
 -80720.278   127.853    -1.72    1.00
 -80342.732   127.316    -1.42    0.92
 -79965.255   126.612    -1.86    1.11
 -79587.847   125.837    -2.06    1.32
 -79210.508   124.987    -2.25    1.42
 -78833.238   124.247    -1.96    1.12
 -78456.036   123.670    -1.53    0.84
 -78078.904   123.167    -1.33    0.84
 -77701.839   122.721    -1.18    1.08
 -77324.844   122.173    -1.45    1.18
 -76947.917   121.600    -1.52    1.15
 -76571.059   121.023    -1.53    1.03
 -76194.270   120.645    -1.00    0.90
 -75817.549   120.499    -0.39    1.05
 -75440.896   120.621     0.32    1.27
 -75064.312   120.628     0.02    1.44
 -74687.796   120.673     0.12    1.41
 -74311.349   120.637    -0.10    1.25
 -73934.970   120.414    -0.59    1.05
 -73558.659   119.827    -1.56    1.22
 -73182.417   118.952    -2.33    1.44
 -72806.243   117.842    -2.95    1.94
 -72430.137   116.491    -3.59    2.12
 -72054.099   114.901    -4.23    2.56
 -71678.129   113.537    -3.63    2.62
 -71302.227   112.196    -3.57    2.80
 -70926.394   110.836    -3.62    2.77
 -70550.628   109.311    -4.06    3.19
 -70174.930   108.160    -3.06    2.87
 -69799.301   106.866    -3.45    2.56
 -69423.739   105.369    -3.99    2.50
 -69048.245   103.926    -3.84    2.66
 -68672.819   102.626    -3.46    2.66
 -68297.460   101.323    -3.47    2.62
 -67922.169    99.471    -4.94    3.05
 -67546.947    98.036    -3.82    2.95
 -67171.791    96.593    -3.85    2.88
 -66796.704    95.709    -2.36    2.99
 -66421.684    95.580    -0.34    3.13
 -66046.731    95.584     0.01    2.78
 -65671.846    95.301    -0.76    2.16
 -65297.029    95.340     0.10    1.70
 -64922.279    94.633    -1.89    1.54
 -64547.596    93.792    -2.25    1.54
 -64172.981    92.658    -3.03    1.62
 -63798.433    91.739    -2.45    1.52
 -63423.952    90.612    -3.01    1.29
 -63049.539    89.605    -2.69    1.44
 -62675.193    88.340    -3.38    2.01
 -62300.914    86.728    -4.31    2.60
 -61926.702    84.296    -6.50    3.12
 -61552.558    81.407    -7.72    4.14
 -61178.480    78.462    -7.87    4.47
 -60804.470    75.987    -6.62    4.66
 -60430.526    71.326   -12.46    6.68
 -60056.650    68.469    -7.64    6.64
 -59682.840    66.473    -5.34    6.32
 -59309.098    66.306    -0.45    6.52
 -58935.422    66.975     1.79    6.86
 -58561.813    67.644     1.79    7.25
 -58188.271    68.612     2.59    7.77
 -57814.796    68.863     0.67    8.74
 -57441.387    68.743    -0.32    9.27
 -57068.045    68.106    -1.71    9.92
 -56694.770    67.494    -1.64   10.24
 -56321.561    66.978    -1.38    9.97
 -55948.419    64.271    -7.25   10.51
 -55575.344    60.362   -10.48   12.43
 -55202.335    57.314    -8.17   13.57
 -54829.392    56.745    -1.53   15.46
 -54456.516    58.271     4.09   17.37
 -54083.706    63.693    14.54   15.41
 -53710.963    68.755    13.58   12.83
 -53338.286    74.072    14.27    3.83
 -52965.675    75.414     3.60    4.11
 -52593.131    77.016     4.30    2.99
 -52220.653    78.036     2.74    2.42
 -51848.241    78.874     2.25    1.22
 -51475.895    79.023     0.40    1.63
 -51103.615    79.589     1.52    2.76
 -50731.402    80.997     3.78    3.68
 -50359.254    82.823     4.91    3.28
 -49987.173    83.450     1.69    2.83
 -49615.157    83.602     0.41    2.37
 -49243.208    83.806     0.55    2.10
 -48871.324    83.992     0.50    2.01
 -48499.506    83.816    -0.47    2.30
 -48127.754    83.453    -0.98    2.61
 -47756.068    83.072    -1.02    2.78
 -47384.448    82.388    -1.84    4.97
 -47012.893    79.284    -8.35   14.37
 -46641.404    75.098   -11.27   19.81
 -46269.981    73.121    -5.32   22.55
 -45898.623    71.199    -5.17   24.07
 -45527.331    70.998    -0.54   23.63
 -45156.105    67.823    -8.55   23.54
 -44784.944    60.839   -18.82   22.12
 -44413.848    59.732    -2.98   21.51
 -44042.818    57.985    -4.71   20.24
 -43671.853    58.503     1.40   18.76
 -43300.954    64.426    15.97   17.97
 -42930.120    69.696    14.21   16.82
 -42559.352    74.222    12.21   17.06
 -42188.649    81.762    20.34   14.04
 -41818.011    87.335    15.04    7.74
 -41447.438    89.701     6.38    1.09
 -41076.930    89.926     0.61    0.49
 -40706.488    90.037     0.30    0.37
 -40336.110    90.033    -0.01    0.39
 -39965.798    89.990    -0.12    0.47
 -39595.551    90.124     0.36    0.83
 -39225.369    90.293     0.46    1.24
 -38855.251    90.670     1.02    1.85
 -38485.199    91.420     2.03    2.18
 -38115.212    92.251     2.25    2.30
 -37745.289    93.482     3.33    2.10
 -37375.431    95.014     4.14    1.97
 -37005.638    96.173     3.13    1.83
 -36635.910    97.346     3.17    1.55
 -36266.247    98.121     2.10    1.22
 -35896.648    98.901     2.11    0.77
 -35527.114    99.364     1.25    0.67
 -35157.645    99.877     1.39    0.85
 -34788.240   100.321     1.20    0.88
 -34418.900   100.670     0.94    0.90
 -34049.624   100.778     0.29    0.93
 -33680.413   100.551    -0.61    0.94
 -33311.266   100.227    -0.88    0.91
 -32942.184    99.774    -1.23    1.05
 -32573.166    99.506    -0.73    1.34
 -32204.212    98.901    -1.64    1.66
 -31835.323    98.235    -1.81    1.73
 -31466.498    97.551    -1.85    2.00
 -31097.737    97.068    -1.31    2.23
 -30729.041    96.597    -1.28    2.55
 -30360.408    96.201    -1.07    2.69
 -29991.840    95.572    -1.71    2.74
 -29623.336    94.951    -1.68    2.82
 -29254.896    94.350    -1.63    2.78
 -28886.520    93.531    -2.22    2.80
 -28518.209    92.598    -2.53    2.62
 -28149.961    91.779    -2.22    2.66
 -27781.777    91.243    -1.46    2.71
 -27413.657    90.986    -0.70    2.91
 -27045.601    91.119     0.36    3.28
 -26677.609    91.617     1.35    3.25
 -26309.680    91.628     0.03    2.79
 -25941.816    91.023    -1.64    2.50
 -25574.015    90.205    -2.23    2.45
 -25206.278    88.670    -4.17    2.39
 -24838.604    87.464    -3.28    2.33
 -24470.994    86.364    -2.99    2.40
 -24103.448    85.914    -1.22    2.61
 -23735.965    84.803    -3.02    2.95
 -23368.546    83.682    -3.05    3.18
 -23001.191    82.139    -4.20    3.22
 -22633.899    80.739    -3.81    3.15
 -22266.670    79.025    -4.67    2.63
 -21899.505    77.769    -3.42    2.05
 -21532.403    76.648    -3.05    0.80
 -21165.365    76.247    -1.09    0.92
 -20798.390    75.875    -1.01    1.01
 -20425.376    75.568    -0.82    1.21
 -20045.328    75.306    -0.69    1.51
 -19665.348    75.267    -0.10    1.79
 -19285.437    75.501     0.62    2.03
 -18905.595    75.952     1.19    2.34
 -18525.820    75.963     0.03    2.95
 -18146.115    75.276    -1.81    3.35
 -17766.477    74.347    -2.45    3.50
 -17386.908    72.825    -4.01    2.91
 -17007.407    71.751    -2.83    2.52
 -16627.974    70.887    -2.28    1.96
 -16248.610    70.296    -1.56    2.03
 -15869.314    69.524    -2.04    1.92
 -15490.085    68.536    -2.61    1.70
 -15110.925    67.368    -3.08    1.46
 -14731.833    66.239    -2.98    1.43
 -14352.809    64.914    -3.50    1.45
 -13973.853    63.741    -3.09    1.46
 -13594.965    62.487    -3.31    1.53
 -13216.145    61.268    -3.22    1.68
 -12837.392    59.976    -3.41    1.95
 -12458.708    59.014    -2.54    2.08
 -12080.091    57.468    -4.08    2.26
 -11701.542    55.850    -4.27    2.36
 -11323.060    53.828    -5.34    2.54
 -10944.647    51.690    -5.65    2.24
 -10566.301    49.827    -4.92    2.20
 -10188.022    48.190    -4.33    1.62
  -9809.812    46.816    -3.63    1.39
  -9431.668    45.709    -2.93    1.38
  -9053.592    44.464    -3.29    1.71
  -8675.584    42.914    -4.10    2.23
  -8297.643    41.401    -4.00    2.31
  -7919.770    39.988    -3.74    1.82
  -7541.964    39.161    -2.19    0.70
  -7164.225    39.281     0.32    0.75
  -6786.553    39.465     0.49    0.95
  -6408.949    39.494     0.08    1.28
  -6031.412    39.116    -1.00    1.61
  -5653.942    38.158    -2.54    1.71
  -5276.539    37.157    -2.65    1.80
  -4899.203    36.014    -3.03    1.75
  -4521.935    34.914    -2.92    1.76
  -4144.733    33.803    -2.95    1.63
  -3767.598    32.734    -2.83    1.42
  -3390.531    31.642    -2.90    1.21
  -3013.530    30.647    -2.64    1.48
  -2636.596    29.589    -2.81    2.05
  -2259.729    28.585    -2.66    2.85
  -1882.929    26.853    -4.60    4.74
  -1506.196    20.812   -16.03   10.46
  -1129.529    13.259   -20.05   12.35
   -752.929     5.170   -21.48    9.18
   -376.396     0.389   -12.70    1.71
      0.071    -0.086    -1.26    0.00
    376.471    -0.086     0.00    0.00
    752.804    -0.086     0.00    0.00
   1129.071     0.196     0.75    0.64
   1505.272     2.089     5.03    3.17
   1881.406     5.747     9.73    5.99
   2257.473    13.499    20.61   10.88
   2633.475    23.053    25.41   12.58
   3009.409    34.284    29.88   11.90
   3385.278    44.093    26.10   10.19
   3761.080    52.389    22.08    9.08
   4136.816    58.861    17.22    6.61
   4512.486    63.383    12.04    5.08
   4888.089    67.322    10.49    4.16
   5263.627    71.309    10.62    5.21
   5639.098    75.727    11.77    5.81
   6014.504    81.316    14.89    7.08
   6389.843    87.446    16.33    6.62
   6765.116    94.243    18.11    7.49
   7140.323   101.382    19.03    8.70
   7515.465   107.689    16.81    8.91
   7890.540   114.217    17.41    6.45
   8265.550   118.741    12.06    3.94
   8640.493   121.357     6.98    3.96
   9015.371   123.803     6.52    3.77
   9390.183   126.154     6.27    3.65
   9764.930   128.264     5.63    3.55
  10139.611   130.689     6.47    3.51
  10514.226   132.963     6.07    3.49
  10888.775   135.025     5.50    3.47
  11263.259   137.176     5.74    3.33
  11637.678   139.851     7.14    3.40
  12012.030   142.196     6.26    3.58
  12386.318   145.001     7.50    3.85
  12760.540   147.850     7.61    3.76
  13134.696   150.682     7.57    4.04
  13508.787   153.734     8.16    4.20
  13882.813   158.364    12.38    5.47
  14256.774   162.810    11.89    5.71
  14630.669   167.815    13.39    5.90
  15004.499   173.426    15.01    6.31
  15378.263   179.432    16.07    6.67
  15751.963   184.714    14.13    5.88
  16125.598   189.451    12.68    5.28
  16499.167   194.292    12.96    5.63
  16872.671   200.445    16.47    7.83
  17246.110   207.664    19.33    8.67
  17619.485   216.124    22.66    9.05
  17992.794   224.008    21.12    8.64
  18366.038   232.840    23.66   10.64
  18739.218   242.765    26.59   11.39
  19112.332   253.963    30.01   13.54
  19485.382   267.900    37.36   14.40
  19858.367   283.259    41.18   18.35
  20231.287   300.360    45.85   20.09
  20604.143   320.914    55.13   22.51
  20976.933   341.441    55.06   22.57
  21349.659   367.539    70.02   32.17
  21722.321   402.433    93.63   41.29
  22094.918   437.414    93.88   43.22
  22467.450   470.186    87.97   30.59
  22839.918   490.839    55.45   17.77
  23212.321   503.243    33.31    9.46
  23584.660   509.778    17.55    5.30
  23956.935   513.939    11.18    4.19
  24329.145   516.239     6.18    3.62
  24701.290   517.031     2.13    2.92
  25073.372   516.676    -0.95    2.29
  25445.389   515.615    -2.85    2.21
  25817.342   514.439    -3.16    2.15
  26189.230   513.015    -3.83    1.86
  26561.055   511.801    -3.26    1.81
  26932.815   510.452    -3.63    1.92
  27304.511   509.464    -2.66    1.52
  27676.143   508.769    -1.87    1.04
  28047.711   508.751    -0.05    1.12
  28419.215   509.509     2.04    1.76
  28790.655   510.814     3.51    2.80
  29162.031   512.696     5.07    3.41
  29533.343   514.689     5.37    3.62
  29904.591   516.506     4.89    2.93
  30275.776   516.914     1.10    1.99
  30646.896   516.179    -1.98    2.11
  31017.953   514.001    -5.87    3.61
  31388.946   509.747   -11.47    6.15
  31759.875   503.626   -16.50    9.33
  32130.741   495.132   -22.90   11.23
  32501.542   486.176   -24.15   11.63
  32872.281   475.433   -28.98   11.92
  33242.955   465.376   -27.13   13.19
  33613.567   453.593   -31.79   15.10
  33984.114   441.051   -33.85   16.17
  34354.598   427.108   -37.63   15.78
  34725.019   412.639   -39.06   16.83
  35095.376   396.344   -44.00   18.61
  35465.670   381.161   -41.00   19.61
  35835.900   364.822   -44.13   17.65
  36206.068   349.476   -41.45   17.67
  36576.171   335.927   -36.61   15.49
  36946.212   324.682   -30.39   13.40
  37316.189   312.862   -31.95   11.66
  37686.104   304.264   -23.24   11.34
  38055.955   296.634   -20.63   10.21
  38425.742   288.964   -20.74    8.82
  38795.467   282.327   -17.95    7.51
  39165.129   275.682   -17.98    7.33
  39534.727   269.650   -16.32    6.39
  39904.263   263.635   -16.28    6.47
  40273.736   258.238   -14.61    5.38
  40643.146   253.309   -13.34    5.16
  41012.492   249.007   -11.65    4.22
  41381.776   245.364    -9.87    4.02
  41750.997   241.874    -9.45    3.35
  42120.156   238.797    -8.34    3.37
  42489.251   235.743    -8.27    3.19
  42858.284   232.489    -8.82    3.67
  43227.254   229.287    -8.68    3.53
  43596.162   225.840    -9.34    4.08
  43965.006   222.394    -9.34    3.67
  44333.789   219.306    -8.37    3.50
  44702.508   216.199    -8.43    3.47
  45071.165   212.939    -8.84    4.03
  45439.760   210.031    -7.89    3.93
  45808.292   207.026    -8.15    3.59
  46176.761   204.966    -5.59    2.61
  46545.168   203.559    -3.82    2.63
  46913.513   202.559    -2.71    2.71
  47281.795   202.764     0.56    3.09
  47650.015   204.285     4.13    4.34
  48018.173   207.026     7.44    4.87
  48386.269   209.452     6.59    4.14
  48754.302   211.951     6.79    3.94
  49122.273   214.358     6.54    5.00
  49490.182   217.539     8.64    6.05
  49858.029   221.800    11.58    6.59
  50225.813   226.119    11.74    6.31
  50593.536   229.648     9.60    5.31
  50961.197   233.209     9.68    4.25
  51328.795   235.939     7.43    4.17
  51696.332   238.471     6.89    4.80
  52063.806   241.414     8.01    5.09
  52431.219   244.019     7.09    4.96
  52798.570   246.926     7.91    4.59
  53165.859   249.887     8.06    4.24
  53533.086   252.383     6.80    4.05
  53900.251   254.472     5.69    4.32
  54270.365   255.369     2.42    5.18
  54650.273   257.820     6.45    6.51
  55030.114   262.639    12.68    7.95
  55409.889   268.426    15.24    7.85
  55789.597   273.939    14.52    6.58
  56169.238   279.664    15.08    6.08
  56548.813   283.926    11.23    5.59
  56928.321   288.686    12.54    4.94
  57307.763   292.427     9.86    4.99
  57687.139   296.926    11.86    5.70
  58066.448   301.873    13.04    6.62
  58445.690   306.926    13.32    8.18
  58824.866   312.848    15.62    9.27
  59203.976   319.080    16.44    9.73
  59583.020   324.426    14.10   11.17
  59961.997   328.724    11.34   12.12
  60340.908   329.147     1.12   13.13
  60719.753   327.542    -4.24   13.99
  61098.532   321.862   -14.99   13.97
  61477.245   316.026   -15.41   14.20
  61855.891   308.064   -21.03   15.16
  62234.472   298.628   -24.92   15.36
  62612.986   287.314   -29.89   16.26
  62991.435   276.269   -29.18   15.78
  63369.817   263.877   -32.75   16.43
  63748.134   252.873   -29.08   13.81
  64126.385   243.559   -24.62   13.56
  64504.570   235.394   -21.59   11.05
  64882.689   229.739   -14.96   10.39
  65260.743   223.511   -16.47    9.23
  65638.731   218.539   -13.15    9.56
  66016.653   212.209   -16.75   10.05
  66394.509   206.606   -14.83   10.59
  66772.300   199.751   -18.14   10.75
  67150.025   194.376   -14.23   10.63
  67527.685   188.221   -16.30    9.92
  67905.279   183.487   -12.54    8.86
  68282.807   179.176   -11.42    8.48
  68660.270   175.466    -9.83    7.72
  69037.668   171.389   -10.80    7.20
  69415.001   168.100    -8.71    5.43
  69792.268   165.160    -7.79    5.15
  70169.469   162.724    -6.46    4.89
  70546.606   159.901    -7.49    5.63
  70923.677   157.019    -7.64    5.56
  71300.683   154.539    -6.58    5.34
  71677.623   152.134    -6.38    4.54
  72054.499   149.689    -6.49    4.22
  72431.310   146.514    -8.43    4.92
  72808.055   143.926    -6.87    5.35
  73184.735   140.721    -8.51    5.34
  73561.351   138.335    -6.34    4.70
  73937.901   135.559    -7.37    3.75
  74314.387   133.811    -4.64    3.06
  74690.807   131.521    -6.08    2.96
  75067.163   129.002    -6.69    4.09
  75443.454   124.014   -13.26    6.94
  75819.680   121.076    -7.81    6.98
  76195.841   120.626    -1.20    6.45
  76571.937   121.319     1.84    5.72
  76947.969   122.101     2.08    3.89
  77323.936   122.995     2.38    2.82
  77699.839   123.108     0.30    3.52
  78075.677   123.269     0.43    4.35
  78451.450   123.471     0.54    4.53
  78827.159   124.095     1.66    4.19
  79202.803   125.389     3.44    4.20
  79578.383   125.374    -0.04    3.78
  79953.898   125.758     1.02    4.04
  80329.349   126.151     1.05    4.08
  80704.735   125.889    -0.70    4.23
  81080.058   125.106    -2.09    5.21
  81455.316   123.632    -3.93    5.63
  81830.509   121.339    -6.11    5.89
  82205.639   119.589    -4.66    5.58
  82580.704   117.255    -6.22    4.98
  82955.705   115.388    -4.98    4.01
  83330.642   113.734    -4.41    3.48
  83705.515   112.554    -3.15    3.44
  84080.323   110.714    -4.91    3.13
  84455.068   108.599    -5.64    2.34
  84829.749   106.901    -4.53    2.74
  85204.365   105.535    -3.65    2.34
  85578.918   104.864    -1.79    2.10
  85953.407   104.724    -0.37    2.00
  86327.832   105.056     0.89    1.77
  86702.193   105.346     0.77    1.62
  87076.490   104.789    -1.49    1.84
  87450.724   103.782    -2.69    2.05
  87824.894   102.639    -3.06    2.22
  88199.000   101.058    -4.22    2.09
  88573.042    99.483    -4.21    2.45
  88947.021    97.635    -4.94    2.74
  89320.936    96.610    -2.74    3.25
  89694.788    97.044     1.16    4.84
  90068.576    97.964     2.46    6.07
  90442.300    97.006    -2.56    7.89
  90815.961    94.375    -7.04    9.41
  91189.559    88.800   -14.92    9.52
  91563.093    83.601   -13.92    8.03
  91936.564    79.214   -11.75    4.16
  92309.971    77.141    -5.55    3.05
  92683.315    75.375    -4.73    3.64
  93056.596    74.993    -1.02    4.11
  93429.814    73.547    -3.87    4.97
  93802.968    71.641    -5.11    5.30
  94176.059    69.368    -6.09    5.10
  94549.087    67.144    -5.96    4.00
  94922.052    65.002    -5.74    1.44
  95294.954    64.085    -2.46    1.31
  95667.793    63.255    -2.22    1.33
  96040.569    61.479    -4.76    3.79
  96413.281    58.301    -8.53    5.87
  96785.931    55.287    -8.09    6.07
  97158.518    52.293    -8.03    4.87
  97531.042    50.095    -5.90    1.60
  97903.503    49.914    -0.49    0.00
  98275.901    50.020     0.29    0.53
  98648.237    51.951     5.19    4.52
  99020.509    53.719     4.75    5.31
  99392.719    57.014     8.85    7.60
  99764.867    62.873    15.74   10.01
 100136.951    68.108    14.07    9.83
 100508.973    72.224    11.06    6.72
 100880.932    73.992     4.75    3.63
 101252.829    74.427     1.17    3.99
 101624.663    76.589     5.81    5.05
 101996.435    79.664     8.27    5.01
 102368.144    83.514    10.36    4.74
 102739.791    86.468     7.95    4.15
 103111.375    90.992    12.17    5.91
 103482.897    95.500    12.13    6.35
 103854.357   100.420    13.24    7.16
 104225.754   105.143    12.72    5.72
 104597.089   108.514     9.08    3.75
 104968.362   110.352     4.95    1.72
 105339.572   110.789     1.18    1.48
 105710.721   110.738    -0.14    1.51
 106081.807   110.632    -0.29    1.65
 106452.831   110.082    -1.48    2.36
 106823.793   109.368    -1.93    3.26
 107194.692   105.468   -10.52    6.57
 107565.530   102.776    -7.26    7.44
 107936.306   101.460    -3.55    7.30
 108307.020   101.801     0.92    6.88
 108677.672   104.124     6.27    4.38
 109048.262   105.516     3.76    3.54
 109418.790   106.514     2.69    2.64
 109789.256   107.355     2.27    2.07
 110159.660   107.616     0.70    2.57
 110530.003   107.255    -0.97    3.19
 110900.284   106.954    -0.81    3.78
 111270.503   106.676    -0.75    4.09
 111640.660   106.954     0.75    3.83
 112010.756   107.952     2.70    3.04
 112380.790   107.306    -1.75    2.97
 112750.763   106.758    -1.48    2.59
 113120.674   106.089    -1.81    2.36
 113490.523   105.471    -1.67    2.19
 113860.311   104.804    -1.80    2.10
 114230.038   104.051    -2.04    1.99
 114599.703   103.242    -2.19    1.90
 114969.306   102.339    -2.44    1.81
 115338.849   101.366    -2.63    1.70
 115708.329   100.368    -2.70    1.53
 116077.749    99.495    -2.36    1.44
 116447.107    98.657    -2.27    1.26
 116816.404    97.846    -2.20    1.17
 117185.640    96.825    -2.77    1.38
 117554.815    95.969    -2.32    1.36
 117923.928    93.626    -6.35    5.26
 118292.980    90.022    -9.77    7.71
 118661.971    85.729   -11.63    9.26
 119030.901    81.738   -10.82    8.58
 119399.770    81.005    -1.99    7.97
 119768.579    81.792     2.13    8.40
 120137.326    84.989     8.67    7.95
 120506.012    88.678    10.00    5.44
 120874.637    90.901     6.03    3.72
 121243.201    92.116     3.30    2.14
 121611.705    91.003    -3.02    3.56
 121980.147    88.441    -6.95    5.11
 122348.529    85.277    -8.59    5.72
 122716.850    84.157    -3.04    5.93
 123085.110    85.285     3.06    6.69
 123453.310    87.367     5.65    6.22
 123821.449    89.976     7.09    3.95
 124189.527    89.994     0.05    3.33
 124557.545    90.091     0.26    2.94
 124925.502    90.585     1.34    2.59
 125293.398    92.005     3.86    1.13
 125661.234    92.628     1.69    1.68
 126029.010    93.550     2.51    2.34
 126396.725    94.446     2.44    2.82
 126764.379    95.926     4.03    3.64
 127131.973    97.164     3.37    4.05
 127499.507    98.888     4.69    4.33
 127866.981    99.979     2.97    4.31
 128234.394   101.593     4.39    3.91
 128601.747   102.901     3.56    4.01
 128969.217   104.926     5.51    4.03
 129348.988   107.217     6.03    3.60
 129728.693   109.654     6.42    3.69
 130108.334   111.727     5.46    3.81
 130487.910   113.976     5.92    4.26
 130867.421   116.219     5.91    4.17
 131246.867   118.201     5.22    4.15
 131626.248   119.981     4.69    3.88
 132005.565   121.545     4.12    4.15
 132384.817   123.745     5.80    5.06
 132764.004   125.677     5.09    5.68
 133143.126   128.732     8.06    6.89
 133522.184   131.654     7.71    7.49
 133901.178   136.069    11.65    8.47
 134280.107   139.545     9.17    9.22
 134658.971   142.585     8.02    9.99
 135037.771   146.727    10.93   11.36
 135416.506   153.005    16.57   13.93
 135795.177   159.941    18.32   14.77
 136173.784   167.953    21.16   14.08
 136552.326   173.818    15.49   13.27
 136930.804   179.119    14.00   13.38
 137309.218   184.062    13.06   12.49
 137687.568   187.192     8.27   11.87
 138065.853   189.887     7.12   10.84
 138444.074   190.823     2.47   10.46
 138822.231   191.850     2.71    9.45
 139200.324   192.080     0.61    9.26
 139578.353   192.900     2.17    9.65
 139956.318   193.875     2.58   10.67
 140334.219   195.147     3.37   10.99
 140712.055   197.346     5.82    9.93
 141089.828   198.230     2.34    8.90
 141467.537   199.969     4.60    7.72
 141845.182   201.776     4.78    8.23
 142222.764   202.954     3.12    8.51
 142600.281   204.670     4.55    8.89
 142977.735   205.082     1.09    9.81
 143355.125   204.516    -1.50   10.02
 143732.451   203.965    -1.46    9.93
 144109.713   203.414    -1.46    9.40
 144486.912   203.472     0.15    9.26
 144864.048   202.927    -1.45    8.67
 145241.119   202.686    -0.64    8.61
 145618.127   201.954    -1.94    8.60
 145995.072   201.221    -1.94    8.81
 146371.953   200.325    -2.38    9.73
 146748.771   198.862    -3.88    9.63
 147125.525   197.539    -3.51   10.13
 147502.216   197.427    -0.30    9.76
 147878.843   196.400    -2.73   11.00
 148255.408   194.673    -4.59   12.22
 148631.909   193.354    -3.50   13.32
 149008.346   191.648    -4.53   13.76
 149384.721   190.611    -2.75   13.21
 149761.032   189.966    -1.71   12.80
 150137.280   189.491    -1.26   11.50
 150513.465   187.247    -5.96   10.20
 150889.587   184.465    -7.40    9.71
 151265.645   181.420    -8.10   10.91
 151641.641   176.888   -12.05   10.02
 152017.574   173.020   -10.29    7.24
 152393.444   170.426    -6.90    4.33
 152769.250   168.954    -3.92    3.13
 153144.994   167.319    -4.35    3.79
 153520.675   166.995    -0.86    6.05
 153896.294   168.453     3.88    8.32
 154271.849   169.914     3.89    9.74
 154647.342   170.342     1.14    8.70
 155022.772   169.434    -2.42    7.12
 155398.139   167.003    -6.47    6.56
 155773.443   164.167    -7.56    6.91
 156148.685   161.800    -6.31    7.33
 156523.864   160.260    -4.10    7.71
 156898.981   158.732    -4.07    8.32
 157274.035   156.900    -4.88    8.12
 157649.026   154.491    -6.43    7.49
 158023.955   153.044    -3.86    6.27
 158398.822   152.771    -0.73    5.97
 158773.626   153.308     1.43    5.92
 159148.368   154.459     3.07    6.00
 159523.047   154.875     1.11    5.84
 159897.664   154.846    -0.08    5.61
 160272.219   154.201    -1.72    5.35
 160646.712   153.549    -1.74    5.09
 161021.142   152.826    -1.93    5.72
 161395.510   151.941    -2.36    6.48
 161769.816   150.861    -2.88    6.00
 162144.060   150.261    -1.60    5.84
 162518.241   149.368    -2.39    4.43
 162892.361   149.297    -0.19    3.76
 163266.418   149.795     1.33    3.50
 163640.414   149.846     0.14    3.60
 164014.347   149.534    -0.83    3.42
 164388.218   149.047    -1.30    3.05
 164762.028   148.698    -0.93    2.50
 165135.776   148.835     0.36    2.26
 165509.462   149.260     1.14    2.10
 165883.086   150.005     1.99    1.80
 166256.648   150.654     1.74    1.61
 166630.148   151.503     2.27    1.43
 167003.587   152.407     2.42    1.32
 167376.964   153.516     2.97    1.36
 167750.279   154.420     2.42    1.48
 168123.533   155.563     3.06    1.55
 168496.725   156.607     2.80    1.64
 168869.855   158.055     3.88    1.63
 169242.924   159.295     3.32    1.71
 169615.931   160.901     4.30    1.78
 169988.877   162.394     4.00    1.83
 170361.761   164.203     4.85    1.97
 170734.584   165.887     4.52    2.12
 171107.346   168.743     7.66    3.71
 171480.046   171.874     8.40    5.00
 171852.685   175.637    10.10    5.63
 172225.263   179.160     9.45    4.21
 172597.779   181.126     5.28    2.57
 172970.234   181.969     2.26    1.99
 173342.628   181.926    -0.12    2.21
 173714.960   182.191     0.71    2.27
 174087.232   182.506     0.84    2.29
 174459.442   182.037    -1.26    2.74
 174831.591   181.650    -1.04    2.75
 175203.679   181.228    -1.14    2.61
 175575.707   180.782    -1.20    2.27
 175947.673   180.489    -0.79    1.93
 176319.578   180.485    -0.01    1.40
 176691.422   180.620     0.36    1.09
 177063.205   181.101     1.29    0.89
 177434.928   181.589     1.31    1.01
 177806.589   182.293     1.89    1.10
 178178.190   183.089     2.14    1.20
 178549.730   183.901     2.18    1.55
 178921.209   185.348     3.89    2.63
 179292.628   187.387     5.49    3.74
 179663.986   190.407     8.13    4.15
 180035.283   192.980     6.93    3.77
 180406.519   195.127     5.78    2.47
 180777.695   196.080     2.57    1.96
 181148.810   196.453     1.00    1.87
 181519.865   195.888    -1.52    2.69
 181890.859   195.251    -1.72    3.36
 182261.793   194.542    -1.91    3.99
 182632.666   194.440    -0.27    4.54
 183003.479   194.992     1.49    4.68
 183374.231   196.251     3.40    4.28
 183744.923   197.387     3.06    4.24
 184115.555   199.264     5.06    3.85
 184486.127   201.394     5.75    4.26
 184856.638   204.108     7.32    4.89
 185227.089   205.927     4.91    4.81
 185597.479   207.394     3.96    4.46
 185967.810   208.006     1.65    3.97
 186338.080   208.087     0.22    4.07
 186708.290   207.980    -0.29    3.85
 187078.440   208.420     1.19    3.57
 187448.530   208.355    -0.18    3.34
 187818.560   208.516     0.44    3.05
 188188.530   208.576     0.16    3.14
 188558.440   209.005     1.16    3.81
 188928.290   208.472    -1.44    4.77
 189298.080   208.459    -0.04    5.13
 189667.811   208.498     0.11    5.27
 190037.481   208.447    -0.14    5.51
 190407.092   207.953    -1.34    5.43
 190776.642   208.834     2.38    5.79
 191146.133   210.019     3.21    5.45
 191515.564   211.714     4.59    4.78
 191884.936   213.164     3.92    3.38
 192254.248   213.394     0.62    2.26
 192623.500   212.861    -1.44    1.88
 192992.692   210.836    -5.48    3.17
 193361.825   208.703    -5.78    4.27
 193730.898   206.524    -5.90    5.07
 194099.912   206.137    -1.05    5.17
 194468.867   207.005     2.35    4.99
 194837.761   208.537     4.15    4.55
 195206.597   210.687     5.83    3.73
 195575.373   212.361     4.54    2.49
 195944.089   213.319     2.60    1.52
 196312.746   213.177    -0.39    1.66
 196681.344   213.287     0.30    1.42
 197049.883   213.615     0.89    0.83
 197418.362   213.177    -1.19    1.31
 197786.782   211.795    -3.75    2.46
 198155.143   209.300    -6.77    3.57
 198523.444   206.393    -7.89    3.98
 198891.687   202.150   -11.52    4.94
 199259.870   197.229   -13.36    6.58
 199627.994   192.714   -12.26    6.23
 199996.059   190.567    -5.83    5.00
 200364.065   190.060    -1.38    4.80
 200732.012   189.964    -0.26    6.33
 201099.900   188.064    -5.16   10.06
 201467.730   182.542   -15.01   17.06
 201835.500   174.508   -21.84   25.31
 202203.211   163.295   -30.49   32.16
 202570.863   150.434   -34.98   36.23
 202938.457   137.729   -34.55   36.08
 203305.992   123.731   -38.08   34.19
 203673.468   111.527   -33.20   28.92
 204050.684   101.170   -27.45   25.59
 204430.253    91.901   -24.42   19.41
 204809.759    85.506   -16.85   15.21
 205189.202    81.282   -11.13    8.83
 205568.582    80.427    -2.25    3.88
 205947.898    82.306     4.95    3.88
 206327.152    84.273     5.19    2.96
 206706.343    85.462     3.13    1.80
 207085.470    85.082    -1.00    1.97
 207464.535    84.170    -2.41    2.22
 207843.537    82.243    -5.09    3.27
 208222.475    79.968    -6.00    3.07
 208601.351    78.023    -5.13    1.93
 208980.164    76.954    -2.82    0.20
 209358.915    77.387     1.14    1.45
 209737.602    79.238     4.89    3.61
 210116.227    80.927     4.46    3.95
 210494.789    83.273     6.20    3.67
 210873.289    84.941     4.41    3.16
 211251.725    85.850     2.40    2.67
 211630.100    86.080     0.61    3.04
 212008.411    86.414     0.88    4.20
 212386.660    86.344    -0.18    4.98
 212764.847    86.664     0.84    4.73
 213142.971    87.700     2.74    4.02
 213521.032    87.269    -1.14    3.66
 213899.032    87.072    -0.52    3.22
 214276.968    87.660     1.56    3.26
 214654.843    88.634     2.58    3.22
 215032.655    90.207     4.16    2.59
 215410.405    93.335     8.28    5.96
 215788.092    95.724     6.33    7.72
 216165.717   105.611    26.18   19.57
 216543.280   119.928    37.91   26.93
 216920.781   138.273    48.59   28.77
 217298.220   155.872    46.62   21.53
 217675.597   166.293    27.61   13.54
 218052.911   167.653     3.60   13.43
 218430.164   158.080   -25.37   22.03
 218807.354   142.650   -40.90   26.99
 219184.483   128.650   -37.12   22.70
 219561.549   131.979     8.82   28.90
 219938.554   148.190    42.99   38.48
 220315.497   176.859    76.04   37.94
 220692.378   200.900    63.78   22.91
 221069.197   218.140    45.74   15.47
 221445.954   228.420    27.28   10.90
 221822.649   235.274    18.19    8.27
 222199.283   240.483    13.83    5.35
 222575.855   244.056     9.49    5.26
 222952.365   247.789     9.91    4.86
 223328.814   251.876    10.86    5.49
 223705.201   255.927    10.76    4.31
 224081.527   259.106     8.44    4.68
 224457.790   262.900    10.08    5.77
 224833.993   267.019    10.95    5.77
 225210.134   270.453     9.13    6.46
 225586.213   272.795     6.23    7.40
 225962.231   275.049     5.99    8.33
 226338.188   277.714     7.09    9.31
 226714.083   280.804     8.22    8.35
 227089.917   284.711    10.39    7.66
 227465.690   289.834    13.63    7.94
 227841.401   295.678    15.55    8.60
 228217.051   302.822    19.01   11.23
 228592.640   308.997    16.44   10.89
 228968.167   315.797    18.10   11.66
 229343.634   320.360    12.15    9.50
 229719.039   323.648     8.76    7.68
 230094.383   326.283     7.02    7.35
 230469.667   328.029     4.65   12.15
 230844.889   326.203    -4.87   14.80
 231220.050   322.229   -10.59   15.24
 231595.150   314.756   -19.92   10.65
 231970.189   309.355   -14.40    5.60
 232345.168   305.076   -11.41    4.81
 232720.085   302.657    -6.45    5.42
 233094.942   300.845    -4.83    6.75
 233469.737   300.790    -0.15    8.88
 233844.472   302.474     4.49   10.83
 234219.147   303.319     2.26   10.84
 234593.760   302.287    -2.75   10.26
 234968.313   296.026   -16.71   12.96
 235342.805   289.835   -16.53   12.92
 235717.236   286.080   -10.02   10.35
 236091.607   286.673     1.58    9.04
 236465.917   289.358     7.17    8.57
 236840.167   294.824    14.60    5.56
 237214.356   298.982    11.11    4.64
 237588.485   303.628    12.42    5.61
 237962.553   309.354    15.30    6.59
 238336.560   314.835    14.65    6.60
 238710.508   319.927    13.62    5.19
 239084.395   323.427     9.36    4.04
 239458.221   326.367     7.86    3.95
 239831.988   328.567     5.88    4.56
 240205.694   331.700     8.38    5.22
 240579.339   335.243     9.48    5.54
 240952.925   339.111    10.35    5.04
 241326.450   342.554     9.21    4.75
 241699.915   345.615     8.20    4.43
 242073.320   348.265     7.10    3.97
 242446.665   350.619     6.30    3.54
 242819.950   352.873     6.04    2.74
 243193.175   354.653     4.77    2.42
 243566.339   355.894     3.32    2.24
