# NaN NaN NaN ;Mean Elev.(m), Avg Gradient(m/km), RMS Gradient(m/km) - SRTM1     
#   20.266 -18.337  77.850 ;Mean Elev.(m), Avg Gradient(m/km), RMS Gradient(m/km) - ASTER GDEM
#   53.808  -9.519  69.231 ;Mean Elev.(m), Avg Gradient(m/km), RMS Gradient(m/km) - GMTED2010 
  8    82.340 52495.82255182 10.77 232.887520  65.321588 15.998
  8    51.848 52495.82255246 10.88 232.884470  65.318488 15.998
  8    49.988 52495.82255311 11.98 232.881430  65.315388 15.998
  9    40.125 52530.82253724 15.12 232.900790  65.319602  6.071
  9    39.247 52530.82253789 16.78 232.897740  65.316502  6.071
  9    43.531 52530.82253853 16.39 232.894700  65.313402  6.071
 10    40.187 52565.82255748 28.99 232.899298  65.318473 10.247
 10    43.929 52565.82255813 20.82 232.896258  65.315373 10.247
 10    78.469 52565.82255877 16.10 232.893218  65.312273 10.247
 11    41.423 52600.82257650 25.21 232.875835  65.321647  5.229
 11    41.828 52600.82257715 23.35 232.872795  65.318547  5.229
 12    80.529 52635.82253731 14.78 232.892863  65.319131  3.153
 12    79.917 52635.82253795 15.18 232.889823  65.316031  3.153
 13    79.734 52670.82254468 10.85 232.882234  65.319842  3.098
 13    77.914 52670.82254532 12.86 232.879194  65.316742  3.098
 14    80.157 52705.82253833  6.75 232.895220  65.317943  3.016
 14    78.955 52705.82253898  7.25 232.892180  65.314843  3.016
 15    80.975 52740.82257199  5.88 232.881297  65.322340  2.412
 15    80.102 52740.82257264  6.57 232.878257  65.319240  2.412
 15    78.922 52740.82257328  7.21 232.875207  65.316140  2.412
 16    50.380 52775.82251746 20.67 232.878031  65.322489 14.671
 16    50.484 52775.82251810 21.22 232.874991  65.319389 14.671
 17    40.601 52810.82259369 47.03 232.893414  65.318024  7.871
 17    43.376 52810.82259433 44.94 232.890374  65.314924  7.871
 18    37.306 52845.82264936 44.79 232.894583  65.317649  5.962
 18    41.172 52845.82265000 38.95 232.891543  65.314549  5.962
 19    50.638 52880.82268611 18.55 232.887404  65.321972  9.749
 19    50.865 52880.82268676 25.68 232.884364  65.318872  9.749
 19    45.750 52880.82268740 37.25 232.881324  65.315772  9.749
 20    49.975 52915.82264370 35.35 232.881837  65.321878 21.297
 20    43.840 52915.82264435 43.91 232.878797  65.318778 21.297
 20    42.223 52915.82264499 41.75 232.875757  65.315678 21.297
 22    78.423 52985.82262533 12.43 232.893905  65.318566  3.054
 22    50.831 52985.82262597 13.88 232.890855  65.315466  3.054
 22    39.761 52985.82262662 15.28 232.887815  65.312366  3.054
 23    81.680 53020.82261515  6.75 232.883931  65.321713  2.847
 23    80.097 53020.82261579  7.39 232.880881  65.318613  2.847
 23    79.006 53020.82261644  9.34 232.877841  65.315513  2.847
 24    79.662 53055.82260379  7.40 232.897267  65.317727  3.243
 24    78.772 53055.82260444  7.82 232.894227  65.314627  3.243
 25    81.328 53090.82264118  4.35 232.870682  65.323730  2.162
 25    80.154 53090.82264182  4.47 232.867642  65.320630  2.162
 25    79.031 53090.82264247  5.79 232.864602  65.317530  2.162
 27    42.501 53160.82267307 18.97 232.883821  65.321160  6.143
 27    39.235 53160.82267372 19.69 232.880781  65.318060  6.143
 28    41.622 53195.82267017 37.28 232.890369  65.321553 13.120
 28    42.053 53195.82267081 38.24 232.887329  65.318453 13.120
 29    37.699 53230.82265558 19.77 232.889255  65.320295 11.582
 29    42.629 53230.82265622 19.43 232.886215  65.317195 11.582
 29    42.848 53230.82265686 18.99 232.883175  65.314095 11.582
 30    77.038 53265.82262578 12.28 232.871434  65.323470 12.656
 30    55.262 53265.82262643 12.30 232.868394  65.320370 12.656
 30    51.606 53265.82262707 13.28 232.865344  65.317270 12.656
 31    41.659 53300.82267459 37.82 232.887432  65.322117  8.903
 31    40.682 53300.82267524 44.26 232.884392  65.319017  8.903
 31    41.639 53300.82267588 44.00 232.881342  65.315917  8.903
 32    77.404 53335.82264586 17.64 232.884218  65.320207  4.202
 32    42.094 53335.82264651 21.98 232.881178  65.317107  4.202
 33    80.214 53370.82258383  7.14 232.874475  65.321339  2.833
 33    77.879 53370.82258448  9.78 232.871425  65.318239  2.833
 34    79.906 53405.82261813  6.78 232.893866  65.319827  2.371
 34    79.608 53405.82261878  7.15 232.890826  65.316727  2.371
 34    78.144 53405.82261942  7.83 232.887786  65.313627  2.371
 35    81.160 53440.82260499  4.02 232.875153  65.321988  2.387
 35    80.518 53440.82260564  3.70 232.872113  65.318888  2.387
 38    81.001 53545.82270222 10.37 232.878941  65.321148  5.229
 38    52.776 53545.82270287 13.11 232.875891  65.318048  5.229
 39    80.488 53580.82267711  8.51 232.879492  65.320225  6.468
 39    79.968 53580.82267776  5.80 232.876452  65.317125  6.468
 40    42.188 53615.82263127 41.56 232.873395  65.324147 20.667
 40    41.241 53615.82263192 45.08 232.870345  65.321047 20.667
 41    38.044 53650.82264416 13.93 232.893201  65.319325 15.484
 41    40.799 53650.82264480 14.87 232.890161  65.316225 15.484
 41    62.042 53650.82264545 15.56 232.887121  65.313125 15.484
 42    81.247 53685.82265229 15.32 232.881649  65.321705  5.440
 42    79.949 53685.82265293 16.85 232.878609  65.318605  5.440
 42    77.905 53685.82265358 17.89 232.875569  65.315505  5.440
 43    81.304 53720.82257854  8.09 232.877702  65.321452  3.322
 43    78.877 53720.82257918 11.17 232.874662  65.318352  3.322
 44    79.700 53755.82250579 11.46 232.901618  65.316811  4.047
 44    78.088 53755.82250644 11.77 232.898578  65.313711  4.047
 45    80.498 53790.82253340  8.29 232.888415  65.321137  2.754
 45    79.657 53790.82253405  9.10 232.885375  65.318037  2.754
 45    78.763 53790.82253469 10.39 232.882325  65.314937  2.754
 48    81.859 53895.82260308 14.56 232.893666  65.321141  4.614
 48    64.223 53895.82260373 18.01 232.890626  65.318041  4.614
 48    64.157 53895.82260437 17.34 232.887576  65.314941  4.614
 49    80.741 53930.82265541  7.32 232.876822  65.321671  5.896
 49    79.078 53930.82265606  9.12 232.873772  65.318571  5.896
 50    41.683 53965.82263246 43.37 232.876488  65.322423 13.673
 50    42.182 53965.82263310 43.22 232.873448  65.319323 13.673
 50    40.137 53965.82263375 43.35 232.870398  65.316223 13.673
 53    80.625 54070.82262799 12.73 232.886825  65.320351  4.048
 53    79.541 54070.82262863 14.41 232.883785  65.317251  4.048
 53    78.385 54070.82262928 14.82 232.880745  65.314151  4.048
 54    81.049 54105.82258073  8.41 232.872846  65.322933  3.646
 54    79.808 54105.82258138  9.19 232.869806  65.319833  3.646
 54    77.822 54105.82258202 11.07 232.866766  65.316733  3.646
 56    81.435 54175.82256139  4.77 232.879294  65.322078  3.033
 56    80.715 54175.82256203  4.71 232.876244  65.318978  3.033
 56    78.699 54175.82256268  6.04 232.873204  65.315878  3.033
 57    54.061 54210.82256695  4.65 232.892289  65.321416  3.162
 57    38.810 54210.82256760  4.67 232.889239  65.318316  3.162
 57    50.833 54210.82256824  4.90 232.886199  65.315216  3.162
 59    42.435 54280.82260802 41.57 232.888240  65.320954 18.064
 59    40.773 54280.82260867 46.45 232.885200  65.317854 18.064
 59    33.866 54280.82260931 46.87 232.882150  65.314754 18.064
 60    81.769 54315.82260708  9.41 232.886120  65.321146  7.274
 60    52.245 54315.82260837 10.54 232.880030  65.314946  7.274
 61    78.547 54350.82257463 16.90 232.880318  65.323488 11.500
 61    61.096 54350.82257528 20.31 232.877268  65.320378 11.500
 62    81.223 54385.82254597 15.27 232.891775  65.320313  9.447
 62    79.981 54385.82254661 14.49 232.888735  65.317213  9.447
 63    42.495 54420.82252526 32.36 232.877305  65.319473  9.450
 63    41.577 54420.82252591 40.42 232.874255  65.316373  9.450
 64    80.278 54455.82251879  8.43 232.896647  65.316978  6.655
 64    77.327 54455.82251944 11.60 232.893607  65.313878  6.655
 65    81.605 54490.82252559  5.67 232.883837  65.321807  3.547
 65    80.611 54490.82252623  5.67 232.880787  65.318707  3.547
 65    79.174 54490.82252688  7.17 232.877747  65.315607  3.547
 66    80.636 54525.82253151  6.44 232.892290  65.318601  2.546
 66    79.782 54525.82253215  6.13 232.889250  65.315501  2.546
 68    45.189 54595.82252710 27.62 232.886393  65.320044 10.108
 68    45.716 54595.82252775 26.71 232.883353  65.316944 10.108
 68    44.484 54595.82252839 27.61 232.880303  65.313844 10.108
 69    80.400 54630.82254083 16.32 232.886960  65.321621  4.233
 69    80.900 54630.82254147  9.60 232.883920  65.318521  4.233
 69    77.900 54630.82254212 12.29 232.880870  65.315421  4.233
 70    42.696 54665.82254732 41.90 232.885910  65.321070  7.129
 70    42.975 54665.82254796 43.25 232.882870  65.317970  7.129
 70    39.234 54665.82254861 46.06 232.879820  65.314870  7.129
 71    82.054 54700.82251634  4.00 232.880357  65.323021 10.528
 71    80.332 54700.82251699  8.15 232.877317  65.319921 10.528
 71    77.409 54700.82251763 12.91 232.874277  65.316821 10.528
 72    47.281 54735.82250661 22.97 232.895687  65.320025  8.387
 72    44.083 54735.82250726 22.29 232.892647  65.316925  8.387
 72    44.717 54735.82250790 21.32 232.889607  65.313825  8.387
 74    78.444 54805.82250079 13.69 232.892470  65.318629  2.852
 74    77.991 54805.82250143 15.11 232.889420  65.315529  2.852
 75    79.447 54840.82249253 10.04 232.886232  65.320721  2.426
 75    77.369 54840.82249318 11.13 232.883192  65.317621  2.426
 75    76.885 54840.82249382 11.87 232.880152  65.314521  2.426
 77    81.332 54910.82249789  4.97 232.877696  65.323713  1.883
 77    79.863 54910.82249854  5.93 232.874646  65.320613  1.883
 77    79.193 54910.82249918  6.29 232.871606  65.317513  1.883
 78    79.767 54945.82249408  5.62 232.890919  65.319954  1.790
 78    77.717 54945.82249472  5.95 232.887879  65.316854  1.790
 78    76.825 54945.82249537  6.57 232.884839  65.313754  1.790
 80    82.006 55015.82252225  8.02 232.887030  65.321242  6.890
 80    80.766 55015.82252290 10.14 232.883990  65.318142  6.890
 80    78.427 55015.82252354 12.29 232.880940  65.315042  6.890
 81    40.946 55050.82251676 40.39 232.886296  65.320101  8.705
 81    40.525 55050.82251741 26.89 232.883256  65.317001  8.705
 81    40.803 55050.82251805 25.74 232.880216  65.313901  8.705
 82    40.567 55085.82248253 44.08 232.875200  65.322163 15.958
 82    39.455 55085.82248318 36.92 232.872160  65.319063 15.958
 83    80.421 55120.82245038 25.47 232.894694  65.319347  7.535
 83    79.429 55120.82245102 23.39 232.891654  65.316247  7.535
 83    77.705 55120.82245167 22.09 232.888614  65.313147  7.535
 84    42.363 55155.82244286 20.54 232.879155  65.320200  7.472
 84    42.409 55155.82244350 38.96 232.876115  65.317100  7.472
 85    81.116 55190.82243943 10.19 232.895243  65.320592  3.701
 85    79.936 55190.82244007 12.21 232.892203  65.317492  3.701
 85    78.029 55190.82244072 13.21 232.889153  65.314392  3.701
 86    80.823 55225.82244310  7.61 232.880842  65.320426  2.854
 86    79.802 55225.82244375  7.83 232.877802  65.317326  2.854
 87    81.432 55260.82243571  6.16 232.887760  65.319314  2.953
 87    80.008 55260.82243636  6.83 232.884720  65.316214  2.953
 88    80.989 55295.82242820  4.36 232.878451  65.321811  3.609
 88    80.419 55295.82242885  4.38 232.875411  65.318711  3.609
 88    78.731 55295.82242949  4.94 232.872371  65.315611  3.609
 90    42.889 55365.82240951 20.23 232.883658  65.322227 11.642
 90    41.184 55365.82241016 17.74 232.880618  65.319127 11.642
 90    40.304 55365.82241080 16.54 232.877578  65.316027 11.642
 91    42.218 55400.82242234 44.28 232.892779  65.317998 19.573
 91    41.841 55400.82242298 42.36 232.889739  65.314898 19.573
 92    37.389 55435.82242632 19.04 232.887168  65.322145 10.292
 92    38.774 55435.82242696 19.09 232.884128  65.319045 10.292
 92    39.494 55435.82242761 19.76 232.881078  65.315945 10.292
