# NaN NaN NaN ;Mean Elev.(m), Avg Gradient(m/km), RMS Gradient(m/km) - SRTM1     
#   17.099  -2.215  54.467 ;Mean Elev.(m), Avg Gradient(m/km), RMS Gradient(m/km) - ASTER GDEM
#   40.028  -1.164  53.231 ;Mean Elev.(m), Avg Gradient(m/km), RMS Gradient(m/km) - GMTED2010 
  7    31.791 52452.22079080 35.89 231.215096  65.694232 20.993
  7    31.534 52452.22079145 36.01 231.211976  65.697332 20.993
  7    31.136 52452.22079209 34.67 231.208846  65.700422 20.993
  7    30.624 52452.22079274 33.80 231.205716  65.703512 20.993
  7    30.030 52452.22079338 33.27 231.202596  65.706612 20.993
  7    29.950 52452.22079403 30.20 231.199466  65.709702 20.993
  7    29.917 52452.22079467 29.20 231.196336  65.712792 20.993
  8    31.006 52487.22077326 16.85 231.221029  65.700944  5.704
  8    30.710 52487.22077391 17.53 231.217909  65.704034  5.704
  8    30.544 52487.22077455 17.49 231.214779  65.707134  5.704
  8    30.578 52487.22077520 17.99 231.211649  65.710224  5.704
  8    30.359 52487.22077584 19.93 231.208519  65.713324  5.704
  8    30.511 52487.22077649 19.54 231.205399  65.716414  5.704
  9    30.479 52522.22074345 13.38 231.225718  65.699872  3.768
  9    30.176 52522.22074409 14.74 231.222588  65.702962  3.768
  9    29.970 52522.22074474 15.37 231.219468  65.706062  3.768
  9    29.957 52522.22074538 15.49 231.216338  65.709152  3.768
  9    29.518 52522.22074603 16.90 231.213208  65.712242  3.768
  9    29.673 52522.22074667 17.87 231.210088  65.715342  3.768
 11    32.348 52592.22078931 21.42 231.216150  65.697377 11.392
 11    31.962 52592.22078996 21.93 231.213020  65.700467 11.392
 11    31.427 52592.22079060 22.18 231.209900  65.703557 11.392
 11    31.153 52592.22079125 21.99 231.206770  65.706657 11.392
 11    30.831 52592.22079189 22.40 231.203640  65.709747 11.392
 11    33.881 52592.22079254 21.16 231.200520  65.712837 11.392
 12    31.906 52627.22070624 20.60 231.214636  65.696196  5.406
 12    31.514 52627.22070689 21.23 231.211506  65.699296  5.406
 12    31.320 52627.22070753 20.69 231.208376  65.702386  5.406
 12    30.979 52627.22070818 19.74 231.205246  65.705476  5.406
 12    31.354 52627.22070882 18.13 231.202116  65.708566  5.406
 13    62.029 52662.22075289 12.65 231.217103  65.699341  3.107
 13    61.481 52662.22075353 13.77 231.213973  65.702441  3.107
 13    61.219 52662.22075417 12.08 231.210853  65.705531  3.107
 13    59.377 52662.22075482 11.67 231.207723  65.708631  3.107
 13    58.302 52662.22075546 11.17 231.204593  65.711721  3.107
 13    57.226 52662.22075611 10.64 231.201463  65.714811  3.107
 14    37.949 52697.22072891 12.85 231.211207  65.692208  4.323
 14    31.421 52697.22072955 13.78 231.208077  65.695298  4.323
 14    30.832 52697.22073020 14.54 231.204957  65.698398  4.323
 14    31.233 52697.22073084 12.67 231.201827  65.701488  4.323
 14    30.801 52697.22073149 12.59 231.198697  65.704578  4.323
 14    34.647 52697.22073213 11.60 231.195567  65.707678  4.323
 14    36.574 52697.22073278 10.90 231.192437  65.710768  4.323
 15    67.782 52732.22075331  2.06 231.224984  65.701227  3.378
 15    60.495 52732.22075396  5.05 231.221854  65.704317  3.378
 15    38.930 52732.22075460  7.89 231.218724  65.707407  3.378
 15    41.431 52732.22075525  7.75 231.215604  65.710507  3.378
 15    35.489 52732.22075589  7.93 231.212474  65.713597  3.378
 15    39.465 52732.22075654  6.74 231.209344  65.716687  3.378
 16    32.111 52767.22076198 29.62 231.227159  65.699444 22.474
 16    32.053 52767.22076262 30.67 231.224029  65.702534 22.474
 16    32.107 52767.22076327 31.09 231.220909  65.705634 22.474
 16    31.781 52767.22076391 32.60 231.217779  65.708724 22.474
 16    31.929 52767.22076456 36.60 231.214659  65.711814 22.474
 16    31.703 52767.22076520 28.08 231.211529  65.714914 22.474
 16    31.297 52767.22076585 29.57 231.208399  65.718004 22.474
 17    32.347 52802.22077056 36.80 231.208313  65.693366 28.198
 17    32.189 52802.22077120 36.81 231.205183  65.696466 28.198
 17    31.785 52802.22077185 34.23 231.202053  65.699556 28.198
 17    31.101 52802.22077249 32.59 231.198923  65.702646 28.198
 17    30.634 52802.22077314 30.56 231.195803  65.705746 28.198
 17    30.635 52802.22077378 28.43 231.192673  65.708836 28.198
 18    31.662 52837.22083595 32.52 231.214171  65.695079 18.274
 18    31.513 52837.22083660 31.24 231.211051  65.698169 18.274
 18    30.963 52837.22083724 30.84 231.207921  65.701269 18.274
 18    30.361 52837.22083788 31.73 231.204791  65.704359 18.274
 18    29.770 52837.22083853 32.22 231.201661  65.707449 18.274
 18    29.419 52837.22083917 29.92 231.198531  65.710549 18.274
 18    30.263 52837.22083982 25.34 231.195401  65.713639 18.274
 19    30.712 52872.22087664 33.97 231.216921  65.697609 21.990
 19    30.330 52872.22087728 34.05 231.213801  65.700699 21.990
 19    29.921 52872.22087793 32.95 231.210671  65.703799 21.990
 19    29.347 52872.22087857 32.71 231.207541  65.706889 21.990
 19    29.013 52872.22087922 31.20 231.204411  65.709979 21.990
 19    29.335 52872.22087986 30.17 231.201281  65.713079 21.990
 20    29.816 52907.22086691 15.98 231.223576  65.700338  7.631
 20    29.412 52907.22086755 18.35 231.220446  65.703428  7.631
 20    28.962 52907.22086820 20.13 231.217326  65.706528  7.631
 20    29.086 52907.22086884 21.95 231.214196  65.709618  7.631
 20    28.872 52907.22086949 25.22 231.211066  65.712708  7.631
 20    28.804 52907.22087013 28.75 231.207936  65.715808  7.631
 21    31.321 52942.22079509 36.06 231.210335  65.696315 23.787
 21    30.231 52942.22079574 37.18 231.207205  65.699405 23.787
 21    30.027 52942.22079638 35.33 231.204085  65.702505 23.787
 21    29.727 52942.22079703 35.15 231.200955  65.705595 23.787
 21    29.697 52942.22079767 37.74 231.197825  65.708685 23.787
 21    29.295 52942.22079831 38.07 231.194695  65.711785 23.787
 23    31.590 53012.22085085 22.72 231.218142  65.699045  6.150
 23    31.603 53012.22085150 19.88 231.215022  65.702145  6.150
 23    31.316 53012.22085214 18.68 231.211892  65.705235  6.150
 23    30.957 53012.22085279 18.43 231.208772  65.708325  6.150
 23    30.863 53012.22085343 17.89 231.205642  65.711425  6.150
 23    30.997 53012.22085408 15.68 231.202512  65.714515  6.150
 24    31.686 53047.22081737 21.09 231.210141  65.694714  7.975
 24    31.753 53047.22081801 19.52 231.207011  65.697804  7.975
 24    31.485 53047.22081866 19.78 231.203881  65.700894  7.975
 24    31.285 53047.22081930 16.94 231.200761  65.703994  7.975
 24    30.766 53047.22081995 16.78 231.197631  65.707084  7.975
 24    30.117 53047.22082059 16.95 231.194501  65.710184  7.975
 25    30.967 53082.22085226 17.55 231.217366  65.696742  5.445
 25    30.979 53082.22085290 19.49 231.214246  65.699842  5.445
 25    30.724 53082.22085355 18.84 231.211116  65.702932  5.445
 25    30.270 53082.22085419 17.44 231.207996  65.706022  5.445
 25    30.452 53082.22085483 14.31 231.204866  65.709122  5.445
 25    30.287 53082.22085548 13.09 231.201736  65.712212  5.445
 25    39.670 53082.22085612 10.42 231.198606  65.715302  5.445
 26    31.749 53117.22082214 19.60 231.209753  65.692229  7.792
 26    31.781 53117.22082278 22.97 231.206623  65.695319  7.792
 26    31.623 53117.22082343 22.98 231.203503  65.698409  7.792
 26    31.535 53117.22082407 21.24 231.200373  65.701509  7.792
 26    31.138 53117.22082472 17.95 231.197243  65.704599  7.792
 26    30.706 53117.22082536 15.36 231.194113  65.707699  7.792
 26    30.237 53117.22082601 16.54 231.190983  65.710789  7.792
 27    33.191 53152.22087167 41.35 231.213075  65.694958 24.202
 27    33.128 53152.22087232 43.72 231.209955  65.698058 24.202
 27    33.228 53152.22087296 43.60 231.206825  65.701148 24.202
 27    33.231 53152.22087361 43.16 231.203695  65.704238 24.202
 27    33.110 53152.22087425 40.71 231.200575  65.707338 24.202
 27    33.003 53152.22087490 41.42 231.197445  65.710428 24.202
 27    33.009 53152.22087554 43.61 231.194315  65.713518 24.202
 28    30.580 53187.22085924 16.51 231.221512  65.699545 11.759
 28    30.363 53187.22085989 15.55 231.218392  65.702635 11.759
 28    29.971 53187.22086053 16.77 231.215262  65.705735 11.759
 28    29.738 53187.22086118 18.38 231.212132  65.708825 11.759
 28    29.769 53187.22086182 18.41 231.209002  65.711915 11.759
 28    29.682 53187.22086247 19.67 231.205872  65.715015 11.759
 29    30.980 53222.22088155 17.50 231.224624  65.698292  9.371
 29    30.854 53222.22088220 18.78 231.221504  65.701392  9.371
 29    29.168 53222.22088284 20.44 231.218374  65.704482  9.371
 29    28.643 53222.22088349 23.28 231.215254  65.707572  9.371
 29    28.917 53222.22088413 24.02 231.212124  65.710672  9.371
 29    28.870 53222.22088478 27.25 231.208994  65.713762  9.371
 29    28.922 53222.22088542 27.88 231.205864  65.716862  9.371
 30    29.333 53257.22085782 17.91 231.224652  65.699619 13.594
 30    28.832 53257.22085847 20.41 231.221532  65.702719 13.594
 30    28.599 53257.22085911 21.56 231.218402  65.705809 13.594
 30    28.562 53257.22085976 25.40 231.215282  65.708909 13.594
 30    28.552 53257.22086040 31.07 231.212152  65.711999 13.594
 30    28.611 53257.22086105 32.93 231.209022  65.715089 13.594
 31    30.148 53292.22087374 24.78 231.207935  65.689357 20.900
 31    30.281 53292.22087439 25.69 231.204805  65.692457 20.900
 31    30.390 53292.22087503 26.45 231.201685  65.695547 20.900
 31    30.312 53292.22087568 26.94 231.198555  65.698637 20.900
 31    30.175 53292.22087632 29.21 231.195425  65.701737 20.900
 31    30.014 53292.22087697 31.72 231.192295  65.704827 20.900
 31    29.976 53292.22087761 37.17 231.189175  65.707927 20.900
 32    31.450 53327.22084937 17.59 231.221602  65.699896  4.393
 32    30.950 53327.22085001 17.70 231.218472  65.702986  4.393
 32    30.648 53327.22085066 17.35 231.215352  65.706086  4.393
 32    30.412 53327.22085130 17.55 231.212222  65.709176  4.393
 32    30.411 53327.22085195 18.14 231.209092  65.712276  4.393
 32    30.411 53327.22085259 17.32 231.205962  65.715366  4.393
 35    66.952 53432.22081760  8.87 231.227673  65.701038  3.556
 35    61.946 53432.22081824  8.86 231.224543  65.704128  3.556
 35    65.906 53432.22081889  7.15 231.221423  65.707228  3.556
 35    64.445 53432.22081953  6.51 231.218293  65.710318  3.556
 35    64.018 53432.22082018  4.20 231.215163  65.713418  3.556
 35    61.731 53432.22082082  4.05 231.212033  65.716508  3.556
 36    31.695 53467.22085175  9.39 231.210304  65.693744  3.303
 36    31.685 53467.22085240 10.24 231.207174  65.696834  3.303
 36    31.852 53467.22085304 10.06 231.204044  65.699934  3.303
 36    31.265 53467.22085369 10.34 231.200914  65.703024  3.303
 36    35.167 53467.22085433  9.40 231.197794  65.706114  3.303
 36    37.335 53467.22085498  8.56 231.194664  65.709214  3.303
 36    39.032 53467.22085562  8.26 231.191534  65.712304  3.303
 37    34.856 53502.22090502 51.93 231.214678  65.696233 27.617
 37    35.127 53502.22090567 51.19 231.211548  65.699323 27.617
 37    34.994 53502.22090631 51.03 231.208428  65.702423 27.617
 37    34.894 53502.22090696 51.07 231.205298  65.705513 27.617
 37    34.873 53502.22090760 51.38 231.202168  65.708613 27.617
 37    34.926 53502.22090825 51.92 231.199038  65.711703 27.617
 37    35.021 53502.22090889 44.20 231.195908  65.714793 27.617
 38    31.241 53537.22089820 33.66 231.218925  65.700171 11.827
 38    31.059 53537.22089884 31.65 231.215805  65.703271 11.827
 38    30.222 53537.22089949 31.23 231.212675  65.706361 11.827
 38    29.490 53537.22090013 30.74 231.209545  65.709461 11.827
 38    29.522 53537.22090078 28.52 231.206415  65.712551 11.827
 38    30.183 53537.22090142 27.22 231.203285  65.715641 11.827
 39    29.010 53572.22090230 21.10 231.216813  65.698882 13.982
 39    29.954 53572.22090295 21.19 231.213683  65.701972 13.982
 39    29.896 53572.22090359 20.49 231.210563  65.705072 13.982
 39    29.863 53572.22090424 20.38 231.207433  65.708162 13.982
 39    29.796 53572.22090488 22.57 231.204303  65.711262 13.982
 39    29.687 53572.22090553 24.01 231.201173  65.714352 13.982
 40    29.406 53607.22085101 23.21 231.230548  65.700526 12.756
 40    28.931 53607.22085166 23.68 231.227418  65.703626 12.756
 40    28.566 53607.22085230 25.36 231.224298  65.706716 12.756
 40    28.448 53607.22085294 24.08 231.221168  65.709816 12.756
 40    28.460 53607.22085359 24.06 231.218048  65.712906 12.756
 40    28.622 53607.22085423 22.98 231.214918  65.715996 12.756
 40    28.668 53607.22085488 22.90 231.211788  65.719096 12.756
 41    31.291 53642.22085107 22.18 231.208530  65.693524 14.663
 41    31.142 53642.22085172 23.05 231.205400  65.696614 14.663
 41    30.834 53642.22085236 23.95 231.202270  65.699714 14.663
 41    30.453 53642.22085301 27.06 231.199140  65.702804 14.663
 41    30.076 53642.22085365 28.84 231.196020  65.705894 14.663
 41    30.008 53642.22085430 29.77 231.192890  65.708994 14.663
 42    30.738 53677.22087014 34.80 231.216147  65.695683 19.705
 42    30.570 53677.22087079 35.74 231.213017  65.698773 19.705
 42    30.114 53677.22087143 36.61 231.209897  65.701863 19.705
 42    29.605 53677.22087208 39.69 231.206767  65.704963 19.705
 42    29.119 53677.22087272 41.98 231.203637  65.708053 19.705
 42    29.105 53677.22087337 41.63 231.200507  65.711153 19.705
 42    28.960 53677.22087401 41.34 231.197377  65.714243 19.705
 43    31.287 53712.22079985 24.64 231.230509  65.701544  7.533
 43    31.454 53712.22080050 24.67 231.227389  65.704634  7.533
 43    31.067 53712.22080114 23.42 231.224259  65.707734  7.533
 43    30.553 53712.22080243 23.69 231.218009  65.713924  7.533
 44    32.866 53747.22071074 25.88 231.211014  65.691906 10.619
 44    32.977 53747.22071139 28.79 231.207884  65.694996 10.619
 44    32.971 53747.22071203 26.03 231.204764  65.698086 10.619
 44    32.851 53747.22071268 26.21 231.201634  65.701186 10.619
 44    32.720 53747.22071332 21.52 231.198504  65.704276 10.619
 44    32.526 53747.22071396 20.83 231.195374  65.707366 10.619
 44    32.560 53747.22071461 22.52 231.192244  65.710466 10.619
 45    31.266 53782.22074291 20.93 231.222365  65.700051  5.315
 45    31.036 53782.22074355 21.42 231.219245  65.703141  5.315
 45    30.662 53782.22074420 19.63 231.216115  65.706241  5.315
 45    30.278 53782.22074484 18.83 231.212985  65.709331  5.315
 45    30.485 53782.22074548 16.22 231.209855  65.712421  5.315
 45    30.544 53782.22074613 16.31 231.206725  65.715521  5.315
 46    30.240 53817.22070868 16.36 231.235814  65.702693  3.286
 46    30.119 53817.22070932 15.35 231.232684  65.705783  3.286
 46    29.807 53817.22070997 15.81 231.229564  65.708883  3.286
 46    29.224 53817.22071061 15.30 231.226434  65.711973  3.286
 46    29.350 53817.22071126 14.38 231.223314  65.715073  3.286
 46    35.505 53817.22071190 12.85 231.220184  65.718163  3.286
 47    32.518 53852.22077998 28.06 231.210475  65.692222 14.388
 47    32.234 53852.22078063 32.48 231.207355  65.695322 14.388
 47    32.103 53852.22078127 32.71 231.204225  65.698412 14.388
 47    32.120 53852.22078192 31.43 231.201095  65.701502 14.388
 47    32.027 53852.22078256 28.08 231.197965  65.704602 14.388
 47    31.251 53852.22078321 28.41 231.194845  65.707692 14.388
 47    30.950 53852.22078385 21.84 231.191715  65.710792 14.388
 48    31.460 53887.22078654 17.10 231.224956  65.698371  6.754
 48    31.114 53887.22078719 17.27 231.221836  65.701461  6.754
 48    30.714 53887.22078783 19.16 231.218706  65.704561  6.754
 48    30.323 53887.22078848 20.37 231.215576  65.707651  6.754
 48    30.632 53887.22078912 21.07 231.212446  65.710751  6.754
 48    30.889 53887.22078977 20.21 231.209316  65.713841  6.754
 48    30.511 53887.22079041 22.30 231.206186  65.716931  6.754
 49    31.220 53922.22085761 18.83 231.211797  65.693334 21.252
 49    30.114 53922.22085825 22.88 231.208677  65.696424 21.252
 49    30.990 53922.22085890 20.02 231.205547  65.699514 21.252
 49    30.454 53922.22085954 22.66 231.202427  65.702614 21.252
 49    30.445 53922.22086019 22.99 231.199297  65.705704 21.252
 49    30.468 53922.22086083 24.01 231.196167  65.708804 21.252
 49    30.362 53922.22086148 29.01 231.193037  65.711894 21.252
 50    30.456 53957.22085293 21.62 231.215674  65.696828 15.626
 50    30.291 53957.22085357 22.31 231.212544  65.699918 15.626
 50    30.010 53957.22085422 22.58 231.209414  65.703008 15.626
 50    29.575 53957.22085486 24.61 231.206294  65.706108 15.626
 50    29.549 53957.22085551 25.87 231.203164  65.709198 15.626
 50    29.625 53957.22085615 33.62 231.200034  65.712298 15.626
 51    31.465 53992.22077541 38.30 231.208620  65.691063 27.687
 51    31.260 53992.22077605 40.92 231.205490  65.694163 27.687
 51    31.287 53992.22077669 36.84 231.202360  65.697253 27.687
 51    30.716 53992.22077734 36.29 231.199230  65.700343 27.687
 51    30.180 53992.22077798 35.81 231.196110  65.703443 27.687
 51    29.826 53992.22077863 32.91 231.192980  65.706533 27.687
 51    30.073 53992.22077927 36.32 231.189850  65.709623 27.687
 52    30.439 54027.22083907 24.75 231.213508  65.692946 18.958
 52    30.101 54027.22083972 26.89 231.210388  65.696046 18.958
 52    29.838 54027.22084036 26.54 231.207258  65.699136 18.958
 52    29.724 54027.22084101 26.53 231.204128  65.702236 18.958
 52    29.511 54027.22084165 29.83 231.201008  65.705326 18.958
 52    29.594 54027.22084230 34.39 231.197878  65.708416 18.958
 52    29.466 54027.22084294 39.15 231.194748  65.711516 18.958
 53    29.517 54062.22083355 35.07 231.222976  65.700284 33.159
 53    29.679 54062.22083420 42.35 231.219856  65.703374 33.159
 53    29.690 54062.22083484 48.86 231.216726  65.706464 33.159
 53    29.650 54062.22083548 50.20 231.213596  65.709564 33.159
 53    29.626 54062.22083613 48.03 231.210466  65.712654 33.159
 53    29.428 54062.22083677 45.43 231.207336  65.715754 33.159
 55    32.427 54132.22075456 29.13 231.212225  65.691759 27.136
 55    32.932 54132.22075521 32.40 231.209095  65.694849 27.136
 55    32.612 54132.22075585 37.33 231.205965  65.697939 27.136
 55    31.421 54132.22075650 40.90 231.202835  65.701039 27.136
 55    31.668 54132.22075714 44.24 231.199715  65.704129 27.136
 55    31.661 54132.22075779 51.03 231.196585  65.707219 27.136
 55    31.240 54132.22075843 46.43 231.193455  65.710319 27.136
 56    30.827 54167.22077739 29.89 231.222988  65.699760 14.121
 56    31.115 54167.22077804 35.02 231.219868  65.702860 14.121
 56    31.138 54167.22077868 42.77 231.216738  65.705950 14.121
 56    31.105 54167.22077933 51.50 231.213618  65.709040 14.121
 56    30.977 54167.22077997 50.62 231.210484  65.712137 30.708
 56    30.992 54167.22078061 49.74 231.207364  65.715237 30.708
 57    31.032 54202.22075833 32.11 231.212013  65.693972 11.703
 57    30.759 54202.22075898 37.03 231.208883  65.697062 11.703
 57    30.740 54202.22075962 37.85 231.205753  65.700152 11.703
 57    30.403 54202.22076027 38.29 231.202633  65.703252 11.703
 57    30.714 54202.22076091 41.90 231.199503  65.706342 11.703
 57    30.581 54202.22076155 46.68 231.196372  65.709431 14.905
 57    30.216 54202.22076220 44.45 231.193242  65.712531 14.905
 58    35.656 54237.22079443 27.59 231.218243  65.696487 17.891
 58    36.038 54237.22079507 18.94 231.215113  65.699577 17.891
 58    35.339 54237.22079572 17.53 231.211993  65.702667 17.891
 58    35.317 54237.22079636 17.35 231.208863  65.705767 17.891
 58    35.261 54237.22079701 18.33 231.205733  65.708857 17.891
 58    35.519 54237.22079765 17.44 231.202609  65.711951 16.138
 58    36.302 54237.22079829 17.13 231.199479  65.715051 16.138
 59    30.745 54272.22081455 19.48 231.218894  65.700171 14.736
 59    30.657 54272.22081520 18.35 231.215764  65.703271 14.736
 59    30.424 54272.22081584 18.68 231.212634  65.706361 14.736
 59    30.065 54272.22081649 20.87 231.209514  65.709451 14.736
 59    30.222 54272.22081713 21.61 231.206380  65.712547  9.045
 59    30.260 54272.22081778 22.92 231.203250  65.715647  9.045
 60    31.043 54307.22081660 22.50 231.216603  65.699118 17.594
 60    30.937 54307.22081724 22.20 231.213473  65.702218 17.594
 60    30.340 54307.22081789 24.59 231.210343  65.705308 17.594
 60    30.205 54307.22081853 24.78 231.207213  65.708398 17.594
 60    30.433 54307.22081918 24.08 231.204086  65.711492 14.875
 60    30.658 54307.22081982 25.38 231.200956  65.714592 14.875
 61    29.918 54342.22079669 15.26 231.226610  65.700632  7.026
 61    29.549 54342.22079734 17.02 231.223490  65.703732  7.026
 61    29.320 54342.22079798 18.27 231.220360  65.706822  7.026
 61    29.166 54342.22079863 18.89 231.217240  65.709912  7.026
 61    29.150 54342.22079927 19.87 231.214107  65.713010 12.743
 61    29.019 54342.22079992 23.24 231.210987  65.716100 12.743
 62    30.708 54377.22075092 18.04 231.215570  65.695071 12.744
 62    30.673 54377.22075157 17.73 231.212440  65.698161 12.744
 62    30.306 54377.22075221 19.48 231.209310  65.701251 12.744
 62    30.018 54377.22075286 21.45 231.206182  65.704345 15.302
 62    29.742 54377.22075350 23.38 231.203062  65.707445 15.302
 62    29.721 54377.22075415 27.65 231.199932  65.710535 15.302
 62    29.730 54377.22075479 32.17 231.196802  65.713625 15.302
 63    29.963 54412.22074366 37.45 231.219844  65.698981 17.218
 63    29.522 54412.22074430 39.01 231.216724  65.702071 17.218
 63    29.334 54412.22074495 41.17 231.213588  65.705169 21.920
 63    29.344 54412.22074559 43.04 231.210468  65.708269 21.920
 63    29.212 54412.22074624 43.55 231.207338  65.711359 21.920
 63    29.169 54412.22074688 42.76 231.204208  65.714449 21.920
 64    31.582 54447.22071603 16.72 231.210883  65.693995  8.161
 64    31.391 54447.22071668 16.78 231.207763  65.697095  8.161
 64    31.186 54447.22071732 16.61 231.204633  65.700185  8.161
 64    30.943 54447.22071797 15.53 231.201504  65.703277  2.928
 64    30.804 54447.22071861 14.33 231.198374  65.706377  2.928
 64    30.557 54447.22071925 13.21 231.195244  65.709467  2.928
 64    30.048 54447.22071990 12.93 231.192114  65.712557  2.928
 66    31.253 54517.22072990 12.73 231.213236  65.693966  4.987
 66    31.424 54517.22073055 12.83 231.210116  65.697056  4.987
 66    31.048 54517.22073119 11.95 231.206986  65.700156  4.987
 66    30.867 54517.22073184 12.11 231.203856  65.703246  4.987
 66    30.885 54517.22073248 10.84 231.200726  65.706336  4.987
 66    32.524 54517.22073312 10.54 231.197596  65.709436  4.987
 66    32.992 54517.22073377  9.94 231.194466  65.712526  4.987
 67    30.260 54552.22074897 11.20 231.224165  65.700688  3.655
 67    30.389 54552.22074961 10.76 231.221035  65.703778  3.655
 67    29.932 54552.22075025 10.24 231.217915  65.706878  3.655
 67    29.948 54552.22075090  9.91 231.214785  65.709968  3.655
 67    34.424 54552.22075154  9.88 231.211655  65.713068  3.655
 67    30.165 54552.22075219  9.37 231.208525  65.716158  3.655
 68    31.183 54587.22072655 19.15 231.214751  65.698450 10.949
 68    31.412 54587.22072720 20.40 231.211621  65.701550 10.949
 68    31.105 54587.22072784 19.47 231.208501  65.704640 10.949
 69    31.618 54622.22074458 33.95 231.219922  65.697602 21.840
 69    31.342 54622.22074523 32.19 231.216792  65.700692 21.840
 69    30.752 54622.22074587 32.79 231.213662  65.703792 21.840
 69    30.086 54622.22074652 32.48 231.210542  65.706882 21.840
 69    29.505 54622.22074716 31.17 231.207412  65.709982 21.840
 69    29.988 54622.22074781 29.13 231.204282  65.713072 21.840
 69    30.384 54622.22074845 25.15 231.201152  65.716162 21.840
 70    31.037 54657.22075425 17.42 231.217617  65.698001  5.048
 70    30.908 54657.22075489 17.62 231.214487  65.701091  5.048
 70    30.682 54657.22075554 19.00 231.211357  65.704191  5.048
 70    30.379 54657.22075618 20.41 231.208237  65.707281  5.048
 70    30.374 54657.22075683 21.39 231.205107  65.710381  5.048
 70    30.439 54657.22075747 22.45 231.201977  65.713471  5.048
 71    29.778 54692.22073788 20.29 231.221232  65.700450  8.300
 71    29.462 54692.22073853 21.04 231.218102  65.703550  8.300
 71    28.939 54692.22073917 23.20 231.214982  65.706640  8.300
 71    28.920 54692.22073982 25.09 231.211852  65.709740  8.300
 71    29.118 54692.22074046 27.29 231.208722  65.712830  8.300
 71    29.086 54692.22074111 28.91 231.205592  65.715930  8.300
 72    30.955 54727.22070628 29.85 231.214204  65.694590 23.958
 72    30.671 54727.22070692 30.49 231.211074  65.697680 23.958
 72    30.471 54727.22070757 29.47 231.207944  65.700770 23.958
 72    29.888 54727.22070821 28.79 231.204824  65.703870 23.958
 72    29.636 54727.22070886 28.64 231.201694  65.706960 23.958
 72    29.643 54727.22070950 33.75 231.198564  65.710060 23.958
 72    29.651 54727.22071015 35.83 231.195434  65.713150 23.958
 73    29.212 54762.22071459 24.35 231.218687  65.698254  9.207
 73    28.680 54762.22071524 28.51 231.215557  65.701354  9.207
 73    29.016 54762.22071588 27.56 231.212437  65.704444  9.207
 73    29.349 54762.22071653 33.28 231.209307  65.707544  9.207
 73    29.160 54762.22071717 33.89 231.206177  65.710634  9.207
 73    28.922 54762.22071782 32.62 231.203047  65.713724  9.207
 74    32.412 54797.22069911 33.31 231.210152  65.692341 14.211
 74    32.273 54797.22069976 35.50 231.207032  65.695431 14.211
 74    32.265 54797.22070040 30.63 231.203902  65.698531 14.211
 74    32.165 54797.22070105 24.52 231.200772  65.701621 14.211
 74    31.816 54797.22070169 22.79 231.197642  65.704711 14.211
 74    31.602 54797.22070233 22.19 231.194512  65.707811 14.211
 74    31.453 54797.22070298 19.83 231.191382  65.710901 14.211
 75    31.544 54832.22070448 16.49 231.218214  65.699309  8.728
 75    31.435 54832.22070512 17.49 231.215085  65.702398  2.987
 75    31.141 54832.22070577 14.76 231.211955  65.705488  2.987
 75    31.531 54832.22070641 13.90 231.208835  65.708588  2.987
 75    56.550 54832.22070706 13.27 231.205705  65.711678  2.987
 75    54.963 54832.22070770 12.00 231.202575  65.714778  2.987
 76    31.772 54867.22069538 12.63 231.210504  65.695465  5.484
 76    33.557 54867.22069602 10.90 231.207374  65.698565  5.484
 76    32.268 54867.22069667 11.03 231.204244  65.701655  5.484
 76    31.234 54867.22069731 11.06 231.201124  65.704745  5.484
 76    31.319 54867.22069796 10.32 231.197994  65.707845  5.484
 76    37.095 54867.22069860  9.93 231.194864  65.710935  5.484
 77    31.772 54902.22071459  9.65 231.221915  65.700337  4.799
 77    30.545 54902.22071523  9.61 231.218785  65.703427  4.799
 77    30.282 54902.22071587  9.64 231.215665  65.706527  4.799
 77    36.701 54902.22071652  8.55 231.212535  65.709617  4.799
 77    35.817 54902.22071716  8.17 231.209405  65.712717  4.799
 77    38.990 54902.22071781  7.95 231.206275  65.715807  4.799
 78    32.627 54937.22068541  8.62 231.215262  65.695926  4.933
 78    32.279 54937.22068606  9.23 231.212132  65.699026  4.933
 78    33.159 54937.22068670  9.37 231.209012  65.702116  4.933
 78    30.779 54937.22068735  9.60 231.205882  65.705206  4.933
 78    36.470 54937.22068799  8.13 231.202752  65.708306  4.933
 78    38.408 54937.22068864  7.46 231.199622  65.711396  4.933
 78    41.898 54937.22068928  6.99 231.196498  65.714487  8.080
 79    41.351 54972.22071864 28.22 231.215937  65.698142 12.623
 79    41.342 54972.22071928 29.95 231.212807  65.701242 12.623
 79    41.192 54972.22071993 30.92 231.209687  65.704332 12.623
 79    41.166 54972.22072057 30.20 231.206557  65.707432 12.623
 79    41.102 54972.22072122 30.20 231.203427  65.710522 12.623
 79    41.015 54972.22072186 31.02 231.200297  65.713612 12.623
 80    31.205 55007.22073626 29.73 231.217165  65.700082 16.293
 80    30.728 55007.22073691 28.57 231.214045  65.703172 16.293
 80    30.135 55007.22073755 30.18 231.210915  65.706272 16.293
 80    29.866 55007.22073820 28.38 231.207785  65.709362 16.293
 80    30.185 55007.22073884 27.24 231.204665  65.712452 16.293
 80    30.453 55007.22073949 25.89 231.201535  65.715552 16.293
 81    31.323 55042.22072474 14.43 231.218400  65.698666  5.548
 81    30.688 55042.22072539 16.14 231.215280  65.701756  5.548
 81    30.199 55042.22072603 17.14 231.212150  65.704856  5.548
 81    29.876 55042.22072668 18.12 231.209020  65.707946  5.548
 81    29.770 55042.22072732 18.90 231.205900  65.711046  5.548
 81    29.854 55042.22072797 20.06 231.202770  65.714136  5.548
 82    30.447 55077.22070470 14.41 231.223353  65.700931  3.693
 82    30.153 55077.22070534 15.11 231.220223  65.704021  3.693
 82    29.701 55077.22070599 15.40 231.217103  65.707111  3.693
 82    29.718 55077.22070663 16.48 231.213973  65.710211  3.693
 82    29.516 55077.22070728 17.88 231.210843  65.713301  3.693
 82    29.612 55077.22070792 19.79 231.207723  65.716401  3.693
 83    66.112 55112.22065661 18.09 231.215608  65.695225  9.834
 83    30.743 55112.22065725 18.63 231.212478  65.698325  9.834
 83    30.275 55112.22065790 20.31 231.209358  65.701415  9.834
 83    30.008 55112.22065854 21.21 231.206228  65.704515  9.834
 83    29.995 55112.22065919 23.64 231.203098  65.707605  9.834
 83    29.987 55112.22065983 28.21 231.199968  65.710695  9.834
 83    29.823 55112.22066048 31.37 231.196838  65.713795  9.834
 84    30.026 55147.22065882 32.28 231.216850  65.699659 25.745
 84    30.010 55147.22065947 33.98 231.213730  65.702759 25.745
 84    30.014 55147.22066011 39.17 231.210600  65.705849 25.745
 84    29.942 55147.22066075 41.87 231.207470  65.708949 25.745
 84    29.896 55147.22066140 43.30 231.204350  65.712039 25.745
 84    29.749 55147.22066204 43.49 231.201220  65.715129 25.745
 85    32.115 55182.22063652 35.12 231.209432  65.694858 17.741
 85    32.165 55182.22063717 35.86 231.206302  65.697948 17.741
 85    32.320 55182.22063781 39.29 231.203172  65.701048 17.741
 85    32.190 55182.22063846 49.75 231.200042  65.704138 17.741
 85    32.423 55182.22063910 47.34 231.196912  65.707228 17.741
 85    31.892 55182.22063975 43.52 231.193792  65.710328 17.741
 86    31.629 55217.22065423 23.48 231.221891  65.698056  9.526
 86    31.964 55217.22065488 24.64 231.218771  65.701156  9.526
 86    32.092 55217.22065552 28.28 231.215641  65.704246  9.526
 86    32.306 55217.22065616 29.65 231.212521  65.707346  9.526
 86    32.265 55217.22065681 30.86 231.209391  65.710436  9.526
 86    31.928 55217.22065745 27.51 231.206261  65.713526  9.526
 86    31.558 55217.22065810 19.75 231.203137  65.716620  7.553
 87    32.457 55252.22063293 25.86 231.213046  65.696375  9.291
 87    32.778 55252.22063357 25.67 231.209916  65.699475  9.291
 87    32.856 55252.22063422 29.58 231.206786  65.702565  9.291
 87    32.407 55252.22063486 30.05 231.203666  65.705655  9.291
 87    32.293 55252.22063551 26.57 231.200536  65.708755  9.291
 87    31.929 55252.22063615 20.23 231.197406  65.711845  9.291
 88    31.276 55287.22064655 20.65 231.225900  65.698502  6.554
 88    31.417 55287.22064719 20.12 231.222780  65.701592  6.554
 88    31.200 55287.22064784 20.28 231.219650  65.704682  6.554
 88    31.351 55287.22064848 17.94 231.216530  65.707782  6.554
 88    30.742 55287.22064912 18.53 231.213400  65.710872  6.554
 88    30.398 55287.22064977 16.26 231.210270  65.713972  6.554
 88    30.033 55287.22065041 15.63 231.207140  65.717062  6.554
 89    33.706 55322.22062223 51.43 231.217809  65.697847 23.931
 89    33.392 55322.22062288 52.56 231.214679  65.700937 23.931
 89    33.185 55322.22062352 51.75 231.211549  65.704037 23.931
 89    33.426 55322.22062417 50.46 231.208429  65.707127 23.931
 89    33.106 55322.22062481 40.99 231.205299  65.710227 23.931
 89    32.965 55322.22062546 39.29 231.202169  65.713317 23.931
 90    31.681 55357.22062187 12.76 231.218253  65.699486  4.928
 90    30.762 55357.22062251 14.05 231.215123  65.702576  4.928
 90    30.169 55357.22062316 14.45 231.211993  65.705676  4.928
 90    29.688 55357.22062380 17.65 231.208873  65.708766  4.928
 90    29.655 55357.22062444 18.20 231.205743  65.711866  4.928
 90    29.617 55357.22062509 19.83 231.202613  65.714956  4.928
 91    30.800 55392.22062315 17.25 231.214772  65.694872 10.247
 91    30.763 55392.22062380 18.54 231.211642  65.697962 10.247
 91    30.351 55392.22062444 21.06 231.208512  65.701062 10.247
 91    30.045 55392.22062509 22.29 231.205392  65.704152 10.247
 91    29.794 55392.22062573 23.90 231.202262  65.707242 10.247
 91    29.901 55392.22062638 24.85 231.199132  65.710342 10.247
 91    29.663 55392.22062702 32.41 231.196002  65.713432 10.247
 92    30.612 55427.22063818 30.75 231.218040  65.698863 20.103
 92    30.154 55427.22063882 30.24 231.214910  65.701953 20.103
 92    29.610 55427.22063947 29.06 231.211790  65.705043 20.103
 92    28.781 55427.22064011 30.47 231.208660  65.708143 20.103
 92    29.263 55427.22064076 27.94 231.205530  65.711233 20.103
 92    29.495 55427.22064140 26.28 231.202400  65.714333 20.103
 93    29.531 55462.22060374 29.64 231.227434  65.701050 10.031
 93    28.985 55462.22060438 30.46 231.224314  65.704140 10.031
 93    28.489 55462.22060503 29.44 231.221184  65.707240 10.031
 93    28.187 55462.22060567 28.11 231.218064  65.710330 10.031
 93    28.466 55462.22060631 27.12 231.214934  65.713430 10.031
 93    28.613 55462.22060696 25.28 231.211804  65.716520 10.031
