# NaN NaN NaN ;Mean Elev.(m), Avg Gradient(m/km), RMS Gradient(m/km) - SRTM1     
#    9.705  -4.856  10.679 ;Mean Elev.(m), Avg Gradient(m/km), RMS Gradient(m/km) - ASTER GDEM
#   14.202  -5.627  10.531 ;Mean Elev.(m), Avg Gradient(m/km), RMS Gradient(m/km) - GMTED2010 
  7 231.244064  66.366325    97.966    97.025 15 52468.21892587  7.153
  8 231.265808  66.349974    23.077    22.554 25 52503.21891132 25.756
  9 231.217932  66.374666   102.709   105.428 10 52538.21890158 13.245
 10 231.244048  66.361368    18.923    19.000  4 52573.21893875 32.967
 11 231.269872  66.349072    20.073    20.106 11 52608.21889401 31.392
 12 231.229411  66.370998    96.976    97.379 12 52643.21889488  7.143
 13 231.260347  66.361165    19.795    19.572 17 52678.21887495 17.284
 15 231.234551  66.374644    19.116    19.693  9 52748.21894185 12.020
 16 231.212921  66.377606   104.520   106.974  7 52783.21888359 14.480
 17 231.220971  66.371325    22.144    22.112 11 52818.21895997 33.086
 18 231.226498  66.376687    21.132    20.557  8 52853.21901046 19.921
 20 231.299223  66.324544    20.202    20.926  7 52923.21898727 46.601
 21 231.233021  66.371352    97.612    98.229 12 52958.21896355  9.854
 22 231.238113  66.370129    98.890    98.310 13 52993.21898905  3.923
 23 231.269923  66.357260    97.307    98.360 20 53028.21895078  5.069
 24 231.246403  66.365859    99.291   101.710 10 53063.21896119  2.212
 25 231.284525  66.333618    94.709    91.453 14 53098.21897162  2.124
 26 231.265911  66.347374    87.026    86.993  4 53133.21895550  0.848
 28 231.237311  66.369974    27.165    20.630 13 53203.21903510 32.311
 29 231.270923  66.355084    20.069    19.225 21 53238.21900011 32.969
 30 231.218987  66.373200    17.805    17.825 11 53273.21896454 38.902
 31 231.211840  66.386562    18.948    18.948  2 53308.21902628 44.117
 33 231.220396  66.373560    98.028    98.175 11 53378.21893091  3.844
 34 231.265151  66.350704    95.190    93.811 25 53413.21896107  4.327
 35 231.216517  66.373256    98.995    98.189 11 53448.21895438  1.673
 37 231.266432  66.348426    95.283    96.444 18 53518.21903368 14.531
 38 231.235947  66.369167    21.136    21.160 13 53553.21905983 28.391
 39 231.234504  66.386833    32.820    32.820  2 53588.21901293 41.687
 40 231.212866  66.373277    19.667    19.567 10 53623.21898259 38.000
 41 231.225623  66.373853    19.094    18.979 10 53658.21900964 44.812
 42 231.265805  66.350603    20.842    20.800 12 53693.21898563 32.544
 43 231.284437  66.346489    99.180    97.868 19 53728.21890761  2.900
 44 231.237541  66.368517   100.285    98.187 14 53763.21887126  3.278
 45 231.276784  66.349528    98.388    98.450 21 53798.21887636  4.057
 47 231.231147  66.370270    29.275    29.071 13 53868.21894119 36.578
 48 231.229906  66.376776    23.881    23.895  9 53903.21897431 46.956
 49 231.226440  66.371718    20.907    20.886 11 53938.21900956 22.889
 50 231.256241  66.360423    20.388    19.848 18 53973.21896900 30.926
 52 231.240745  66.367369    18.449    18.589  4 54043.21898233 43.232
 53 231.281215  66.338162    19.904    20.293 11 54078.21896972 38.279
 54 231.262333  66.365447    97.239    95.821 15 54113.21891330  7.703
 56 231.264545  66.361724   101.435   101.658 13 54183.21890147  2.473
 57 231.232350  66.369209    18.208    18.360 12 54218.21892998 22.334
 58 231.240280  66.367786    22.136    22.035 14 54253.21895476 46.727
 59 231.240777  66.373600    23.971    23.853  9 54288.21895975 44.258
 60 231.248570  66.364730    23.383    23.077 16 54323.21895525 23.207
 61 231.266965  66.360888    21.378    20.091 18 54358.21891114 22.037
 62 231.227587  66.381141    18.780    18.680  5 54393.21889907 29.962
 63 231.276718  66.343865    25.306    23.614 18 54428.21885789 19.437
 64 231.243214  66.361923    21.467    21.581  9 54463.21887358 15.278
 65 231.268627  66.350547    29.550    30.842 25 54498.21886853 11.501
 66 231.243738  66.365985   100.648   101.406  6 54533.21888803  1.244
 67 231.297051  66.330540    86.065    86.187  9 54568.21886858  2.862
 68 231.239268  66.368138   105.969   108.109 14 54603.21888362 14.400
 69 231.238987  66.372512    22.291    22.239 10 54638.21889520 50.131
 70 231.247917  66.364422    21.109    21.119 14 54673.21889653 32.273
 71 231.272350  66.351259    46.334    50.830 24 54708.21885218 17.501
 72 231.238882  66.368196    18.963    19.111 14 54743.21886312 26.763
 73 231.249260  66.368133    21.545    21.158 14 54778.21883790 22.753
 74 231.232049  66.370055    20.148    20.136 12 54813.21885709 16.443
 75 231.265877  66.353564    22.487    22.297 23 54848.21883467 12.001
 76 231.236797  66.368486   104.200   107.615 13 54883.21885998  2.282
 77 231.293006  66.332599    86.152    86.063 11 54918.21883265  2.308
 78 231.243931  66.361965    83.340    80.925  9 54953.21885316 12.277
 79 231.236699  66.368873    46.849    27.057 13 54988.21887868 18.113
 80 231.258606  66.358361    99.655   101.820 19 55023.21886819  8.526
 81 231.242426  66.371561    20.821    20.044 12 55058.21886655 42.568
 82 231.272415  66.352738    52.916    25.699 24 55093.21881712 16.854
 83 231.249370  66.359990    19.101    18.792  3 55128.21880467 41.438
 84 231.272249  66.345628    24.324    23.369 17 55163.21877731 22.320
 85 231.234715  66.369015    96.682    97.471 13 55198.21879808  8.882
 86 231.258464  66.362814    99.903   101.757 17 55233.21878512  5.453
 87 231.242087  66.367154    95.870    96.283 14 55268.21879220  3.438
 88 231.289576  66.338678    23.942    24.087 15 55303.21875983  3.774
 89 231.236446  66.375224    22.151    21.321 10 55338.21876737 47.077
 90 231.239724  66.374960    21.179    19.920 10 55373.21875780 48.392
 91 231.241735  66.366680    21.375    21.258 14 55408.21877705 28.325
 92 231.261578  66.354306    91.753    92.494 16 55443.21877174  8.088
 93 231.258930  66.369931    18.583    18.614 12 55478.21871350 48.281
