# NaN NaN NaN ;Mean Elev.(m), Avg Gradient(m/km), RMS Gradient(m/km) - SRTM1     
#   20.266 -18.337  77.850 ;Mean Elev.(m), Avg Gradient(m/km), RMS Gradient(m/km) - ASTER GDEM
#   53.808  -9.519  69.231 ;Mean Elev.(m), Avg Gradient(m/km), RMS Gradient(m/km) - GMTED2010 
  8 232.884473  65.318488    61.392    51.848  3 52495.82255246 11.245
  9 232.897743  65.316502    40.967    40.125  3 52530.82253789 16.153
 10 232.896258  65.315373    54.195    43.929  3 52565.82255813 25.024
 11 232.874315  65.320097    41.625    41.625  2 52600.82257682 24.379
 12 232.891343  65.317581    80.223    80.223  2 52635.82253763 14.985
 13 232.880714  65.318292    78.824    78.824  2 52670.82254500 11.970
 14 232.893700  65.316393    79.556    79.556  2 52705.82253865  7.007
 15 232.878254  65.319240    80.000    80.102  3 52740.82257264  6.587
 16 232.876511  65.320939    50.432    50.432  2 52775.82251778 20.954
 17 232.891894  65.316474    41.989    41.989  2 52810.82259401 46.110
 18 232.893063  65.316099    39.239    39.239  2 52845.82264968 42.786
 19 232.884364  65.318872    49.084    50.638  3 52880.82268676 32.826
 20 232.878797  65.318778    45.346    43.840  3 52915.82264435 41.563
 22 232.890858  65.315466    56.338    50.831  3 52985.82262597 14.018
 23 232.880884  65.318613    80.261    80.097  3 53020.82261579  7.971
 24 232.895747  65.316177    79.217    79.217  2 53055.82260412  7.615
 25 232.867642  65.320630    80.171    80.154  3 53090.82264182  4.921
 27 232.882301  65.319610    40.868    40.868  2 53160.82267339 19.345
 28 232.888849  65.320003    41.838    41.838  2 53195.82267049 37.786
 29 232.886215  65.317195    41.059    42.629  3 53230.82265622 19.408
 30 232.868391  65.320370    61.302    55.262  3 53265.82262643 12.646
 31 232.884389  65.319017    41.326    41.639  3 53300.82267524 42.851
 32 232.882698  65.318657    59.749    59.749  2 53335.82264619 20.331
 33 232.872950  65.319789    79.047    79.047  2 53370.82258416  8.658
 34 232.890826  65.316727    79.220    79.608  3 53405.82261878  7.275
 35 232.873633  65.320438    80.839    80.839  2 53440.82260532  3.863
 38 232.877416  65.319598    66.889    66.889  2 53545.82270255 11.953
 39 232.877972  65.318675    80.228    80.228  2 53580.82267743  7.363
 40 232.871870  65.322597    41.715    41.715  2 53615.82263160 43.667
 41 232.890161  65.316225    46.962    40.799  3 53650.82264480 14.837
 42 232.878609  65.318605    79.701    79.949  3 53685.82265293 16.812
 43 232.876182  65.319902    80.090    80.090  2 53720.82257886  9.898
 44 232.900098  65.315261    78.894    78.894  2 53755.82250612 11.618
 45 232.885372  65.318037    79.640    79.657  3 53790.82253405  9.347
 48 232.890623  65.318041    70.080    64.223  3 53895.82260373 16.873
 49 232.875297  65.320121    79.909    79.909  2 53930.82265574  8.313
 50 232.873445  65.319323    41.334    41.683  3 53965.82263310 43.314
 53 232.883785  65.317251    79.517    79.541  3 54070.82262863 14.076
 54 232.869806  65.319833    79.560    79.808  3 54105.82258138  9.704
 56 232.876247  65.318978    80.283    80.715  3 54175.82256203  5.218
 57 232.889242  65.318316    47.901    50.833  3 54210.82256760  4.741
 59 232.885197  65.317854    39.025    40.773  3 54280.82260867 45.529
 60 232.883075  65.318046    67.007    67.007  2 54315.82260773 10.012
 61 232.878793  65.321933    69.822    69.822  2 54350.82257495 18.931
 62 232.890255  65.318763    80.602    80.602  2 54385.82254629 14.897
 63 232.875780  65.317923    42.036    42.036  2 54420.82252558 38.040
 64 232.895127  65.315428    78.802    78.802  2 54455.82251911 10.298
 65 232.880790  65.318707    80.463    80.611  3 54490.82252623  6.230
 66 232.890770  65.317051    80.209    80.209  2 54525.82253183  6.288
 68 232.883350  65.316944    45.130    45.189  3 54595.82252775 27.334
 69 232.883917  65.318521    79.733    80.400  3 54630.82254147 13.612
 70 232.882867  65.317970    41.635    42.696  3 54665.82254796 44.093
 71 232.877317  65.319921    79.932    80.332  3 54700.82251699  9.790
 72 232.892647  65.316925    45.360    44.717  3 54735.82250726 22.245
 74 232.890945  65.317079    78.217    78.217  2 54805.82250111 14.458
 75 232.883192  65.317621    77.900    77.369  3 54840.82249318 11.077
 77 232.874649  65.320613    80.129    79.863  3 54910.82249854  5.765
 78 232.887879  65.316854    78.103    77.717  3 54945.82249472  6.065
 80 232.883987  65.318142    80.400    80.766  3 55015.82252290 10.493
 81 232.883256  65.317001    40.758    40.803  3 55050.82251741 35.949
 82 232.873680  65.320613    40.011    40.011  2 55085.82248285 41.834
 83 232.891654  65.316247    79.185    79.429  3 55120.82245102 23.877
 84 232.877635  65.318650    42.386    42.386  2 55155.82244318 36.012
 85 232.892200  65.317492    79.694    79.936  3 55190.82244007 12.043
 86 232.879322  65.318876    80.312    80.312  2 55225.82244342  7.721
 87 232.886240  65.317764    80.720    80.720  2 55260.82243604  6.508
 88 232.875411  65.318711    80.046    80.419  3 55295.82242885  4.568
 90 232.880618  65.319127    41.459    41.184  3 55365.82241016 18.450
 91 232.891259  65.316448    42.030    42.030  2 55400.82242266 43.425
 92 232.884125  65.319045    38.553    38.774  3 55435.82242696 19.309
