# NaN NaN NaN ;Mean Elev.(m), Avg Gradient(m/km), RMS Gradient(m/km) - SRTM1     
#    5.249  -3.815  10.639 ;Mean Elev.(m), Avg Gradient(m/km), RMS Gradient(m/km) - ASTER GDEM
#   21.187  -3.506  10.178 ;Mean Elev.(m), Avg Gradient(m/km), RMS Gradient(m/km) - GMTED2010 
  7 231.351931  66.264609    77.541    77.064  5 52468.21890459  4.572
  8 231.354003  66.266741    39.537    41.974  5 52503.21889391 20.709
  9 231.340618  66.259097    73.480    75.154  3 52538.21887740 13.293
 10 231.349450  66.261961    83.125    82.273  4 52573.21891796 10.804
 11 231.354797  66.268926    73.921    73.771  5 52608.21887725  9.149
 12 231.347129  66.260046    84.079    83.414  4 52643.21887168  9.196
 13 231.356758  66.270236    73.869    73.562  6 52678.21885593  7.951
 15 231.348953  66.266763    64.333    56.703  3 52748.21891928  8.294
 17 231.343613  66.255752    27.745    28.382  4 52818.21893580 18.644
 18 231.349146  66.261105    80.529    78.709  5 52853.21898629  3.788
 20 231.356335  66.270594    69.309    67.211  6 52923.21897599  7.481
 21 231.350756  66.260400    77.191    75.659  4 52958.21894034  9.926
 22 231.350915  66.263797    80.549    80.629  4 52993.21896681  6.708
 23 231.356514  66.275574    71.315    70.277  7 53028.21893369  8.192
 24 231.352662  66.265687    75.246    74.483  4 53063.21894024  6.741
 25 231.354695  66.267339    80.547    80.259  5 53098.21895776  3.810
 26 231.355757  66.262608    70.547    75.803  3 53133.21893777  2.089
 28 231.351732  66.262097    76.709    78.675  5 53203.21901254  7.131
 29 231.355883  66.274939    26.516    26.568  5 53238.21898335 19.144
 30 231.343298  66.256090    23.628    22.179  5 53273.21894004 24.758
 31 231.347596  66.258663    85.403    86.375  5 53308.21899953  8.226
 33 231.344710  66.256451    87.173    87.156  5 53378.21890641  7.026
 34 231.353378  66.267481    81.628    81.132  5 53413.21894366  4.395
 35 231.340829  66.256144    89.950    89.738  5 53448.21892988  2.379
 37 231.353007  66.266740    70.529    69.803  5 53518.21901660 10.899
 38 231.350348  66.261283    27.684    27.856  5 53553.21903727 22.380
 39 231.357160  66.271252    36.628    43.214  5 53588.21898875 41.497
 40 231.338790  66.254624    26.257    25.052  5 53623.21895777 20.163
 41 231.346623  66.259817    84.001    85.576  4 53658.21898579  3.959
 42 231.354023  66.267374    80.104    80.073  5 53693.21896822  3.969
 43 231.357915  66.277129    72.861    73.201  6 53728.21889310  4.951
 44 231.350366  66.262187    83.865    83.993  5 53763.21884901  5.421
 45 231.356818  66.274005    73.527    73.737  6 53798.21886056  6.810
 47 231.348852  66.259316    30.616    30.472  5 53868.21891798 35.988
 48 231.349269  66.264273    81.320    81.397  4 53903.21895078  5.086
 49 231.347389  66.257669    28.741    28.320  5 53938.21898570 19.067
 50 231.354274  66.267949    68.034    66.462  6 53973.21894966  6.016
 52 231.351925  66.262581    80.333    80.062  5 54043.21896042 11.053
 53 231.354685  66.268801    74.013    73.359  6 54078.21895522  9.636
 54 231.357092  66.276052    70.503    70.539  7 54113.21889461  9.730
 56 231.357659  66.273872    72.367    72.370  6 54183.21888309  6.801
 57 231.346247  66.261847    64.788    58.542  3 54218.21890753  4.794
 58 231.351429  66.262987    25.313    25.302  4 54253.21893284 37.711
 59 231.355208  66.265721    29.528    25.906  5 54288.21893719 39.570
 60 231.354796  66.264554    44.139    44.194  3 54323.21893430 17.334
 61 231.360076  66.273036    64.018    62.777  5 54358.21889277 11.060
 62 231.351869  66.264019    81.823    82.448  5 54393.21887457  5.406
 63 231.355109  66.269886    75.569    76.156  6 54428.21884242  6.169
 64 231.349453  66.261748    83.872    84.258  4 54463.21885263  4.042
 65 231.355202  66.268863    77.364    78.204  6 54498.21885144  5.770
 66 231.351628  66.264274    82.226    82.222  5 54533.21886675  3.808
 67 231.357429  66.273506    75.985    75.869  6 54568.21885666  3.509
 68 231.348796  66.264883    77.473    77.768  3 54603.21886202 12.905
 69 231.353406  66.264634    65.295    67.975  4 54638.21887264  9.656
 70 231.354130  66.264244    70.629    69.767  5 54673.21887558  5.790
 71 231.358913  66.269570    62.711    62.182  5 54708.21883510 10.747
 72 231.351668  66.261860    71.139    74.017  5 54743.21884087  7.186
 73 231.355499  66.267962    72.037    74.502  5 54778.21881695 10.971
 74 231.348132  66.260642    83.266    84.660  5 54813.21883421  8.063
 75 231.354097  66.270336    77.489    76.782  5 54848.21881726  6.180
 76 231.349588  66.262154    83.725    84.059  4 54883.21883774  4.812
 77 231.356645  66.272484    77.179    77.048  6 54918.21882007  4.260
 78 231.350157  66.261787    73.430    73.113  4 54953.21883220 11.670
 79 231.349487  66.262535    29.892    29.852  4 54988.21885644 15.361
 80 231.353374  66.268971    69.454    69.109  5 55023.21884950  9.154
 81 231.351954  66.268303    23.382    24.326  5 55058.21884495 41.029
 82 231.358978  66.271046    60.104    61.880  5 55093.21880004 18.677
 83 231.350693  66.264441    88.217    87.395  5 55128.21878468  8.562
 84 231.353900  66.268565    75.958    75.140  5 55163.21876120 10.011
 85 231.349150  66.261140    84.724    85.893  5 55198.21877552  8.377
 86 231.354862  66.271882    70.818    69.123  6 55233.21876610  8.956
 87 231.351598  66.263903    77.615    80.311  5 55268.21877060  7.083
 89 231.350900  66.267344    72.929    73.357  4 55338.21874481  8.699
 90 231.352531  66.268622    22.923    23.250  5 55373.21873556 34.615
 91 231.354514  66.260344    23.146    23.055  3 55408.21875481 25.256
 92 231.354692  66.266453    72.871    76.704  5 55443.21875337  7.857
 93 231.358611  66.275915    21.634    22.221  7 55478.21869384 43.408
