# NaN NaN NaN ;Mean Elev.(m), Avg Gradient(m/km), RMS Gradient(m/km) - SRTM1     
#    9.705  -4.856  10.679 ;Mean Elev.(m), Avg Gradient(m/km), RMS Gradient(m/km) - ASTER GDEM
#   14.202  -5.627  10.531 ;Mean Elev.(m), Avg Gradient(m/km), RMS Gradient(m/km) - GMTED2010 
  7    87.535 52468.21892135 10.43 231.267014  66.344760  7.764
  7    86.395 52468.21892200 10.55 231.263744  66.347840  7.764
  7    85.684 52468.21892264  8.18 231.260464  66.350920  7.764
  7    84.272 52468.21892329  8.61 231.257184  66.354000  7.764
  7    83.595 52468.21892393  7.52 231.253914  66.357080  7.764
  7    82.035 52468.21892458  7.59 231.250634  66.360160  7.764
  7    94.039 52468.21892522  5.78 231.247354  66.363240  7.764
  7    95.553 52468.21892587  5.53 231.244074  66.366330  7.764
  7   107.060 52468.21892651  4.83 231.240792  66.369406 10.556
  7   106.088 52468.21892716  3.66 231.237512  66.372486 10.556
  7   111.768 52468.21892780  3.49 231.234222  66.375566 10.556
  7   114.064 52468.21892845  3.28 231.230942  66.378646 10.556
  7   116.790 52468.21892909  3.33 231.227662  66.381736 10.556
  7   110.630 52468.21892973  5.06 231.224372  66.384816 10.556
  7   103.979 52468.21893038  8.93 231.221092  66.387896 10.556
  8    25.121 52503.21890359 14.44 231.305080  66.312992  7.687
  8    23.311 52503.21890423 13.34 231.301810  66.316072  7.687
  8    24.973 52503.21890487 13.31 231.298550  66.319152  7.687
  8    26.670 52503.21890552 13.09 231.295280  66.322232  7.687
  8    25.331 52503.21890616 13.06 231.292010  66.325322  7.687
  8    23.951 52503.21890681 13.83 231.288740  66.328402  7.687
  8    25.007 52503.21890745 14.39 231.285460  66.331482  7.687
  8    24.722 52503.21890810 15.74 231.282190  66.334562  7.687
  8    24.962 52503.21890874 15.68 231.278920  66.337652  7.687
  8    24.749 52503.21890939 16.55 231.275650  66.340732  7.687
  8    21.214 52503.21891003 17.94 231.272370  66.343812  7.687
  8    21.052 52503.21891068 20.49 231.269100  66.346892  7.687
  8    21.134 52503.21891132 24.74 231.265820  66.349972  7.687
  8    21.235 52503.21891197 25.96 231.262540  66.353052  7.687
  8    20.922 52503.21891261 27.51 231.259270  66.356142  7.687
  8    20.826 52503.21891326 29.06 231.255990  66.359222  7.687
  8    20.948 52503.21891390 30.00 231.252705  66.362303 10.384
  8    20.896 52503.21891454 24.71 231.249435  66.365383 10.384
  8    27.512 52503.21891519 23.37 231.246155  66.368463 10.384
  8    20.937 52503.21891583 26.53 231.242865  66.371543 10.384
  8    25.039 52503.21891648 35.92 231.239585  66.374623 10.384
  8    25.534 52503.21891712 27.70 231.236305  66.377713 10.384
  8    20.414 52503.21891777 22.87 231.233025  66.380793 10.384
  8    20.266 52503.21891841 21.20 231.229735  66.383873 10.384
  8    20.208 52503.21891906 20.18 231.226455  66.386953 10.384
  9    82.831 52538.21889803 15.90 231.235995  66.357726  8.287
  9    81.116 52538.21889868 15.23 231.232715  66.360806  8.287
  9    79.834 52538.21889932 14.46 231.229425  66.363886  8.287
  9   106.349 52538.21890061 12.37 231.222865  66.370046  8.287
  9   108.412 52538.21890126 11.87 231.219575  66.373126  8.287
  9   110.862 52538.21890190 10.74 231.216295  66.376206  8.287
  9   112.849 52538.21890255  9.63 231.213005  66.379286  8.287
  9   115.703 52538.21890319  9.87 231.209715  66.382366  8.287
  9   114.431 52538.21890384 12.08 231.206435  66.385446  8.287
  9   114.700 52538.21890448 14.97 231.203145  66.388526  8.287
 10    17.799 52573.21893633 38.54 231.256355  66.349814 11.452
 10    19.577 52573.21893698 24.65 231.253075  66.352894 11.452
 10    19.892 52573.21893762 23.70 231.249795  66.355974 11.452
 10    18.423 52573.21894407 23.97 231.216969  66.386790  4.306
 11    19.791 52608.21889079 34.61 231.286244  66.333663  8.445
 11    19.612 52608.21889143 36.11 231.282974  66.336743  8.445
 11    20.104 52608.21889208 34.11 231.279704  66.339823  8.445
 11    20.221 52608.21889272 32.25 231.276424  66.342913  8.445
 11    20.275 52608.21889337 31.00 231.273154  66.345993  8.445
 11    20.389 52608.21889401 27.94 231.269874  66.349073  8.445
 11    20.350 52608.21889466 26.06 231.266598  66.352157  7.782
 11    20.031 52608.21889530 26.18 231.263318  66.355237  7.782
 11    20.120 52608.21889595 25.71 231.260048  66.358317  7.782
 11    20.109 52608.21889659 25.55 231.256768  66.361397  7.782
 11    19.801 52608.21889723 26.97 231.253488  66.364477  7.782
 12    86.735 52643.21889134  6.17 231.247457  66.354050  4.188
 12    89.746 52643.21889198  5.30 231.244177  66.357130  4.188
 12    92.409 52643.21889263  4.03 231.240902  66.360214  7.848
 12    94.691 52643.21889327  4.17 231.237622  66.363294  7.848
 12    95.706 52643.21889392  4.65 231.234342  66.366374  7.848
 12    97.290 52643.21889456  5.06 231.231052  66.369454  7.848
 12    98.778 52643.21889521  5.94 231.227772  66.372544  7.848
 12   100.111 52643.21889585  6.99 231.224492  66.375624  7.848
 12   100.929 52643.21889650  8.21 231.221202  66.378704  7.848
 12   101.990 52643.21889714  8.53 231.217922  66.381784  7.848
 12   102.416 52643.21889779 10.39 231.214632  66.384864  7.848
 12   102.911 52643.21889843  9.89 231.211342  66.387944  7.848
 13    20.634 52678.21886528 19.01 231.309463  66.314933  4.146
 13    21.023 52678.21886592 18.51 231.306193  66.318023  4.146
 13    21.052 52678.21886657 18.02 231.302923  66.321103  4.146
 13    20.718 52678.21886721 18.03 231.299653  66.324183  4.146
 13    20.680 52678.21886786 18.42 231.296383  66.327263  4.146
 13    20.438 52678.21887302 17.36 231.270193  66.351923  4.146
 13    20.361 52678.21887366 16.85 231.266923  66.355003  4.146
 13    19.990 52678.21887431 16.74 231.263643  66.358083  4.146
 13    19.926 52678.21887495 16.98 231.260363  66.361163  4.146
 13    19.220 52678.21887559 17.05 231.257083  66.364253  4.146
 13    19.091 52678.21887624 16.56 231.253803  66.367333  4.146
 13    19.050 52678.21887688 16.83 231.250523  66.370411  3.166
 13    18.765 52678.21887753 16.69 231.247243  66.373491  3.166
 13    18.819 52678.21887817 17.03 231.243963  66.376571  3.166
 13    18.967 52678.21887882 16.62 231.240683  66.379651  3.166
 13    18.974 52678.21887946 15.61 231.237393  66.382731  3.166
 13    18.806 52678.21888011 15.91 231.234113  66.385821  3.166
 15    17.503 52748.21893604 10.71 231.264057  66.346912  3.707
 15    21.078 52748.21893991 14.27 231.244397  66.365397  6.374
 15    20.847 52748.21894056 15.44 231.241117  66.368477  6.374
 15    18.195 52748.21894120 13.35 231.237837  66.371567  6.374
 15    20.094 52748.21894185 11.56 231.234557  66.374647  6.374
 15    19.566 52748.21894249 10.74 231.231267  66.377727  6.374
 15    18.773 52748.21894314  9.41 231.227987  66.380807  6.374
 15    18.162 52748.21894378  8.73 231.224707  66.383887  6.374
 15    17.827 52748.21894442  7.63 231.221417  66.386967  6.374
 16    82.285 52783.21887972 16.81 231.232630  66.359116  7.078
 16    81.000 52783.21888037 16.62 231.229350  66.362206  7.078
 16   109.012 52783.21888294 13.58 231.216210  66.374526  7.078
 16   111.016 52783.21888359 13.57 231.212920  66.377606  7.078
 16   115.485 52783.21888423 11.14 231.209640  66.380686  7.078
 16   115.188 52783.21888488 14.08 231.206350  66.383766  7.078
 16   117.655 52783.21888552 12.63 231.203060  66.386846  7.078
 17    22.518 52818.21895675 39.21 231.237385  66.355919 17.223
 17    22.178 52818.21895740 33.88 231.234105  66.358999 17.223
 17    22.248 52818.21895804 32.73 231.230825  66.362079 17.223
 17    22.055 52818.21895869 34.30 231.227545  66.365169 17.223
 17    22.108 52818.21895933 32.69 231.224255  66.368249 17.223
 17    22.112 52818.21895997 30.66 231.220975  66.371329 17.223
 17    22.074 52818.21896062 28.24 231.217685  66.374409 17.223
 17    22.138 52818.21896126 34.10 231.214405  66.377489 17.223
 17    22.130 52818.21896191 27.40 231.211115  66.380569 17.223
 17    22.026 52818.21896255 21.26 231.207835  66.383649 17.223
 17    21.996 52818.21896320 19.88 231.204545  66.386729 17.223
 18    21.687 52853.21900821 25.34 231.237992  66.365897  7.583
 18    20.867 52853.21900885 21.42 231.234712  66.368987  7.583
 18    25.079 52853.21900950 18.61 231.231422  66.372067  7.583
 18    20.508 52853.21901014 17.85 231.228142  66.375147  7.583
 18    20.315 52853.21901079 17.35 231.224862  66.378227  7.583
 18    20.164 52853.21901143 17.66 231.221572  66.381307  7.583
 18    20.311 52853.21901208 14.84 231.218282  66.384387  7.583
 18    20.122 52853.21901272 14.51 231.215002  66.387467  7.583
 20    21.191 52923.21898534 45.74 231.309044  66.315299 16.660
 20    21.137 52923.21898598 45.64 231.305774  66.318379 16.660
 20    21.289 52923.21898663 44.88 231.302504  66.321459 16.660
 20    21.067 52923.21898727 45.76 231.299244  66.324549 16.660
 20    18.936 52923.21899888 47.83 231.240269  66.380022 21.983
 20    18.983 52923.21899952 49.29 231.236989  66.383102 21.983
 20    18.811 52923.21900017 45.03 231.233709  66.386182 21.983
 21    86.235 52958.21896000 10.25 231.251076  66.354402 12.676
 21    90.944 52958.21896064  7.63 231.247795  66.357486 10.859
 21    92.840 52958.21896129  8.29 231.244515  66.360566 10.859
 21    94.950 52958.21896193  7.14 231.241235  66.363646 10.859
 21    97.618 52958.21896258  6.96 231.237945  66.366736 10.859
 21    98.253 52958.21896322  6.46 231.234665  66.369816 10.859
 21    99.522 52958.21896387  7.81 231.231385  66.372896 10.859
 21   100.542 52958.21896451  8.07 231.228095  66.375976 10.859
 21   101.471 52958.21896516 10.27 231.224815  66.379056 10.859
 21   102.436 52958.21896580 10.48 231.221525  66.382136 10.859
 21   103.022 52958.21896645 12.42 231.218235  66.385216 10.859
 21   103.515 52958.21896709 14.25 231.214955  66.388296 10.859
 22    89.153 52993.21898518  4.59 231.257802  66.351640  5.067
 22    88.188 52993.21898583  4.07 231.254522  66.354720  5.067
 22    92.740 52993.21898647  3.45 231.251242  66.357800  5.067
 22    98.904 52993.21898711  1.78 231.247962  66.360890  5.067
 22    97.625 52993.21898776  2.02 231.244682  66.363970  5.067
 22    97.133 52993.21898840  2.87 231.241402  66.367050  5.067
 22    98.944 52993.21898905  2.92 231.238112  66.370130  5.067
 22   109.370 52993.21898969  2.35 231.234832  66.373210  5.067
 22   100.831 52993.21899034  4.04 231.231552  66.376290  5.067
 22   101.633 52993.21899098  4.82 231.228262  66.379370  5.067
 22   103.028 52993.21899163  4.81 231.224982  66.382450  5.067
 22   103.902 52993.21899227  5.28 231.221692  66.385530  5.067
 22   104.125 52993.21899292  5.75 231.218412  66.388610  5.067
 23    84.926 53028.21894465  7.04 231.301036  66.327985  3.204
 23    85.842 53028.21894530  6.74 231.297766  66.331065  3.204
 23    86.369 53028.21894594  6.75 231.294496  66.334145  3.204
 23    86.708 53028.21894659  8.13 231.291216  66.337225  3.204
 23    85.269 53028.21894723  7.21 231.287946  66.340315  3.204
 23    86.223 53028.21894788  7.62 231.284676  66.343395  3.204
 23    85.510 53028.21894852  5.86 231.281396  66.346475  3.204
 23    84.525 53028.21894917  4.68 231.278126  66.349555  3.204
 23    94.752 53028.21894981  3.87 231.274845  66.352642  5.567
 23    96.938 53028.21895046  3.51 231.271575  66.355722  5.567
 23   101.849 53028.21895110  2.52 231.268295  66.358802  5.567
 23   103.907 53028.21895175  1.13 231.265015  66.361882  5.567
 23   105.671 53028.21895239  0.97 231.261745  66.364962  5.567
 23   106.295 53028.21895304  1.90 231.258465  66.368042  5.567
 23   107.204 53028.21895368  1.19 231.255185  66.371132  5.567
 23   112.905 53028.21895432  1.57 231.251895  66.374212  5.567
 23   105.241 53028.21895497  3.13 231.248615  66.377292  5.567
 23   116.850 53028.21895561  4.70 231.245335  66.380372  5.567
 23   104.284 53028.21895626  5.21 231.242055  66.383452  5.567
 23   104.863 53028.21895690  5.77 231.238765  66.386532  5.567
 24    86.516 53063.21895668  2.95 231.269364  66.344294  3.590
 24    86.833 53063.21895732  2.03 231.266084  66.347374  3.590
 24    86.329 53063.21895797  1.53 231.262809  66.350454  4.955
 24    90.513 53063.21895861  0.40 231.259529  66.353534  4.955
 24    94.270 53063.21895926  0.47 231.256249  66.356614  4.955
 24   111.777 53063.21896312  0.70 231.236569  66.375104  4.955
 24   113.700 53063.21896377  1.45 231.233279  66.378184  4.955
 24   114.481 53063.21896441  1.77 231.229999  66.381264  4.955
 24   103.872 53063.21896506  4.28 231.226709  66.384344  4.955
 24   104.613 53063.21896570  4.29 231.223429  66.387424  4.955
 25    85.058 53098.21896743  3.35 231.305785  66.313579  2.424
 25    85.611 53098.21896807  3.57 231.302515  66.316669  2.424
 25    85.854 53098.21896872  3.02 231.299245  66.319749  2.424
 25    86.171 53098.21896936  3.13 231.295985  66.322829  2.424
 25    86.599 53098.21897001  2.22 231.292715  66.325909  2.424
 25    87.256 53098.21897065  1.97 231.289445  66.328999  2.424
 25    87.515 53098.21897130  2.18 231.286175  66.332079  2.424
 25    87.708 53098.21897194  2.16 231.282895  66.335159  2.424
 25    87.440 53098.21897259  2.88 231.279625  66.338239  2.424
 25    87.618 53098.21897323  1.03 231.276355  66.341329  2.424
 25    87.862 53098.21897388  0.30 231.273085  66.344409  2.424
 25   121.775 53098.21898161  0.37 231.233738  66.381390  3.818
 25   123.492 53098.21898226  0.83 231.230458  66.384470  3.818
 25   125.961 53098.21898290  0.84 231.227168  66.387550  3.818
 26    88.039 53133.21895453  1.55 231.270829  66.342753  4.040
 26    87.300 53133.21895518  0.92 231.267549  66.345833  4.040
 26    86.686 53133.21895582  0.20 231.264274  66.348915  2.195
 26    86.077 53133.21895647  0.61 231.260994  66.351995  2.195
 28    20.710 53203.21903123 33.83 231.256998  66.351488 11.050
 28    21.471 53203.21903188 38.71 231.253719  66.354569 17.171
 28    20.141 53203.21903252 38.34 231.250439  66.357649 17.171
 28    21.058 53203.21903317 35.60 231.247159  66.360729 17.171
 28    19.674 53203.21903381 31.40 231.243879  66.363809 17.171
 28    19.540 53203.21903445 23.49 231.240599  66.366889 17.171
 28    19.342 53203.21903510 18.84 231.237319  66.369979 17.171
 28    25.552 53203.21903574 17.11 231.234029  66.373059 17.171
 28    20.653 53203.21903639 14.74 231.230749  66.376139 17.171
 28    20.183 53203.21903703 13.70 231.227469  66.379219 17.171
 28    20.482 53203.21903768 12.65 231.224179  66.382299 17.171
 28    20.622 53203.21903832 12.02 231.220899  66.385379 17.171
 28   103.717 53203.21903897 11.77 231.217609  66.388459 17.171
 29    21.228 53238.21899366 23.53 231.303662  66.324266 10.010
 29    20.860 53238.21899431 26.14 231.300392  66.327346 10.010
 29    18.627 53238.21899495 27.65 231.297122  66.330426 10.010
 29    20.147 53238.21899560 25.74 231.293852  66.333516 10.010
 29    18.625 53238.21899624 25.61 231.290582  66.336596 10.010
 29    18.834 53238.21899689 23.79 231.287312  66.339676 10.010
 29    24.659 53238.21899753 20.37 231.284032  66.342756 10.010
 29    18.547 53238.21899817 21.07 231.280762  66.345836 10.010
 29    18.570 53238.21899882 21.70 231.277482  66.348916 10.010
 29    18.681 53238.21899946 21.88 231.274212  66.352006 10.010
 29    18.891 53238.21900011 21.03 231.270932  66.355086 10.010
 29    19.106 53238.21900075 21.98 231.267655  66.358169 14.682
 29    19.223 53238.21900140 25.98 231.264375  66.361249 14.682
 29    19.177 53238.21900204 27.57 231.261105  66.364329 14.682
 29    27.753 53238.21900269 29.30 231.257815  66.367409 14.682
 29    27.790 53238.21900333 44.46 231.254545  66.370489 14.682
 29    18.352 53238.21900398 33.89 231.251255  66.373569 14.682
 29    18.191 53238.21900462 33.34 231.247975  66.376659 14.682
 29    17.896 53238.21900527 34.09 231.244695  66.379739 14.682
 29    18.133 53238.21900591 29.65 231.241415  66.382819 14.682
 29    18.149 53238.21900656 28.73 231.238125  66.385899 14.682
 30    18.561 53273.21896132 24.64 231.235407  66.357800 22.538
 30    18.197 53273.21896196 27.19 231.232127  66.360880 22.538
 30    18.214 53273.21896261 27.84 231.228847  66.363960 22.538
 30    18.242 53273.21896325 31.08 231.225557  66.367040 22.538
 30    17.637 53273.21896389 41.59 231.222277  66.370120 22.538
 30    17.814 53273.21896454 41.58 231.218987  66.373200 22.538
 30    17.447 53273.21896518 43.52 231.215707  66.376280 22.538
 30    17.777 53273.21896583 44.67 231.212417  66.379360 22.538
 30    17.436 53273.21896647 32.46 231.209127  66.382440 22.538
 30    17.030 53273.21896712 24.24 231.205847  66.385520 22.538
 30    17.505 53273.21896776 18.94 231.202557  66.388600 22.538
 31    18.446 53308.21902596 46.60 231.213485  66.385022 16.468
 31    19.449 53308.21902661 37.71 231.210195  66.388102 16.468
 33    89.544 53378.21892769  4.61 231.236816  66.358160  4.243
 33    92.373 53378.21892833  3.62 231.233536  66.361240  4.243
 33    94.352 53378.21892898  3.39 231.230256  66.364320  4.243
 33    96.261 53378.21892962  3.32 231.226966  66.367400  4.243
 33    97.707 53378.21893027  3.50 231.223686  66.370480  4.243
 33    99.028 53378.21893091  3.26 231.220396  66.373560  4.243
 33   100.314 53378.21893156  3.14 231.217116  66.376640  4.243
 33   101.323 53378.21893220  3.54 231.213826  66.379720  4.243
 33   101.995 53378.21893285  4.30 231.210536  66.382800  4.243
 33   102.338 53378.21893349  4.37 231.207256  66.385880  4.243
 33   103.079 53378.21893414  4.81 231.203966  66.388960  4.243
 34    84.827 53413.21895334  6.58 231.304437  66.313718  3.160
 34    85.499 53413.21895398  6.40 231.301167  66.316808  3.160
 34    85.540 53413.21895462  7.15 231.297897  66.319888  3.160
 34    85.798 53413.21895527  7.80 231.294627  66.322968  3.160
 34    86.090 53413.21895591  7.48 231.291357  66.326048  3.160
 34    86.582 53413.21895656  6.66 231.288087  66.329138  3.160
 34    87.564 53413.21895720  5.55 231.284817  66.332218  3.160
 34    87.706 53413.21895785  4.99 231.281547  66.335298  3.160
 34    87.639 53413.21895849  4.39 231.278267  66.338378  3.160
 34    87.649 53413.21895914  4.64 231.274997  66.341458  3.160
 34    87.247 53413.21895978  2.83 231.271717  66.344538  3.160
 34    87.704 53413.21896043  2.87 231.268447  66.347628  3.160
 34    86.056 53413.21896107  2.63 231.265167  66.350708  3.160
 34    92.283 53413.21896172  1.71 231.261887  66.353789  4.920
 34    95.412 53413.21896236  1.96 231.258617  66.356869  4.920
 34   101.200 53413.21896301  1.23 231.255337  66.359949  4.920
 34   104.078 53413.21896365  0.88 231.252057  66.363029  4.920
 34   108.145 53413.21896429  0.80 231.248777  66.366109  4.920
 34   110.475 53413.21896494  0.60 231.245487  66.369189  4.920
 34   114.110 53413.21896558  0.32 231.242207  66.372279  4.920
 34   113.061 53413.21896623  1.81 231.238927  66.375359  4.920
 34   102.503 53413.21896687  2.36 231.235647  66.378439  4.920
 34   103.143 53413.21896752  3.07 231.232357  66.381519  4.920
 34   103.957 53413.21896816  4.17 231.229077  66.384599  4.920
 34   105.485 53413.21896881  3.71 231.225787  66.387679  4.920
 35    89.186 53448.21895116  2.56 231.232939  66.357845  3.867
 35    92.621 53448.21895180  1.77 231.229659  66.360935  3.867
 35    94.391 53448.21895244  1.90 231.226379  66.364015  3.867
 35    96.207 53448.21895309  1.62 231.223089  66.367095  3.867
 35    97.515 53448.21895373  2.03 231.219809  66.370175  3.867
 35    99.128 53448.21895438  1.11 231.216519  66.373255  3.867
 35   110.877 53448.21895502  0.31 231.213231  66.376338  4.002
 35   101.365 53448.21895567  1.03 231.209951  66.379418  4.002
 35   101.976 53448.21895631  1.12 231.206661  66.382498  4.002
 35   102.716 53448.21895696  2.16 231.203371  66.385578  4.002
 35   102.964 53448.21895760  2.29 231.200081  66.388658  4.002
 37    85.078 53518.21902627 17.55 231.304071  66.312986  6.211
 37    86.390 53518.21902885 18.89 231.290991  66.325316  6.211
 37    87.920 53518.21902949 16.39 231.287721  66.328396  6.211
 37    88.610 53518.21903014 15.95 231.284451  66.331476  6.211
 37    88.860 53518.21903078 13.96 231.281181  66.334556  6.211
 37    88.692 53518.21903142 14.04 231.277911  66.337636  6.211
 37    88.196 53518.21903207 14.45 231.274631  66.340726  6.211
 37    87.634 53518.21903271 15.52 231.271361  66.343806  6.211
 37    86.750 53518.21903336 14.56 231.268081  66.346886  6.211
 37    85.370 53518.21903400 15.05 231.264803  66.349972  4.312
 37    84.540 53518.21903465 14.79 231.261533  66.353052  4.312
 37    83.490 53518.21903529 14.04 231.258253  66.356132  4.312
 37    82.346 53518.21903594 13.32 231.254973  66.359212  4.312
 37   103.960 53518.21903658 12.01 231.251693  66.362292  4.312
 37   118.148 53518.21903981  8.27 231.235283  66.377702  4.312
 37   121.843 53518.21904045  7.03 231.232003  66.380782  4.312
 37   123.157 53518.21904109  8.21 231.228713  66.383862  4.312
 37   124.103 53518.21904174  9.15 231.225433  66.386942  4.312
 38    20.867 53553.21905596 19.79 231.255622  66.350681 12.166
 38    21.253 53553.21905661 19.40 231.252352  66.353761 12.166
 38    21.449 53553.21905725 23.65 231.249072  66.356841 12.166
 38    21.467 53553.21905790 28.01 231.245792  66.359921 12.166
 38    21.393 53553.21905854 33.58 231.242512  66.363001 12.166
 38    21.501 53553.21905919 29.12 231.239232  66.366091 12.166
 38    21.050 53553.21905983 26.48 231.235952  66.369171 12.166
 38    21.185 53553.21906048 30.16 231.232672  66.372251 12.166
 38    21.271 53553.21906112 33.84 231.229392  66.375331 12.166
 38    21.155 53553.21906177 26.64 231.226102  66.378411 12.166
 38    20.845 53553.21906241 23.44 231.222822  66.381491 12.166
 38    20.799 53553.21906306 21.26 231.219532  66.384571 12.166
 38    20.534 53553.21906370 20.56 231.216252  66.387651 12.166
 39    38.883 53588.21901261 36.99 231.236149  66.385293 11.615
 39    26.756 53588.21901325 43.89 231.232859  66.388373 11.615
 40    20.161 53623.21897969 47.48 231.227643  66.359407 20.293
 40    19.914 53623.21898033 32.74 231.224363  66.362497 20.293
 40    19.706 53623.21898098 19.95 231.221083  66.365577 20.293
 40    19.642 53623.21898162 24.73 231.217793  66.368657 20.293
 40    19.653 53623.21898227 33.48 231.214513  66.371737 20.293
 40    19.686 53623.21898291 33.04 231.211223  66.374817 20.293
 40    19.419 53623.21898356 26.67 231.207943  66.377897 20.293
 40    19.048 53623.21898420 18.60 231.204653  66.380977 20.293
 40    19.172 53623.21898485 15.48 231.201363  66.384057 20.293
 40    20.274 53623.21898549 13.74 231.198083  66.387137 20.293
 41    19.121 53658.21900674 30.87 231.240397  66.359983 23.205
 41    18.997 53658.21900739 33.15 231.237117  66.363073 23.205
 41    19.166 53658.21900803 39.13 231.233837  66.366153 23.205
 41    19.067 53658.21900868 49.04 231.230547  66.369233 23.205
 41    19.872 53658.21900932 49.13 231.227267  66.372313 23.205
 41    19.597 53658.21900997 50.62 231.223987  66.375393 23.205
 41    19.354 53658.21901061 39.60 231.220697  66.378473 23.205
 41    18.642 53658.21901125 34.65 231.217417  66.381553 23.205
 41    18.407 53658.21901190 31.46 231.214127  66.384633 23.205
 41    18.714 53658.21901254 27.37 231.210837  66.387713 23.205
 42    21.754 53693.21897789 34.62 231.305098  66.313617 12.838
 42    21.842 53693.21897854 36.52 231.301828  66.316707 12.838
 42    21.331 53693.21897918 35.54 231.298568  66.319787 12.838
 42    21.758 53693.21897982 33.88 231.295298  66.322867 12.838
 42    22.148 53693.21898047 33.49 231.292028  66.325947 12.838
 42    21.642 53693.21898111 34.54 231.288758  66.329037 12.838
 42    20.104 53693.21899014 29.14 231.242887  66.372180 10.090
 42    19.980 53693.21899078 27.80 231.239607  66.375260 10.090
 42    19.875 53693.21899143 27.58 231.236327  66.378340 10.090
 42    19.991 53693.21899207 26.31 231.233037  66.381420 10.090
 42    19.757 53693.21899272 25.36 231.229757  66.384500 10.090
 42    19.918 53693.21899336 24.82 231.226467  66.387580 10.090
 43    83.877 53728.21890181  5.30 231.313878  66.318752  2.637
 43    84.413 53728.21890245  6.09 231.310608  66.321832  2.637
 43    85.147 53728.21890309  4.69 231.307348  66.324912  2.637
 43    85.633 53728.21890374  4.22 231.304078  66.327992  2.637
 43    86.181 53728.21890438  4.02 231.300808  66.331082  2.637
 43    86.535 53728.21890503  3.01 231.297538  66.334162  2.637
 43    86.822 53728.21890567  2.51 231.294268  66.337242  2.637
 43    86.827 53728.21890632  2.76 231.290988  66.340322  2.637
 43    87.013 53728.21890696  2.44 231.287718  66.343412  2.637
 43    92.659 53728.21890761  2.09 231.284448  66.346492  2.637
 43    95.564 53728.21890825  1.75 231.281168  66.349572  2.637
 43    98.392 53728.21890890  1.42 231.277898  66.352652  2.637
 43   101.318 53728.21890954  1.25 231.274624  66.355739  3.085
 43   108.019 53728.21891019  0.59 231.271344  66.358819  3.085
 43   111.761 53728.21891083  0.04 231.268064  66.361899  3.085
 43   122.859 53728.21891341  0.05 231.254954  66.374229  3.085
 43   128.324 53728.21891470  0.24 231.248384  66.380389  3.085
 43   125.918 53728.21891534  2.01 231.245104  66.383469  3.085
 43   127.154 53728.21891599  3.82 231.241824  66.386549  3.085
 44    87.652 53763.21886707  4.19 231.258868  66.348493  3.362
 44    90.135 53763.21886771  3.96 231.255586  66.351570  4.749
 44    89.779 53763.21886835  3.76 231.252316  66.354650  4.749
 44    93.493 53763.21886900  3.12 231.249036  66.357730  4.749
 44    97.714 53763.21886964  1.62 231.245746  66.360810  4.749
 44   104.657 53763.21887029  1.78 231.242466  66.363900  4.749
 44    97.777 53763.21887093  2.16 231.239186  66.366980  4.749
 44   107.733 53763.21887158  2.22 231.235906  66.370060  4.749
 44   109.543 53763.21887222  2.47 231.232616  66.373140  4.749
 44   111.017 53763.21887287  2.24 231.229336  66.376220  4.749
 44   102.881 53763.21887351  3.44 231.226046  66.379300  4.749
 44   103.832 53763.21887416  3.15 231.222766  66.382380  4.749
 44   103.607 53763.21887480  4.26 231.219476  66.385460  4.749
 44   104.172 53763.21887545  5.55 231.216186  66.388540  4.749
 45    84.253 53798.21886991  8.63 231.309511  66.318710  2.934
 45    85.066 53798.21887056  7.00 231.306241  66.321790  2.934
 45    85.067 53798.21887120  7.47 231.302981  66.324870  2.934
 45    86.166 53798.21887185  6.34 231.299701  66.327950  2.934
 45    86.519 53798.21887249  6.10 231.296441  66.331040  2.934
 45    86.925 53798.21887314  5.37 231.293161  66.334120  2.934
 45    87.030 53798.21887378  3.91 231.289891  66.337200  2.934
 45    87.518 53798.21887442  2.98 231.286621  66.340280  2.934
 45    88.863 53798.21887507  2.82 231.283351  66.343360  2.934
 45    91.678 53798.21887571  2.30 231.280071  66.346450  2.934
 45    94.467 53798.21887636  1.98 231.276801  66.349530  2.934
 45    97.098 53798.21887700  1.83 231.273521  66.352610  2.934
 45    99.357 53798.21887765  1.25 231.270242  66.355695  4.701
 45   102.916 53798.21887829  0.73 231.266972  66.358775  4.701
 45   106.421 53798.21887894  0.53 231.263692  66.361855  4.701
 45   110.526 53798.21887958  0.03 231.260412  66.364935  4.701
 45   117.946 53798.21888152  0.37 231.250572  66.374185  4.701
 45   118.125 53798.21888216  1.43 231.247292  66.377265  4.701
 45   119.579 53798.21888281  1.92 231.244002  66.380345  4.701
 45   108.277 53798.21888345  2.64 231.240722  66.383425  4.701
 45   122.355 53798.21888409  3.12 231.237442  66.386505  4.701
 47    28.486 53868.21893732 41.80 231.250837  66.351785 27.993
 47    30.816 53868.21893796 39.93 231.247557  66.354865 27.993
 47    28.873 53868.21893861 40.90 231.244277  66.357945 27.993
 47    28.736 53868.21893925 39.29 231.240997  66.361025 27.993
 47    29.541 53868.21893990 39.32 231.237717  66.364105 27.993
 47    28.989 53868.21894054 31.45 231.234437  66.367185 27.993
 47    29.071 53868.21894119 27.72 231.231147  66.370275 27.993
 47    28.791 53868.21894183 31.35 231.227867  66.373355 27.993
 47    30.425 53868.21894248 24.70 231.224587  66.376435 27.993
 47    30.892 53868.21894312 25.72 231.221297  66.379515 27.993
 47    28.032 53868.21894377 24.62 231.218017  66.382595 27.993
 47    29.714 53868.21894441 22.78 231.214727  66.385675 27.993
 47    28.213 53868.21894505 24.74 231.211437  66.388755 27.993
 48    23.958 53903.21897173 49.44 231.243036  66.364446 28.554
 48    23.934 53903.21897238 49.55 231.239756  66.367536 28.554
 48    23.910 53903.21897302 50.20 231.236476  66.370616 28.554
 48    23.811 53903.21897367 48.81 231.233196  66.373696 28.554
 48    23.763 53903.21897431 35.85 231.229906  66.376776 28.554
 48    23.910 53903.21897495 44.19 231.226626  66.379856 28.554
 48    23.972 53903.21897560 42.73 231.223336  66.382936 28.554
 48    23.855 53903.21897624 44.25 231.220056  66.386016 28.554
 48    23.814 53903.21897689 40.90 231.216766  66.389096 28.554
 49    21.086 53938.21900633 26.56 231.242844  66.356311 10.718
 49    21.139 53938.21900698 28.00 231.239564  66.359391 10.718
 49    21.209 53938.21900762 25.17 231.236284  66.362471 10.718
 49    20.951 53938.21900827 22.71 231.233004  66.365561 10.718
 49    20.901 53938.21900891 21.88 231.229724  66.368641 10.718
 49    20.901 53938.21900956 20.72 231.226444  66.371721 10.718
 49    20.846 53938.21901020 21.32 231.223164  66.374801 10.718
 49    20.571 53938.21901085 17.89 231.219874  66.377881 10.718
 49    20.637 53938.21901149 14.90 231.216594  66.380961 10.718
 49    20.843 53938.21901213 13.77 231.213304  66.384041 10.718
 49    20.894 53938.21901278 12.00 231.210024  66.387121 10.718
 50    22.791 53973.21895901 16.93 231.306986  66.312650 10.596
 50    20.527 53973.21895966 14.02 231.303716  66.315730 10.596
 50    21.000 53973.21896030 14.04 231.300446  66.318820 10.596
 50    20.971 53973.21896095 14.22 231.297176  66.321900 10.596
 50    20.677 53973.21896159 15.63 231.293916  66.324980 10.596
 50    20.455 53973.21896675 23.87 231.267726  66.349640 10.596
 50    20.179 53973.21896739 21.27 231.264456  66.352720 10.596
 50    20.031 53973.21896804 22.70 231.261181  66.355805 18.701
 50    21.099 53973.21896868 19.03 231.257901  66.358885 18.701
 50    19.997 53973.21896933 32.03 231.254621  66.361965 18.701
 50    19.664 53973.21896997 35.24 231.251341  66.365045 18.701
 50    19.459 53973.21897062 36.81 231.248061  66.368125 18.701
 50    19.921 53973.21897126 33.36 231.244781  66.371205 18.701
 50    24.634 53973.21897191 30.48 231.241501  66.374295 18.701
 50    18.778 53973.21897255 27.87 231.238221  66.377375 18.701
 50    18.747 53973.21897320 23.81 231.234941  66.380455 18.701
 50    18.963 53973.21897384 24.31 231.231651  66.383535 18.701
 50    19.084 53973.21897448 38.65 231.228371  66.386615 18.701
 52    18.819 54043.21897782 33.47 231.263714  66.345800 10.383
 52    18.980 54043.21897847 29.90 231.260444  66.348880 10.383
 52    17.638 54043.21898620 48.69 231.221056  66.385858 15.757
 52    18.359 54043.21898685 38.47 231.217766  66.388938 15.757
 53    19.545 54078.21896650 29.87 231.297580  66.322753  7.457
 53    19.731 54078.21896715 28.52 231.294320  66.325833  7.457
 53    19.474 54078.21896779 26.40 231.291040  66.328913  7.457
 53    20.464 54078.21896843 23.46 231.287770  66.332003  7.457
 53    20.724 54078.21896908 24.17 231.284500  66.335083  7.457
 53    20.337 54078.21896972 25.52 231.281230  66.338163  7.457
 53    20.403 54078.21897037 25.97 231.277960  66.341243  7.457
 53    20.395 54078.21897101 24.56 231.274680  66.344323  7.457
 53    20.279 54078.21897166 24.84 231.271410  66.347413  7.457
 53    19.008 54078.21897939 33.92 231.232046  66.384385 11.810
 53    18.584 54078.21898004 48.30 231.228766  66.387465 11.810
 54    86.067 54113.21890879  9.78 231.285265  66.343878  3.970
 54    85.672 54113.21890944  8.28 231.281995  66.346958  3.970
 54    85.062 54113.21891008  7.15 231.278715  66.350038  3.970
 54    85.248 54113.21891073  6.32 231.275445  66.353118  3.970
 54    86.503 54113.21891137  6.01 231.272173  66.356206  8.175
 54    99.469 54113.21891201  5.22 231.268893  66.359286  8.175
 54   100.502 54113.21891266  5.07 231.265613  66.362366  8.175
 54   106.039 54113.21891330  4.43 231.262333  66.365446  8.175
 54   101.162 54113.21891395  5.89 231.259063  66.368526  8.175
 54   102.686 54113.21891459  7.44 231.255783  66.371606  8.175
 54   107.688 54113.21891524  5.82 231.252503  66.374696  8.175
 54   101.152 54113.21891588 10.28 231.249223  66.377776  8.175
 54   102.488 54113.21891653 10.42 231.245933  66.380856  8.175
 54   104.196 54113.21891717  7.85 231.242653  66.383936  8.175
 54   104.645 54113.21891782  9.22 231.239373  66.387016  8.175
 56    86.654 54183.21889760  4.98 231.284201  66.343234  3.319
 56    88.230 54183.21889824  2.92 231.280931  66.346314  3.319
 56    85.731 54183.21889889  2.17 231.277661  66.349394  3.319
 56    94.164 54183.21889953  1.70 231.274381  66.352474  3.319
 56    96.784 54183.21890018  1.44 231.271111  66.355564  3.319
 56    99.162 54183.21890082  1.31 231.267831  66.358644  3.319
 56   104.519 54183.21890147  1.57 231.264551  66.361724  3.319
 56   105.895 54183.21890211  0.82 231.261271  66.364804  3.319
 56   113.182 54183.21890404  0.22 231.251431  66.374054  3.319
 56   114.435 54183.21890469  1.33 231.248151  66.377134  3.319
 56   107.199 54183.21890533  2.92 231.244871  66.380214  3.319
 56   117.891 54183.21890598  3.21 231.241591  66.383294  3.319
 56   104.807 54183.21890662  4.61 231.238311  66.386374  3.319
 57    18.796 54218.21892644 11.05 231.250399  66.352264 15.518
 57    16.994 54218.21892708 13.74 231.247119  66.355344 15.518
 57    18.209 54218.21892773 11.83 231.243839  66.358424 15.518
 57    18.518 54218.21892837 11.83 231.240559  66.361504 15.518
 57    18.552 54218.21892901 14.28 231.237279  66.364584 15.518
 57    18.506 54218.21892966 14.91 231.233999  66.367664 15.518
 57    18.411 54218.21893030 18.07 231.230709  66.370754 15.518
 57    18.269 54218.21893095 18.60 231.227429  66.373834 15.518
 57    18.334 54218.21893159 20.46 231.224149  66.376914 15.518
 57    18.038 54218.21893224 23.66 231.220859  66.379994 15.518
 57    17.940 54218.21893288 26.22 231.217569  66.383074 15.518
 57    17.924 54218.21893353 30.13 231.214289  66.386154 15.518
 58    22.263 54253.21895057 47.33 231.261597  66.347762 22.327
 58    23.786 54253.21895121 46.28 231.258327  66.350842 22.327
 58    22.974 54253.21895186 43.32 231.255047  66.353922 22.327
 58    22.436 54253.21895250 46.01 231.251767  66.357002 22.327
 58    22.049 54253.21895315 49.40 231.248487  66.360082 22.327
 58    22.159 54253.21895379 49.36 231.245207  66.363162 22.327
 58    21.951 54253.21895444 49.70 231.241927  66.366242 22.327
 58    21.880 54253.21895508 47.96 231.238647  66.369322 22.327
 58    21.841 54253.21895573 50.54 231.235357  66.372412 22.327
 58    21.854 54253.21895637 37.86 231.232077  66.375492 22.327
 58    21.492 54253.21895702 43.24 231.228797  66.378572 22.327
 58    21.934 54253.21895766 35.95 231.225507  66.381652 22.327
 58    21.581 54253.21895830 38.54 231.222227  66.384732 22.327
 58    21.706 54253.21895895 43.07 231.218937  66.387812 22.327
 59    25.093 54288.21895717 49.38 231.253902  66.361275 15.889
 59    24.824 54288.21895782 45.45 231.250622  66.364355 15.889
 59    22.877 54288.21895846 45.26 231.247342  66.367435 15.889
 59    23.110 54288.21895910 47.58 231.244062  66.370515 15.889
 59    25.272 54288.21895975 38.45 231.240782  66.373605 15.889
 59    26.343 54288.21896039 39.48 231.237492  66.376685 15.889
 59    22.956 54288.21896104 36.15 231.234212  66.379765 15.889
 59    22.573 54288.21896168 36.69 231.230932  66.382845 15.889
 59    22.691 54288.21896233 34.16 231.227642  66.385925 15.889
 60    25.191 54323.21895041 10.64 231.273155  66.341619  9.485
 60    25.349 54323.21895106 10.47 231.269885  66.344699  9.485
 60    24.922 54323.21895170 10.99 231.266605  66.347779  9.485
 60    23.846 54323.21895235 12.08 231.263335  66.350869  9.485
 60    23.427 54323.21895299 12.21 231.260055  66.353949  9.485
 60    22.252 54323.21895364 12.72 231.256775  66.357029  9.485
 60    21.998 54323.21895428 18.39 231.253495  66.360109  9.485
 60    21.983 54323.21895492 20.68 231.250215  66.363189  9.485
 60    22.019 54323.21895557 22.09 231.246935  66.366269  9.485
 60    21.916 54323.21895621 19.76 231.243655  66.369349  9.485
 60    25.041 54323.21895686 21.79 231.240375  66.372439  9.485
 60    25.291 54323.21895750 34.02 231.237085  66.375519  9.485
 60    25.387 54323.21895815 20.28 231.233805  66.378599  9.485
 60    21.711 54323.21895879 12.15 231.230525  66.381679  9.485
 60    21.965 54323.21895944 10.51 231.227235  66.384759  9.485
 60    21.823 54323.21896008 10.08 231.223955  66.387839  9.485
 61    21.316 54358.21890244 16.90 231.311154  66.319282  9.921
 61    25.524 54358.21890631 21.86 231.291534  66.337770  9.193
 61    26.453 54358.21890695 19.39 231.288264  66.340860  9.193
 61    26.096 54358.21890760 19.28 231.284994  66.343940  9.193
 61    23.904 54358.21890824 19.96 231.281714  66.347020  9.193
 61    19.862 54358.21890889 20.92 231.278444  66.350100  9.193
 61    20.083 54358.21890953 21.61 231.275164  66.353180  9.193
 61    20.250 54358.21891017 21.76 231.271894  66.356270  9.193
 61    20.181 54358.21891082 21.70 231.268614  66.359350  9.193
 61    19.961 54358.21891146 23.23 231.265334  66.362430  9.193
 61    19.816 54358.21891211 28.20 231.262054  66.365510  9.193
 61    19.739 54358.21891275 25.67 231.258774  66.368590  9.193
 61    19.517 54358.21891340 22.82 231.255504  66.371680  9.193
 61    19.481 54358.21891404 21.56 231.252214  66.374760  9.193
 61    24.605 54358.21891469 21.42 231.248934  66.377840  9.193
 61    19.486 54358.21891533 17.00 231.245654  66.380920  9.193
 61    19.339 54358.21891598 16.65 231.242374  66.384000  9.193
 61    19.186 54358.21891662 14.42 231.239094  66.387080  9.193
 62    18.825 54393.21889778 29.49 231.234157  66.374980 16.249
 62    18.900 54393.21889842 31.35 231.230867  66.378060 16.249
 62    18.680 54393.21889907 29.44 231.227587  66.381140 16.249
 62    18.501 54393.21889971 28.38 231.224304  66.384218  7.323
 62    18.996 54393.21890035 30.55 231.221014  66.387308  7.323
 63    48.076 54428.21885176 16.19 231.307816  66.314587  5.384
 63    47.296 54428.21885241 15.42 231.304546  66.317667  5.384
 63    23.173 54428.21885370 17.03 231.298001  66.323833  8.320
 63    23.363 54428.21885434 17.03 231.294741  66.326913  8.320
 63    23.073 54428.21885499 18.28 231.291461  66.330003  8.320
 63    23.880 54428.21885563 16.69 231.288191  66.333083  8.320
 63    24.332 54428.21885628 15.99 231.284921  66.336163  8.320
 63    24.861 54428.21885692 15.51 231.281651  66.339243  8.320
 63    24.634 54428.21885757 16.28 231.278371  66.342323  8.320
 63    22.974 54428.21885821 17.16 231.275101  66.345413  8.320
 63    21.662 54428.21886272 24.08 231.252161  66.366983  8.320
 63    21.903 54428.21886337 22.33 231.248881  66.370063  8.320
 63    21.582 54428.21886401 23.46 231.245591  66.373143  8.320
 63    21.260 54428.21886466 21.82 231.242311  66.376223  8.320
 63    21.153 54428.21886530 20.77 231.239031  66.379303  8.320
 63    21.088 54428.21886595 19.92 231.235751  66.382383  8.320
 63    20.825 54428.21886659 17.60 231.232466  66.385465  3.432
 63    20.373 54428.21886724 16.44 231.229176  66.388545  3.432
 64    21.990 54463.21887101 13.33 231.256339  66.349598  5.283
 64    22.041 54463.21887165 13.53 231.253059  66.352678  5.283
 64    21.868 54463.21887230 13.77 231.249779  66.355758  5.283
 64    21.883 54463.21887294 14.80 231.246499  66.358838  5.283
 64    21.581 54463.21887358 15.66 231.243219  66.361918  5.283
 64    21.317 54463.21887423 16.43 231.239939  66.365008  5.283
 64    21.290 54463.21887487 17.33 231.236659  66.368088  5.283
 64    20.798 54463.21887810 15.94 231.220234  66.383495  3.419
 64    20.433 54463.21887874 14.94 231.216954  66.386575  3.419
 65    47.292 54498.21886079 13.39 231.307901  66.313568  4.235
 65    46.577 54498.21886144 12.71 231.304638  66.316646  2.710
 65    45.866 54498.21886208 11.62 231.301368  66.319726  2.710
 65    44.625 54498.21886272 11.58 231.298098  66.322816  2.710
 65    43.911 54498.21886337 11.40 231.294828  66.325896  2.710
 65    41.280 54498.21886401 10.76 231.291558  66.328976  2.710
 65    40.241 54498.21886466 10.41 231.288288  66.332056  2.710
 65    38.711 54498.21886530  9.78 231.285018  66.335136  2.710
 65    35.475 54498.21886595  9.59 231.281738  66.338226  2.710
 65    32.068 54498.21886659  9.83 231.278468  66.341306  2.710
 65    24.590 54498.21886724  9.86 231.275198  66.344386  2.710
 65    24.289 54498.21886788 10.08 231.271918  66.347466  2.710
 65    23.031 54498.21886853 10.73 231.268648  66.350546  2.710
 65    21.837 54498.21886917 11.89 231.265368  66.353636  2.710
 65    21.657 54498.21886982 11.85 231.262088  66.356716  2.710
 65    21.654 54498.21887046 12.07 231.258808  66.359796  2.710
 65    21.567 54498.21887111 11.37 231.255538  66.362876  2.710
 65    21.384 54498.21887175 11.56 231.252258  66.365956  2.710
 65    20.963 54498.21887239 12.47 231.248968  66.369036  2.710
 65    20.840 54498.21887304 12.37 231.245688  66.372116  2.710
 65    20.528 54498.21887368 11.91 231.242408  66.375196  2.710
 65    20.428 54498.21887433 12.53 231.239126  66.378280  2.809
 65    20.129 54498.21887497 12.20 231.235846  66.381360  2.809
 65    20.085 54498.21887562 11.53 231.232556  66.384440  2.809
 65    19.729 54498.21887626 11.17 231.229276  66.387520  2.809
 66    88.833 54533.21888351  1.38 231.266703  66.344420  3.557
 66    87.205 54533.21888416  1.00 231.263423  66.347500  3.557
 66    86.410 54533.21888480  0.73 231.260151  66.350580  4.139
 66   104.888 54533.21889125  1.00 231.227341  66.381390  4.139
 66   118.576 54533.21889190  0.68 231.224051  66.384470  4.139
 66   117.976 54533.21889254  2.42 231.220771  66.387550  4.139
 67    84.410 54568.21886600  4.42 231.310130  66.318206  2.646
 67    85.082 54568.21886665  4.02 231.306860  66.321296  2.646
 67    85.485 54568.21886729  3.90 231.303600  66.324376  2.646
 67    85.920 54568.21886794  2.98 231.300330  66.327456  2.646
 67    86.440 54568.21886858  3.01 231.297060  66.330536  2.646
 67    86.629 54568.21886923  2.54 231.293790  66.333626  2.646
 67    86.889 54568.21886987  1.78 231.290510  66.336706  2.646
 67    86.877 54568.21887052  0.35 231.287240  66.339786  2.646
 67    86.849 54568.21887116  1.07 231.283970  66.342866  2.646
 68    86.753 54603.21887943 17.94 231.260586  66.348110  8.260
 68    85.503 54603.21888007 16.40 231.257308  66.351193  5.295
 68    84.618 54603.21888072 16.42 231.254038  66.354273  5.295
 68    83.299 54603.21888136 15.41 231.250758  66.357353  5.295
 68   103.226 54603.21888201 14.66 231.247478  66.360433  5.295
 68   105.682 54603.21888265 13.71 231.244198  66.363513  5.295
 68   107.765 54603.21888330 13.56 231.240908  66.366603  5.295
 68   110.188 54603.21888394 13.46 231.237628  66.369683  5.295
 68   113.037 54603.21888458 12.21 231.234348  66.372763  5.295
 68   118.208 54603.21888523 10.78 231.231068  66.375843  5.295
 68   120.456 54603.21888587 10.34 231.227778  66.378923  5.295
 68   121.038 54603.21888652 11.26 231.224498  66.382003  5.295
 68   121.437 54603.21888716 12.64 231.221208  66.385083  5.295
 68   122.356 54603.21888781 15.10 231.217928  66.388163  5.295
 69    22.429 54638.21889230 48.55 231.253750  66.358646 25.309
 69    22.465 54638.21889294 48.67 231.250470  66.361726 25.309
 69    22.254 54638.21889359 50.84 231.247190  66.364806 25.309
 69    22.114 54638.21889423 49.66 231.243910  66.367896 25.309
 69    22.234 54638.21889488 52.52 231.240630  66.370976 25.309
 69    22.906 54638.21889552 39.21 231.237350  66.374056 25.309
 69    22.185 54638.21889617 44.88 231.234060  66.377136 25.309
 69    22.132 54638.21889681 52.32 231.230780  66.380216 25.309
 69    22.147 54638.21889746 51.50 231.227500  66.383296 25.309
 69    22.041 54638.21889810 51.52 231.224210  66.386376 25.309
 70    21.006 54673.21889234 19.80 231.269230  66.344394 17.067
 70    21.136 54673.21889299 21.90 231.265950  66.347474 17.067
 70    21.708 54673.21889363 26.36 231.262680  66.350554 17.067
 70    21.434 54673.21889428 33.36 231.259400  66.353634 17.067
 70    21.804 54673.21889492 33.45 231.256120  66.356714 17.067
 70    21.463 54673.21889557 36.18 231.252840  66.359804 17.067
 70    21.660 54673.21889621 34.32 231.249560  66.362884 17.067
 70    21.069 54673.21889685 29.48 231.246280  66.365964 17.067
 70    20.956 54673.21889750 39.08 231.243000  66.369044 17.067
 70    21.351 54673.21889814 34.10 231.239720  66.372124 17.067
 70    20.673 54673.21889943 18.26 231.233150  66.378284 17.067
 70    20.485 54673.21890008 15.87 231.229870  66.381364 17.067
 70    20.483 54673.21890072 14.85 231.226590  66.384454 17.067
 70    20.302 54673.21890137 13.86 231.223300  66.387534 17.067
 71    83.496 54708.21884477 13.84 231.309986  66.315814 11.644
 71    86.151 54708.21884541 11.43 231.306716  66.318894 11.644
 71    86.032 54708.21884606 12.25 231.303446  66.321984 11.644
 71    86.075 54708.21884670 11.38 231.300176  66.325064 11.644
 71    86.343 54708.21884735 12.17 231.296916  66.328144 11.644
 71    86.062 54708.21884799 12.90 231.293636  66.331224 11.644
 71    86.982 54708.21884863 11.93 231.290366  66.334304 11.644
 71    81.954 54708.21884928 12.69 231.287096  66.337394 11.644
 71    86.986 54708.21884992 12.98 231.283826  66.340474 11.644
 71    26.958 54708.21885057 13.11 231.280546  66.343554 11.644
 71    25.296 54708.21885121 13.83 231.277276  66.346634 11.644
 71    23.206 54708.21885186 15.81 231.273996  66.349724 11.644
 71    22.214 54708.21885250 19.23 231.270726  66.352804 11.644
 71    22.324 54708.21885315 21.10 231.267446  66.355884 11.644
 71    22.236 54708.21885379 21.44 231.264167  66.358969  9.052
 71    22.246 54708.21885444 20.07 231.260897  66.362049  9.052
 71    22.109 54708.21885508 20.14 231.257617  66.365129  9.052
 71    21.887 54708.21885573 17.47 231.254337  66.368209  9.052
 71    21.716 54708.21885637 16.88 231.251057  66.371289  9.052
 71    25.599 54708.21885702 21.00 231.247767  66.374369  9.052
 71    24.481 54708.21885766 23.90 231.244487  66.377459  9.052
 71    20.597 54708.21885830 16.07 231.241207  66.380539  9.052
 71    20.621 54708.21885895 13.00 231.237927  66.383619  9.052
 71    20.436 54708.21885959 11.90 231.234637  66.386699  9.052
 72    19.496 54743.21885892 21.07 231.260201  66.348170 12.527
 72    18.871 54743.21885957 27.55 231.256922  66.351251 15.458
 72    19.782 54743.21886021 22.98 231.253652  66.354331 15.458
 72    19.708 54743.21886086 22.08 231.250372  66.357411 15.458
 72    19.559 54743.21886150 22.17 231.247092  66.360491 15.458
 72    19.349 54743.21886215 24.25 231.243812  66.363571 15.458
 72    18.927 54743.21886279 31.75 231.240522  66.366651 15.458
 72    19.294 54743.21886344 30.75 231.237242  66.369741 15.458
 72    18.663 54743.21886408 30.61 231.233962  66.372821 15.458
 72    18.771 54743.21886473 28.77 231.230682  66.375901 15.458
 72    18.396 54743.21886537 25.64 231.227392  66.378981 15.458
 72    18.209 54743.21886602 20.85 231.224112  66.382061 15.458
 72    18.290 54743.21886666 17.02 231.220822  66.385141 15.458
 72    18.168 54743.21886731 14.62 231.217532  66.388221 15.458
 73    23.522 54778.21882662 20.28 231.306569  66.314198  8.152
 73    22.674 54778.21882727 21.10 231.303299  66.317288  8.152
 73    22.771 54778.21882791 21.82 231.300029  66.320368  8.152
 73    22.656 54778.21882856 23.69 231.296769  66.323448  8.152
 73    21.563 54778.21883629 23.85 231.257473  66.360430  7.745
 73    22.113 54778.21883694 22.99 231.254193  66.363510  7.745
 73    21.020 54778.21883758 23.26 231.250913  66.366590  7.745
 73    21.035 54778.21883823 24.32 231.247633  66.369680  7.745
 73    21.057 54778.21883887 24.17 231.244353  66.372760  7.745
 73    20.843 54778.21883951 23.38 231.241073  66.375840  7.745
 73    20.793 54778.21884016 23.11 231.237793  66.378920  7.745
 73    20.804 54778.21884080 22.46 231.234503  66.382000  7.745
 73    20.624 54778.21884145 20.93 231.231223  66.385080  7.745
 73    20.157 54778.21884209 20.41 231.227933  66.388160  7.745
 74    20.957 54813.21885355 14.30 231.250100  66.353108  4.537
 74    20.780 54813.21885419 14.79 231.246820  66.356188  4.537
 74    20.512 54813.21885484 14.93 231.243540  66.359268  4.537
 74    20.494 54813.21885548 15.28 231.240260  66.362358  4.537
 74    20.383 54813.21885613 16.07 231.236980  66.365438  4.537
 74    20.345 54813.21885677 16.11 231.233690  66.368518  4.537
 74    20.017 54813.21885742 18.18 231.230410  66.371598  4.537
 74    19.863 54813.21885806 17.88 231.227130  66.374678  4.537
 74    19.775 54813.21885870 17.30 231.223840  66.377758  4.537
 74    19.602 54813.21885935 17.03 231.220560  66.380838  4.537
 74    19.682 54813.21885999 17.20 231.217270  66.383918  4.537
 74    19.363 54813.21886064 16.24 231.213980  66.386998  4.537
 75    23.533 54848.21882693 13.99 231.305161  66.316575  4.671
 75    23.243 54848.21882758 13.16 231.301891  66.319665  4.671
 75    23.821 54848.21882822 12.82 231.298621  66.322745  4.671
 75    25.209 54848.21882887 11.92 231.295361  66.325825  4.671
 75    25.759 54848.21882951 11.53 231.292081  66.328905  4.671
 75    25.783 54848.21883016 11.01 231.288811  66.331995  4.671
 75    26.600 54848.21883145 10.25 231.282271  66.338155  4.671
 75    26.346 54848.21883209 10.18 231.278991  66.341235  4.671
 75    24.911 54848.21883274 10.36 231.275721  66.344315  4.671
 75    23.802 54848.21883338 10.72 231.272451  66.347405  4.671
 75    23.184 54848.21883403 10.90 231.269171  66.350485  4.671
 75    22.230 54848.21883467 11.14 231.265891  66.353565  4.671
 75    21.384 54848.21883532 11.46 231.262617  66.356650  3.252
 75    20.984 54848.21883596 12.05 231.259337  66.359730  3.252
 75    21.001 54848.21883660 12.20 231.256057  66.362810  3.252
 75    21.007 54848.21883725 12.14 231.252777  66.365890  3.252
 75    20.405 54848.21883789 13.05 231.249497  66.368970  3.252
 75    20.387 54848.21883854 12.61 231.246217  66.372050  3.252
 75    20.032 54848.21883918 12.83 231.242937  66.375140  3.252
 75    19.595 54848.21883983 12.78 231.239657  66.378220  3.252
 75    19.611 54848.21884047 11.91 231.236377  66.381300  3.252
 75    19.642 54848.21884112 12.08 231.233087  66.384380  3.252
 75    18.731 54848.21884176 12.33 231.229807  66.387460  3.252
 76    86.608 54883.21885611  2.12 231.256482  66.350000  4.636
 76    89.428 54883.21885675  1.79 231.253202  66.353080  4.636
 76    96.469 54883.21885740  0.90 231.249922  66.356160  4.636
 76   101.924 54883.21885804  0.37 231.246642  66.359240  4.636
 76   105.055 54883.21885869  0.10 231.243362  66.362330  4.636
 76   107.382 54883.21885933  0.20 231.240082  66.365410  4.636
 76   109.290 54883.21885998  1.02 231.236802  66.368490  4.636
 76   110.334 54883.21886062  1.19 231.233522  66.371570  4.636
 76   113.258 54883.21886127  1.10 231.230242  66.374650  4.636
 76   102.136 54883.21886191  2.85 231.226952  66.377730  4.636
 76   112.260 54883.21886256  2.70 231.223672  66.380810  4.636
 76   117.111 54883.21886320  2.74 231.220382  66.383890  4.636
 76   103.341 54883.21886385  6.92 231.217102  66.386970  4.636
 77    84.658 54918.21882942  4.07 231.309356  66.317183  2.518
 77    84.958 54918.21883007  3.64 231.306086  66.320273  2.518
 77    85.364 54918.21883071  2.94 231.302816  66.323353  2.518
 77    85.581 54918.21883136  2.89 231.299546  66.326433  2.518
 77    86.324 54918.21883200  2.94 231.296286  66.329513  2.518
 77    86.788 54918.21883265  2.29 231.293016  66.332603  2.518
 77    86.939 54918.21883329  1.60 231.289736  66.335683  2.518
 77    86.955 54918.21883393  1.36 231.286466  66.338763  2.518
 77    86.784 54918.21883458  1.10 231.283196  66.341843  2.518
 77    86.885 54918.21883522  0.59 231.279926  66.344923  2.518
 77    86.436 54918.21883587  0.12 231.276646  66.348013  2.518
 78    86.248 54953.21885058 14.60 231.257050  66.349641  9.798
 78    85.039 54953.21885122 14.76 231.253770  66.352721  9.798
 78    83.945 54953.21885187 13.43 231.250490  66.355801  9.798
 78    82.744 54953.21885251 11.99 231.247210  66.358881  9.798
 78    81.391 54953.21885316 11.30 231.243940  66.361961  9.798
 78    79.451 54953.21885380 11.32 231.240650  66.365041  9.798
 78    78.179 54953.21885445 10.13 231.237370  66.368131  9.798
 78    76.188 54953.21885509  9.76 231.234090  66.371211  9.798
 78    96.877 54953.21885574  9.36 231.230810  66.374291  9.798
 79    83.481 54988.21887481 14.17 231.256384  66.350388  8.510
 79    82.471 54988.21887546 14.12 231.253104  66.353468  8.510
 79    24.922 54988.21887610 14.55 231.249824  66.356548  8.510
 79    25.188 54988.21887675 16.97 231.246544  66.359628  8.510
 79    24.569 54988.21887739 22.43 231.243264  66.362708  8.510
 79    25.662 54988.21887804 20.82 231.239984  66.365788  8.510
 79    26.131 54988.21887868 22.13 231.236704  66.368878  8.510
 79    26.619 54988.21887932 19.33 231.233424  66.371958  8.510
 79    28.245 54988.21887997 18.26 231.230144  66.375038  8.510
 79    28.691 54988.21888061 16.85 231.226854  66.378118  8.510
 79    26.873 54988.21888126 14.07 231.223574  66.381198  8.510
 79   102.406 54988.21888190 11.88 231.220284  66.384278  8.510
 79   103.780 54988.21888255 10.24 231.217004  66.387358  8.510
 80    87.379 55023.21886239 12.45 231.288085  66.330628  9.202
 80    87.714 55023.21886304 11.75 231.284815  66.333708  9.202
 80    88.226 55023.21886368 10.25 231.281545  66.336788  9.202
 80    87.752 55023.21886433 10.20 231.278275  66.339868  9.202
 80    87.662 55023.21886497  9.83 231.274995  66.342958  9.202
 80    87.163 55023.21886562 10.00 231.271725  66.346038  9.202
 80    86.534 55023.21886626  9.32 231.268445  66.349118  9.202
 80    84.937 55023.21886690  9.82 231.265164  66.352201  5.069
 80    83.856 55023.21886755  7.92 231.261894  66.355281  5.069
 80    82.803 55023.21886819  8.75 231.258614  66.358361  5.069
 80   104.415 55023.21886884  6.28 231.255334  66.361441  5.069
 80   107.154 55023.21886948  5.97 231.252054  66.364521  5.069
 80   108.998 55023.21887013  5.01 231.248774  66.367611  5.069
 80   111.191 55023.21887077  4.83 231.245494  66.370691  5.069
 80   112.904 55023.21887142  4.82 231.242214  66.373771  5.069
 80   120.482 55023.21887206  2.66 231.238924  66.376851  5.069
 80   122.926 55023.21887271  2.84 231.235644  66.379931  5.069
 80   121.358 55023.21887335  5.06 231.232364  66.383011  5.069
 80   119.992 55023.21887400  7.66 231.229074  66.386091  5.069
 81    22.645 55058.21886300 31.41 231.260470  66.354615 17.461
 81    19.863 55058.21886365 28.65 231.257190  66.357695 17.461
 81    19.922 55058.21886429 31.61 231.253910  66.360775 17.461
 81    19.631 55058.21886494 48.66 231.250630  66.363855 17.461
 81    20.444 55058.21886558 49.06 231.247360  66.366935 17.461
 81    20.119 55058.21886623 47.32 231.244070  66.370025 17.461
 81    24.946 55058.21886687 30.56 231.240790  66.373105 17.461
 81    25.143 55058.21886751 33.33 231.237510  66.376185 17.461
 81    19.727 55058.21886816 30.81 231.234230  66.379265 17.461
 81    19.517 55058.21886880 26.49 231.230940  66.382345 17.461
 81    19.226 55058.21886945 21.82 231.227660  66.385425 17.461
 81    18.663 55058.21887009 22.55 231.224370  66.388505 17.461
 82    26.141 55093.21880971 11.62 231.310054  66.317291  7.531
 82    25.644 55093.21881035 11.74 231.306784  66.320371  7.531
 82    26.995 55093.21881100 11.64 231.303514  66.323461  7.531
 82    25.611 55093.21881164 14.52 231.300244  66.326541  7.531
 82   104.282 55093.21881228 14.84 231.296984  66.329621  7.531
 82    86.733 55093.21881293 12.98 231.293704  66.332701  7.531
 82    84.792 55093.21881357 14.84 231.290434  66.335791  7.531
 82    83.137 55093.21881422 14.90 231.287164  66.338871  7.531
 82    83.914 55093.21881486 14.99 231.283894  66.341951  7.531
 82    86.038 55093.21881551 13.99 231.280624  66.345031  7.531
 82    25.572 55093.21881615 15.50 231.277344  66.348111  7.531
 82    23.939 55093.21881680 17.19 231.274074  66.351201  7.531
 82    22.676 55093.21881744 20.12 231.270794  66.354281  7.531
 82    22.635 55093.21881809 20.43 231.267514  66.357361  7.531
 82    22.727 55093.21881873 22.69 231.264240  66.360447  9.713
 82    22.189 55093.21881938 20.87 231.260960  66.363527  9.713
 82    21.958 55093.21882002 18.86 231.257680  66.366607  9.713
 82    22.114 55093.21882067 18.00 231.254400  66.369687  9.713
 82    25.457 55093.21882131 15.87 231.251120  66.372767  9.713
 82    27.056 55093.21882196 19.16 231.247840  66.375847  9.713
 82    24.506 55093.21882260 13.32 231.244560  66.378937  9.713
 82   122.368 55093.21882324 10.60 231.241280  66.382017  9.713
 82   125.387 55093.21882389 10.41 231.238000  66.385097  9.713
 82   128.103 55093.21882453  9.18 231.234710  66.388177  9.713
 83    18.674 55128.21880144 44.00 231.265770  66.344587 11.153
 83    19.838 55128.21880209 37.95 231.262500  66.347667 11.153
 83    18.792 55128.21881047 40.18 231.219840  66.387717 16.270
 84    46.476 55163.21877216 18.05 231.298428  66.320976  5.799
 84    22.352 55163.21877280 19.52 231.295168  66.324056  5.799
 84    25.745 55163.21877345 18.73 231.291888  66.327136  5.799
 84    24.982 55163.21877409 18.74 231.288618  66.330216  5.799
 84    24.701 55163.21877473 18.96 231.285348  66.333306  5.799
 84    25.832 55163.21877538 16.98 231.282078  66.336386  5.799
 84    24.857 55163.21877602 17.62 231.278808  66.339466  5.799
 84    24.513 55163.21877667 18.06 231.275528  66.342546  5.799
 84    23.390 55163.21877731 18.77 231.272258  66.345626  5.799
 84    21.931 55163.21877796 20.95 231.268978  66.348706  5.799
 84    21.603 55163.21877860 21.85 231.265708  66.351796  5.799
 84    21.757 55163.21877925 22.39 231.262428  66.354876  5.799
 84    21.815 55163.21877989 25.36 231.259153  66.357957  6.601
 84    21.694 55163.21878054 28.45 231.255873  66.361037  6.601
 84    21.172 55163.21878118 28.03 231.252593  66.364117  6.601
 84    20.508 55163.21878569 18.97 231.229613  66.385687  6.601
 84    20.170 55163.21878634 18.01 231.226333  66.388767  6.601
 85    88.419 55198.21879421  8.51 231.254395  66.350530  6.467
 85    87.255 55198.21879486  8.59 231.251125  66.353610  6.467
 85    89.244 55198.21879550  8.80 231.247845  66.356690  6.467
 85    93.885 55198.21879615  6.22 231.244565  66.359770  6.467
 85    95.406 55198.21879679  6.31 231.241285  66.362850  6.467
 85    96.739 55198.21879744  6.40 231.238005  66.365930  6.467
 85    97.471 55198.21879808  6.71 231.234715  66.369020  6.467
 85    98.935 55198.21879873  6.61 231.231435  66.372100  6.467
 85   100.278 55198.21879937  8.46 231.228155  66.375180  6.467
 85   101.114 55198.21880002  9.57 231.224865  66.378260  6.467
 85   102.042 55198.21880066 10.12 231.221585  66.381340  6.467
 85   102.841 55198.21880131 11.45 231.218295  66.384420  6.467
 85   103.240 55198.21880195 12.09 231.215005  66.387500  6.467
 86    87.318 55233.21877996  8.20 231.284674  66.338160  3.444
 86    87.265 55233.21878061  6.92 231.281404  66.341240  3.444
 86    87.414 55233.21878125  6.62 231.278134  66.344320  3.444
 86    89.899 55233.21878190  5.85 231.274854  66.347410  3.444
 86    91.273 55233.21878254  5.02 231.271584  66.350490  3.444
 86    94.284 55233.21878319  4.85 231.268304  66.353570  3.444
 86    96.077 55233.21878383  4.19 231.265021  66.356654  6.140
 86    99.500 55233.21878448  3.68 231.261751  66.359734  6.140
 86   103.136 55233.21878512  2.67 231.258471  66.362814  6.140
 86   104.017 55233.21878576  3.06 231.255191  66.365894  6.140
 86   108.262 55233.21878641  2.95 231.251911  66.368974  6.140
 86   110.430 55233.21878705  2.89 231.248631  66.372054  6.140
 86   112.468 55233.21878770  4.75 231.245351  66.375134  6.140
 86   101.855 55233.21878834  6.90 231.242071  66.378224  6.140
 86   116.566 55233.21878899  5.08 231.238781  66.381304  6.140
 86   104.060 55233.21878963  6.35 231.235501  66.384384  6.140
 86   104.532 55233.21879028  7.25 231.232221  66.387464  6.140
 87    87.162 55268.21878801  5.36 231.263408  66.347128  4.234
 87    86.406 55268.21878865  4.89 231.260131  66.350209  5.228
 87    86.266 55268.21878930  4.31 231.256851  66.353289  5.228
 87    88.156 55268.21878994  3.54 231.253571  66.356369  5.228
 87    92.266 55268.21879059  2.45 231.250291  66.359449  5.228
 87    95.416 55268.21879123  1.92 231.247011  66.362529  5.228
 87    96.822 55268.21879188  2.32 231.243731  66.365609  5.228
 87    98.262 55268.21879252  1.74 231.240451  66.368699  5.228
 87    99.352 55268.21879317  2.18 231.237171  66.371779  5.228
 87   100.446 55268.21879381  2.06 231.233891  66.374859  5.228
 87   101.436 55268.21879446  3.06 231.230601  66.377939  5.228
 87   102.597 55268.21879510  3.69 231.227321  66.381019  5.228
 87   103.471 55268.21879575  4.02 231.224031  66.384099  5.228
 87   104.128 55268.21879639  4.42 231.220751  66.387179  5.228
 88    26.144 55303.21875532  0.75 231.312469  66.317098  4.862
 88    26.166 55303.21875596  0.14 231.309199  66.320188  4.862
 88    26.102 55303.21875661  0.32 231.305929  66.323268  4.862
 88    26.096 55303.21875725  1.00 231.302669  66.326348  4.862
 88    27.447 55303.21875789  0.99 231.299389  66.329428  4.862
 88    26.755 55303.21875854  1.18 231.296129  66.332518  4.862
 88    26.351 55303.21875918  1.75 231.292849  66.335598  4.862
 88    26.210 55303.21875983  2.09 231.289579  66.338678  4.862
 88    24.879 55303.21876047  3.55 231.286309  66.341758  4.862
 88    19.063 55303.21876112  4.93 231.283040  66.344840  7.450
 88    21.481 55303.21876176  4.43 231.279760  66.347930  7.450
 88    22.472 55303.21876241  5.66 231.276490  66.351010  7.450
 88    21.072 55303.21876305  6.12 231.273210  66.354090  7.450
 88    19.933 55303.21876370  8.02 231.269930  66.357170  7.450
 88    18.964 55303.21877014  5.14 231.237130  66.387990  7.450
 89    23.000 55338.21876060 45.19 231.270886  66.342864 25.745
 89    22.682 55338.21876125 43.98 231.267606  66.345944 25.745
 89    23.129 55338.21876189 43.04 231.264336  66.349034 25.745
 89    23.080 55338.21876254 43.95 231.261056  66.352114 25.745
 89    20.646 55338.21876705 41.53 231.238090  66.373687 23.113
 89    26.214 55338.21876769 40.67 231.234810  66.376767 23.113
 89    20.681 55338.21876834 50.47 231.231530  66.379847 23.113
 89    20.664 55338.21876898 50.02 231.228240  66.382927 23.113
 89    20.816 55338.21876963 51.30 231.224960  66.386007 23.113
 89    20.599 55338.21877027 45.37 231.221670  66.389087 23.113
 90    19.937 55373.21875490 36.40 231.254491  66.361091 24.559
 90    19.863 55373.21875555 52.20 231.251211  66.364171 24.559
 90    19.770 55373.21875619 47.35 231.247931  66.367261 24.559
 90    20.850 55373.21875684 41.69 231.244651  66.370341 24.559
 90    25.347 55373.21875748 35.41 231.241371  66.373421 24.559
 90    26.487 55373.21875812 37.41 231.238081  66.376501 24.559
 90    19.635 55373.21875877 51.25 231.234801  66.379581 24.559
 90    19.909 55373.21875941 53.07 231.231521  66.382661 24.559
 90    19.906 55373.21876006 47.32 231.228231  66.385741 24.559
 90    20.084 55373.21876070 47.17 231.224951  66.388821 24.559
 91    22.139 55408.21877286 23.34 231.263052  66.346653  6.785
 91    21.729 55408.21877350 26.15 231.259779  66.349735 19.566
 91    22.488 55408.21877415 30.93 231.256499  66.352815 19.566
 91    21.869 55408.21877479 29.46 231.253219  66.355895 19.566
 91    21.724 55408.21877544 30.28 231.249939  66.358975 19.566
 91    22.322 55408.21877608 31.11 231.246659  66.362055 19.566
 91    21.644 55408.21877673 31.35 231.243379  66.365145 19.566
 91    22.625 55408.21877737 24.17 231.240099  66.368225 19.566
 91    20.657 55408.21877802 25.25 231.236819  66.371305 19.566
 91    20.533 55408.21877866 24.93 231.233539  66.374385 19.566
 91    20.647 55408.21877931 29.53 231.230249  66.377465 19.566
 91    20.392 55408.21877995 30.42 231.226969  66.380545 19.566
 91    20.244 55408.21878060 19.92 231.223679  66.383625 19.566
 91    20.238 55408.21878124 16.43 231.220399  66.386705 19.566
 92    87.406 55443.21876691 14.95 231.286142  66.331196  8.316
 92    87.890 55443.21876755 12.94 231.282872  66.334276  8.316
 92    87.937 55443.21876820 11.99 231.279602  66.337356  8.316
 92    87.816 55443.21876884  9.21 231.276322  66.340436  8.316
 92    87.716 55443.21876949  7.40 231.273052  66.343516  8.316
 92    87.032 55443.21877013  5.71 231.269772  66.346596  8.316
 92    86.442 55443.21877078  4.92 231.266502  66.349686  8.316
 92    85.588 55443.21877142  3.54 231.263222  66.352766  8.316
 92    88.815 55443.21877207  3.21 231.259940  66.355849 10.445
 92    91.061 55443.21877271  1.85 231.256670  66.358929 10.445
 92    93.624 55443.21877335  1.17 231.253390  66.362009 10.445
 92    98.303 55443.21877400  1.40 231.250110  66.365089 10.445
 92    97.173 55443.21877464  1.57 231.246830  66.368169 10.445
 92    99.106 55443.21877529  1.82 231.243540  66.371249 10.445
 92   100.423 55443.21877593  3.23 231.240260  66.374339 10.445
 92   101.726 55443.21877658  2.96 231.236980  66.377419 10.445
 93    18.793 55478.21870995 49.43 231.276966  66.352984 17.037
 93    18.825 55478.21871060 49.20 231.273686  66.356064 17.037
 93    18.636 55478.21871124 50.89 231.270406  66.359144 17.037
 93    18.889 55478.21871189 48.73 231.267132  66.362230 22.846
 93    18.686 55478.21871253 44.51 231.263852  66.365310 22.846
 93    18.701 55478.21871318 42.94 231.260572  66.368390 22.846
 93    18.357 55478.21871382 48.20 231.257292  66.371470 22.846
 93    18.424 55478.21871447 47.84 231.254012  66.374550 22.846
 93    18.409 55478.21871511 49.74 231.250732  66.377630 22.846
 93    18.489 55478.21871576 48.50 231.247452  66.380720 22.846
 93    18.433 55478.21871640 44.80 231.244172  66.383800 22.846
 93    18.356 55478.21871704 48.42 231.240892  66.386880 22.846
