-130621.379   168.570     0.00    3.46
-130254.666   167.435    -3.09    2.24
-129888.034   167.488     0.14    2.25
-129521.484   170.045     6.98    5.20
-129155.015   172.666     7.15    5.94
-128788.627   174.755     5.70    4.98
-128422.321   175.088     0.91    3.75
-128056.097   173.685    -3.83    3.65
-127689.953   171.219    -6.73    4.17
-127323.891   169.063    -5.89    4.01
-126957.910   167.421    -4.49    4.02
-126592.011   166.976    -1.22    4.18
-126226.192   167.598     1.70    4.48
-125860.454   168.297     1.91    3.87
-125494.797   168.741     1.22    3.06
-125129.222   169.314     1.57    2.33
-124763.727   169.944     1.73    2.27
-124398.312   170.520     1.58    1.96
-124032.979   170.550     0.08    1.69
-123667.726   169.445    -3.02    2.62
-123302.554   166.300    -8.61    4.86
-122937.463   162.958    -9.15    5.18
-122572.452   159.019   -10.79    5.15
-122207.521   154.636   -12.01    5.06
-121842.671   149.808   -13.23    6.10
-121477.801   144.287   -15.13    6.55
-121096.089   138.853   -14.24    5.03
-120714.466   133.905   -12.97    5.57
-120332.933   129.470   -11.63    5.97
-119951.490   122.540   -18.17   10.74
-119570.136   110.864   -30.62   17.55
-119188.872   100.245   -27.85   17.79
-118807.697    92.088   -21.40   12.31
-118426.611    89.117    -7.80    7.76
-118045.615    89.794     1.78    5.44
-117664.708    90.792     2.62    4.32
-117283.890    91.455     1.74    4.77
-116903.161    96.921    14.36    9.27
-116522.521   105.449    22.41   12.28
-116141.970   116.059    27.88   14.04
-115761.508   126.113    26.43   11.02
-115381.134   135.245    24.01    8.35
-115000.850   141.447    16.31    8.42
-114620.654   148.122    17.56    8.54
-114240.547   155.786    20.16    8.08
-113860.528   165.539    25.67   11.69
-113480.598   173.727    21.55   12.55
-113100.756   180.380    17.52   11.22
-112721.003   183.970     9.45   10.21
-112341.338   187.093     8.23    9.53
-111961.762   191.934    12.76   10.85
-111582.273   197.786    15.42   11.44
-111202.873   203.627    15.40    9.18
-110823.561   207.301     9.69    6.86
-110444.337   209.696     6.32    5.41
-110065.201   212.008     6.10    3.85
-109686.153   213.863     4.89    2.62
-109307.192   214.828     2.55    2.20
-108928.320   213.675    -3.04    5.68
-108549.535   212.052    -4.28    7.70
-108170.838   210.054    -5.28    8.95
-107792.228   208.411    -4.34    8.04
-107413.706   206.657    -4.63    6.24
-107035.272   203.068    -9.48    8.99
-106656.925   199.171   -10.30   13.98
-106278.665   185.109   -37.18   30.55
-105900.493   156.627   -75.32   45.27
-105522.408   131.207   -67.24   41.90
-105144.410   112.520   -49.44   20.32
-104766.499   111.968    -1.46   15.42
-104388.675   121.088    24.14   19.26
-104010.939   126.758    15.01   22.28
-103633.289   134.043    19.29   24.00
-103255.726   138.058    10.63   24.93
-102878.250   145.473    19.64   27.28
-102500.861   150.875    14.32   30.96
-102123.559   158.458    20.10   33.47
-101746.343   161.788     8.83   34.56
-101369.214   169.214    19.69   38.03
-100992.171   174.784    14.77   41.06
-100615.215   180.826    16.03   41.93
-100238.345   178.333    -6.61   42.83
 -99861.562   167.472   -28.83   41.05
 -99484.865   153.000   -38.42   30.68
 -99108.254   148.515   -11.91   20.42
 -98731.730   154.151    14.97   21.23
 -98355.291   169.017    39.49   23.31
 -97978.939   184.336    40.71   23.84
 -97602.672   196.945    33.51   20.43
 -97226.492   205.715    23.32   15.25
 -96850.398   208.478     7.35   15.40
 -96474.389   205.098    -8.99   17.04
 -96098.466   205.508     1.09   16.43
 -95722.629   213.138    20.30   17.58
 -95346.878   225.158    31.99   18.72
 -94971.212   239.748    38.84   19.61
 -94595.632   253.068    35.47   16.76
 -94220.137   263.088    26.69   10.58
 -93844.728   266.685     9.58    8.19
 -93469.404   265.801    -2.36    8.48
 -93094.165   262.703    -8.25    9.00
 -92719.012   261.942    -2.03    9.03
 -92343.944   262.251     0.82    9.52
 -91968.961   266.758    12.02   11.08
 -91594.063   270.882    11.00   10.98
 -91219.250   275.868    13.30   11.79
 -90844.523   282.255    17.04   12.68
 -90469.880   290.318    21.52   14.53
 -90095.322   301.321    29.38   17.35
 -89720.848   313.519    32.58   17.48
 -89346.460   323.952    27.87   13.72
 -88972.156   328.510    12.18   10.08
 -88597.937   327.497    -2.71   15.96
 -88223.803   323.410   -10.93   21.57
 -87849.753   311.609   -31.55   25.38
 -87475.787   296.685   -39.91   27.22
 -87101.906   281.567   -40.44   21.96
 -86728.109   269.025   -33.55   12.91
 -86354.397   261.420   -20.35    6.50
 -85980.769   255.724   -15.25    7.98
 -85607.225   249.678   -16.19   10.84
 -85233.765   236.206   -36.08   20.51
 -84860.389   211.994   -64.85   38.02
 -84487.098   185.368   -71.33   37.47
 -84113.890   175.931   -25.29   29.03
 -83740.766   182.378    17.28   31.86
 -83367.726   208.323    69.56   34.08
 -82994.770   230.641    59.84   22.00
 -82621.897   243.865    35.47   12.06
 -82249.109   250.128    16.80    5.79
 -81876.404   253.638     9.42    6.46
 -81503.782   256.912     8.79    7.87
 -81131.244   260.408     9.39    7.19
 -80758.789   262.392     5.33    6.54
 -80386.418   264.315     5.17    7.08
 -80014.131   265.451     3.05    7.09
 -79641.926   268.369     7.84    8.53
 -79269.805   273.137    12.81   10.55
 -78897.767   276.853     9.99    8.59
 -78525.812   273.964    -7.77   11.92
 -78153.940   267.238   -18.09   15.35
 -77782.151   254.794   -33.47   16.14
 -77410.445   242.038   -34.32   14.69
 -77038.822   227.865   -38.14   17.15
 -76667.282   221.372   -17.48   16.02
 -76295.825   217.295   -10.98   14.47
 -75924.451   215.912    -3.73   14.90
 -75553.159   216.886     2.62   15.23
 -75181.950   213.331    -9.58   13.29
 -74810.823   208.823   -12.15    8.58
 -74439.779   205.921    -7.82    1.93
 -74068.817   206.174     0.68    2.18
 -73697.938   208.428     6.08    5.56
 -73327.142   214.380    16.05   12.11
 -72956.427   224.477    27.24   16.66
 -72585.795   235.725    30.35   18.34
 -72215.245   250.146    38.92   16.88
 -71844.777   260.353    27.55   12.55
 -71474.391   263.966     9.75    9.70
 -71104.088   260.677    -8.88   16.08
 -70733.866   250.123   -28.51   22.24
 -70363.726   238.315   -31.90   21.42
 -69993.668   227.647   -28.83   17.52
 -69623.692   223.164   -12.12   11.72
 -69253.798   223.248     0.23    9.68
 -68883.986   225.809     6.93    9.26
 -68514.255   232.235    17.38   12.38
 -68144.605   241.794    25.86   16.09
 -67775.038   251.548    26.39   18.01
 -67405.551   262.336    29.20   14.96
 -67036.147   269.448    19.25    9.22
 -66666.823   270.838     3.76    6.46
 -66297.581   272.138     3.52    6.09
 -65928.421   275.440     8.94    8.04
 -65559.341   279.427    10.80    9.79
 -65190.343   282.382     8.01    8.78
 -64821.426   285.286     7.87    8.09
 -64452.590   284.905    -1.03    9.39
 -64083.835   281.245    -9.93   14.50
 -63715.161   276.010   -14.20   18.30
 -63346.568   268.738   -19.73   15.76
 -62978.056   262.295   -17.48   10.21
 -62609.624   258.014   -11.62    7.01
 -62241.274   256.838    -3.19    6.79
 -61873.004   260.274     9.33    9.83
 -61504.814   266.710    17.48   13.42
 -61136.706   276.271    25.97   14.67
 -60768.678   284.878    23.39   13.05
 -60400.730   289.251    11.89    9.16
 -60032.863   286.598    -7.21   10.84
 -59665.076   279.372   -19.65   13.01
 -59297.370   268.034   -30.84   14.24
 -58929.744   257.135   -29.65   10.24
 -58562.198   248.559   -23.34   10.31
 -58194.732   241.598   -18.94   10.28
 -57827.347   236.447   -14.02    9.93
 -57460.041   233.668    -7.57   10.04
 -57092.816   233.045    -1.70   10.94
 -56725.670   235.059     5.48   12.65
 -56358.605   238.445     9.23   13.64
 -55991.619   241.992     9.67   11.65
 -55624.714   243.251     3.43    8.99
 -55257.888   240.098    -8.60    9.14
 -54891.141   234.863   -14.28    8.93
 -54524.475   229.323   -15.11    6.80
 -54157.888   227.117    -6.02    6.59
 -53791.380   226.197    -2.51    8.18
 -53424.952   223.488    -7.39   10.24
 -53058.604   219.835    -9.97   12.42
 -52692.335   215.008   -13.18   14.20
 -52326.145   207.794   -19.70   15.41
 -51960.035   198.036   -26.65   16.95
 -51594.004   186.558   -31.36   18.70
 -51228.052   174.420   -33.17   16.94
 -50862.180   162.980   -31.27   16.76
 -50496.386   154.808   -22.34   15.08
 -50130.672   148.547   -17.12   13.25
 -49765.036   147.018    -4.18   12.05
 -49399.480   145.311    -4.67   10.67
 -49034.002   144.935    -1.03   10.69
 -48668.603   144.223    -1.95    9.81
 -48303.283   142.232    -5.45    8.02
 -47938.042   140.888    -3.68    5.52
 -47572.880   141.741     2.34    5.76
 -47207.796   142.628     2.43    5.90
 -46842.791   143.221     1.62    5.88
 -46466.399   143.388     0.44    5.99
 -46084.944   144.436     2.75    6.38
 -45703.577   144.638     0.53    6.11
 -45322.297   144.296    -0.89    6.13
 -44941.105   143.448    -2.23    6.26
 -44559.999   141.055    -6.28    6.69
 -44178.981   137.980    -8.07    5.13
 -43798.049   136.463    -3.98    3.26
 -43417.205   136.798     0.88    2.54
 -43036.448   138.860     5.41    4.10
 -42655.777   142.108     8.53    6.98
 -42275.193   148.713    17.36   12.38
 -41894.696   158.658    26.14   17.84
 -41514.286   168.795    26.65   19.28
 -41133.962   171.118     6.11   18.51
 -40753.725   166.651   -11.75   17.33
 -40373.574   161.538   -13.45   13.24
 -39993.510   161.849     0.82   12.11
 -39613.532   175.004    34.62   21.55
 -39233.640   190.322    40.32   19.78
 -38853.835   195.458    13.52   15.12
 -38474.116   195.162    -0.78   16.02
 -38094.483   185.341   -25.87   16.52
 -37714.937   176.255   -23.94   12.37
 -37335.476   173.921    -6.15    9.71
 -36956.101   175.171     3.29   10.50
 -36576.812   179.657    11.83   11.47
 -36197.610   183.805    10.94    9.19
 -35818.492   184.689     2.33    7.41
 -35439.461   185.186     1.31    6.94
 -35060.516   191.261    16.03   12.72
 -34681.656   200.537    24.48   15.79
 -34302.881   211.618    29.26   18.17
 -33924.192   224.348    33.62   20.82
 -33545.589   235.228    28.74   17.99
 -33167.071   237.241     5.32   15.51
 -32788.638   229.962   -19.24   20.74
 -32410.291   218.828   -29.43   23.48
 -32032.029   204.778   -37.14   16.35
 -31653.852   199.712   -13.40    9.36
 -31275.761   205.516    15.35   12.76
 -30897.754   213.931    22.26   14.01
 -30519.832   225.012    29.32   12.85
 -30141.996   233.740    23.10   13.63
 -29764.244   244.710    29.04   17.00
 -29386.577   258.202    35.72   20.31
 -29008.995   272.782    38.61   18.34
 -28631.497   284.968    32.28   14.72
 -28254.085   296.186    29.72   11.32
 -27876.757   303.088    18.29   10.39
 -27499.513   307.588    11.93    8.55
 -27122.354   306.974    -1.63    8.73
 -26745.280   299.835   -18.93   16.29
 -26368.290   280.628   -50.95   27.81
 -25991.384   260.685   -52.92   26.49
 -25614.562   255.796   -12.97   20.51
 -25237.825   255.696    -0.27   18.00
 -24861.172   259.390     9.81   15.84
 -24484.603   265.207    15.45    8.97
 -24108.118   266.962     4.66    8.96
 -23731.717   266.289    -1.79   11.29
 -23355.401   264.499    -4.76   13.41
 -22979.168   260.114   -11.66   14.96
 -22603.018   248.901   -29.81   16.27
 -22226.953   240.426   -22.54   14.26
 -21850.971   232.248   -21.75   10.19
 -21475.073   227.639   -12.26    7.66
 -21099.259   224.190    -9.18    6.46
 -20723.528   220.210   -10.59    7.01
 -20347.881   213.279   -18.45   10.96
 -19972.317   204.398   -23.65   12.91
 -19596.837   194.026   -27.62   11.05
 -19221.440   186.806   -19.23    8.10
 -18846.126   181.492   -14.16    5.35
 -18470.896   176.058   -14.48    6.39
 -18095.749   171.523   -12.09    7.57
 -17720.684   164.891   -17.68    8.54
 -17345.703   158.287   -17.61    5.99
 -16970.805   152.982   -14.15    6.71
 -16595.990   148.130   -12.95    6.89
 -16221.258   142.527   -14.95    7.26
 -15846.609   137.935   -12.26    5.86
 -15472.042   134.356    -9.56    3.71
 -15097.558   132.022    -6.23    3.94
 -14723.157   129.846    -5.81    4.74
 -14348.839   128.093    -4.68    4.96
 -13974.603   125.477    -6.99    4.20
 -13600.450   122.942    -6.78    3.12
 -13226.379   121.325    -4.32    3.13
 -12852.391   119.265    -5.51    3.12
 -12478.485   116.566    -7.22    4.23
 -12104.661   113.628    -7.86    5.27
 -11730.920   111.173    -6.57    4.71
 -11357.260   109.721    -3.89    4.52
 -10983.683   107.950    -4.74    4.69
 -10610.189   106.017    -5.18    3.79
 -10236.776   104.330    -4.52    2.38
  -9863.445   104.118    -0.57    1.31
  -9490.196   104.088    -0.08    1.53
  -9117.029   103.276    -2.18    2.74
  -8743.944   101.729    -4.14    3.62
  -8370.940   100.037    -4.54    3.85
  -7998.019   100.292     0.68    6.12
  -7625.179   102.973     7.19    8.96
  -7252.420   105.018     5.49    8.62
  -6879.743   106.523     4.04    6.86
  -6507.148   104.518    -5.38    6.46
  -6134.634    99.900   -12.40    6.70
  -5762.202    95.408   -12.06    5.83
  -5389.851    91.980    -9.21    3.67
  -5017.581    89.813    -5.82    2.41
  -4645.393    88.557    -3.37    2.77
  -4273.286    86.728    -4.92    3.48
  -3901.260    84.588    -5.75    4.30
  -3529.315    81.476    -8.37    4.98
  -3157.451    78.905    -6.91    4.46
  -2785.668    76.310    -6.98    3.20
  -2413.966    74.760    -4.17    2.26
  -2042.345    73.838    -2.48    1.35
  -1670.804    72.088    -4.71    5.63
  -1299.345    60.214   -31.96   25.74
   -927.966    37.962   -59.92   35.75
   -556.668    16.856   -56.84   31.12
   -185.451     0.336   -44.50   11.31
    185.686    -3.412   -10.10    0.00
    556.742    -3.412     0.00    0.00
    927.718     1.864    14.22   16.99
   1298.614    20.319    49.76   33.19
   1669.429    41.689    57.63   35.58
   2040.164    64.392    61.24   22.05
   2410.818    74.398    26.99    2.30
   2781.392    70.854    -9.56   11.43
   3151.886    63.333   -20.30   17.25
   3522.300    57.042   -16.98   17.51
   3892.634    54.976    -5.58   16.60
   4262.888    60.376    14.58   15.54
   4633.062    67.536    19.34   11.38
   5003.156    70.047     6.78   10.47
   5373.170    75.223    13.99    6.06
   5743.104    77.012     4.84    5.74
   6112.959    77.327     0.85    7.21
   6482.734    82.478    13.93   12.21
   6852.429    88.971    17.56   16.38
   7222.045    98.894    26.85   18.41
   7591.581   109.746    29.37   15.37
   7961.037   117.962    22.24    9.64
   8330.415   120.415     6.64    6.36
   8699.712   120.778     0.98    5.61
   9068.931   119.477    -3.52    5.75
   9438.070   116.751    -7.38    4.06
   9807.130   115.168    -4.29    3.81
  10176.110   114.854    -0.85    4.69
  10545.012   116.548     4.59    6.65
  10913.834   119.330     7.54    7.73
  11282.577   123.282    10.72    7.72
  11651.242   126.751     9.41    6.83
  12019.827   130.421     9.96    6.87
  12388.334   135.207    12.99    9.31
  12756.761   142.284    19.21   10.98
  13125.110   152.265    27.10   14.31
  13493.380   162.523    27.85   13.73
  13861.572   172.669    27.56   14.14
  14229.684   182.323    26.23   14.42
  14597.719   194.732    33.72   19.00
  14965.674   206.670    32.44   22.90
  15333.551   218.299    31.61   24.25
  15701.350   227.275    24.40   24.18
  16069.070   234.077    18.50   22.39
  16436.712   236.722     7.19   19.94
  16804.276   240.041     9.03   16.67
  17171.761   243.546     9.54   13.69
  17539.169   248.939    14.68   12.42
  17906.498   257.962    24.56   13.17
  18273.749   267.536    26.07   15.54
  18640.921   278.328    29.39   14.47
  19008.016   287.952    26.22   14.21
  19375.033   295.632    20.93   12.87
  19741.972   301.904    17.09   13.45
  20108.834   304.078     5.92   15.42
  20475.617   304.251     0.47   16.00
  20842.323   302.609    -4.48   13.92
  21208.950   302.710     0.28    9.47
  21575.501   302.487    -0.61    6.32
  21941.973   300.610    -5.12    7.74
  22308.369   297.856    -7.52    9.06
  22674.686   296.914    -2.57    9.47
  23040.926   298.578     4.54    9.59
  23407.089   301.825     8.87   11.19
  23773.174   309.356    20.57   13.18
  24139.182   316.088    18.39   12.34
  24505.113   319.640     9.71   10.19
  24870.967   320.908     3.46    7.77
  25236.743   318.808    -5.74    5.02
  25602.442   317.275    -4.19    3.00
  25968.064   318.047     2.11    3.14
  26333.610   320.248     6.02    5.38
  26699.078   323.272     8.27    7.13
  27064.469   324.578     3.57    6.87
  27429.783   322.139    -6.68    8.54
  27795.021   315.643   -17.79   11.19
  28166.392   304.952   -28.79   13.50
  28547.679   293.436   -30.20   13.13
  28928.882   279.931   -35.43   16.15
  29309.999   267.490   -32.64   15.65
  29691.031   256.231   -29.55   14.85
  30071.979   245.511   -28.14   11.19
  30452.841   239.093   -16.85    9.63
  30833.619   236.925    -5.69   10.04
  31214.312   237.416     1.29   11.70
  31594.920   240.512     8.13   13.56
  31975.444   246.165    14.86   17.45
  32355.883   249.962     9.98   19.58
  32736.238   252.763     7.37   18.85
  33116.508   252.305    -1.20   16.79
  33496.694   246.729   -14.67   12.61
  33876.795   242.338   -11.55   11.10
  34256.812   236.743   -14.72    9.38
  34636.745   233.006    -9.84    7.54
  35016.594   232.394    -1.61    6.22
  35396.359   231.479    -2.41    5.32
  35776.039   228.265    -8.47    6.28
  36155.636   223.273   -13.15    7.75
  36535.148   215.939   -19.33    8.74
  36914.577   209.349   -17.37    6.90
  37293.922   204.180   -13.63    6.28
  37673.183   199.990   -11.05    5.65
  38052.360   195.830   -10.97    6.37
  38431.454   193.697    -5.63    7.64
  38810.464   195.743     5.40   10.21
  39189.390   199.177     9.06   11.48
  39568.233   203.588    11.64    9.89
  39946.992   206.621     8.01    8.04
  40325.668   207.810     3.14    4.98
  40704.261   208.142     0.88    4.46
  41082.770   209.928     4.72    3.89
  41461.196   211.955     5.35    3.92
  41839.539   214.792     7.50    5.19
  42217.799   217.854     8.09    6.69
  42595.976   222.908    13.36    9.92
  42974.069   229.072    16.30   11.25
  43352.080   236.204    18.87    9.96
  43730.007   242.222    15.92    5.01
  44107.852   245.275     8.08    2.51
  44485.614   247.310     5.39    3.70
  44863.294   250.788     9.21    5.29
  45240.890   255.866    13.45    7.60
  45618.404   261.690    15.43    7.85
  45995.835   265.651    10.49    6.99
  46373.184   268.258     6.91    6.47
  46750.450   268.588     0.87    6.97
  47127.634   266.959    -4.32    7.11
  47504.735   263.475    -9.24    9.21
  47881.754   257.265   -16.47   11.90
  48258.691   250.978   -16.68   12.47
  48635.545   245.282   -15.11   12.21
  49012.318   238.265   -18.62   12.56
  49389.008   230.441   -20.77   13.11
  49765.616   222.990   -19.78   13.33
  50142.142   215.230   -20.61   11.97
  50518.586   207.880   -19.53   11.20
  50894.949   201.444   -17.10   10.41
  51271.229   196.722   -12.55    7.10
  51647.428   193.825    -7.70    3.21
  52023.544   193.588    -0.63    1.52
  52399.579   194.534     2.51    1.39
  52775.533   195.435     2.40    1.51
  53151.405   196.694     3.35    1.60
  53527.195   198.083     3.69    2.04
  53902.904   199.710     4.33    1.96
  54278.531   201.351     4.37    2.05
  54654.077   202.444     2.91    1.92
  55029.542   202.485     0.11    2.05
  55404.925   201.501    -2.62    2.61
  55780.227   199.285    -5.90    3.38
  56155.448   196.599    -7.16    4.18
  56530.588   192.366   -11.28    5.47
  56905.647   188.136   -11.28    5.44
  57280.624   184.139   -10.66    3.70
  57655.521   182.152    -5.30    2.06
  58030.337   181.182    -2.59    1.21
  58405.072   181.413     0.62    1.77
  58779.726   182.119     1.89    2.09
  59154.299   182.411     0.78    1.99
  59528.792   181.659    -2.01    2.53
  59903.204   180.650    -2.70    2.57
  60277.535   179.397    -3.35    1.87
  60651.786   179.042    -0.95    1.45
  61025.956   179.631     1.58    1.42
  61400.046   180.305     1.80    1.04
  61774.055   180.705     1.07    0.35
  62147.984   180.679    -0.07    0.29
  62521.833   180.501    -0.48    0.48
  62895.602   179.608    -2.39    1.47
  63269.290   178.210    -3.74    2.20
  63642.898   176.735    -3.95    2.01
  64016.426   175.534    -3.22    1.33
  64389.874   174.651    -2.37    1.25
  64763.242   173.203    -3.88    2.51
  65136.530   171.359    -4.94    2.70
  65509.738   170.311    -2.81    2.08
  65882.866   170.223    -0.24    1.75
  66255.915   171.356     3.04    1.99
  66628.884   172.796     3.86    1.58
  67001.773   173.723     2.49    1.24
  67374.582   174.556     2.23    1.25
  67747.312   175.073     1.38    1.40
  68119.962   175.479     1.09    1.54
  68492.533   175.815     0.90    1.57
  68865.024   176.218     1.08    1.66
  69237.436   176.751     1.43    1.68
  69609.769   177.399     1.74    1.84
  69982.022   178.067     1.79    1.56
  70354.196   178.186     0.32    1.24
  70726.291   177.506    -1.83    1.43
  71098.307   176.652    -2.30    1.18
  71470.243   175.877    -2.08    1.15
  71842.101   175.516    -0.97    1.16
  72213.879   175.514    -0.01    1.35
  72585.579   176.411     2.41    2.04
  72957.200   177.286     2.35    2.29
  73328.742   177.778     1.32    2.08
  73700.205   178.190     1.11    1.85
  74071.589   178.182    -0.02    1.51
  74442.895   177.793    -1.05    1.05
  74814.122   177.441    -0.95    1.02
  75185.270   176.577    -2.33    1.09
  75556.340   175.703    -2.36    1.08
  75927.331   174.432    -3.43    1.87
  76298.244   172.317    -5.70    3.25
  76669.079   169.684    -7.10    3.96
  77039.835   166.984    -7.28    3.63
  77410.513   164.588    -6.46    2.65
  77781.112   162.726    -5.02    1.75
  78151.634   161.464    -3.41    1.58
  78522.077   160.164    -3.51    1.42
  78892.442   159.051    -3.00    1.36
  79262.729   157.955    -2.96    1.27
  79632.938   157.005    -2.57    1.24
  80003.070   156.088    -2.48    1.09
  80373.123   155.356    -1.98    0.96
  80743.098   154.662    -1.88    0.88
  81112.996   153.992    -1.81    0.90
  81482.815   153.209    -2.12    1.01
  81852.557   152.435    -2.09    1.02
  82222.222   151.619    -2.21    1.24
  82591.809   150.392    -3.32    1.74
  82961.318   148.939    -3.93    2.38
  83330.749   147.065    -5.07    2.48
  83700.104   144.833    -6.04    2.72
  84069.380   142.455    -6.44    2.38
  84438.580   140.640    -4.91    2.60
  84807.702   139.609    -2.79    2.85
  85176.747   137.776    -4.97    3.97
  85545.714   136.188    -4.30    4.25
  85914.605   134.841    -3.65    3.54
  86283.418   134.841     0.00    3.15
  86652.154   136.441     4.34    2.71
  87020.813   137.856     3.84    2.46
  87389.395   138.846     2.69    1.83
  87757.900   139.014     0.45    1.24
  88126.329   138.487    -1.43    1.37
  88494.680   137.786    -1.90    1.43
  88862.955   137.040    -2.03    1.40
  89231.152   136.140    -2.44    1.14
  89599.274   135.420    -1.96    0.97
  89967.318   134.482    -2.55    1.20
  90335.286   133.463    -2.77    1.45
  90703.177   132.197    -3.44    1.59
  91070.992   130.790    -3.82    1.74
  91438.730   129.327    -3.98    1.53
  91806.392   127.887    -3.92    1.68
  92173.978   126.577    -3.56    1.53
  92541.487   125.483    -2.98    1.10
  92908.920   124.883    -1.63    0.58
  93276.276   124.599    -0.77    0.10
  93643.557   124.588    -0.03    0.00
  94010.761   124.664     0.21    0.27
  94377.889   124.939     0.75    0.56
  94744.942   125.440     1.37    0.81
  95111.918   126.114     1.84    0.98
  95478.818   126.860     2.03    1.02
  95845.642   127.817     2.61    1.24
  96212.391   128.713     2.44    1.36
  96579.063   129.748     2.82    1.41
  96945.660   130.807     2.89    1.47
  97312.182   131.882     2.93    1.45
  97678.627   132.955     2.93    1.43
  98044.997   133.936     2.68    1.28
  98411.291   134.825     2.43    1.14
  98777.510   135.631     2.20    1.06
  99143.653   136.359     1.99    1.11
  99509.721   137.030     1.83    1.10
  99875.713   137.631     1.64    1.06
 100241.630   137.901     0.74    0.90
 100607.472   137.981     0.22    0.73
 100973.239   137.631    -0.96    0.80
 101338.930   136.981    -1.78    1.00
 101704.546   135.949    -2.82    1.33
 102070.087   134.801    -3.14    1.65
 102435.553   133.135    -4.56    2.02
 102802.295   131.430    -4.65    2.21
 103183.416   129.167    -5.94    2.39
 103564.454   126.880    -6.00    2.76
 103945.409   124.226    -6.96    3.07
 104326.281   121.726    -6.56    2.85
 104707.071   119.241    -6.53    2.24
 105087.778   117.430    -4.76    1.78
 105468.403   115.725    -4.48    1.70
 105848.945   114.354    -3.60    1.62
 106229.405   112.971    -3.63    1.50
 106609.782   111.780    -3.13    1.40
 106990.077   110.866    -2.40    0.99
 107370.289   110.472    -1.04    0.76
 107750.419   110.746     0.72    1.08
 108130.467   111.194     1.18    1.07
 108510.433   111.641     1.18    0.85
 108890.317   111.717     0.20    0.68
 109270.119   111.578    -0.37    0.59
 109649.838   111.362    -0.57    0.68
 110029.476   111.241    -0.32    0.78
 110409.032   111.262     0.06    0.85
 110788.506   111.156    -0.28    0.88
 111167.898   111.077    -0.21    0.86
 111547.208   111.083     0.01    0.89
 111926.437   110.871    -0.56    0.94
 112305.584   110.725    -0.38    0.95
 112684.650   110.412    -0.82    0.96
 113063.634   109.901    -1.35    1.10
 113442.536   109.392    -1.34    1.09
 113821.357   108.662    -1.93    0.80
 114200.097   108.170    -1.30    0.56
 114578.755   107.820    -0.93    0.42
 114957.332   107.493    -0.86    0.39
 115335.828   107.135    -0.95    0.63
 115714.243   106.654    -1.27    0.79
 116092.576   104.439    -5.85    5.87
 116470.829   101.142    -8.71    8.80
 116849.000    99.401    -4.61    9.43
 117227.091    97.214    -5.78   10.20
 117605.100    97.234     0.05    9.59
 117983.029    98.577     3.55    8.72
 118360.877   101.156     6.83    5.87
 118738.644   102.599     3.82    5.04
 119116.331   104.241     4.35    3.77
 119493.936   106.167     5.10    2.24
 119871.462   107.820     4.38    1.63
 120248.906   109.305     3.94    1.78
 120626.270   110.946     4.35    1.79
 121003.554   112.427     3.92    1.67
 121380.757   113.992     4.15    1.71
 121757.880   115.416     3.77    1.92
 122134.923   116.889     3.91    1.80
 122511.885   118.045     3.07    1.52
 122888.767   119.104     2.81    1.22
 123265.569   119.749     1.71    1.04
 123642.291   120.494     1.98    0.88
 124018.933   120.958     1.23    0.71
 124395.495   121.290     0.88    0.53
 124771.976   121.481     0.51    0.34
 125148.378   121.514     0.09    0.26
 125524.701   121.333    -0.48    0.44
 125900.943   121.201    -0.35    0.49
 126277.105   120.988    -0.57    0.61
 126653.188   120.662    -0.87    0.68
 127029.191   120.418    -0.65    0.68
 127405.115   120.035    -1.02    0.58
 127780.959   119.567    -1.25    0.83
 128156.724   118.535    -2.75    1.46
 128532.409   117.248    -3.43    1.90
 128908.014   115.771    -3.93    1.83
 129283.541   114.599    -3.12    1.31
 129658.988   113.631    -2.58    0.83
 130034.356   113.029    -1.60    0.71
 130409.644   112.478    -1.47    1.13
 130784.854   112.293    -0.49    1.86
 131159.984   112.360     0.18    2.82
 131535.035   113.161     2.14    3.42
 131910.008   114.766     4.28    3.10
 132284.901   116.651     5.03    2.05
 132659.715   117.986     3.56    1.64
 133034.451   118.878     2.38    1.13
 133409.108   119.542     1.77    0.43
 133783.686   119.407    -0.36    0.89
 134158.185   118.726    -1.82    1.71
 134532.605   117.790    -2.50    2.10
 134906.947   117.110    -1.82    1.91
 135281.211   117.706     1.59    2.12
 135655.396   119.181     3.94    2.03
 136029.502   120.978     4.80    1.90
 136403.530   122.489     4.04    1.61
 136777.480   123.950     3.91    1.49
 137151.351   125.513     4.18    2.02
 137525.144   123.024    -6.66   11.17
 137898.859   116.932   -16.30   16.38
 138272.496   113.503    -9.18   17.30
 138646.055   112.258    -3.33   17.23
 139019.535   119.721    19.98   15.18
 139392.938   128.237    22.80    8.54
 139766.262   132.392    11.13    3.72
 140139.509   134.492     5.63    3.32
 140512.677   136.533     5.47    2.98
 140885.768   138.184     4.42    2.82
 141258.781   140.031     4.95    2.57
 141631.716   141.897     5.00    2.35
 142004.574   143.960     5.53    2.04
 142377.354   146.050     5.61    2.94
 142750.056   148.358     6.19    2.84
 143122.681   150.822     6.61    2.55
 143495.229   152.888     5.54    2.20
 143867.698   154.771     5.05    2.12
 144240.091   156.088     3.54    1.52
 144612.406   156.988     2.42    0.78
 144984.644   157.310     0.87    0.54
 145356.804   156.960    -0.94    1.18
 145728.888   156.545    -1.12    1.57
 146100.894   156.120    -1.14    1.87
 146472.823   153.599    -6.78    8.92
 146844.675   128.979   -66.20   46.04
 147216.450    93.237   -96.13   59.68
 147588.148    61.310   -85.89   49.25
 147959.769    56.072   -14.09   46.24
 148331.313    84.925    77.65   60.79
 148702.780   124.796   107.32   52.93
 149074.171   155.421    82.45   22.84
 149445.485   160.248    13.00   16.83
 149816.722   166.395    16.56    3.16
 150187.882   168.088     4.56    3.57
 150558.966   168.874     2.12    3.46
 150929.974   170.201     3.58    3.13
 151300.904   171.782     4.26    3.13
 151671.759   174.153     6.39    3.31
 152042.537   176.835     7.23    3.12
 152413.238   179.717     7.77    2.78
 152783.864   181.725     5.42    2.41
 153154.413   183.632     5.14    1.62
 153524.885   184.865     3.33    1.32
 153895.282   185.883     2.75    1.15
 154265.602   186.814     2.51    1.31
 154635.847   187.588     2.09    1.41
 155006.015   188.631     2.82    1.77
 155376.108   189.736     2.98    1.81
 155746.124   190.897     3.14    1.61
 156116.064   191.739     2.28    1.20
 156485.929   192.298     1.51    0.70
 156855.718   192.437     0.38    0.62
 157225.431   191.803    -1.72    1.51
 157595.068   190.512    -3.49    2.41
 157964.630   188.115    -6.49    3.32
 158334.116   184.525    -9.72    5.32
 158703.527   181.544    -8.07    4.98
 159072.862   180.276    -3.43    4.37
 159442.121   180.289     0.04    3.99
 159811.305   181.126     2.27    2.95
 160180.414   180.883    -0.66    1.76
 160549.447   180.805    -0.21    1.66
 160918.405   181.262     1.24    1.92
 161287.288   181.209    -0.14    2.65
 161656.096   180.951    -0.70    3.10
 162024.828   181.050     0.27    3.38
 162393.485   181.729     1.84    3.56
 162762.067   184.083     6.38    3.12
 163130.575   186.418     6.34    3.22
 163499.007   188.910     6.76    3.60
 163867.364   191.889     8.09    4.09
 164235.646   194.393     6.80    4.32
 164603.854   197.545     8.56    7.01
 164971.987   201.225     9.99    9.80
 165340.045   216.875    42.52   30.96
 165708.028   241.077    65.76   48.51
 166075.936   274.921    91.98   55.36
 166443.770   302.685    75.47   45.92
 166811.530   326.203    63.94   24.65
 167179.214   333.767    20.57   18.86
 167546.825   339.645    15.99   11.71
 167914.361   343.255     9.82    6.75
 168281.822   347.128    10.54    5.70
 168649.209   351.120    10.86    9.77
 169016.522   354.045     7.96   10.83
 169383.761   357.141     8.43    9.70
 169750.925   360.925    10.30   11.13
 170118.016   364.556     9.89   13.20
 170485.032   369.251    12.79   12.22
 170851.974   375.808    17.87    8.71
 171218.842   378.792     8.13    6.61
 171585.636   379.646     2.33    6.04
 171952.356   376.212    -9.36   10.75
 172319.002   367.532   -23.67   21.07
 172685.574   363.705   -10.44   22.05
 173052.072   363.728     0.06   22.24
 173418.497   365.599     5.11   21.97
 173784.848   371.014    14.78   19.47
 174151.125   375.099    11.15   16.70
 174517.329   378.382     8.96   14.53
 174883.459   382.979    12.55    9.53
 175249.515   386.212     8.83    6.19
 175615.498   388.542     6.37    5.59
 175981.408   390.407     5.10    4.90
 176347.244   392.251     5.04    4.82
 176713.007   394.066     4.96    4.37
 177078.696   396.749     7.34    3.75
 177444.312   397.111     0.99    4.62
 177822.108   396.684    -1.13    5.64
 178202.983   396.105    -1.52    6.32
 178583.777   397.471     3.59    6.72
 178964.491   399.236     4.64    5.77
 179345.124   401.556     6.09    4.26
 179725.676   403.610     5.40    3.48
 180106.149   405.739     5.59    4.20
 180486.540   409.822    10.73    5.13
 180866.852   413.984    10.94    5.13
 181247.083   418.311    11.38    4.35
 181627.234   421.221     7.65    3.20
 182007.305   423.673     6.45    2.36
 182387.296   425.486     4.77    2.08
 182767.206   427.514     5.34    2.37
 183147.037   429.418     5.01    2.30
 183526.788   431.588     5.71    2.29
 183906.459   433.542     5.15    2.11
 184286.049   435.437     4.99    2.05
 184665.560   437.442     5.28    2.11
 185044.992   439.394     5.15    2.26
 185424.343   441.251     4.89    2.14
 185803.615   442.979     4.56    1.92
 186182.808   444.439     3.85    1.72
 186561.920   444.384    -0.14    2.00
 186940.953   443.849    -1.41    2.29
 187319.907   443.301    -1.45    2.13
 187698.781   443.186    -0.30    2.08
 188077.576   444.835     4.35    3.34
 188456.292   445.979     3.02    7.65
 188834.928   448.835     7.54   13.54
 189213.485   450.867     5.37   19.57
 189591.963   450.265    -1.59   24.10
 189970.362   447.437    -7.47   29.66
 190348.682   432.244   -40.15   39.57
 190726.922   425.890   -16.80   42.37
 191105.084   428.479     6.85   36.35
 191483.167   428.414    -0.17   32.99
 191861.171   407.186   -56.15   54.15
 192239.096   352.972  -143.43   81.92
 192616.942   289.099  -169.02   87.97
 192994.709   230.390  -155.39   53.67
 193372.398   237.284    18.25   59.30
 193750.008   269.565    85.48   72.41
 194127.540   307.077    99.35   65.36
 194504.993   345.495   101.77   50.96
 194882.368   358.825    35.32   61.74
 195259.664   384.944    69.22   65.73
 195636.881   406.685    57.63   59.90
 196014.021   416.151    25.10   54.62
 196391.082   425.173    23.92   44.34
 196768.064   430.577    14.33   35.80
 197144.969   439.460    23.57   22.53
 197521.795   443.105     9.67   17.45
 197898.544   447.173    10.80   19.72
 198275.214   446.335    -2.22   23.24
 198651.806   441.099   -13.90   23.77
 199028.320   435.013   -16.16   22.07
 199404.757   428.886   -16.28   18.25
 199781.115   424.818   -10.81   16.94
 200157.396   420.716   -10.90   15.15
 200533.599   417.496    -8.56   11.81
 200909.724   415.407    -5.55    7.85
 201285.771   416.077     1.78    6.87
 201661.741   419.717     9.68    8.66
 202037.633   423.855    11.01    9.08
 202413.448   424.814     2.55   10.14
 202789.185   424.565    -0.66   13.61
 203164.845   426.903     6.22   17.30
 203540.427   430.739    10.21   18.03
 203915.932   436.620    15.66   16.59
 204291.360   438.635     5.36   17.75
 204666.710   440.330     4.52   22.07
 205041.984   441.100     2.05   26.75
 205417.180   439.827    -3.39   26.94
 205792.299   428.278   -30.78   35.49
 206167.341   398.458   -79.50   53.02
 206542.305   370.986   -73.25   53.16
 206917.193   358.142   -34.25   50.34
 207292.004   359.349     3.22   55.64
 207666.739   364.762    14.44   56.10
 208041.396   371.914    19.09   53.73
 208415.976   394.696    60.81   47.98
 208790.480   412.497    47.53   40.99
 209164.907   433.305    55.57   24.25
 209539.258   440.168    18.33   11.47
 209913.531   440.481     0.84   13.09
 210287.729   444.452    10.61   16.86
 210661.849   455.382    29.21   24.35
 211035.894   470.071    39.27   25.88
 211409.862   479.751    25.88   22.97
 211783.753   485.444    15.22   20.94
 212157.568   483.403    -5.46   21.44
 212531.307   478.299   -13.65   19.15
 212904.970   473.556   -12.69   18.05
 213278.556   469.258   -11.50   15.21
 213652.067   465.653    -9.65   13.05
 214025.501   467.797     5.74   14.53
 214398.859   472.346    12.18   19.65
 214772.142   477.077    12.67   23.08
 215145.348   479.744     7.14   27.31
 215518.478   475.384   -11.68   24.12
 215891.533   471.986    -9.11   20.56
 216264.512   467.784   -11.26   14.49
 216637.415   464.751    -8.13   12.34
 217010.242   461.729    -8.10   10.58
 217382.993   461.146    -1.56    9.11
 217755.669   462.882     4.66    7.83
 218128.270   465.995     8.35    6.22
 218500.795   469.055     8.21    6.49
 218873.244   472.599     9.51    6.59
 219245.618   475.896     8.85    6.44
 219617.916   478.721     7.59    4.55
 219990.139   476.055    -7.16   12.87
 220362.287   461.544   -38.99   28.30
 220734.360   442.675   -50.71   32.30
 221106.357   439.929    -7.38   36.11
 221478.279   452.686    34.30   53.62
 221850.126   470.799    48.70   65.26
 222221.898   495.199    65.62   66.52
 222593.595   504.360    24.64   67.34
 222965.217   505.981     4.36   69.05
 223336.764   507.447     3.94   68.15
 223708.236   501.094   -17.10   66.84
 224079.633   498.251    -7.65   65.45
 224450.955   493.963   -11.55   61.55
 224822.203   503.954    26.91   59.72
 225193.375   515.007    29.77   58.63
 225564.474   536.126    56.90   57.21
 225935.497   556.146    53.95   50.31
 226306.446   569.468    35.91   42.82
 226677.320   580.341    29.31   41.17
 227048.120   578.984    -3.66   36.57
 227418.846   575.977    -8.11   30.48
 227789.497   576.192     0.58   28.16
 228160.073   580.373    11.28   28.43
 228530.576   587.755    19.92   29.37
 228901.004   596.979    24.90   29.89
 229271.357   601.970    13.47   26.83
 229641.637   604.782     7.59   21.83
 230011.842   602.452    -6.29   12.84
 230381.974   601.489    -2.60    6.85
 230752.031   600.007    -4.01    6.96
 231122.014   596.221   -10.23   12.14
 231491.923   588.564   -20.70   18.01
 231861.759   577.501   -29.91   21.09
 232231.520   564.169   -36.05   20.81
 232601.208   552.764   -30.85   18.43
 232970.822   544.795   -21.56   16.80
 233340.362   534.284   -28.44   17.03
 233709.828   522.289   -32.46   17.58
 234079.221   513.821   -22.92   17.33
 234448.540   507.442   -17.27   18.51
 234817.785   505.232    -5.98   22.44
 235186.957   505.990     2.05   23.33
 235556.056   507.724     4.70   22.22
 235925.081   504.642    -8.35   21.69
 236294.032   502.236    -6.52   21.47
 236662.911   499.686    -6.91   26.34
 237031.716   500.447     2.06   34.18
 237400.447   502.028     4.29   40.60
 237769.106   505.309     8.90   43.57
 238137.691   504.144    -3.16   38.65
 238506.203   498.910   -14.20   32.20
 238874.642   493.947   -13.47   28.38
 239243.008   490.577    -9.15   24.69
 239611.301   489.335    -3.37   23.69
 239979.521   488.410    -2.51   22.09
 240347.668   488.921     1.39   21.05
 240715.742   487.830    -2.97   21.66
 241083.743   485.566    -6.15   24.65
 241451.672   477.903   -20.82   24.51
 241819.528   468.228   -26.30   23.91
 242187.311   459.153   -24.67   17.09
 242555.021   455.753    -9.25   10.27
 242922.659   458.958     8.72   10.62
 243290.224   469.440    28.51   15.33
 243657.716   481.126    31.79   17.91
 244025.137   494.217    35.62   22.31
 244392.484   513.166    51.57   23.61
 244759.759   538.266    68.33   38.23
 245126.962   602.753   175.59  100.25
 245494.093   709.456   290.59  171.84
 245861.151   853.473   392.28  202.38
 246228.137   989.914   371.72  172.86
 246595.051  1104.623   312.57  106.85
 246961.893  1125.153    55.95   82.57
 247328.662  1109.477   -42.73   84.87
 247695.360  1074.088   -96.49  110.94
 248061.985  1066.099   -21.79  137.65
 248428.538  1087.488    58.34  148.62
 248795.020  1121.225    92.04  141.76
 249161.429  1176.209   150.03  140.78
 249527.767  1219.203   117.34  123.75
 249894.033  1248.827    80.86  115.23
 250260.227  1242.468   -17.36  142.03
 250626.349  1227.635   -40.51  154.69
 250992.400  1219.327   -22.69  140.89
 251358.379  1220.026     1.91  123.50
 251724.287  1205.077   -40.85  132.69
 252090.122  1202.491    -7.07  128.20
 252463.588  1249.632   126.20  136.18
 252844.301  1298.403   128.08  132.38
 253224.935  1362.676   168.83  111.92
 253605.490  1408.899   121.44  117.30
 253985.968  1455.720   123.03  134.03
 254366.366  1509.361   140.99  137.33
 254746.687  1567.947   154.01  130.66
 255126.929  1558.496   -24.85  138.11
 255507.094  1488.410  -184.32  166.29
 255887.179  1398.636  -236.15  138.26
 256267.187  1334.341  -169.16  101.10
 256647.117  1278.207  -147.72  130.36
 257026.969  1233.137  -118.63  149.91
 257406.743  1173.741  -156.37  129.65
 257786.439  1126.988  -123.11  137.21
 258166.057  1092.482   -90.88  146.37
 258545.597  1076.874   -41.12  131.91
 258925.059  1083.174    16.60  123.19
 259304.444  1159.083   200.04  149.20
 259683.751  1280.713   320.60  133.83
 260062.980  1360.105   209.31  113.06
 260442.132  1434.734   196.80  113.37
 260821.206  1493.665   155.43  110.16
 261200.203  1523.403    78.45  107.85
 261579.122  1548.021    64.96   95.07
 261957.964  1541.653   -16.81  117.35
 262336.728  1514.621   -71.35  121.71
 262715.415  1509.599   -13.26  129.14
 263094.025  1492.521   -45.10  123.95
 263472.558  1495.645     8.25  111.74
 263851.013  1521.936    69.46  113.61
 264229.392  1608.621   229.05  162.69
 264607.693  1679.099   186.26  153.58
 264985.917  1706.399    72.17  115.56
 265364.065  1645.491  -161.04  147.69
 265742.135  1550.932  -250.06  158.43
 266120.128  1433.490  -310.64  150.10
 266498.045  1305.344  -339.02  129.15
 266875.885  1221.489  -221.89  101.66
 267253.648  1168.366  -140.60   38.71
 267631.334  1174.393    15.95   45.44
 268008.944  1223.083   128.92   82.86
 268386.477  1279.829   150.28   91.46
 268763.934  1353.544   195.25  110.27
 269141.314  1397.324   115.99  123.15
 269518.617  1434.419    98.30  129.40
 269895.844  1457.783    61.92  125.84
 270272.995  1490.344    86.31  114.35
 270650.069  1519.367    76.95  120.47
 271027.067  1613.280   249.06  149.50
 271403.989  1691.747   208.14  129.98
 271780.835  1703.203    30.39  127.53
 272157.604  1625.813  -205.36  168.41
 272534.297  1487.654  -366.69  155.07
 272910.915  1384.757  -273.16  117.09
 273287.456  1304.545  -212.98   70.94
 273663.921  1263.644  -108.62   36.56
 274040.311  1251.225   -32.99   28.63
 274416.624  1250.117    -2.95   28.58
 274792.862  1262.533    32.99   33.54
 275169.024  1301.680   104.05   68.32
 275545.110  1374.255   192.93  112.14
 275921.120  1457.681   221.83  126.72
 276297.055  1598.408   374.26  192.43
 276672.914  1705.612   285.16  193.28
 277048.698  1713.228    20.26  178.85
 277424.406  1656.937  -149.80  202.71
 277800.038  1520.944  -361.96  207.63
 278175.595  1439.716  -216.24  144.72
 278551.077  1442.720     8.00  160.92
 278926.484  1486.849   117.53  182.87
 279301.815  1525.544   103.07  146.84
 279677.071  1513.139   -33.05  118.06
 280052.251  1527.159    37.36  134.84
 280427.357  1525.986    -3.13  155.70
 280802.387  1508.731   -46.00  158.87
 281177.343  1511.702     7.92  166.64
 281552.223  1516.510    12.82  165.18
 281927.028  1509.855   -17.75  147.63
 282301.759  1429.066  -215.55  184.52
 282676.414  1284.749  -385.12  202.53
 283050.995  1116.633  -448.72  184.87
 283425.501   996.898  -319.65  145.65
 283799.932   891.566  -281.25   96.64
 284174.288   829.864  -164.79   56.32
 284548.570   796.127   -90.12   31.89
 284922.777   784.381   -31.38   14.50
 285296.910   792.377    21.37   21.16
 285670.968   814.159    58.22   29.75
 286044.951   855.255   109.86   65.19
 286418.860   907.676   140.17  104.10
 286792.695   965.521   154.70  134.37
 287166.455   997.974    86.81  144.61
 287540.141   980.903   -45.67  122.57
 287913.752   956.008   -66.62  104.12
 288287.290   933.232   -60.96   98.98
 288660.753   917.110   -43.16   99.58
 289034.142   893.313   -63.72   87.32
 289407.457   863.577   -79.64   47.84
 289780.698   854.145   -25.27   24.30
 290153.865   857.397     8.71   21.95
 290526.958   873.335    42.71   29.14
 290899.977   900.940    73.99   47.02
 291272.922   942.760   112.11   74.85
 291645.794  1002.296   159.63  116.57
 292018.591  1095.960   251.19  165.98
 292391.315  1205.488   293.79  199.42
 292763.965  1324.809   320.13  200.91
 293136.542  1400.313   202.61  166.90
 293509.044  1453.647   143.14  140.30
 293881.474  1494.533   109.76  136.01
 294253.829  1509.553    40.33  132.85
 294626.112  1552.599   115.60  116.36
 294998.320  1601.017   130.05  113.52
 295370.456  1650.944   134.13  101.70
 295742.518  1648.088    -7.67  107.05
 296114.507  1559.352  -238.49  166.85
 296486.422  1450.047  -293.83  159.15
 296858.264  1386.150  -171.80  128.95
 297230.033  1337.148  -131.78  146.39
 297601.729  1295.027  -113.29  173.70
 297973.352  1259.239   -96.28  185.02
