# NaN NaN NaN ;Mean Elev.(m), Avg Gradient(m/km), RMS Gradient(m/km) - SRTM1     
#    7.000  -1.198  11.152 ;Mean Elev.(m), Avg Gradient(m/km), RMS Gradient(m/km) - ASTER GDEM
#   15.238  -1.063  11.356 ;Mean Elev.(m), Avg Gradient(m/km), RMS Gradient(m/km) - GMTED2010 
  7    41.801 52474.22710382 13.75 227.392579  67.247205 20.767
  7    44.337 52474.22710446 12.05 227.389069  67.250265 20.767
  7    56.333 52474.22710511  9.37 227.385559  67.253335 20.767
  7    57.746 52474.22710575  9.43 227.382049  67.256395 20.767
  8     3.716 52509.22706829 30.38 227.402870  67.250413 25.726
  8     3.268 52509.22706894 35.98 227.399360  67.253483 25.726
  8     3.199 52509.22706958 36.75 227.395850  67.256543 25.726
  8     3.026 52509.22707023 32.16 227.392340  67.259603 25.726
  8     3.366 52509.22707087 33.35 227.388830  67.262663 25.726
  8     4.250 52509.22707152 34.64 227.385320  67.265733 25.726
  9    64.702 52544.22706532  6.65 227.390182  67.246377 25.756
  9    63.005 52544.22706596  7.06 227.386672  67.249437 25.756
  9    60.753 52544.22706661  8.08 227.383162  67.252507 25.756
  9    60.284 52544.22706725  8.94 227.379649  67.255564 16.430
  9    60.477 52544.22706790 11.17 227.376129  67.258624 16.430
  9    59.161 52544.22706854 13.43 227.372619  67.261694 16.430
 10    64.397 52579.22710566 16.41 227.390682  67.246799  6.662
 10    62.183 52579.22710631 16.68 227.387172  67.249859  6.662
 10    60.124 52579.22710695 17.46 227.383672  67.252929  6.662
 10    59.252 52579.22710760 19.22 227.380162  67.255989  6.662
 10    59.027 52579.22710824 20.20 227.376642  67.259049  6.662
 10    58.812 52579.22710889 23.80 227.373132  67.262109  6.662
 11    62.753 52614.22707284 14.08 227.399606  67.251014  7.888
 11    60.725 52614.22707348 15.04 227.396096  67.254074  7.888
 11    59.237 52614.22707413 15.10 227.392586  67.257134  7.888
 11    57.684 52614.22707477 15.95 227.389086  67.260194  7.888
 11    57.594 52614.22707542 16.63 227.385576  67.263264  7.888
 11    65.684 52614.22707606 17.75 227.382066  67.266324  7.888
 12    63.671 52649.22705304 13.40 227.393173  67.247987  5.310
 12    61.912 52649.22705368 14.14 227.389663  67.251047  5.310
 12    59.865 52649.22705432 15.34 227.386153  67.254117  5.310
 12    58.470 52649.22705497 16.81 227.382643  67.257177  5.310
 12    58.489 52649.22705561 17.94 227.379123  67.260237  5.310
 12    58.405 52649.22705626 18.73 227.375613  67.263297  5.310
 13    63.476 52684.22703377 12.35 227.406468  67.250671  5.074
 13    61.233 52684.22703441 13.45 227.402958  67.253731  5.074
 13    57.799 52684.22703506 13.62 227.399448  67.256801  5.074
 13    56.384 52684.22703570 14.25 227.395938  67.259861  5.074
 13    56.901 52684.22703635 15.05 227.392428  67.262921  5.074
 13    57.145 52684.22703699 16.20 227.388918  67.265991  5.074
 13    65.812 52684.22703764 16.98 227.385408  67.269051  5.074
 14    64.508 52719.22708737  9.34 227.392136  67.246856  3.263
 14    62.285 52719.22708801  9.61 227.388626  67.249916  3.263
 14    59.833 52719.22708866  9.72 227.385116  67.252976  3.263
 14    58.997 52719.22708930 11.36 227.381606  67.256036  3.263
 14    59.282 52719.22708995 11.98 227.378096  67.259106  3.263
 14    58.629 52719.22709059 15.53 227.374586  67.262166  3.263
 16    67.968 52789.22705845  9.86 227.385419  67.240723 13.119
 16    66.181 52789.22705910  9.38 227.381919  67.243793 13.119
 16    64.777 52789.22705974 10.67 227.378409  67.246853 13.119
 16    63.883 52789.22706038 11.12 227.374889  67.249913 13.119
 16    64.295 52789.22706103 12.95 227.371379  67.252973 13.119
 16    63.865 52789.22706167 15.58 227.367869  67.256043 13.119
 17    67.110 52824.22712936  5.82 227.390291  67.243739 11.439
 17    64.144 52824.22713000  6.65 227.386791  67.246809 11.439
 17    63.225 52824.22713065  6.52 227.383281  67.249869 11.439
 17    62.089 52824.22713129  7.11 227.379761  67.252929 11.439
 17    60.803 52824.22713194  9.06 227.376251  67.255989 11.439
 17    60.727 52824.22713258  9.77 227.372741  67.259059 11.439
 17    60.714 52824.22713322 15.98 227.369231  67.262119 11.439
 18    64.495 52859.22717579  7.06 227.392485  67.245322 12.333
 18    62.921 52859.22717643  6.89 227.388975  67.248392 12.333
 18    62.795 52859.22717708  7.02 227.385475  67.251452 12.333
 18    62.392 52859.22717772  7.64 227.381955  67.254512 12.333
 18    58.975 52859.22717837  9.29 227.378445  67.257572 12.333
 18    59.013 52859.22717901 10.86 227.374935  67.260642 12.333
 18    58.881 52859.22717966 15.05 227.371425  67.263702 12.333
 19     6.740 52894.22720692 41.17 227.397095  67.245942 16.542
 19     8.312 52894.22720757 23.14 227.393585  67.249002 16.542
 19     7.938 52894.22720821 19.50 227.390075  67.252072 16.542
 19     8.088 52894.22720886 20.03 227.386565  67.255132 16.542
 19     8.345 52894.22720950 21.56 227.383055  67.258192 16.542
 19     8.192 52894.22721015 22.14 227.379545  67.261252 16.542
 19     8.644 52894.22721079 28.24 227.376035  67.264322 16.542
 20    63.392 52929.22715754  9.62 227.406015  67.251273 16.492
 20    61.653 52929.22715819 11.22 227.402505  67.254333 16.492
 20    60.005 52929.22715883 12.75 227.398995  67.257393 16.492
 20    56.774 52929.22715948 14.61 227.395495  67.260463 16.492
 20    56.781 52929.22716012 17.02 227.391985  67.263523 16.492
 20    57.000 52929.22716077 18.20 227.388475  67.266583 16.492
 20    51.812 52929.22716141 22.51 227.384955  67.269653 16.492
 21    66.176 52964.22714187 15.44 227.389880  67.244592  7.347
 21    63.034 52964.22714251 16.02 227.386370  67.247662  7.347
 21    61.662 52964.22714316 16.46 227.382860  67.250722  7.347
 21    59.767 52964.22714380 17.19 227.379350  67.253782  7.347
 21    59.821 52964.22714444 18.18 227.375840  67.256842  7.347
 21    59.439 52964.22714509 18.56 227.372320  67.259912  7.347
 22    65.570 52999.22717828 13.26 227.393852  67.245633  4.941
 22    63.493 52999.22717893 13.83 227.390342  67.248693  4.941
 22    61.391 52999.22717957 14.49 227.386832  67.251763  4.941
 22    59.335 52999.22718022 15.35 227.383322  67.254823  4.941
 22    59.127 52999.22718086 16.65 227.379812  67.257883  4.941
 22    58.598 52999.22718151 17.41 227.376302  67.260953  4.941
 22    59.089 52999.22718215 17.71 227.372792  67.264013  4.941
 23    62.800 53034.22713079 11.87 227.403496  67.251636  5.763
 23    61.342 53034.22713144 11.47 227.399986  67.254696  5.763
 23    59.205 53034.22713208 12.05 227.396486  67.257756  5.763
 23    57.811 53034.22713273 12.73 227.392976  67.260816  5.763
 23    57.164 53034.22713337 13.42 227.389466  67.263886  5.763
 23    57.194 53034.22713401 13.79 227.385956  67.266946  5.763
 24    63.759 53069.22714647  9.62 227.394706  67.247442  3.893
 24    61.911 53069.22714711 10.78 227.391196  67.250502  3.893
 24    59.286 53069.22714776 10.41 227.387686  67.253572  3.893
 24    58.529 53069.22714840 11.06 227.384176  67.256632  3.893
 24    58.860 53069.22714905 12.94 227.380666  67.259692  3.893
 24    58.710 53069.22714969 13.77 227.377156  67.262752  3.893
 25    63.095 53104.22713255  7.01 227.406520  67.251822  3.495
 25    62.675 53104.22713319  7.48 227.403010  67.254892  3.495
 25    57.978 53104.22713384  8.00 227.399510  67.257952  3.495
 25    56.794 53104.22713448  8.00 227.396000  67.261012  3.495
 25    57.184 53104.22713513  8.57 227.392490  67.264082  3.495
 25    57.206 53104.22713577 10.06 227.388980  67.267142  3.495
 25    57.171 53104.22713642  9.65 227.385470  67.270202  3.495
 26    66.833 53139.22715128  3.20 227.393974  67.244952  7.805
 26    64.186 53139.22715192  4.27 227.390464  67.248012  7.805
 26    62.711 53139.22715257  3.51 227.386954  67.251082  7.805
 26    60.484 53139.22715321  3.65 227.383444  67.254142  7.805
 26    58.829 53139.22715386  5.26 227.379934  67.257202  7.805
 26    58.925 53139.22715450  5.13 227.376414  67.260262  7.805
 26    59.221 53139.22715515  6.82 227.372904  67.263332  7.805
 28    38.621 53209.22720697 12.29 227.397119  67.247435 16.131
 28    38.804 53209.22720761 11.11 227.393609  67.250495 16.131
 28    56.476 53209.22720826  9.24 227.390109  67.253555 16.131
 28    57.205 53209.22720890 10.91 227.386599  67.256615 16.131
 28    57.184 53209.22720955 13.56 227.383089  67.259685 16.131
 28    58.311 53209.22721019 11.37 227.379579  67.262745 16.131
 28    58.015 53209.22721084 15.18 227.376059  67.265805 16.131
 29     6.820 53244.22717527 14.61 227.401066  67.251390 20.543
 29     7.153 53244.22717591 15.73 227.397566  67.254450 20.543
 29     7.387 53244.22717656 17.68 227.394056  67.257510 20.543
 29     7.418 53244.22717720 20.16 227.390546  67.260580 20.543
 29     7.558 53244.22717785 20.92 227.387036  67.263640 20.543
 29     7.739 53244.22717849 27.81 227.383526  67.266700 20.543
 30    64.455 53279.22715343 10.70 227.385299  67.242531 17.689
 30    60.127 53279.22715407 12.42 227.381789  67.245591 17.689
 30    60.133 53279.22715472 13.07 227.378279  67.248661 17.689
 30    60.536 53279.22715536 15.90 227.374769  67.251721 17.689
 30    60.223 53279.22715601 19.96 227.371259  67.254781 17.689
 30    60.168 53279.22715665 21.20 227.367739  67.257841 17.689
 31    65.341 53314.22717743 12.03 227.393629  67.246477  7.573
 31    63.057 53314.22717807 12.42 227.390129  67.249537  7.573
 31    61.078 53314.22717872 13.13 227.386619  67.252597  7.573
 31    59.176 53314.22717936 14.78 227.383109  67.255667  7.573
 31    58.450 53314.22718001 15.36 227.379599  67.258727  7.573
 31    58.833 53314.22718065 16.77 227.376089  67.261787  7.573
 32    64.453 53349.22714326 13.40 227.403019  67.248730  5.416
 32    62.658 53349.22714391 13.86 227.399519  67.251790  5.416
 32    60.448 53349.22714455 14.00 227.396009  67.254850  5.416
 32    58.485 53349.22714520 14.87 227.392499  67.257920  5.416
 32    57.022 53349.22714584 15.37 227.388989  67.260980  5.416
 32    57.214 53349.22714649 15.90 227.385479  67.264040  5.416
 32    57.296 53349.22714713 16.65 227.381959  67.267100  5.416
 33    66.124 53384.22711698 12.57 227.386626  67.243985  4.318
 33    64.137 53384.22711762 12.67 227.383116  67.247045  4.318
 33    61.998 53384.22711826 13.01 227.379606  67.250105  4.318
 33    60.196 53384.22711891 13.17 227.376096  67.253175  4.318
 33    59.209 53384.22711955 14.78 227.372586  67.256235  4.318
 33    59.785 53384.22712020 15.16 227.369076  67.259295  4.318
 34    63.237 53419.22712422 11.81 227.401908  67.250916  4.547
 34    61.082 53419.22712486 12.82 227.398398  67.253976  4.547
 34    59.056 53419.22712551 12.34 227.394888  67.257046  4.547
 34    57.570 53419.22712615 13.68 227.391378  67.260106  4.547
 34    56.928 53419.22712680 14.45 227.387868  67.263166  4.547
 34    57.252 53419.22712744 14.72 227.384348  67.266226  4.547
 35    66.706 53454.22712928  8.05 227.384524  67.243700  4.406
 35    64.537 53454.22712993  9.24 227.381004  67.246760  4.406
 35    62.165 53454.22713057  9.45 227.377504  67.249820  4.406
 35    60.718 53454.22713122 10.43 227.373984  67.252890  4.406
 35    63.325 53454.22713186 11.40 227.370474  67.255950  4.406
 35    60.539 53454.22713251 11.85 227.366964  67.259010  4.406
 37    65.790 53524.22720170  8.06 227.399160  67.247621 11.731
 37    63.877 53524.22720234  8.95 227.395650  67.250681 11.731
 37    62.748 53524.22720299  8.51 227.392140  67.253751 11.731
 37    65.682 53524.22720363  8.80 227.388630  67.256811 11.731
 37    66.272 53524.22720428  9.71 227.385120  67.259871 11.731
 37    67.418 53524.22720492 10.12 227.381610  67.262941 11.731
 37    67.839 53524.22720557 12.66 227.378090  67.266001 11.731
 38     7.930 53559.22722852 19.30 227.393082  67.247610 18.595
 38     8.720 53559.22722916 20.64 227.389572  67.250670 18.595
 38     9.925 53559.22722981 19.87 227.386062  67.253740 18.595
 38    10.321 53559.22723045 21.86 227.382552  67.256800 18.595
 38    10.181 53559.22723110 21.71 227.379042  67.259860 18.595
 38    10.258 53559.22723174 25.76 227.375532  67.262930 18.595
 39    56.293 53594.22716698  8.64 227.407053  67.254249 15.940
 39    54.504 53594.22716763 10.58 227.403543  67.257309 15.940
 39    55.839 53594.22716827  8.95 227.400033  67.260369 15.940
 39    56.070 53594.22716892  8.76 227.396523  67.263429 15.940
 39    56.435 53594.22716956 10.06 227.393013  67.266499 15.940
 39    66.883 53594.22717021 10.97 227.389503  67.269559 15.940
 40    68.769 53629.22715724 10.26 227.381477  67.238077 19.431
 40    58.712 53629.22715789  9.78 227.377977  67.241137 19.431
 40    63.175 53629.22715853  7.84 227.374467  67.244197 19.431
 40    60.483 53629.22715918 10.32 227.370957  67.247257 19.431
 40    63.834 53629.22715982  7.40 227.367437  67.250327 19.431
 40    63.613 53629.22716047  8.62 227.363927  67.253387 19.431
 41    66.025 53664.22718225 16.12 227.392998  67.245358  7.435
 41    63.364 53664.22718289 16.16 227.389498  67.248418  7.435
 41    61.306 53664.22718353 17.21 227.385988  67.251478  7.435
 41    59.250 53664.22718418 17.97 227.382478  67.254548  7.435
 41    58.831 53664.22718482 19.85 227.378968  67.257608  7.435
 41    59.014 53664.22718547 20.79 227.375458  67.260668  7.435
 41    58.854 53664.22718611 23.06 227.371938  67.263728  7.435
 42    65.445 53699.22714078  7.88 227.403800  67.248817  6.029
 42    63.149 53699.22714143  9.27 227.400300  67.251877  6.029
 42    61.135 53699.22714207 10.24 227.396790  67.254937  6.029
 42    57.715 53699.22714272 11.29 227.393280  67.258007  6.029
 42    57.826 53699.22714336 10.98 227.389770  67.261067  6.029
 42    57.756 53699.22714401 12.68 227.386260  67.264127  6.029
 42    57.770 53699.22714465 13.67 227.382750  67.267197  6.029
 43    63.138 53734.22706373  4.35 227.411837  67.253636  6.374
 43    61.425 53734.22706437  5.93 227.408327  67.256696  6.374
 43    59.501 53734.22706502  6.39 227.404817  67.259766  6.374
 43    57.212 53734.22706566  6.47 227.401307  67.262826  6.374
 43    56.062 53734.22706630  7.56 227.397797  67.265886  6.374
 43    56.288 53734.22706695  8.63 227.394287  67.268956  6.374
 43    55.582 53734.22706759 10.85 227.390777  67.272016  6.374
 44    64.057 53769.22704700  8.87 227.396936  67.248052  4.669
 44    61.837 53769.22704764 10.50 227.393426  67.251112  4.669
 44    56.604 53769.22704829 11.02 227.389916  67.254172  4.669
 44    58.425 53769.22704893 10.94 227.386406  67.257242  4.669
 44    57.860 53769.22704958 11.65 227.382886  67.260302  4.669
 44    58.121 53769.22705022 11.98 227.379376  67.263362  4.669
 45    63.378 53804.22704307  8.80 227.407831  67.251504  4.280
 45    61.779 53804.22704372  9.48 227.404321  67.254564  4.280
 45    59.941 53804.22704436 10.45 227.400811  67.257634  4.280
 45    56.624 53804.22704501 11.04 227.397301  67.260694  4.280
 45    56.552 53804.22704565 11.46 227.393791  67.263754  4.280
 45    56.802 53804.22704630 12.20 227.390281  67.266824  4.280
 45    56.995 53804.22704694 13.43 227.386771  67.269884  4.280
 46    66.850 53839.22706206  7.01 227.385489  67.243894  3.459
 46    64.452 53839.22706270  7.58 227.381979  67.246954  3.459
 46    62.937 53839.22706334  7.86 227.378469  67.250014  3.459
 46    60.977 53839.22706399  8.37 227.374959  67.253084  3.459
 46    60.469 53839.22706463  9.25 227.371449  67.256144  3.459
 46    60.546 53839.22706528  9.50 227.367939  67.259204  3.459
 47    40.392 53874.22710871 21.88 227.393643  67.247704  8.147
 47    40.416 53874.22710935 22.43 227.390133  67.250764  8.147
 47    40.606 53874.22711000 22.09 227.386623  67.253834  8.147
 47    41.446 53874.22711064 21.25 227.383113  67.256894  8.147
 47    65.872 53874.22711129 14.98 227.379603  67.259954  8.147
 47    67.389 53874.22711193 16.95 227.376083  67.263014  8.147
 48    67.072 53909.22715267  8.41 227.391031  67.243608 12.012
 48    64.938 53909.22715331  8.47 227.387531  67.246668 12.012
 48    63.970 53909.22715396  9.18 227.384021  67.249728 12.012
 48    64.491 53909.22715460  9.27 227.380511  67.252798 12.012
 48    65.148 53909.22715525 10.26 227.377001  67.255858 12.012
 48    66.025 53909.22715589 11.04 227.373491  67.258918 12.012
 48    65.157 53909.22715654 14.27 227.369971  67.261988 12.012
 49    64.437 53944.22717557  7.31 227.392021  67.245359 10.306
 49    63.245 53944.22717621  7.61 227.388521  67.248419 10.306
 49    59.043 53944.22717686  9.00 227.385011  67.251479 10.306
 49    60.099 53944.22717750  9.68 227.381501  67.254549 10.306
 49    59.088 53944.22717815  9.01 227.377991  67.257609 10.306
 49    59.060 53944.22717879 13.23 227.374481  67.260669 10.306
 49    64.722 53944.22717944 14.23 227.370971  67.263739 10.306
 50     7.504 53979.22712522 22.64 227.404314  67.249881 26.768
 50     7.582 53979.22712587 21.41 227.400814  67.252941 26.768
 50     7.505 53979.22712651 21.78 227.397304  67.256011 26.768
 50     8.306 53979.22712716 20.87 227.393794  67.259071 26.768
 50     8.525 53979.22712780 23.73 227.390284  67.262131 26.768
 50     9.855 53979.22712845 29.48 227.386774  67.265191 26.768
 50     8.787 53979.22712909 38.83 227.383264  67.268261 26.768
 51    14.364 54014.22713811 16.05 227.387927  67.241097 17.693
 51     7.174 54014.22713876 16.21 227.384427  67.244157 17.693
 51     8.090 54014.22713940 16.32 227.380907  67.247217 17.693
 51     7.868 54014.22714005 17.59 227.377397  67.250277 17.693
 51     8.544 54014.22714069 17.98 227.373887  67.253347 17.693
 51     8.263 54014.22714134 17.03 227.370377  67.256407 17.693
 51     8.166 54014.22714198 17.27 227.366867  67.259467 17.693
 52    64.304 54049.22714437 16.64 227.401460  67.248186  7.187
 52    62.519 54049.22714502 17.22 227.397950  67.251246  7.187
 52    60.855 54049.22714566 17.57 227.394440  67.254306  7.187
 52    57.509 54049.22714631 18.37 227.390930  67.257366  7.187
 52    57.517 54049.22714695 19.88 227.387420  67.260436  7.187
 52    57.906 54049.22714759 20.37 227.383910  67.263496  7.187
 52    58.056 54049.22714824 21.72 227.380400  67.266556  7.187
 54    62.306 54119.22706615 14.83 227.411555  67.253309  4.998
 54    60.640 54119.22706680 15.20 227.408045  67.256369  4.998
 54    55.781 54119.22706744 15.79 227.404535  67.259439  4.998
 54    55.897 54119.22706809 16.60 227.401035  67.262499  4.998
 54    55.810 54119.22706873 18.06 227.397525  67.265559  4.998
 54    56.265 54119.22706938 18.32 227.394015  67.268629  4.998
 54    56.061 54119.22707002 19.30 227.390505  67.271689  4.998
 55    64.548 54154.22709264 12.95 227.395969  67.247608  4.263
 55    62.045 54154.22709328 13.62 227.392469  67.250668  4.263
 55    61.760 54154.22709393 14.63 227.388959  67.253728  4.263
 55    63.793 54154.22709457 15.46 227.385449  67.256798  4.263
 55    63.683 54154.22709522 15.71 227.381939  67.259858  4.263
 55    58.290 54154.22709586 16.48 227.378429  67.262918  4.263
 56    60.730 54189.22706164 12.89 227.406910  67.252926  5.117
 56    58.396 54189.22706228 13.30 227.403400  67.255986  5.117
 56    55.080 54189.22706293 13.97 227.399900  67.259046  5.117
 56    56.003 54189.22706357 14.20 227.396390  67.262106  5.117
 56    55.427 54189.22706421 14.88 227.392880  67.265176  5.117
 56    55.993 54189.22706486 15.65 227.389370  67.268236  5.117
 57    64.143 54224.22710323  4.76 227.391514  67.246944  7.018
 57    62.396 54224.22710388  5.64 227.388003  67.250008  5.552
 57    59.694 54224.22710452  5.62 227.384493  67.253068  5.552
 57    58.600 54224.22710517  7.07 227.380983  67.256128  5.552
 57    58.706 54224.22710581  7.07 227.377473  67.259198  5.552
 57    58.979 54224.22710646  7.65 227.373963  67.262258  5.552
 58    64.776 54259.22712450  8.25 227.396010  67.248542 19.058
 58    63.151 54259.22712515  8.71 227.392502  67.251610 13.940
 58    62.151 54259.22712579  8.83 227.388992  67.254670 13.940
 58    65.077 54259.22712643  9.38 227.385482  67.257730 13.940
 58    64.187 54259.22712708 10.30 227.381972  67.260790 13.940
 58    67.401 54259.22712772 11.11 227.378462  67.263860 13.940
 59    31.221 54294.22712940 23.01 227.386937  67.257001  7.507
 59    31.601 54294.22713005 23.30 227.383427  67.260061  7.507
 59    31.728 54294.22713069 21.49 227.379917  67.263131  7.507
 60    10.255 54329.22712147 46.47 227.404035  67.248771 33.443
 60     9.976 54329.22712211 46.68 227.400527  67.251839 31.536
 60    10.467 54329.22712276 45.22 227.397017  67.254899 31.536
 60    10.919 54329.22712340 42.10 227.393507  67.257959 31.536
 60    11.641 54329.22712404 44.85 227.389997  67.261019 31.536
 60    11.948 54329.22712469 43.78 227.386487  67.264089 31.536
 60    10.757 54329.22712533 43.08 227.382977  67.267149 31.536
 61     7.621 54364.22707061 27.88 227.397108  67.262666  8.958
 61     7.724 54364.22707125 29.37 227.393598  67.265736  8.958
 61     7.597 54364.22707190 33.24 227.390088  67.268796  8.958
 62    64.327 54399.22706227 15.81 227.396003  67.248572 11.174
 62    61.876 54399.22706292 16.35 227.392493  67.251632 11.174
 62    59.396 54399.22706356 17.91 227.388983  67.254692 11.174
 62    57.322 54399.22706421 19.78 227.385473  67.257762 11.174
 62    56.650 54399.22706485 20.94 227.381963  67.260822 11.174
 62    51.369 54399.22706550 22.95 227.378453  67.263882 11.174
 63    62.510 54434.22702027 12.47 227.405863  67.251720  6.374
 63    61.025 54434.22702092 13.11 227.402353  67.254780  6.374
 63    55.935 54434.22702156 13.95 227.398843  67.257850  6.374
 63    55.871 54434.22702220 14.64 227.395333  67.260910  6.374
 63    56.906 54434.22702285 15.59 227.391823  67.263970  6.374
 63    56.317 54434.22702349 16.73 227.388313  67.267030  6.374
 64    64.412 54469.22704513 14.12 227.391683  67.246952  5.042
 64    62.798 54469.22704577 14.42 227.388173  67.250012  5.042
 64    60.251 54469.22704642 15.02 227.384663  67.253072  5.042
 64    58.669 54469.22704706 15.51 227.381153  67.256142  5.042
 64    58.825 54469.22704771 16.25 227.377643  67.259202  5.042
 64    59.032 54469.22704835 17.01 227.374133  67.262262  5.042
 65    62.175 54504.22703526 14.77 227.403862  67.251827  5.355
 65    59.513 54504.22703590 14.26 227.400352  67.254897  5.355
 65    56.605 54504.22703655 15.79 227.396852  67.257957  5.355
 65    56.695 54504.22703719 16.73 227.393342  67.261017  5.355
 65    56.490 54504.22703784 16.64 227.389832  67.264087  5.355
 65    56.568 54504.22703848 18.29 227.386322  67.267147  5.355
 66    62.941 54539.22706077 12.94 227.397490  67.249890  4.753
 66    61.098 54539.22706142 13.17 227.393980  67.252960  4.753
 66    58.794 54539.22706206 14.41 227.390470  67.256020  4.753
 66    57.236 54539.22706271 14.51 227.386960  67.259080  4.753
 66    57.666 54539.22706335 15.23 227.383450  67.262150  4.753
 66    58.145 54539.22706400 15.91 227.379940  67.265210  4.753
 67    62.168 54574.22703582 11.76 227.406970  67.251806  4.251
 67    56.221 54574.22703647 11.70 227.403470  67.254866  4.251
 67    56.802 54574.22703711 12.20 227.399960  67.257936  4.251
 67    57.239 54574.22703776 12.46 227.396450  67.260996  4.251
 67    56.587 54574.22703840 13.35 227.392940  67.264056  4.251
 67    56.254 54574.22703905 14.62 227.389430  67.267116  4.251
 67    56.692 54574.22703969 14.72 227.385920  67.270186  4.251
 68    35.387 54609.22705411 22.26 227.392354  67.252124 11.961
 68    36.000 54609.22705476 21.25 227.388844  67.255194 11.961
 68    35.734 54609.22705540 24.09 227.385334  67.258254 11.961
 68    35.730 54609.22705605 23.93 227.381824  67.261314 11.961
 68    57.725 54609.22705669 20.45 227.378314  67.264374 11.961
 69    12.523 54644.22706137 31.87 227.397319  67.249328 23.243
 69    11.770 54644.22706201 29.77 227.393809  67.252388 23.243
 69    12.406 54644.22706266 32.02 227.390299  67.255458 23.243
 69    11.834 54644.22706330 32.73 227.386789  67.258518 23.243
 69    12.515 54644.22706394 38.18 227.383279  67.261578 23.243
 69    11.994 54644.22706459 41.58 227.379769  67.264638 23.243
 70     7.919 54679.22706252 26.36 227.398649  67.246875 27.450
 70     8.955 54679.22706316 24.89 227.395149  67.249935 27.450
 70     9.582 54679.22706380 28.03 227.391639  67.253005 27.450
 70    10.420 54679.22706445 40.11 227.388129  67.256065 27.450
 70     8.844 54679.22706509 37.35 227.384619  67.259125 27.450
 70    10.148 54679.22706574 37.04 227.381109  67.262185 27.450
 70     9.708 54679.22706638 36.11 227.377599  67.265255 27.450
 71    27.552 54714.22701514 16.60 227.408646  67.253188 27.650
 71    10.364 54714.22701578 32.19 227.405146  67.256248 27.650
 71    10.088 54714.22701643 39.24 227.401636  67.259308 27.650
 71     8.224 54714.22701707 42.60 227.398126  67.262378 27.650
 71     9.807 54714.22701771 43.10 227.394616  67.265438 27.650
 71     9.783 54714.22701836 45.77 227.391106  67.268498 27.650
 72    63.937 54749.22703254 15.64 227.391936  67.247311  6.065
 72    62.357 54749.22703319 16.92 227.388426  67.250381  6.065
 72    59.697 54749.22703383 18.07 227.384916  67.253441  6.065
 72    59.169 54749.22703447 18.83 227.381406  67.256501  6.065
 72    58.684 54749.22703512 21.09 227.377896  67.259561  6.065
 72    65.311 54749.22703576 21.64 227.374376  67.262631  6.065
 73    62.465 54784.22700277 13.65 227.401210  67.251539  6.855
 73    55.780 54784.22700341 14.79 227.397700  67.254609  6.855
 73    56.377 54784.22700406 15.17 227.394190  67.257669  6.855
 73    57.259 54784.22700470 16.00 227.390680  67.260729  6.855
 73    56.685 54784.22700535 17.19 227.387170  67.263789  6.855
 73    56.975 54784.22700599 18.57 227.383660  67.266859  6.855
 74    66.073 54819.22702440 11.35 227.395716  67.244597  3.780
 74    64.205 54819.22702505 12.71 227.392216  67.247657  3.780
 74    62.190 54819.22702569 12.72 227.388706  67.250717  3.780
 74    59.691 54819.22702634 13.30 227.385196  67.253787  3.780
 74    58.874 54819.22702698 14.25 227.381686  67.256847  3.780
 74    59.028 54819.22702763 14.74 227.378176  67.259907  3.780
 74    59.005 54819.22702827 15.32 227.374656  67.262967  3.780
 75    63.511 54854.22699939 11.26 227.402735  67.250229  3.604
 75    61.370 54854.22700003 11.80 227.399235  67.253289  3.604
 75    59.040 54854.22700068 11.89 227.395725  67.256349  3.604
 75    57.722 54854.22700132 12.40 227.392215  67.259419  3.604
 75    57.448 54854.22700197 12.54 227.388705  67.262479  3.604
 75    57.781 54854.22700261 12.91 227.385195  67.265539  3.604
 76    64.814 54889.22702939  9.79 227.397868  67.246628  3.762
 76    62.679 54889.22703003 10.68 227.394368  67.249688  3.762
 76    61.077 54889.22703068 10.47 227.390858  67.252748  3.762
 76    59.318 54889.22703132 11.36 227.387348  67.255818  3.762
 76    58.152 54889.22703197 12.10 227.383838  67.258878  3.762
 76    58.173 54889.22703261 12.34 227.380328  67.261938  3.762
 76    58.416 54889.22703326 12.60 227.376818  67.264998  3.762
 77    62.926 54924.22699905  9.06 227.408854  67.251554  3.578
 77    62.343 54924.22699969  9.92 227.405354  67.254614  3.578
 77    57.729 54924.22700034 10.70 227.401844  67.257674  3.578
 77    56.675 54924.22700098 11.10 227.398334  67.260744  3.578
 77    56.607 54924.22700163 11.74 227.394824  67.263804  3.578
 77    56.584 54924.22700227 12.15 227.391314  67.266864  3.578
 77    56.743 54924.22700291 12.30 227.387804  67.269934  3.578
 78    66.893 54959.22702698  6.80 227.393151  67.245224  8.320
 78    64.863 54959.22702762  7.67 227.389641  67.248284  8.320
 78    63.303 54959.22702827  7.77 227.386131  67.251354  8.320
 78    63.005 54959.22702891  8.03 227.382621  67.254414  8.320
 78    62.701 54959.22702956  9.25 227.379111  67.257474  8.320
 78    64.324 54959.22703020 10.30 227.375601  67.260544  8.320
 78    65.173 54959.22703085 20.89 227.372081  67.263604  8.320
 79    11.147 54994.22704934 20.65 227.395887  67.247542 21.037
 79    11.445 54994.22704998 21.67 227.392377  67.250612 21.037
 79    11.506 54994.22705063 22.34 227.388867  67.253672 21.037
 79    12.251 54994.22705127 22.77 227.385357  67.256732 21.037
 79    13.060 54994.22705191 22.25 227.381847  67.259792 21.037
 79    12.967 54994.22705256 25.55 227.378337  67.262862 21.037
 80    13.308 55029.22703938 21.63 227.399807  67.248419 15.761
 80    10.057 55029.22704002 22.97 227.396297  67.251479 15.761
 80    10.938 55029.22704067 24.75 227.392787  67.254549 15.761
 80    10.835 55029.22704131 25.18 227.389277  67.257609 15.761
 80    10.344 55029.22704196 26.69 227.385767  67.260669 15.761
 81    65.021 55064.22703085  6.73 227.401311  67.248407 11.913
 81    62.843 55064.22703150  7.18 227.397811  67.251467 11.913
 81    61.904 55064.22703214  7.36 227.394301  67.254527 11.913
 81    60.728 55064.22703279  7.67 227.390791  67.257597 11.913
 81    58.610 55064.22703343  8.65 227.387281  67.260657 11.913
 81    60.756 55064.22703408  9.08 227.383771  67.263717 11.913
 81    67.323 55064.22703472 10.25 227.380261  67.266777 11.913
 82    63.814 55099.22697644  8.80 227.407364  67.254658 17.069
 82    62.776 55099.22697709  8.12 227.403864  67.257718 17.069
 82    65.944 55099.22697773 11.13 227.400354  67.260788 17.069
 82    56.793 55099.22697838 14.46 227.396844  67.263848 17.069
 82    66.547 55099.22697902 15.89 227.393334  67.266908 17.069
 82    67.339 55099.22697967 16.68 227.389824  67.269968 17.069
 83    64.156 55134.22697502 16.20 227.393879  67.246778  7.331
 83    62.389 55134.22697566 17.13 227.390369  67.249838  7.331
 83    58.053 55134.22697631 18.67 227.386859  67.252908  7.331
 83    58.604 55134.22697695 19.45 227.383349  67.255968  7.331
 83    58.666 55134.22697760 21.51 227.379839  67.259028  7.331
 83    58.517 55134.22697824 23.16 227.376329  67.262088  7.331
 84    62.884 55169.22694000 17.02 227.403922  67.251709  6.969
 84    61.142 55169.22694064 18.35 227.400412  67.254769  6.969
 84    59.152 55169.22694129 18.75 227.396902  67.257839  6.969
 84    57.422 55169.22694193 19.74 227.393392  67.260899  6.969
 84    56.796 55169.22694258 20.88 227.389882  67.263959  6.969
 84    57.149 55169.22694322 21.32 227.386372  67.267019  6.969
 85    64.875 55204.22696812 15.28 227.392740  67.247378  4.491
 85    62.154 55204.22696876 15.72 227.389230  67.250438  4.491
 85    60.194 55204.22696941 16.08 227.385720  67.253508  4.491
 85    58.636 55204.22697005 17.98 227.382210  67.256568  4.491
 85    58.746 55204.22697070 17.83 227.378700  67.259628  4.491
 85    58.623 55204.22697134 18.21 227.375180  67.262688  4.491
 86    63.230 55239.22694674 13.01 227.404985  67.250934  5.022
 86    62.081 55239.22694738 13.73 227.401485  67.253994  5.022
 86    62.663 55239.22694803 14.63 227.397975  67.257054  5.022
 86    57.158 55239.22694867 15.37 227.394465  67.260124  5.022
 86    57.070 55239.22694932 15.69 227.390955  67.263184  5.022
 86    56.798 55239.22694996 16.70 227.387445  67.266244  5.022
 86    56.322 55239.22695061 17.52 227.383935  67.269304  5.022
 87    63.198 55274.22696234 11.52 227.397784  67.250142  4.324
 87    61.190 55274.22696298 12.23 227.394274  67.253212  4.324
 87    58.948 55274.22696363 12.32 227.390764  67.256272  4.324
 87    57.709 55274.22696427 13.80 227.387254  67.259332  4.324
 87    57.750 55274.22696492 13.80 227.383744  67.262392  4.324
 87    58.031 55274.22696556 14.19 227.380234  67.265462  4.324
 88    64.566 55309.22693062  7.00 227.406218  67.253294 11.345
 88    62.215 55309.22693126  7.65 227.402718  67.256354 11.345
 88    60.019 55309.22693191  8.75 227.399208  67.259414 11.345
 88    57.820 55309.22693255 10.21 227.395698  67.262484 11.345
 88    66.302 55309.22693320 11.17 227.392188  67.265544 11.345
 88    57.165 55309.22693384 14.43 227.388678  67.268604 11.345
 89    39.905 55344.22693004 13.00 227.399424  67.247724 14.216
 89    40.132 55344.22693068 12.36 227.395924  67.250784 14.216
 89    62.508 55344.22693133  7.33 227.392414  67.253844 14.216
 89    65.787 55344.22693197  5.55 227.388904  67.256914 14.216
 89    59.098 55344.22693262  9.96 227.385394  67.259974 14.216
 89    64.393 55344.22693326 10.33 227.381884  67.263034 14.216
 89    68.001 55344.22693391  9.54 227.378364  67.266094 14.216
 90    65.164 55379.22692505  7.46 227.402328  67.249946 13.552
 90    63.376 55379.22692570  7.93 227.398818  67.253016 13.552
 90    62.135 55379.22692634  8.16 227.395308  67.256076 13.552
 90    59.525 55379.22692699  9.05 227.391798  67.259136 13.552
 90    66.072 55379.22692763  9.54 227.388288  67.262196 13.552
 90    66.957 55379.22692827 10.14 227.384778  67.265266 13.552
 90    67.762 55379.22692892 13.26 227.381268  67.268326 13.552
 91    58.152 55414.22695008  6.83 227.392629  67.246810 14.906
 91    61.811 55414.22695072  6.08 227.389119  67.249870 14.906
 91    59.678 55414.22695137  7.74 227.385609  67.252940 14.906
 91    59.858 55414.22695201  7.25 227.382099  67.256000 14.906
 92    64.249 55449.22693802  7.42 227.402705  67.250225 18.101
 92    60.043 55449.22693866 11.68 227.399205  67.253285 18.101
 92    61.893 55449.22693931  7.54 227.395695  67.256345 18.101
 92    59.555 55449.22693995  7.85 227.392185  67.259415 18.101
 92    59.960 55449.22694060  8.11 227.388675  67.262475 18.101
 92    66.851 55449.22694124  9.01 227.385165  67.265535 18.101
 93    62.508 55484.22686448 10.00 227.412103  67.253679 17.747
 93    61.082 55484.22686513 12.10 227.408593  67.256739 17.747
 93    59.501 55484.22686577 13.60 227.405093  67.259799 17.747
 93    56.184 55484.22686642 14.47 227.401583  67.262859 17.747
 93    55.959 55484.22686706 16.71 227.398073  67.265929 17.747
 93    56.146 55484.22686771 18.20 227.394563  67.268989 17.747
 93    53.438 55484.22686835 20.84 227.391053  67.272049 17.747
