# NaN NaN NaN ;Mean Elev.(m), Avg Gradient(m/km), RMS Gradient(m/km) - SRTM1     
#  134.052  -0.483   3.453 ;Mean Elev.(m), Avg Gradient(m/km), RMS Gradient(m/km) - ASTER GDEM
#  143.000  -0.764   2.118 ;Mean Elev.(m), Avg Gradient(m/km), RMS Gradient(m/km) - GMTED2010 
  6 242.120708  61.412913   142.204   142.192  8 52437.19994467 49.963
  7 242.132774  61.407773   142.812   142.312  7 52472.19994460 23.518
  8 242.140472  61.405856   134.745   134.092  7 52507.19991909 27.533
  9 242.128960  61.410607   143.653   143.414  7 52542.19990258 21.133
 10 242.127532  61.409894   141.808   141.808  7 52577.19995248 47.781
 11 242.139659  61.406688   141.677   141.682  6 52612.19991514 43.911
 12 242.130774  61.409160   142.542   142.616  7 52647.19990068 22.845
 13 242.154270  61.400955   142.527   142.578  4 52682.19986910 15.417
 14 242.126016  61.410709   142.400   142.557  7 52717.19993067 12.759
 15 242.129472  61.410507   142.183   142.178  7 52752.19995568 34.820
 16 242.115514  61.412907   143.016   143.078  8 52787.19990158 46.874
 17 242.121286  61.412683   142.884   142.908  8 52822.19997398 49.955
 18 242.130085  61.409338   142.397   142.414  7 52857.20002019 51.760
 19 242.129510  61.409876   142.185   142.191  7 52892.20005244 51.494
 20 242.149457  61.401667   141.915   141.899  5 52927.20000218 46.532
 21 242.131068  61.409654   141.508   141.499  7 52962.19997385 45.888
 22 242.129672  61.409558   142.418   142.411  8 52997.20001584 22.119
 23 242.148733  61.402002   142.918   142.647  5 53032.19997241 15.561
 24 242.134785  61.407745   142.405   142.485  7 53067.19998426 15.336
 25 242.146652  61.404012   142.510   142.507  6 53102.19997721 14.328
 26 242.134530  61.407320   143.737   143.473  7 53137.19998706 25.753
 27 242.127895  61.409791   141.929   141.897  7 53172.20003538 48.133
 28 242.135167  61.406899   141.983   141.993  7 53207.20004902 51.473
 29 242.147390  61.403561   141.580   141.547  6 53242.20001570 41.977
 30 242.117494  61.413166   140.977   140.845  8 53277.19999120 35.152
 31 242.128016  61.410863   141.720   141.724  7 53312.20002634 49.616
 32 242.140832  61.407005   143.969   144.035  7 53347.19999104 15.400
 33 242.121082  61.412307   143.619   143.586  8 53382.19995545 14.635
 34 242.145004  61.405164   143.923   143.857  6 53417.19996922 11.265
 35 242.116780  61.414082   143.199   143.230  8 53452.19997171 19.105
 36 242.121087  61.412277   143.971   143.978  7 53487.20005660 26.072
 37 242.138004  61.407807   142.235   142.225  7 53522.20004659 50.566
 38 242.127133  61.410976   142.616   142.590  7 53557.20007238 37.568
 39 242.157913  61.399198   142.412   142.412  5 53592.20000618 44.463
 40 242.107522  61.416090   142.268   142.266  8 53627.20000095 45.049
 41 242.127161  61.409990   142.235   142.235  7 53662.20002452 45.487
 42 242.143593  61.404835   142.150   142.168  7 53697.19998902 46.568
 43 242.157786  61.399386   144.137   144.129  4 53732.19991026 20.980
 44 242.135912  61.408569   143.214   143.214  7 53767.19988773 14.439
 45 242.154557  61.399214   143.709   143.694  4 53802.19988575 14.119
 46 242.119675  61.412364   143.095   143.173  8 53837.19990008  7.597
 47 242.131736  61.408286   143.013   143.023  7 53872.19995209 51.639
 48 242.125830  61.410719   142.855   142.881  8 53907.19999305 47.666
 49 242.122710  61.411839   142.376   142.395  7 53942.20002046 48.557
 50 242.143783  61.405886   142.100   142.085  6 53977.19997231 47.407
 51 242.118235  61.413822   141.608   141.603  8 54012.19998006 51.507
 52 242.140322  61.406901   141.136   141.146  7 54047.19998958 47.120
 54 242.156559  61.398793   142.712   142.679  4 54117.19991226 14.106
 55 242.133244  61.408415   143.017   142.444  8 54152.19993497 12.713
 56 242.153126  61.400246   143.656   143.693  5 54187.19990576 13.474
 57 242.127085  61.410545   143.673   143.660  7 54222.19994536 31.355
 58 242.134963  61.408758   142.900   142.927  7 54257.19996733 51.525
 59 242.137077  61.407450   142.708   142.719  6 54292.19996908 37.145
 60 242.142430  61.405862   142.235   142.214  7 54327.19996504 51.316
 61 242.155476  61.399878   142.464   142.469  4 54362.19991351 49.538
 62 242.134652  61.407871   142.008   142.040  7 54397.19990540 50.472
 63 242.152210  61.400087   141.883   141.870  4 54432.19986331 44.150
 64 242.130544  61.409189   142.403   142.404  8 54467.19988724 23.468
 65 242.144798  61.405371   142.896   142.861  6 54502.19987917 15.048
 66 242.138831  61.406863   142.616   142.655  7 54537.19990199 15.499
 67 242.152118  61.400497   143.085   143.088  4 54572.19987990 17.352
 68 242.134324  61.408074   143.024   143.044  7 54607.19989603 51.935
 69 242.138901  61.406485   142.904   142.914  7 54642.19990436 51.931
 70 242.133423  61.409603   142.261   142.257  7 54677.19990708 50.463
 71 242.154862  61.399859   141.777   141.774  5 54712.19985895 41.548
 72 242.131202  61.409105   141.697   141.748  8 54747.19987546 37.156
 73 242.142429  61.405886   141.616   141.622  6 54782.19984621 46.609
 74 242.130841  61.409411   142.008   141.996  8 54817.19986839 18.944
 75 242.144055  61.405038   141.989   141.957  6 54852.19984378 14.365
 76 242.132593  61.408750   141.739   141.763  8 54887.19987242 13.408
 77 242.153630  61.399824   141.910   141.907  4 54922.19984314 17.436
 78 242.128001  61.410312   145.393   145.891  8 54957.19986947 32.176
 79 242.132134  61.408924   142.206   142.231  8 54992.19989191 50.538
 80 242.141513  61.405762   142.725   142.733  7 55027.19988159 49.593
 81 242.138185  61.407226   142.217   142.191  7 55062.19987488 51.778
 82 242.155190  61.399850   142.211   142.217  4 55097.19982118 48.741
 84 242.144604  61.405593   141.518   141.527  7 55167.19978468 43.915
 85 242.131342  61.409009   142.507   142.570  8 55202.19981077 15.654
 86 242.146360  61.404150   142.370   142.376  7 55237.19979135 14.885
 87 242.137034  61.407519   142.208   142.232  7 55272.19980446 10.369
 88 242.154349  61.400262   143.223   143.264  5 55307.19977280 31.245
 89 242.136348  61.407869   141.667   141.656  7 55342.19977450 50.782
 90 242.142691  61.405979   141.914   141.987  7 55377.19976748 31.600
 91 242.132353  61.408663   141.642   141.642  8 55412.19979196 37.982
 92 242.141310  61.406162   141.565   141.572  7 55447.19978232 48.046
 93 242.159050  61.399421   141.332   141.314  4 55482.19971095 34.639
