# NaN NaN NaN ;Mean Elev.(m), Avg Gradient(m/km), RMS Gradient(m/km) - SRTM1     
#  104.567 -10.883  12.998 ;Mean Elev.(m), Avg Gradient(m/km), RMS Gradient(m/km) - ASTER GDEM
#  117.000 -10.338  11.679 ;Mean Elev.(m), Avg Gradient(m/km), RMS Gradient(m/km) - GMTED2010 
  7   112.965 52445.80328602 28.57 237.272450  62.143640 12.201
  7   111.248 52445.80328666 26.86 237.269970  62.140490 12.201
  7   111.303 52445.80328731 20.74 237.267490  62.137340 12.201
  7   110.347 52445.80328795 21.09 237.265010  62.134200 12.201
  8   107.870 52480.80327804 46.57 237.272924  62.141593  9.242
  8   110.976 52480.80327869 43.89 237.270444  62.138443  9.242
  8   111.192 52480.80327933 44.63 237.267974  62.135293  9.242
  8   110.992 52480.80327998 44.58 237.265494  62.132153  9.242
  9   128.405 52515.80322869 22.99 237.274034  62.141274  8.108
  9   126.081 52515.80322934 18.39 237.271554  62.138134  8.108
  9   110.371 52515.80322998 15.72 237.269074  62.134984  8.108
  9   109.227 52515.80323063 14.99 237.266604  62.131834  8.108
  9   108.986 52515.80323127 16.15 237.264124  62.128694  8.108
  9   108.890 52515.80323192 16.19 237.261654  62.125544  8.108
 15   108.932 52725.80325844 16.63 237.281196  62.140480  6.514
 15   107.053 52725.80325908 19.20 237.278721  62.137330  3.113
 15   106.930 52725.80325972 15.75 237.276241  62.134190  3.113
 15   106.767 52725.80326037 14.65 237.273761  62.131040  3.113
 19   110.738 52865.80334313 42.32 237.292357  62.140659 15.664
 19   110.403 52865.80334378 42.29 237.289877  62.137509 15.664
 19   111.326 52865.80334442 38.83 237.287397  62.134369 15.664
 19   110.400 52865.80334507 42.54 237.284927  62.131219 15.664
 21   104.237 52935.80331516 29.72 237.261611  62.136975  7.046
 21   105.542 52935.80331580 22.69 237.259131  62.133825  7.046
 21   108.451 52935.80331644 17.77 237.256661  62.130675  7.046
 24   108.460 53040.80330140 17.40 237.289547  62.141386  7.984
 24   108.144 53040.80330204 16.65 237.287067  62.138236  7.984
 24   107.950 53040.80330269 15.72 237.284587  62.135096  7.984
 24   107.292 53040.80330333 15.88 237.282107  62.131946  7.984
 25   107.017 53075.80333491 16.28 237.270572  62.140095  3.951
 25   106.800 53075.80333555 17.81 237.268092  62.136945  3.951
 25   107.669 53075.80333620 17.24 237.265622  62.133795  3.951
 25   108.276 53075.80333684 16.05 237.263142  62.130655  3.951
 25   108.489 53075.80333749 15.27 237.260672  62.127505  3.951
 26   107.897 53110.80330474  9.43 237.283033  62.138937  5.553
 26   108.321 53110.80330539  8.40 237.280553  62.135787  5.553
 26   108.106 53110.80330603  5.38 237.278073  62.132647  5.553
 26   108.349 53110.80330668  4.27 237.275593  62.129497  5.553
 29   109.083 53215.80337885 37.29 237.276515  62.140247 16.271
 29   110.303 53215.80337950 34.09 237.274035  62.137107 16.271
 29   110.549 53215.80338014 33.81 237.271555  62.133957 16.271
 29   110.328 53215.80338079 38.29 237.269085  62.130807 16.271
 29   109.967 53215.80338143 40.74 237.266605  62.127667 16.271
 30   107.929 53250.80335563 29.44 237.266949  62.142535 10.098
 30   109.015 53250.80335627 27.95 237.264469  62.139385 10.098
 30   108.952 53250.80335692 19.55 237.261999  62.136235 10.098
 30   108.969 53250.80335756 18.22 237.259519  62.133095 10.098
 30   108.868 53250.80335821 18.15 237.257044  62.129948  7.269
 31   109.201 53285.80334867 30.32 237.284158  62.141263  7.851
 31   107.932 53285.80334932 22.34 237.281688  62.138123  7.851
 31   108.221 53285.80334996 19.55 237.279208  62.134973  7.851
 31   108.603 53285.80335061 28.38 237.276728  62.131823  7.851
 31   107.080 53285.80335125 32.28 237.274248  62.128683  7.851
 34   106.982 53390.80330732 16.66 237.288616  62.140776  4.377
 34   107.906 53390.80330796 15.14 237.286136  62.137636  4.377
 34   108.192 53390.80330861 15.67 237.283656  62.134486  4.377
 34   107.551 53390.80330925 14.56 237.281176  62.131336  4.377
 35   107.825 53425.80330440 14.55 237.280054  62.141732  5.136
 35   107.613 53425.80330504 15.89 237.277574  62.138592  5.136
 35   107.874 53425.80330569 16.33 237.275094  62.135442  5.136
 35   107.990 53425.80330633 14.65 237.272624  62.132292  5.136
 35   108.811 53425.80330698 13.25 237.270144  62.129152  5.136
 36   108.335 53460.80331325 12.05 237.292697  62.139502  3.155
 36   107.782 53460.80331389 13.64 237.290217  62.136352  3.155
 36   107.756 53460.80331454 14.14 237.287737  62.133202  3.155
 40   120.496 53600.80334183 24.62 237.273742  62.141640  9.775
 40   109.351 53600.80334247 21.55 237.271262  62.138500  9.775
 40   109.037 53600.80334312 17.31 237.268782  62.135350  9.775
 40   108.811 53600.80334376 15.94 237.266312  62.132200  9.775
 40   108.600 53600.80334441 17.20 237.263832  62.129060  9.775
 40   108.880 53600.80334505 20.11 237.261362  62.125910  9.775
 43   110.169 53705.80329302 23.45 237.279733  62.141867  5.981
 43   110.381 53705.80329367 23.02 237.277263  62.138717  5.981
 43   110.346 53705.80329431 22.24 237.274783  62.135577  5.981
 44   109.478 53740.80320627 19.99 237.265799  62.141796  5.757
 44   109.301 53740.80320691 19.83 237.263329  62.138646  5.757
 45   108.578 53775.80322772 15.93 237.287873  62.140710  4.478
 45   109.128 53775.80322837 15.65 237.285393  62.137570  4.478
 46   108.418 53810.80320863 15.11 237.269605  62.142431  4.809
 46   108.474 53810.80320927 14.65 237.267135  62.139281  4.809
 46   108.188 53810.80320992 15.09 237.264655  62.136141  4.809
 49   159.465 53915.80333941  0.24 237.270839  62.139531  5.292
 49   157.112 53915.80334070  2.15 237.265879  62.133241  5.292
 49   155.398 53915.80334134  6.98 237.263399  62.130091  5.292
 50   110.756 53950.80334693 20.82 237.268167  62.142127  7.619
 50   109.951 53950.80334758 21.29 237.265687  62.138977  7.619
 50   109.390 53950.80334822 14.41 237.263217  62.135827  7.619
 50   109.917 53950.80334886 13.14 237.260737  62.132687  7.619
 50   110.598 53950.80334951 12.52 237.258257  62.129537  7.619
 52   158.952 54020.80332236  1.52 237.288207  62.140676  5.573
 52   128.353 54020.80332365 13.52 237.283247  62.134376  5.573
 52   151.377 54020.80332430 12.43 237.280767  62.131236  5.573
 53   111.148 54055.80331420 22.15 237.288515  62.139597  9.381
 53   111.644 54055.80331484 28.14 237.286035  62.136447  9.381
 53   106.391 54055.80331549 33.12 237.283555  62.133307  9.381
 53   105.937 54055.80331613 32.86 237.281075  62.130157  9.381
 54   108.214 54090.80330086 14.56 237.271652  62.140435  7.303
 54   108.973 54090.80330151 18.32 237.269172  62.137285  7.303
 54   107.729 54090.80330215 17.30 237.266702  62.134145  7.303
 54   108.311 54090.80330280 16.02 237.264222  62.130995  7.303
 54   108.429 54090.80330344 15.55 237.261752  62.127845  7.303
 54   108.258 54090.80330409 14.77 237.259272  62.124705  7.303
 55   107.876 54125.80323000 13.40 237.290261  62.138125  6.117
 55   108.346 54125.80323065 14.63 237.287781  62.134975  6.117
 55   106.995 54125.80323129 13.84 237.285301  62.131835  6.117
 57   107.383 54195.80323146 11.73 237.289236  62.141060  6.443
 57   107.858 54195.80323211 10.38 237.286756  62.137910  6.443
 57   107.927 54195.80323275 10.91 237.284276  62.134770  6.443
 57   107.602 54195.80323340 10.41 237.281796  62.131620  6.443
 60   111.345 54300.80330288 44.89 237.280264  62.140548 15.334
 60   111.152 54300.80330352 43.06 237.277784  62.137398 15.334
 60   111.001 54300.80330417 42.84 237.275314  62.134258 15.334
 60   111.652 54300.80330481 39.46 237.272834  62.131108 15.334
 61   110.228 54335.80329125 43.02 237.275520  62.141510 15.633
 61   111.014 54335.80329190 43.11 237.273040  62.138360 15.633
 61   110.541 54335.80329254 42.02 237.270560  62.135220 15.633
 61   110.265 54335.80329319 43.12 237.268090  62.132070 15.633
 61   109.735 54335.80329383 42.46 237.265610  62.128920 15.633
 63   109.179 54405.80323571 40.83 237.276882  62.142180 11.666
 63   109.328 54405.80323636 42.48 237.274402  62.139040 11.666
 63   109.127 54405.80323700 44.10 237.271922  62.135890 11.666
 63   109.624 54405.80323765 42.70 237.269442  62.132740 11.666
 66   108.352 54510.80320962 13.41 237.287166  62.135679  3.886
 66   107.708 54510.80321026 15.07 237.284686  62.132529  3.886
 67   107.513 54545.80323928 15.00 237.270678  62.132790  3.293
 67   106.739 54545.80323992 15.79 237.268198  62.129640  3.293
 68   108.871 54580.80320489  3.80 237.280545  62.137012  3.808
 68   108.378 54580.80320554  4.01 237.278065  62.133872  3.808
 68   108.211 54580.80320618  5.16 237.275595  62.130722  3.808
 70   131.535 54650.80323909 12.96 237.280144  62.141784  6.554
 70   130.920 54650.80323974 16.05 237.277674  62.138634  6.554
 70   130.535 54650.80324038 19.25 237.275194  62.135484  6.554
 70   130.845 54650.80324103 17.98 237.272714  62.132344  6.554
 75   108.771 54825.80320340 19.06 237.283141  62.140501  5.093
 75   109.246 54825.80320405 18.47 237.280661  62.137351  5.093
 75   108.317 54825.80320469 17.80 237.278181  62.134211  5.093
 75   107.665 54825.80320534 17.95 237.275701  62.131061  5.093
 76   107.839 54860.80317071 16.99 237.290508  62.140697  3.846
 76   108.456 54860.80317135 15.32 237.288028  62.137547  3.846
 76   109.154 54860.80317199 15.11 237.285548  62.134397  3.846
 76   109.072 54860.80317264 15.40 237.283078  62.131257  3.846
 78   108.051 54930.80316973 11.88 237.281673  62.134974  2.770
 78   107.589 54930.80317037 13.06 237.279193  62.131824  2.770
 85   109.422 55175.80311069 20.30 237.291837  62.139071 12.949
 85   109.115 55175.80311134 20.18 237.289357  62.135931 12.949
 85   109.103 55175.80311198 19.61 237.286877  62.132781 12.949
 87   108.555 55245.80311615 19.18 237.285794  62.139858 10.687
 87   108.175 55245.80311679 18.49 237.283314  62.136718 10.687
 87   108.191 55245.80311744 18.35 237.280834  62.133568 10.687
 87   108.085 55245.80311808 16.88 237.278364  62.130418 10.687
 88   106.920 55280.80313924 11.64 237.268175  62.132954  3.067
 88   107.058 55280.80313988 12.80 237.265695  62.129804  3.067
 88   106.406 55280.80314053 13.65 237.263215  62.126664  3.067
 90   159.280 55350.80310928  0.14 237.275220  62.140317  5.550
 90   157.469 55350.80310992  1.47 237.272750  62.137167  5.550
 90   156.911 55350.80311056  2.97 237.270270  62.134027  5.550
 90   156.528 55350.80311121  4.52 237.267800  62.130877  5.550
 90   151.977 55350.80311185  7.15 237.265320  62.127727  5.550
 94   139.246 55490.80302104  8.73 237.267416  62.143714  6.031
 94   149.785 55490.80302169  1.84 237.264946  62.140564  6.031
 94   128.331 55490.80302233 16.02 237.262466  62.137424  6.031
 94   128.069 55490.80302298 19.57 237.259996  62.134274  6.031
 94   127.429 55490.80302362 21.67 237.257516  62.131124  6.031
