-223710.525  1002.656     0.00   34.96
-223343.573  1000.791    -5.08   46.05
-222976.550  1044.655   119.49   95.93
-222609.457  1093.697   133.57  122.46
-222242.292  1181.305   238.57  160.08
-221875.057  1248.249   182.26  153.50
-221507.751  1243.585   -12.70  161.30
-221140.375  1200.484  -117.30  162.64
-220772.927  1154.035  -126.39  122.34
-220405.408  1160.145    16.62  103.04
-220037.819  1216.064   152.10  112.35
-219670.158  1285.063   187.64  115.68
-219302.426  1340.553   150.87  106.70
-218934.624  1387.091   126.51  121.04
-218566.750  1410.308    63.10  132.81
-218198.804  1434.418    65.52  134.38
-217830.788  1456.109    58.93  122.63
-217462.700  1510.777   148.49  119.96
-217094.541  1533.507    61.73  102.27
-216726.311  1537.416    10.61   98.59
-216358.009  1532.350   -13.75  112.02
-215989.635  1523.506   -24.00  118.73
-215621.191  1518.452   -13.72  124.45
-215252.674  1498.705   -53.57  142.28
-214884.086  1430.233  -185.74  151.46
-214515.427  1342.215  -238.71   98.86
-214146.696  1307.725   -93.52   96.85
-213777.893  1286.255   -58.21  102.98
-213409.018  1267.782   -50.07  116.93
-213040.072  1234.966   -88.93  129.05
-212671.054  1166.018  -186.81  131.28
-212301.964  1106.092  -162.34  123.19
-211932.802  1019.920  -233.39  146.63
-211563.568   940.374  -215.40  136.26
-211194.262   865.241  -203.41   89.85
-210824.884   831.080   -92.47   56.34
-210455.434   830.702    -1.02   70.22
-210085.912   831.563     2.33   84.28
-209716.317   820.459   -30.04   88.78
-209346.651   784.676   -96.79   77.76
-208976.912   744.758  -107.95   59.75
-208607.101   709.608   -95.03   52.19
-208237.218   694.695   -40.31   46.17
-207867.262   701.085    17.27   52.71
-207497.234   739.481   103.75   81.44
-207127.133   822.475   224.21  116.35
-206756.960   921.125   266.46  139.63
-206386.714  1030.810   296.20  157.37
-206016.396  1125.484   255.62  136.89
-205646.005  1214.271   239.67  132.80
-205275.542  1294.950   217.74  138.11
-204905.006  1377.830   223.64  108.37
-204534.397  1388.923    29.93  101.14
-204163.715  1332.343  -152.61  142.40
-203792.960  1211.330  -326.35  161.12
-203422.133  1080.596  -352.49  130.96
-203051.232  1011.496  -186.27   92.41
-202680.259  1001.495   -26.96   81.61
-202309.213  1074.630   197.07  128.07
-201938.093  1188.041   305.55  141.58
-201566.901  1286.058   264.02  125.60
-201195.635  1336.758   136.54  100.67
-200824.296  1311.001   -69.35  122.97
-200452.884  1232.107  -212.39  138.14
-200081.399  1139.130  -250.25  111.22
-199709.840  1092.779  -124.73   79.06
-199338.208  1090.002    -7.47   83.78
-198966.503  1099.929    26.70   95.01
-198594.724  1084.837   -40.59   92.24
-198222.872  1055.024   -80.16   82.27
-197850.946  1015.687  -105.75   56.23
-197478.947   982.035   -90.45   44.19
-197106.874   952.841   -78.45   55.57
-196734.727   924.667   -75.69   69.91
-196362.507   862.743  -166.34   88.85
-195990.213   809.268  -143.62   65.63
-195617.845   780.462   -77.35   50.34
-195245.403   768.185   -32.96   58.58
-194872.888   743.674   -65.79  116.16
-194500.298   692.930  -136.17  167.65
-194127.635   592.147  -270.40  184.18
-193754.897   504.607  -234.82  160.07
-193382.086   423.127  -218.53  101.51
-193009.200   393.552   -79.30   60.52
-192636.241   396.058     6.72   56.87
-192263.207   417.574    57.67   62.69
-191890.099   436.245    50.03   56.98
-191516.916   442.181    15.90   50.22
-191143.660   439.941    -6.00   47.32
-190770.329   422.241   -47.40   40.97
-190396.923   403.564   -50.01   21.64
-190023.444   395.965   -20.34   20.86
-189649.889   390.600   -14.36   22.92
-189276.260   382.387   -21.98   22.38
-188902.557   372.936   -25.29   13.35
-188528.779   368.204   -12.66    9.24
-188154.926   365.703    -6.69    8.42
-187780.999   363.497    -5.90    8.66
-187406.997   360.648    -7.62    7.22
-187032.920   359.453    -3.19    5.61
-186658.768   357.684    -4.73    3.05
-186284.541   357.200    -1.29    1.60
-185910.240   357.255     0.15    1.29
-185535.863   357.687     1.15    1.17
-185161.411   357.999     0.83    0.85
-184786.885   358.102     0.28    0.80
-184412.283   357.948    -0.41    0.74
-184037.606   357.574    -1.00    0.66
-183662.854   357.017    -1.49    0.82
-183288.027   355.299    -4.58    4.23
-182913.124   354.150    -3.06    5.32
-182538.146   353.662    -1.30    6.10
-182163.093   353.541    -0.32    7.22
-181787.964   356.156     6.97    8.19
-181412.760   359.058     7.73    7.67
-181037.480   362.706     9.72    4.79
-180662.125   363.841     3.02    2.17
-180286.694   362.607    -3.29    2.42
-179911.187   360.249    -6.28    3.39
-179535.605   357.585    -7.09    3.90
-179159.947   356.299    -3.42    3.93
-178784.213   355.771    -1.40    4.67
-178408.403   356.092     0.85    4.96
-178032.518   354.903    -3.16    5.41
-177656.557   352.656    -5.98    6.25
-177280.519   348.293   -11.60    6.35
-176904.406   344.700    -9.55    4.78
-176528.216   341.341    -8.93    3.82
-176151.951   339.483    -4.94    3.62
-175775.609   337.376    -5.60    3.49
-175399.191   335.836    -4.09    3.37
-175022.697   333.914    -5.10    3.31
-174646.127   332.472    -3.83    3.04
-174269.480   331.057    -3.76    2.60
-173892.757   330.260    -2.12    2.04
-173515.957   329.673    -1.56    1.59
-173139.081   329.507    -0.44    1.47
-172762.129   329.497    -0.03    1.50
-172385.100   329.338    -0.42    1.53
-172007.994   329.222    -0.31    1.83
-171630.812   329.352     0.34    2.05
-171253.553   329.497     0.38    1.91
-170876.217   329.732     0.62    1.64
-170498.804   329.848     0.31    1.35
-170121.315   329.748    -0.27    1.05
-169743.749   328.975    -2.04    1.85
-169366.105   327.599    -3.64    2.70
-168988.385   326.907    -1.83    2.46
-168610.588   326.707    -0.53    1.97
-168232.713   326.743     0.09    1.87
-167854.762   327.374     1.67    1.87
-167476.733   327.597     0.59    1.69
-167098.628   328.400     2.12    2.40
-166720.445   331.771     8.92    6.08
-166342.184   336.110    11.47    8.15
-165963.846   341.123    13.25    8.36
-165585.431   346.434    14.03    5.51
-165206.939   349.921     9.21    4.06
-164828.369   352.505     6.82    4.11
-164449.721   356.903    11.61    8.63
-164070.996   362.948    15.96   13.12
-163692.193   371.365    22.22   18.31
-163313.312   376.495    13.54   19.16
-162934.354   378.139     4.34   17.99
-162555.318   379.563     3.76   14.58
-162176.204   381.218     4.36   11.01
-161797.012   381.130    -0.23    8.36
-161417.743   383.914     7.34    7.79
-161038.395   388.574    12.28    7.43
-160658.970   393.387    12.68    8.07
-160279.466   398.519    13.52    8.08
-159899.884   403.310    12.62    8.04
-159520.224   405.833     6.64    8.14
-159140.486   407.464     4.29    8.29
-158760.670   407.427    -0.10    8.31
-158380.775   414.718    19.19   27.83
-158000.802   436.574    57.51   53.77
-157620.750   446.365    25.76   55.13
-157240.620   442.818    -9.33   54.25
-156860.412   430.605   -32.12   49.26
-156480.125   419.013   -30.48   41.56
-156099.760   401.332   -46.48   47.34
-155719.315   374.530   -70.44   66.76
-155338.793   332.900  -109.39   96.60
-154958.191   261.834  -186.70  112.42
-154577.511   186.483  -197.91   91.10
-154203.301   126.769  -159.56   63.09
-153837.556    94.885   -87.17   31.77
-153471.739    83.453   -31.25   18.94
-153105.850    79.002   -12.16    3.07
-152739.889    80.114     3.04    3.05
-152373.857    81.112     2.73    2.97
-152007.752    81.777     1.81    3.18
-151641.576    80.106    -4.56    3.99
-151275.327    78.470    -4.47    4.27
-150909.006    77.649    -2.24    3.70
-150542.613    77.188    -1.26    2.65
-150176.148    77.684     1.35    2.35
-149809.611    77.398    -0.78    2.64
-149443.002    75.774    -4.43    3.33
-149076.320    73.312    -6.71    4.28
-148709.566    66.825   -17.69   10.70
-148342.739    57.704   -24.86   15.01
-147975.840    46.427   -30.73   15.34
-147608.869    37.947   -23.10   12.84
-147241.825    31.600   -17.29    6.62
-146874.708    31.453    -0.40    4.79
-146507.519    33.481     5.52    4.59
-146140.258    35.552     5.64    3.84
-145772.923    36.484     2.54    8.62
-145405.516    40.475    10.86   13.61
-145038.036    45.305    13.14   16.39
-144670.483    52.299    19.03   17.03
-144302.858    56.969    12.70   15.09
-143935.159    57.911     2.56   15.87
-143567.388    54.236    -9.99   18.13
-143199.543    48.196   -16.42   18.27
-142831.626    45.820    -6.46   15.94
-142463.635    45.715    -0.29   12.92
-142095.571    47.949     6.07   10.56
-141727.434    51.395     9.36    8.82
-141359.224    54.269     7.81    5.24
-140990.941    55.506     3.36    0.74
-140622.584    55.288    -0.59    0.55
-140254.154    55.024    -0.72    1.00
-139885.651    53.354    -4.53    3.74
-139517.074    50.310    -8.26    6.47
-139148.424    45.363   -13.42    9.09
-138779.700    38.584   -18.38   11.50
-138410.903    31.110   -20.26    9.91
-138042.032    25.269   -15.83    7.31
-137673.088    21.401   -10.48    3.22
-137304.069    20.747    -1.77    2.16
-136934.977    20.996     0.67    2.12
-136565.812    21.508     1.39    2.46
-136196.572    21.671     0.44    2.80
-135827.259    21.952     0.76    3.30
-135457.871    21.347    -1.64    3.52
-135088.410    20.707    -1.73    3.55
-134718.875    20.519    -0.51    3.72
-134349.266    20.359    -0.43    3.88
-133979.582    19.874    -1.31    3.79
-133609.825    19.017    -2.32    3.37
-133239.993    18.024    -2.69    1.85
-132870.087    17.541    -1.31    0.00
-132500.107    32.100    39.35   31.54
-132130.053    60.610    77.03   58.79
-131759.924   112.519   140.23   93.76
-131389.721   172.782   162.77  104.11
-131019.443   230.497   155.85   93.84
-130649.091   246.620    43.53   77.54
-130278.664   211.842   -93.88   94.69
-129908.163   165.529  -124.99  103.08
-129537.587   103.552  -167.23   76.47
-129166.937    59.296  -119.39   39.37
-128796.212    34.551   -66.74   22.67
-128425.412    22.969   -31.23   13.42
-128054.537    17.552   -14.61    0.10
-127683.588    17.541    -0.03    0.00
-127312.563    17.541     0.00    0.00
-126941.464    17.541     0.00    0.00
-126570.289    17.692     0.41    0.62
-126199.040    18.204     1.38    1.65
-125827.716    18.634     1.16    2.06
-125456.316    18.975     0.92    2.37
-125084.841    19.276     0.81    2.57
-124713.291    19.014    -0.71    2.27
-124341.666    18.863    -0.41    1.90
-123969.966    18.725    -0.37    1.59
-123598.190    19.193     1.26    1.95
-123226.339    19.475     0.76    3.24
-122854.412    19.379    -0.26    4.97
-122482.410    19.285    -0.25    6.23
-122110.333    19.552     0.72    7.11
-121738.180    22.810     8.76    8.80
-121365.951    26.455     9.79    9.15
-120993.647    30.347    10.46    7.37
-120621.267    31.809     3.93    6.34
-120248.811    31.825     0.04    5.20
-119876.279    32.280     1.22    4.66
-119503.672    32.817     1.44    4.58
-119130.988    33.343     1.41    5.09
-118758.229    33.598     0.68    5.40
-118385.394    33.530    -0.18    5.35
-118012.483    33.461    -0.18    5.44
-117639.495    32.583    -2.35    5.97
-117266.432    30.984    -4.29    6.46
-116893.292    25.519   -14.64   11.10
-116520.076    18.817   -17.96   11.72
-116146.784    13.280   -14.83    9.81
-115773.416     8.265   -13.43    3.50
-115399.971     7.541    -1.94    0.00
-115026.450     7.541     0.00    0.00
-114652.853     7.541     0.00    0.00
-114279.179     7.541     0.00    0.00
-113905.428     7.541     0.00    0.00
-113531.601     7.541     0.00    0.00
-113157.697     7.541     0.00    0.00
-112783.717     7.541     0.00    0.00
-112409.660     7.541     0.00    0.00
-112035.526     7.541     0.00    0.00
-111661.315     7.573     0.09    0.23
-111287.028     7.552    -0.06    0.10
-110912.663     7.541    -0.03    0.00
-110538.222     7.541     0.00    0.00
-110163.703     7.541     0.00    0.00
-109789.108     7.541     0.00    0.00
-109414.435     7.541     0.00    0.00
-109039.686     7.541     0.00    0.00
-108664.859     7.541     0.00    0.00
-108289.955     7.541     0.00    0.00
-107914.973     9.663     5.66    6.13
-107539.914    13.193     9.41    8.86
-107164.778    17.361    11.11   10.49
-106789.565    21.291    10.47   10.54
-106414.274    23.961     7.12    8.85
-106038.905    25.160     3.19    8.03
-105663.459    26.063     2.41    6.89
-105287.936    27.487     3.79    5.17
-104912.334    28.299     2.16    3.67
-104536.655    28.820     1.39    3.58
-104160.898    28.995     0.47    3.43
-103785.064    28.856    -0.37    3.76
-103409.151    28.291    -1.50    4.35
-103033.161    27.435    -2.27    4.80
-102657.093    26.257    -3.13    5.67
-102280.946    23.455    -7.45    6.89
-101904.722    20.311    -8.36    8.37
-101528.420    18.052    -6.00    7.58
-101152.039    18.250     0.53    7.13
-100775.580    21.788     9.40    8.08
-100399.043    24.586     7.43    9.32
-100022.428    24.530    -0.15   10.69
 -99645.734    22.779    -4.65   12.60
 -99268.963    20.551    -5.91   13.22
 -98892.112    18.299    -5.98   13.85
 -98515.183    15.616    -7.12   13.24
 -98138.176    13.886    -4.59   12.57
 -97761.090    12.347    -4.08   11.79
 -97383.925    11.299    -2.78   10.81
 -97006.682     9.960    -3.55    9.28
 -96629.360     8.355    -4.25    6.27
 -96251.959     6.671    -4.46    0.93
 -95874.480     6.541    -0.35    0.00
 -95496.921     6.541     0.00    0.00
 -95119.284     6.541     0.00    0.00
 -94741.567     6.541     0.00    0.00
 -94363.772     6.541     0.00    0.00
 -93985.898     6.541     0.00    0.00
 -93607.944     6.541     0.00    0.00
 -93229.912     6.541     0.00    0.00
 -92851.800     6.679     0.36    0.38
 -92473.608     6.971     0.77    0.54
 -92095.338     7.257     0.76    0.50
 -91716.988     7.476     0.58    0.32
 -91338.559     7.541     0.17    0.00
 -90960.050     7.541     0.00    0.00
 -90581.462     7.541     0.00    0.00
 -90202.795     7.541     0.00    0.00
 -89824.047     7.541     0.00    0.00
 -89445.220     7.541     0.00    0.00
 -89066.314     7.541     0.00    0.00
 -88687.327     7.541     0.00    0.00
 -88308.261     7.541     0.00    0.00
 -87929.115     7.541     0.00    0.00
 -87549.889     7.541     0.00    0.00
 -87170.583     7.541     0.00    0.00
 -86791.197     7.541     0.00    0.00
 -86411.731     8.147     1.60    3.19
 -86032.185    10.252     5.55    8.22
 -85652.559    11.853     4.22   10.19
 -85272.852    14.174     6.11   12.08
 -84893.066    15.860     4.44   13.45
 -84513.199    18.870     7.92   15.60
 -84133.251    20.084     3.19   16.47
 -83753.223    21.541     3.83   17.15
 -83373.115    23.723     5.74   17.49
 -82992.927    26.186     6.48   17.94
 -82612.657    31.323    13.51   17.96
 -82232.307    36.966    14.84   17.82
 -81851.877    45.030    21.19   14.38
 -81471.366    52.164    18.75    9.20
 -81090.774    56.615    11.69    5.79
 -80710.101    59.671     8.03    3.98
 -80329.347    61.434     4.63    2.02
 -79948.513    61.747     0.82    1.30
 -79569.039    60.928    -2.16    2.07
 -79203.522    60.018    -2.49    2.08
 -78837.931    59.445    -1.57    2.30
 -78472.266    58.848    -1.63    2.96
 -78106.528    56.917    -5.28    4.96
 -77740.716    50.956   -16.29   11.78
 -77374.830    37.945   -35.56   18.91
 -77008.871    28.207   -26.61   16.30
 -76642.838    20.917   -19.92   10.34
 -76276.731    19.956    -2.63    5.99
 -75910.550    25.291    14.57    6.35
 -75544.296    29.605    11.78    6.31
 -75177.967    33.473    10.56    4.68
 -74811.565    35.404     5.27    5.14
 -74445.088    36.911     4.11    5.48
 -74078.537    36.134    -2.12    6.32
 -73711.912    34.174    -5.35    7.17
 -73345.213    31.530    -7.21    6.95
 -72978.440    29.121    -6.57    5.88
 -72611.592    30.573     3.96    7.79
 -72244.671    34.711    11.28   10.22
 -71877.674    40.652    16.19   11.32
 -71510.604    47.267    18.02    9.41
 -71143.459    52.163    13.33    5.06
 -70776.239    50.239    -5.24    8.49
 -70408.945    47.185    -8.31   10.25
 -70041.576    45.186    -5.44   10.14
 -69674.133    42.969    -6.03    9.30
 -69306.615    46.349     9.20    9.72
 -68939.022    50.105    10.22    9.71
 -68571.355    54.444    11.80    8.49
 -68203.613    57.339     7.87    6.09
 -67835.796    60.068     7.42    2.44
 -67467.904    61.456     3.77    2.76
 -67099.937    62.900     3.92    3.15
 -66731.895    64.860     5.33    3.39
 -66363.778    66.608     4.75    2.79
 -65995.586    67.971     3.70    2.30
 -65627.318    68.969     2.71    1.58
 -65258.976    69.573     1.64    1.05
 -64890.558    69.807     0.63    0.67
 -64522.066    69.793    -0.04    0.51
 -64153.497    69.636    -0.43    0.33
 -63784.854    69.530    -0.29    0.24
 -63416.135    69.573     0.12    0.31
 -63047.341    69.618     0.12    0.34
 -62678.471    69.636     0.05    0.36
 -62309.525    69.586    -0.14    0.52
 -61940.504    69.434    -0.41    0.66
 -61571.408    69.189    -0.66    0.69
 -61202.235    68.839    -0.95    0.55
 -60832.987    68.519    -0.86    0.59
 -60463.664    68.193    -0.88    0.58
 -60094.264    67.828    -0.99    0.67
 -59724.789    67.370    -1.24    0.81
 -59355.237    67.019    -0.95    0.91
 -58985.610    66.730    -0.78    0.99
 -58615.907    66.700    -0.08    1.08
 -58246.127    66.954     0.69    1.26
 -57876.272    67.477     1.41    1.52
 -57506.340    68.288     2.19    1.74
 -57136.332    69.477     3.21    2.59
 -56766.248    70.662     3.20    3.03
 -56396.088    72.275     4.36    3.29
 -56025.852    73.820     4.17    3.46
 -55655.539    75.370     4.19    3.77
 -55285.149    76.723     3.65    3.77
 -54914.683    78.756     5.49    3.76
 -54544.141    80.197     3.89    3.67
 -54173.522    81.519     3.57    3.55
 -53802.826    82.734     3.28    3.66
 -53432.054    84.204     3.96    3.75
 -53061.205    85.739     4.14    4.11
 -52690.280    87.718     5.34    3.96
 -52319.277    89.469     4.72    4.12
 -51948.198    91.062     4.30    3.82
 -51577.042    92.626     4.21    3.59
 -51205.808    93.986     3.66    3.28
 -50834.498    95.658     4.50    3.16
 -50463.111    96.977     3.55    2.92
 -50091.647    98.758     4.79    2.87
 -49720.105   100.179     3.82    2.82
 -49348.487   101.671     4.02    3.00
 -48976.791   102.551     2.37    3.15
 -48605.018   103.508     2.57    3.36
 -48233.168   104.232     1.95    3.36
 -47861.240   104.936     1.89    3.30
 -47489.235   105.222     0.77    3.25
 -47117.152   105.265     0.12    3.34
 -46744.992   104.785    -1.29    3.26
 -46372.755   103.954    -2.23    3.23
 -46000.439   102.636    -3.54    2.99
 -45628.046   101.552    -2.91    2.80
 -45255.576   100.870    -1.83    2.40
 -44883.027   100.954     0.22    2.22
 -44510.401   101.193     0.64    2.14
 -44137.697   101.896     1.89    2.28
 -43764.915   103.320     3.82    2.70
 -43392.055   104.476     3.10    2.70
 -43019.117   106.179     4.57    2.52
 -42646.102   107.424     3.34    2.57
 -42273.008   109.167     4.67    2.89
 -41899.835   110.541     3.68    2.82
 -41526.585   112.084     4.14    2.53
 -41153.257   113.487     3.76    2.25
 -40779.850   115.145     4.44    2.59
 -40406.365   117.094     5.22    3.04
 -40032.801   119.336     6.00    2.96
 -39659.159   121.136     4.82    2.87
 -39285.439   122.725     4.25    2.83
 -38911.640   124.326     4.28    2.67
 -38537.762   125.911     4.24    2.47
 -38163.806   127.416     4.02    2.22
 -37789.771   128.848     3.83    1.80
 -37415.657   130.046     3.20    1.51
 -37041.465   131.003     2.56    1.38
 -36667.194   131.562     1.49    1.58
 -36292.844   132.367     2.15    1.86
 -35918.415   133.172     2.15    1.92
 -35543.907   134.041     2.32    1.87
 -35169.320   134.626     1.56    1.62
 -34794.654   134.700     0.20    1.57
 -34419.909   134.168    -1.42    1.57
 -34045.085   133.349    -2.19    1.55
 -33670.181   132.285    -2.84    1.47
 -33295.198   131.392    -2.38    1.38
 -32920.136   130.732    -1.76    1.20
 -32544.995   131.062     0.88    2.64
 -32169.774   132.115     2.81    4.18
 -31794.474   133.456     3.57    4.76
 -31419.094   133.519     0.17    4.88
 -31043.634   130.835    -7.15    5.93
 -30668.095   125.732   -13.59    8.58
 -30292.477   119.341   -17.02    8.40
 -29916.778   113.974   -14.28    5.25
 -29541.000   111.688    -6.08    2.38
 -29165.142   111.734     0.12    2.21
 -28789.204   114.730     7.97    4.68
 -28413.186   118.257     9.38    5.79
 -28037.089   121.593     8.87    5.82
 -27660.911   125.260     9.75    5.25
 -27284.653   128.716     9.19    4.95
 -26908.315   132.174     9.19    4.22
 -26531.897   136.349    11.09    5.23
 -26155.399   139.996     9.69    5.15
 -25778.820   143.780    10.05    5.94
 -25402.161   148.608    12.82    6.54
 -25025.422   153.162    12.09    6.70
 -24648.602   157.154    10.60    4.06
 -24271.702   158.551     3.71    2.67
 -23894.721   159.732     3.13    2.97
 -23517.660   161.488     4.66    3.61
 -23140.518   163.747     5.99    3.94
 -22763.295   166.046     6.09    3.60
 -22385.992   167.648     4.25    3.39
 -22008.608   167.541    -0.28    3.90
 -21631.143   166.563    -2.59    5.37
 -21253.597   163.759    -7.42    7.02
 -20875.971   159.769   -10.57    9.51
 -20498.263   151.551   -21.76   15.70
 -20120.474   142.715   -23.39   18.51
 -19742.604   130.235   -33.02   19.83
 -19364.653   118.182   -31.89   17.97
 -18986.621   105.804   -32.74   13.98
 -18608.508    97.056   -23.13   11.51
 -18230.313    89.351   -20.37   10.02
 -17852.037    83.680   -14.99    8.66
 -17473.679    77.888   -15.31    7.10
 -17095.241    73.443   -11.75    4.70
 -16716.720    70.072    -8.91    2.85
 -16338.118    67.702    -6.26    2.64
 -15959.435    65.447    -5.95    2.64
 -15580.669    63.660    -4.72    2.49
 -15201.823    62.025    -4.32    2.07
 -14822.894    60.941    -2.86    1.96
 -14443.883    60.225    -1.89    1.82
 -14064.791    59.691    -1.41    1.85
 -13685.617    59.791     0.26    1.84
 -13306.361    60.041     0.66    1.55
 -12927.022    60.437     1.04    1.21
 -12547.602    60.486     0.13    1.41
 -12168.099    59.920    -1.49    2.04
 -11788.515    59.067    -2.25    2.47
 -11408.848    58.383    -1.80    2.50
 -11029.099    57.881    -1.32    2.30
 -10649.267    57.593    -0.76    2.13
 -10269.353    57.747     0.41    2.09
  -9889.357    57.968     0.58    1.63
  -9509.278    58.738     2.03    1.60
  -9129.117    60.239     3.95    2.11
  -8748.873    61.519     3.37    2.50
  -8368.546    63.407     4.96    2.98
  -7988.137    65.421     5.30    2.31
  -7607.645    65.695     0.72    2.30
  -7227.070    65.418    -0.73    2.66
  -6846.412    63.780    -4.30    4.24
  -6465.671    60.759    -7.94    6.47
  -6084.848    54.764   -15.74   10.17
  -5703.941    47.188   -19.89   12.81
  -5322.951    37.139   -26.38   16.47
  -4941.878    27.418   -25.51   15.92
  -4572.530    18.520   -24.09   15.78
  -4207.171    10.659   -21.52   12.19
  -3841.737     5.225   -14.87    8.48
  -3476.228     1.626    -9.85    4.41
  -3110.643    -0.136    -4.82    1.23
  -2744.982    -0.322    -0.51    0.72
  -2379.246     0.139     1.26    1.72
  -2013.435     0.231     0.25    1.74
  -1647.548     0.334     0.28    1.82
  -1281.585     0.020    -0.86    1.56
   -915.547    -0.406    -1.16    0.27
   -549.433    -0.300     0.29    0.97
   -183.243     0.937     3.38    4.00
    183.022     4.183     8.86    8.80
    549.364     8.015    10.46   12.82
    915.781    12.318    11.74   15.74
   1282.274    19.675    20.07   20.16
   1648.843    29.477    26.74   27.17
   2015.489    47.341    48.72   42.32
   2382.210    63.498    44.06   52.02
   2749.007    90.267    72.98   60.21
   3115.881   104.149    37.84   60.23
   3482.831   114.393    27.92   53.56
   3849.857   114.902     1.38   46.75
   4216.960   110.327   -12.46   41.49
   4584.139    94.498   -43.11   39.48
   4951.394    83.244   -30.64   35.42
   5318.726    81.252    -5.42   32.51
   5686.134    88.330    19.27   34.96
   6053.619   107.541    52.28   36.73
   6421.180   127.593    54.55   27.90
   6788.818   139.358    32.00   15.26
   7156.533   141.664     6.27   12.14
   7524.325   138.541    -8.49   11.41
   7892.193   132.712   -15.84   11.49
   8260.138   124.717   -21.73   13.90
   8628.160   114.943   -26.56   18.05
   8996.259   106.435   -23.11   19.82
   9364.435    99.312   -19.35   17.35
   9732.688    94.083   -14.20   13.81
  10101.018    90.168   -10.63    9.62
  10469.426    87.041    -8.49    6.66
  10837.910    84.629    -6.55    4.72
  11206.472    82.170    -6.67    3.84
  11575.111    79.736    -6.60    4.20
  11943.827    77.697    -5.53    5.22
  12312.621    75.288    -6.53    5.63
  12681.492    72.767    -6.83    5.30
  13050.440    70.688    -5.64    4.56
  13419.466    69.316    -3.72    3.70
  13788.570    68.207    -3.00    2.83
  14157.751    66.627    -4.28    3.43
  14527.010    65.365    -3.42    3.94
  14896.347    64.518    -2.29    4.10
  15265.761    63.718    -2.17    4.47
  15635.253    63.815     0.26    4.85
  16004.823    63.895     0.21    5.00
  16374.471    64.103     0.56    4.92
  16744.197    64.850     2.02    4.55
  17114.001    65.330     1.30    4.20
  17483.883    66.306     2.64    3.45
  17853.843    66.520     0.58    2.94
  18223.881    66.057    -1.25    3.26
  18593.997    64.778    -3.46    4.53
  18964.192    63.296    -4.00    4.75
  19334.465    62.427    -2.35    4.87
  19704.816    61.255    -3.17    5.72
  20075.246    59.881    -3.71    6.23
  20445.754    59.835    -0.12    7.03
  20816.341    60.877     2.81    6.88
  21187.006    62.349     3.97    5.99
  21557.750    62.612     0.71    4.55
  21928.572    60.582    -5.47    5.40
  22299.473    57.158    -9.23    5.85
  22670.453    54.384    -7.48    5.40
  23041.511    51.704    -7.22    4.96
  23412.649    49.694    -5.42    4.81
  23783.865    47.997    -4.57    4.93
  24155.161    46.106    -5.09    4.77
  24526.535    44.139    -5.30    4.77
  24897.988    41.953    -5.88    4.65
  25269.521    40.878    -2.89    3.93
  25641.132    40.149    -1.96    3.37
  26012.823    40.434     0.77    2.66
  26384.593    41.093     1.77    2.12
  26756.442    41.592     1.34    2.76
  27128.371    41.296    -0.80    2.88
  27500.379    40.974    -0.87    2.88
  27872.466    41.999     2.76    3.30
  28244.633    44.530     6.80    4.61
  28616.880    48.991    11.98    6.08
  28989.206    54.978    16.08    7.30
  29361.611    60.024    13.55    6.58
  29734.097    63.932    10.49    6.12
  30106.662    66.691     7.40    4.84
  30479.307    66.499    -0.52    6.50
  30852.032    61.737   -12.78   12.04
  31224.836    59.644    -5.61   12.56
  31597.721    57.120    -6.77   12.81
  31970.686    54.843    -6.10   13.19
  32343.730    51.749    -8.29   16.19
  32716.855    42.362   -25.16   17.77
  33090.060    35.716   -17.81   16.79
  33463.345    31.250   -11.96   16.50
  33836.710    26.603   -12.45   18.12
  34210.156    22.392   -11.28   20.08
  34583.682    15.840   -17.54   19.78
  34957.289     9.398   -17.24   17.27
  35330.976     1.743   -20.49   11.38
  35704.743    -2.893   -12.40    2.64
  36078.591    -3.459    -1.52    0.00
  36452.520    -3.459     0.00    0.00
  36826.529    -3.459     0.00    0.00
  37200.619    -3.459     0.00    0.00
  37574.789    -3.459     0.00    0.00
  37949.041    -3.459     0.00    0.00
  38323.373    -3.459     0.00    0.00
  38697.787    -3.459     0.00    0.00
  39072.281    -3.459     0.00    0.00
  39446.856    -3.355     0.28    0.72
  39821.513    -2.593     2.03    3.13
  40196.250    -1.336     3.36    4.99
  40571.069     1.814     8.40    9.41
  40945.969     6.633    12.85   14.04
  41320.950    13.197    17.50   17.43
  41696.013    19.904    17.88   19.29
  42071.157    27.562    20.41   19.95
  42446.382    32.672    13.62   18.66
  42821.689    36.639    10.57   17.53
  43197.078    41.819    13.80   14.44
  43572.548    42.830     2.69   12.86
  43948.099    35.314   -20.01   18.80
  44323.733    31.030   -11.41   19.81
  44699.448    33.965     7.81   19.39
  45075.245    40.690    17.90   16.54
  45451.124    49.248    22.77    8.23
  45827.084    52.186     7.82    2.93
  46203.127    52.642     1.21    3.47
  46579.252    52.687     0.12    4.75
  46955.459    53.353     1.77    4.27
  47331.748    53.187    -0.44    5.18
  47708.119    52.520    -1.77    6.12
  48084.572    51.509    -2.69    7.77
  48461.108    48.759    -7.30   10.65
  48837.726    44.840   -10.41   12.40
  49214.426    39.088   -15.27   13.89
  49591.209    34.593   -11.93   15.20
  49968.074    31.416    -8.43   15.39
  50345.022    30.345    -2.84   16.38
  50722.053    33.304     7.85   17.21
  51099.166    36.694     8.99   16.05
  51476.362    35.572    -2.97   15.43
  51853.640    30.143   -14.39   16.86
  52231.002    23.953   -16.40   15.27
  52608.446    19.187   -12.63   12.60
  52985.973    18.655    -1.41   11.50
  53363.584    21.662     7.96    9.73
  53741.277    25.444    10.01    9.08
  54119.053    31.092    14.95    5.29
  54496.913    33.966     7.61    4.17
  54874.855    36.122     5.71    3.53
  55252.881    37.573     3.84    3.08
  55630.991    38.984     3.73    1.91
  56009.183    40.013     2.72    0.72
  56387.459    40.571     1.48    0.83
  56765.819    41.269     1.84    1.24
  57144.262    41.811     1.43    1.92
  57522.788    42.552     1.96    2.65
  57901.399    43.416     2.28    3.34
  58280.093    44.752     3.53    4.05
  58658.870    45.761     2.66    4.28
  59037.732    45.802     0.11    4.73
  59416.677    43.841    -5.17    5.92
  59795.706    40.760    -8.13    6.94
  60174.820    36.798   -10.45    7.23
  60554.017    31.965   -12.75    6.75
  60933.298    27.541   -11.66    8.02
  61312.663    21.236   -16.62    9.09
  61692.113    14.500   -17.75   10.05
  62071.647    11.706    -7.36   10.24
  62451.265    11.499    -0.54   10.98
  62830.968    14.095     6.84   11.52
  63210.754    13.773    -0.85   11.98
  63590.626    11.171    -6.85   13.02
  63970.582     9.108    -5.43   14.21
  64350.622     6.465    -6.96   14.82
  64730.747     2.867    -9.46   14.66
  65110.957    -2.818   -14.95   12.00
  65491.251    -7.035   -11.09    7.58
  65871.631    -9.840    -7.37    2.87
  66252.095   -10.692    -2.24    2.40
  66632.644   -11.223    -1.40    2.17
  67013.278   -11.759    -1.41    1.74
  67393.997   -12.133    -0.98    1.24
  67774.801   -12.459    -0.86    0.00
  68155.690   -12.459     0.00    0.00
  68536.664   -12.305     0.41    1.16
  68917.724   -11.068     3.25    4.20
  69298.869    -3.772    19.14   14.96
  69680.099     6.389    26.65   21.49
  70055.153    21.788    41.06   24.68
  70420.277    34.498    34.81   18.36
  70785.477    43.806    25.49    9.47
  71150.755    47.051     8.88    7.56
  71516.110    49.593     6.96    6.16
  71881.541    51.458     5.11    5.01
  72247.051    53.225     4.84    2.92
  72612.637    54.255     2.82    1.92
  72978.301    55.326     2.93    1.29
  73344.042    56.621     3.54    1.93
  73709.861    57.864     3.40    2.39
  74075.757    59.625     4.81    3.27
  74441.730    61.187     4.27    3.71
  74807.782    62.128     2.57    3.65
  75173.910    62.601     1.29    3.01
  75540.117    63.179     1.58    2.46
  75906.401    64.351     3.20    2.62
  76272.763    65.905     4.24    2.53
  76639.203    67.749     5.03    2.31
  77005.721    69.228     4.03    2.15
  77372.317    70.739     4.12    1.88
  77738.990    71.712     2.66    1.82
  78105.742    72.497     2.14    1.83
  78472.572    73.511     2.76    2.54
  78839.480    74.884     3.74    3.05
  79206.466    77.133     6.13    3.42
  79573.530    79.357     6.06    2.84
  79940.673    81.159     4.91    3.10
  80307.894    84.066     7.92    6.47
  80675.193    89.932    15.97   10.84
  81042.571   100.235    28.05   15.82
  81410.027   112.369    33.02   18.64
  81777.562   127.745    41.84   20.52
  82145.175   138.803    30.08   19.91
  82512.867   149.916    30.22   17.28
  82880.637   156.408    17.65   15.34
  83248.487   163.114    18.23   12.12
  83616.415   166.551     9.34   10.00
  83984.422   169.392     7.72    7.66
  84352.508   170.409     2.76    6.44
  84720.672   170.829     1.14    5.66
  85088.916   170.036    -2.16    6.05
  85457.239   166.304   -10.13    8.90
  85825.641   157.141   -24.87   12.78
  86194.121   148.959   -22.20   12.55
  86562.682   140.998   -21.60    9.24
  86931.321   137.337    -9.93    5.49
  87300.040   136.160    -3.19    3.58
  87668.838   138.096     5.25    4.24
  88037.715   140.592     6.77    4.23
  88406.672   142.745     5.84    4.22
  88775.708   144.984     6.07    3.99
  89144.824   148.332     9.07    4.67
  89514.019   151.741     9.23    5.95
  89883.294   153.867     5.76    5.27
  90252.649   154.191     0.88    5.51
  90622.083   154.204     0.04    6.13
  90991.597   153.011    -3.23    6.27
  91361.191   152.376    -1.72    5.75
  91730.865   153.026     1.76    5.36
  92100.619   153.288     0.71    5.46
  92470.453   154.421     3.06    5.48
  92840.367   155.278     2.32    6.13
  93210.361   157.306     5.48    6.18
  93580.435   158.891     4.28    6.13
  93950.589   160.573     4.55    6.10
  94320.824   162.081     4.07    6.32
  94691.139   162.041    -0.11    7.35
  95061.534   160.551    -4.02    9.20
  95432.010   157.218    -9.00   12.53
  95802.566   148.834   -22.63   21.22
  96173.202   134.622   -38.35   31.91
  96543.920   114.684   -53.79   36.79
  96914.717    97.941   -45.16   33.40
  97285.596    88.416   -25.68   24.20
  97656.555    96.901    22.87   30.53
  98027.595   122.014    67.69   37.37
  98398.716   147.661    69.11   32.33
  98769.917   166.956    51.98   19.46
  99141.200   176.291    25.14   12.53
  99512.563   180.330    10.88    9.93
  99884.008   186.753    17.29    6.81
 100255.534   192.755    16.16    9.64
 100627.140   202.633    26.58   14.66
 100998.828   214.137    30.95   17.05
 101370.598   226.905    34.35   15.80
 101742.448   232.781    15.80   12.18
 102114.380   232.530    -0.67   10.53
 102486.393   227.231   -14.25   12.24
 102858.488   216.997   -27.50   10.45
 103230.664   210.238   -18.16    8.98
 103602.922   206.218   -10.80    7.91
 103975.261   203.965    -6.05    5.76
 104347.682   203.461    -1.35    5.08
 104720.185   204.329     2.33    5.40
 105092.770   203.904    -1.14    5.61
 105465.436   203.530    -1.00    5.17
 105838.184   202.871    -1.77    6.73
 106211.014   201.644    -3.29   10.03
 106583.926   199.329    -6.21   14.12
 106956.921   195.367   -10.62   18.03
 107329.997   190.531   -12.96   16.78
 107703.155   190.183    -0.93   15.55
 108076.396   197.531    19.69   19.50
 108449.719   213.122    41.77   22.29
 108823.124   228.349    40.78   20.21
 109196.611   237.530    24.58   13.62
 109570.181   241.631    10.98    8.31
 109943.834   240.662    -2.59    9.34
 110317.569   237.490    -8.49   10.49
 110691.386   235.440    -5.48   12.49
 111065.286   231.139   -11.50   14.20
 111439.269   223.471   -20.50   13.17
 111813.334   216.309   -19.15    8.63
 112187.483   211.291   -13.41    8.39
 112561.714   206.519   -12.75    8.67
 112936.028   202.904    -9.66    9.29
 113310.425   201.678    -3.28   12.02
 113684.905   201.281    -1.06   15.45
 114059.468   202.396     2.98   16.71
 114434.114   200.551    -4.93   16.65
 114808.844   199.343    -3.22   16.23
 115183.656   197.821    -4.06   16.74
 115558.552   198.430     1.62   17.12
 115933.531   199.601     3.12   15.88
 116308.594   200.379     2.08   12.56
 116683.740   198.490    -5.04   10.40
 117058.970   196.933    -4.15   10.36
 117434.283   194.334    -6.92   12.06
 117809.679   194.995     1.76   17.87
 118185.160   199.562    12.16   22.64
 118560.724   201.081     4.04   25.33
 118936.372   196.627   -11.86   25.71
 119312.103   191.263   -14.28   25.71
 119687.919   182.906   -22.24   25.53
 120063.818   170.838   -32.11   21.48
 120439.802   160.051   -28.69   15.72
 120815.870   152.763   -19.38   10.75
 121192.021   150.479    -6.07   10.05
 121568.257   150.100    -1.01   11.64
 121944.577   149.296    -2.14   10.58
 122320.982   149.431     0.36    9.49
 122697.470   149.761     0.88   10.77
 123074.043   150.985     3.25   12.61
 123450.701   151.291     0.81   10.61
 123827.443   152.778     3.95    9.44
 124204.269   156.341     9.46    9.70
 124581.181   160.061     9.87    8.41
 124958.176   158.490    -4.17   10.27
 125335.257   152.832   -15.01   13.42
 125712.422   147.451   -14.27   15.97
 126089.672   142.699   -12.60   18.98
 126467.008   141.501    -3.17   20.17
 126844.428   142.726     3.25   20.45
 127221.933   147.838    13.54   21.29
 127599.523   158.606    28.52   23.21
 127977.198   176.341    46.96   31.10
 128354.958   190.316    37.00   29.30
 128732.804   200.721    27.54   25.69
 129110.735   207.856    18.88   19.35
 129488.751   206.105    -4.63   14.75
 129866.853   202.857    -8.59   13.22
 130245.040   195.303   -19.98   15.82
 130623.312   184.603   -28.29   16.53
 131001.671   170.761   -36.59   16.81
 131380.115   159.417   -29.98   12.77
 131758.644   147.036   -32.71   14.81
 132137.259   136.408   -28.07   14.89
 132515.960   130.751   -14.94   12.22
 132894.747   130.235    -1.36   10.08
 133273.620   131.181     2.50   10.22
 133652.579   133.601     6.39   10.18
 134031.624   135.682     5.49   11.02
 134410.755   137.801     5.59   12.21
 134789.972   140.753     7.79   12.74
 135169.275   140.291    -1.22   12.96
 135548.665   139.011    -3.37   13.10
 135928.141   138.161    -2.24   10.92
 136307.703   139.036     2.31    9.37
 136687.352   142.036     7.90   10.87
 137067.087   148.161    16.13   13.19
 137446.909   158.382    26.91   15.97
 137826.817   175.369    44.72   22.20
 138206.813   198.211    60.12   32.29
 138586.894   232.722    90.81   40.19
 138967.063   268.791    94.88   43.67
 139347.318   303.571    91.47   33.57
 139727.661   323.293    51.86   21.64
 140108.090   331.621    21.89   11.21
 140488.606   324.805   -17.91   19.22
 140869.210   307.296   -46.01   27.55
 141249.900   283.313   -63.00   30.76
 141630.678   258.622   -64.85   24.70
 142011.543   241.315   -45.45   17.08
 142392.496   228.592   -33.40    8.68
 142773.535   221.871   -17.64    7.35
 143154.662   216.252   -14.74    6.95
 143535.877   211.296   -13.00    7.50
 143917.179   203.864   -19.49   10.88
 144298.569   199.719   -10.87    9.75
 144679.784   198.632    -2.85    9.74
 145044.666   203.188    12.49   13.29
 145409.626   215.519    33.79   15.16
 145774.666   230.851    42.00   18.94
 146139.784   244.874    38.41   19.05
 146504.982   261.652    45.95   18.63
 146870.258   275.678    38.40   17.02
 147235.613   290.299    40.02   16.28
 147601.048   301.719    31.25   15.89
 147966.562   312.914    30.63   12.82
 148332.155   321.751    24.17    9.01
 148697.827   326.384    12.67    5.51
 149063.579   327.281     2.45    4.32
 149429.410   322.701   -12.52   10.93
 149795.320   313.624   -24.81   15.71
 150161.310   300.080   -37.01   18.30
 150527.379   285.551   -39.69   15.90
 150893.528   272.874   -34.63   13.93
 151259.757   266.446   -17.55   12.08
