-132313.336   219.315     0.00   15.44
-131937.661   221.289     5.26   12.78
-131562.066   222.129     2.24    8.17
-131186.550   222.976     2.26    4.70
-130811.114   223.848     2.32    4.67
-130435.757   225.150     3.47    4.73
-130060.479   225.501     0.93    4.47
-129685.280   224.486    -2.71    4.74
-129310.160   221.969    -6.71    4.10
-128935.120   219.235    -7.29    3.23
-128560.158   217.887    -3.60    2.70
-128185.275   217.859    -0.07    2.87
-127810.471   219.139     3.42    4.38
-127435.746   221.894     7.35    5.18
-127061.100   225.171     8.75    5.04
-126686.533   229.278    10.97    4.55
-126312.044   232.392     8.32    5.34
-125937.634   237.790    14.42    6.50
-125563.302   242.665    13.03    6.73
-125189.049   247.670    13.37    5.89
-124814.875   251.942    11.42    7.47
-124440.779   255.559     9.67   10.94
-124066.761   259.439    10.38   15.21
-123692.822   261.425     5.31   15.94
-123318.961   265.769    11.62   18.95
-122945.178   268.529     7.38   19.35
-122571.473   268.181    -0.93   17.87
-122197.847   268.453     0.73   14.47
-121824.299   268.086    -0.98    9.41
-121450.828   267.676    -1.10    7.61
-121077.436   268.455     2.09    8.36
-120704.122   269.203     2.00   10.83
-120330.886   270.942     4.66   12.13
-119957.727   272.564     4.35   13.60
-119584.647   275.384     7.56   13.28
-119211.644   278.171     7.47   13.09
-118838.719   280.884     7.28   12.82
-118465.871   284.054     8.50   13.44
-118093.101   287.794    10.04   15.49
-117720.409   290.596     7.52   15.69
-117347.795   290.149    -1.20   15.33
-116975.257   288.181    -5.28   13.97
-116602.798   283.203   -13.37   11.19
-116230.415   278.734   -12.00    8.33
-115858.110   273.548   -13.93    8.14
-115485.882   268.003   -14.90   10.25
-115113.732   260.370   -20.51   12.25
-114741.658   258.803    -4.21   13.74
-114369.662   262.348     9.53   18.33
-113997.743   271.837    25.52   24.38
-113625.901   283.547    31.49   24.08
-113254.136   293.344    26.36   25.20
-112882.448   298.415    13.64   27.68
-112510.837   294.031   -11.80   29.83
-112139.303   283.660   -27.92   32.54
-111767.845   265.269   -49.51   28.51
-111396.465   250.908   -38.67   20.01
-111025.161   239.790   -29.95    8.26
-110653.933   234.278   -14.85    5.15
-110282.783   230.556   -10.03    3.96
-109911.709   228.859    -4.57    3.96
-109540.711   228.936     0.21    4.85
-109169.790   232.490     9.58    7.16
-108798.946   239.594    19.16   13.27
-108428.177   247.447    21.18   20.10
-108057.486   253.324    15.85   23.25
-107686.870   257.396    10.99   23.18
-107316.331   259.341     5.25   22.07
-106945.868   258.394    -2.56   18.23
-106575.481   255.964    -6.56   15.63
-106205.170   245.181   -29.12   18.09
-105834.935   236.966   -22.19   18.33
-105464.777   230.983   -16.16   16.49
-105094.694   230.203    -2.11   16.57
-104724.687   231.020     2.21   15.69
-104354.756   230.515    -1.37   16.71
-103984.901   223.363   -19.34   19.01
-103615.122   213.384   -26.99   18.63
-103245.418   212.348    -2.80   21.23
-102875.791   214.575     6.03   25.43
-102506.239   214.237    -0.92   27.50
-102136.762   209.596   -12.56   30.29
-101767.361   198.774   -29.30   33.79
-101398.035   174.751   -65.05   32.44
-101028.785   157.203   -47.53   28.87
-100659.611   140.337   -45.69   17.34
-100290.512   129.458   -29.48   10.42
 -99921.488   123.158   -17.07    7.83
 -99552.539   115.437   -20.93   12.67
 -99183.666   103.642   -31.98   16.58
 -98814.868    93.923   -26.35   16.12
 -98446.145    88.548   -14.58   12.08
 -98077.497    94.645    16.54   18.68
 -97708.924   105.102    28.37   19.73
 -97340.426   115.362    27.84   17.46
 -96972.003   125.627    27.86   16.63
 -96603.655   135.622    27.14   19.97
 -96235.382   146.986    30.86   19.55
 -95867.184   160.137    35.72   17.09
 -95499.061   170.543    28.27   21.74
 -95131.012   178.012    20.30   22.86
 -94763.038   182.332    11.74   21.67
 -94395.139   184.499     5.89   19.22
 -94027.314   181.256    -8.82   17.24
 -93659.564   178.851    -6.54   14.07
 -93291.888   180.999     5.84   12.14
 -92924.287   185.257    11.59   11.32
 -92556.760   193.170    21.53   10.37
 -92189.308   199.676    17.71    8.04
 -91821.930   204.647    13.53    4.03
 -91454.626   205.375     1.98    3.27
 -91087.397   202.863    -6.84    6.16
 -90720.241   198.042   -13.13    8.22
 -90353.160   193.621   -12.04    7.51
 -89986.153   189.703   -10.68    4.04
 -89619.220   188.753    -2.59    1.33
 -89252.361   190.439     4.60    3.02
 -88885.576   193.399     8.07    4.76
 -88518.865   197.709    11.75    5.33
 -88152.228   202.554    13.22    6.59
 -87785.665   208.629    16.57    8.57
 -87419.175   213.095    12.19    8.12
 -87052.760   215.316     6.06    6.87
 -86686.418   214.942    -1.02    6.63
 -86320.149   212.558    -6.51    4.38
 -85953.955   210.703    -5.07    1.89
 -85587.834   210.149    -1.51    1.07
 -85221.786   209.388    -2.08    1.76
 -84855.812   208.245    -3.12    2.40
 -84489.911   206.843    -3.83    2.50
 -84124.084   206.083    -2.08    2.02
 -83758.330   206.374     0.79    2.94
 -83392.650   207.405     2.82    3.15
 -83014.612   208.906     3.97    3.30
 -82633.665   211.203     6.03    3.48
 -82252.799   213.303     5.52    3.10
 -81872.014   215.362     5.41    2.19
 -81491.309   216.942     4.15    3.17
 -81110.685   219.107     5.69    4.18
 -80730.141   222.755     9.59    4.67
 -80349.677   226.979    11.10    5.21
 -79969.294   232.056    13.35    7.00
 -79588.991   239.958    20.78   11.24
 -79208.769   251.617    30.67   17.01
 -78828.627   267.915    42.88   21.73
 -78448.564   284.928    44.76   20.91
 -78068.582   310.192    66.49   29.51
 -77688.680   336.225    68.53   34.35
 -77308.858   365.729    77.68   36.73
 -76929.116   397.394    83.39   33.87
 -76549.454   418.235    54.90   43.34
 -76169.872   435.024    44.23   49.76
 -75790.369   450.106    39.75   52.15
 -75410.947   464.939    39.10   49.42
 -75031.604   481.547    43.78   43.65
 -74652.340   507.159    67.54   45.06
 -74273.157   543.812    96.67   57.59
 -73894.052   582.399   101.79   51.99
 -73515.028   567.418   -39.53   66.42
 -73136.082   530.746   -96.78   85.40
 -72757.217   481.583  -129.77   70.30
 -72378.430   434.665  -123.87   28.31
 -71999.723   414.246   -53.92   32.86
 -71621.095   391.386   -60.38   41.06
 -71242.547   367.899   -62.05   38.82
 -70864.077   341.708   -69.20   31.58
 -70485.687   318.906   -60.26   22.48
 -70107.375   301.289   -46.57   21.42
 -69729.143   293.325   -21.06   16.88
 -69350.990   291.977    -3.57   14.47
 -68972.915   294.748     7.33   14.42
 -68594.920   302.149    19.58   12.26
 -68217.003   309.770    20.17    5.21
 -67839.165   313.171     9.00    3.53
 -67461.406   315.214     5.41    3.85
 -67083.725   317.953     7.25    5.19
 -66706.123   322.214    11.29    8.21
 -66328.600   330.040    20.73   12.19
 -65951.155   338.126    21.42   13.83
 -65573.789   346.290    21.63   14.31
 -65196.501   350.029     9.91   15.80
 -64819.292   351.633     4.25   19.04
 -64442.161   349.670    -5.20   19.67
 -64065.108   342.977   -17.75   20.45
 -63688.133   334.812   -21.66   20.46
 -63311.237   324.040   -28.58   24.23
 -62934.418   317.290   -17.91   25.46
 -62557.678   309.379   -21.00   28.26
 -62181.016   303.301   -16.14   31.77
 -61804.432   299.456   -10.21   37.15
 -61427.926   293.138   -16.78   38.48
 -61051.497   290.093    -8.09   35.35
 -60675.147   290.011    -0.22   30.42
 -60298.874   292.092     5.53   29.30
 -59922.679   299.139    18.73   29.83
 -59546.562   306.814    20.41   24.81
 -59170.523   306.671    -0.38   19.75
 -58794.561   304.057    -6.95   13.87
 -58418.677   302.703    -3.60   11.63
 -58042.870   302.851     0.39   12.63
 -57667.141   297.429   -14.43   15.77
 -57291.489   288.715   -23.20   18.32
 -56915.914   282.128   -17.54   18.07
 -56540.417   277.408   -12.57   17.97
 -56164.997   274.923    -6.62   17.07
 -55789.655   271.988    -7.82   14.12
 -55414.389   264.627   -19.62   16.04
 -55039.201   254.340   -27.42   16.45
 -54664.090   246.322   -21.37   15.73
 -54289.056   235.317   -29.35   16.15
 -53914.099   230.268   -13.47   18.22
 -53539.219   220.387   -26.36   22.12
 -53164.415   206.610   -36.76   24.62
 -52789.689   203.294    -8.85   23.09
 -52415.040   202.829    -1.24   20.93
 -52040.467   205.100     6.06   16.99
 -51665.971   208.377     8.75   13.50
 -51291.551   206.953    -3.80   14.04
 -50917.209   199.001   -21.25   18.94
 -50542.942   194.431   -12.21   18.68
 -50168.753   189.745   -12.52   17.35
 -49794.640   180.824   -23.85   20.38
 -49420.603   179.917    -2.42   21.65
 -49046.643   175.018   -13.10   22.85
 -48672.759   176.742     4.61   22.29
 -48298.951   186.783    26.86   19.64
 -47925.220   195.632    23.68   21.50
 -47551.565   204.681    24.22   20.97
 -47177.986   216.633    31.99   14.39
 -46804.483   221.590    13.27    9.45
 -46431.056   217.106   -12.01   12.11
 -46057.705   205.283   -31.67   19.82
 -45684.430   188.665   -44.52   23.38
 -45311.232   175.664   -34.84   18.56
 -44938.109   165.368   -27.60   11.99
 -44565.062   159.525   -15.66   12.21
 -44192.090   157.547    -5.30   12.71
 -43819.195   157.848     0.81   13.83
 -43446.375   162.332    12.03   16.46
 -43073.631   167.785    14.63   14.14
 -42700.962   170.060     6.10   13.43
 -42328.369   168.977    -2.91   13.69
 -41955.852   168.181    -2.14   12.77
 -41583.410   168.429     0.67   11.06
 -41211.043   169.767     3.59    8.40
 -40838.752   168.127    -4.41    9.45
 -40466.536   158.843   -24.94   21.17
 -40094.396   143.083   -42.35   28.27
 -39722.331   123.227   -53.37   27.05
 -39350.341   107.094   -43.37   17.23
 -38978.426    99.284   -21.00    6.94
 -38606.586    97.773    -4.06    5.65
 -38234.821    97.448    -0.87    6.30
 -37863.132   115.445    48.42   41.36
 -37491.517   158.434   115.68   77.84
 -37119.977   206.357   128.99   78.74
 -36748.512   236.888    82.19   52.78
 -36377.122   249.599    34.23   32.11
 -36005.807   235.392   -38.26   26.15
 -35634.567   224.192   -30.17    7.45
 -35263.401   225.257     2.87    4.90
 -34892.310   228.113     7.70    4.43
 -34521.294   231.083     8.01    4.17
 -34150.352   235.046    10.68    4.66
 -33779.485   240.518    14.76    8.06
 -33408.692   249.611    24.52   13.37
 -33037.973   265.171    41.97   21.64
 -32667.329   284.297    51.60   24.05
 -32296.760   305.816    58.07   23.75
 -31926.265   326.135    54.85   20.97
 -31555.844   357.638    85.05   45.07
 -31185.497   409.459   139.93   86.42
 -30815.224   490.676   219.35  117.00
 -30445.026   580.321   242.16  119.08
 -30074.901   663.425   224.54   76.46
 -29704.851   693.486    81.23   43.13
 -29334.875   678.359   -40.89   43.63
 -28964.972   646.257   -86.79   41.43
 -28595.144   614.681   -85.38   28.48
 -28225.389   601.268   -36.27   23.83
 -27855.708   589.750   -31.16   23.35
 -27486.101   580.437   -25.20   23.14
 -27116.568   566.392   -38.01   22.25
 -26747.109   548.418   -48.65   25.09
 -26377.723   532.948   -41.88   28.18
 -26008.411   509.192   -64.33   38.73
 -25639.172   478.239   -83.83   40.52
 -25270.007   450.269   -75.77   40.25
 -24900.915   431.590   -50.61   34.04
 -24531.897   412.225   -52.48   29.75
 -24162.952   397.911   -38.80   29.84
 -23794.080   379.981   -48.61   30.75
 -23425.282   360.029   -54.10   31.97
 -23056.557   336.903   -62.72   29.80
 -22687.905   318.127   -50.93   27.01
 -22319.327   299.790   -49.75   22.50
 -21950.821   281.844   -48.70   20.29
 -21582.389   267.262   -39.58   18.39
 -21214.030   256.007   -30.55   18.07
 -20845.743   245.448   -28.67   14.35
 -20477.530   230.884   -39.55   18.14
 -20109.390   216.874   -38.06   19.97
 -19741.322   202.429   -39.25   17.94
 -19373.327   191.303   -30.23   13.82
 -19005.405   181.923   -25.49    7.87
 -18637.556   176.392   -15.04    5.87
 -18269.780   171.670   -12.84    4.54
 -17902.076   167.638   -10.97    4.71
 -17534.445   163.709   -10.69    3.68
 -17166.886   159.953   -10.22    4.63
 -16799.400   156.448    -9.54    4.79
 -16431.986   154.236    -6.02    4.15
 -16064.645   152.828    -3.83    3.17
 -15697.376   152.822    -0.02    3.26
 -15330.180   153.919     2.99    3.50
 -14963.056   156.237     6.31    4.11
 -14596.004   158.948     7.39    3.73
 -14229.024   160.961     5.49    2.86
 -13862.117   161.665     1.92    3.01
 -13495.282   161.999     0.91    3.92
 -13128.519   167.507    15.02   12.57
 -12761.827   185.006    47.72   29.52
 -12395.208   235.866   138.73   80.42
 -12028.661   317.495   222.70  121.87
 -11662.186   404.126   236.39  116.95
 -11295.783   462.377   158.98   74.81
 -10929.451   470.959    23.43   35.98
 -10563.192   443.774   -74.22   42.40
 -10197.004   406.640  -101.41   40.66
  -9830.888   376.409   -82.57   33.51
  -9464.844   349.494   -73.53   26.05
  -9098.871   330.996   -50.55   22.61
  -8732.970   310.762   -55.30   22.62
  -8359.206   279.746   -82.98   40.67
  -7978.420   240.983  -101.80   49.54
  -7597.712   196.453  -116.97   51.21
  -7217.082   155.983  -106.32   33.29
  -6836.531   128.627   -71.89   24.29
  -6456.059   104.169   -64.28   24.11
  -6075.665    81.357   -59.97   28.48
  -5695.349    58.720   -59.52   22.02
  -5315.111    45.038   -35.98   13.11
  -4934.951    36.294   -23.00    6.13
  -4554.870    31.138   -13.57    6.30
  -4174.867    25.319   -15.31    7.28
  -3794.942    18.948   -16.77    8.03
  -3415.094    12.738   -16.35    7.40
  -3035.325     9.103    -9.57    4.68
  -2655.634     9.592     1.29    5.75
  -2276.020    13.840    11.19    8.80
  -1896.485    20.714    18.11    9.07
  -1517.027    26.368    14.90    6.70
  -1137.647    27.859     3.93    6.74
   -758.344    22.025   -15.38   13.50
   -379.119    11.643   -27.38   15.00
      0.028     3.123   -22.47   10.05
    379.098     0.654    -6.51    4.29
    758.090     2.548     5.00    4.60
   1137.005     3.302     1.99    4.39
   1515.842     2.518    -2.07    4.50
   1894.602    -0.330    -7.52    2.87
   2273.285    -1.703    -3.63    0.69
   2651.890    -1.808    -0.28    0.00
   3030.419    -1.808     0.00    0.00
   3408.870    -1.808     0.00    0.00
   3787.244    -1.808     0.00    0.00
   4165.541    -0.149     4.39    6.98
   4543.761     5.121    13.93   13.41
   4921.904    16.555    30.24   20.51
   5299.970    30.357    36.51   20.55
   5677.959    40.692    27.34   17.32
   6055.871    47.820    18.86   14.68
   6433.707    52.953    13.59   17.49
   6811.466    58.390    14.39   20.63
   7189.148    63.138    12.57   19.43
   7566.753    71.545    22.26   18.76
   7944.282    82.368    28.67   15.82
   8321.734    91.049    23.00   10.76
   8699.110    97.246    16.42    4.23
   9076.409    99.728     6.58    1.40
   9453.632   100.714     2.62    1.64
   9830.779   101.616     2.39    1.97
  10207.849   102.192     1.53    2.62
  10584.843   102.286     0.25    3.26
  10961.761   101.814    -1.25    3.59
  11338.602   101.204    -1.62    3.36
  11715.368   101.225     0.06    2.93
  12092.057   102.663     3.82    4.02
  12468.670   105.357     7.15    5.79
  12845.207   108.468     8.26    5.90
  13221.669   111.873     9.05    6.01
  13598.054   117.720    15.53    9.03
  13974.363   125.040    19.45   10.93
  14350.597   134.147    24.21    9.33
  14726.755   141.280    18.96    7.08
  15102.837   147.340    16.11    7.08
  15478.843   154.873    20.04   10.03
  15854.774   163.460    22.84   11.30
  16230.629   171.325    20.93   10.59
  16606.409   177.866    17.41    7.11
  16982.113   181.394     9.39    6.70
  17357.742   185.728    11.54    8.01
  17733.295   193.428    20.50   11.26
  18108.773   204.680    29.97   13.99
  18484.175   216.481    31.43   14.87
  18859.503   227.169    28.48   11.58
  19234.755   231.895    12.59    7.37
  19609.932   230.274    -4.32    8.52
  19985.033   222.829   -19.85   18.71
  20360.060   209.686   -35.05   29.84
  20735.011   192.268   -46.45   43.96
  21109.888   175.486   -44.77   53.27
  21484.689   158.071   -46.46   54.30
  21859.416   142.180   -42.41   53.06
  22234.068   134.025   -21.77   53.82
  22608.645   130.592    -9.17   56.87
  22983.147   122.001   -22.94   52.60
  23357.574   119.073    -7.82   48.69
  23731.927   116.012    -8.18   39.78
  24106.205   118.966     7.89   36.81
  24480.408   126.450    20.00   39.15
  24854.537   135.537    24.29   43.12
  25228.591   142.637    18.98   47.89
  25602.571   150.430    20.84   49.07
  25976.476   155.851    14.50   46.66
  26350.307   163.180    19.60   38.72
  26724.064   168.659    14.66   29.82
  27097.746   174.773    16.36   24.15
  27471.354   183.401    23.09   23.05
  27844.888   192.709    24.92   14.28
  28218.348   196.748    10.81    7.94
  28591.733   197.215     1.25    8.17
  28965.045   198.293     2.89    9.37
  29338.282   197.181    -2.98   12.12
  29711.446   179.473   -47.45   37.77
  30084.535   153.916   -68.50   48.77
  30457.551   120.518   -89.53   43.48
  30830.492    95.916   -65.97   22.05
  31203.360    93.046    -7.70   13.67
  31576.154   107.810    39.60   28.67
  31948.875   134.692    72.12   37.67
  32321.521   162.765    75.33   35.21
  32694.094   195.092    86.76   27.15
  33066.594   212.192    45.90   24.24
  33439.019   227.328    40.64   17.86
  33811.372   233.848    17.51    8.79
  34183.650   234.732     2.38    3.06
  34555.856   233.648    -2.91    2.97
  34927.988   234.743     2.94    8.52
  35300.046   243.698    24.07   14.53
  35672.032   256.647    34.81   17.48
  36043.944   273.159    44.40   19.92
  36415.783   294.518    57.44   24.21
  36787.548   318.102    63.44   31.26
  37159.241   349.987    85.78   38.08
  37530.860   394.012   118.46   55.95
  37902.407   437.049   115.83   49.90
  38273.880   477.090   107.79   40.75
  38645.281   512.418    95.12   33.37
  39016.608   525.093    34.13   45.82
  39387.863   525.739     1.74   55.16
  39759.045   536.934    30.16   73.89
  40130.154   567.147    81.41  107.29
  40501.190   620.900   144.87  125.39
  40872.153   675.307   146.66  103.88
  41243.044   719.428   118.96   61.81
  41613.863   715.328   -11.06   50.81
  41984.608   683.776   -85.10   41.90
  42355.281   665.514   -49.27   42.01
  42725.882   654.759   -29.02   42.51
  43096.410   654.293    -1.26   45.01
  43466.866   673.319    51.35   45.93
  43837.249   700.303    72.85   45.21
  44207.560   731.390    83.94   34.01
  44577.799   755.574    65.32   25.47
  44947.966   775.561    53.99   21.32
  45318.060   791.001    41.72   20.43
  45688.082   805.662    39.62   19.50
  46058.032   815.248    25.91   19.48
  46427.910   822.263    18.97   20.96
  46797.716   827.621    14.49   19.53
  47167.450   833.908    17.00   17.85
  47537.112   843.214    25.17   17.78
  47906.703   853.709    28.40   20.82
  48276.221   869.642    43.11   24.82
  48645.667   886.686    46.13   28.91
  49015.042   893.885    19.49   28.73
  49384.345   897.037     8.53   33.06
  49753.576   900.653     9.79   41.27
  50122.736   906.821    16.71   46.74
  50491.824   917.640    29.31   43.33
  50860.840   923.136    14.89   38.36
  51229.785   923.156     0.06   35.89
  51598.658   926.889    10.12   33.68
  51967.460   938.770    32.22   33.17
  52336.191   969.169    82.44   45.97
  52704.850  1003.466    93.03   71.21
  53073.437  1080.610   209.29  119.27
  53441.954  1157.433   208.46  109.59
  53810.399  1194.226    99.86   78.06
  54178.773  1170.720   -63.81  103.74
  54547.076  1090.080  -218.94  115.38
  54915.308  1029.624  -164.17   93.48
  55283.469  1000.999   -77.75   64.05
  55651.558  1035.425    93.52   96.73
  56019.577  1077.101   113.24   93.29
  56387.525  1083.574    17.59   84.47
  56755.401  1047.296   -98.61   89.76
  57123.207  1001.158  -125.43   61.67
  57490.942  1006.325    14.05   77.74
  57858.607  1060.374   147.00  102.21
  58226.200  1097.782   101.76   81.89
  58593.723  1092.169   -15.27   78.34
  58961.175  1063.611   -77.72   65.43
  59328.556  1058.078   -15.06   64.57
  59695.867  1107.985   135.86  100.17
  60063.108  1183.870   206.63  123.28
  60430.278  1265.066   221.13  146.96
  60797.377  1354.663   244.06  152.32
  61164.406  1369.518    40.47  128.17
  61531.364  1331.341  -104.03  143.71
  61898.253  1236.681  -258.00  168.85
  62265.070  1116.454  -327.74  115.88
  62631.818  1066.670  -135.74   76.38
  62998.495  1093.445    73.02  123.30
  63365.103  1180.965   238.72  153.18
  63731.640  1266.564   233.52  138.80
  64098.107  1298.484    87.10  111.05
  64464.504  1255.203  -118.12  130.60
  64830.830  1155.772  -271.42  150.44
  65197.087  1090.080  -179.35  126.35
  65563.274  1042.905  -128.82   87.07
  65929.391  1011.383   -86.09   96.69
  66299.224   981.359   -81.18  111.86
  66679.852   927.091  -142.57   91.91
  67060.404   885.622  -108.96   29.85
  67440.879   887.442     4.78   31.92
  67821.278   888.495     2.77   33.82
  68201.601   884.181   -11.34   32.35
  68581.847   880.806    -8.88   23.91
  68962.017   892.794    31.53   35.95
  69342.111   917.507    65.01   48.84
  69722.129   941.503    63.14   50.94
  70102.071   967.338    67.99   49.50
  70481.936   976.721    24.70   44.53
  70861.726   984.327    20.03   38.14
  71241.440   988.074     9.87   32.85
  71621.078  1008.788    54.56   39.20
  72000.639  1038.644    78.66   43.05
  72380.126  1075.525    97.18   47.60
  72759.536  1112.252    96.79   43.80
  73138.870  1141.070    75.97   39.18
  73518.129  1170.363    77.23   32.03
  73897.313  1197.577    71.77   35.21
  74276.420  1227.228    78.21   40.45
  74655.452  1261.158    89.51   35.50
  75034.409  1283.228    58.24   20.89
  75413.290  1289.136    15.59   17.14
  75792.096  1283.427   -15.07   25.93
  76170.826  1272.765   -28.15   34.49
  76549.481  1257.855   -39.37   48.40
  76928.061  1236.967   -55.17   60.17
  77306.565  1209.874   -71.58   67.15
  77684.995  1184.754   -66.38   67.69
  78063.349  1161.238   -62.15   72.22
  78441.628  1138.916   -59.00   70.45
  78819.832  1115.590   -61.67   69.23
  79197.961  1082.180   -88.35   77.85
  79576.015  1014.765  -178.31  102.45
  79953.994   960.272  -144.16   96.10
  80331.898   916.698  -115.30   53.53
  80709.728   918.739     5.40   48.25
  81087.482   945.031    69.60   60.09
  81465.162   958.778    36.40   58.74
  81842.767   969.919    29.50   57.13
  82220.297   975.686    15.27   54.98
  82597.753   999.731    63.70   58.55
  82975.134  1025.553    68.42   62.31
  83352.441  1036.653    29.42   69.54
  83729.673  1038.451     4.77   70.91
  84106.831  1027.328   -29.49   57.61
  84483.914  1015.025   -32.62   32.46
  84860.923  1016.783     4.66   19.38
  85237.858  1026.251    25.12   17.46
  85614.718  1040.873    38.80   22.29
  85991.505  1061.337    54.31   28.03
  86368.217  1082.025    54.92   32.78
  86744.855  1104.975    60.93   38.20
  87121.418  1133.054    74.56   51.89
  87497.908  1154.277    56.37   61.82
  87874.324  1176.847    59.96   67.28
  88250.665  1204.814    74.31   78.37
  88626.933  1255.294   134.15  107.30
  89003.127  1325.490   186.58  112.91
  89379.247  1410.637   226.37  101.86
  89755.293  1481.013   187.14   74.49
  90131.266  1537.953   151.44   62.91
  90507.165  1580.473   113.11   58.85
  90882.990  1610.658    80.31   56.50
  91258.742  1626.546    42.28   63.25
  91634.420  1645.840    51.35   64.09
  92010.024  1663.763    47.72   47.03
  92385.555  1656.840   -18.43   40.05
  92761.012  1629.096   -73.89   64.24
  93136.396  1564.863  -171.10   96.44
  93511.707  1491.485  -195.50   92.65
  93886.945  1414.806  -204.33   84.68
  94262.109  1343.887  -189.02   79.40
  94637.199  1284.767  -157.60   99.73
  95012.217  1205.843  -210.44   98.97
  95387.162  1132.170  -196.48   90.62
  95762.033  1068.204  -170.62   69.14
  96136.831  1027.158  -109.51   47.70
  96511.557  1006.155   -56.04   26.06
  96886.209  1002.640    -9.38   23.93
  97260.788  1014.643    32.04   30.10
  97635.295  1039.077    65.24   41.08
  98009.729  1063.973    66.48   40.96
  98384.089  1083.282    51.58   37.45
  98758.377  1099.180    42.47   34.14
  99132.593  1114.337    40.50   33.71
  99506.735  1138.668    65.03   27.98
  99880.805  1167.169    76.19   44.61
 100254.803  1218.130   136.25   99.40
 100628.728  1296.928   210.71  136.89
 101002.580  1380.936   224.69  129.19
 101376.360  1412.715    85.01   96.08
 101750.067  1370.765  -112.24  122.49
 102123.702  1260.148  -296.04  172.83
 102497.265  1142.704  -314.36  167.65
 102870.755  1045.181  -261.09  126.00
 103244.173   973.875  -190.94   46.43
 103617.519   961.169   -34.03   18.23
 103990.793   974.899    36.78   35.18
 104363.994  1013.248   102.75   65.81
 104737.124  1079.674   178.01  116.24
 105110.181  1189.215   293.61  176.44
 105483.166  1299.839   296.57  158.11
 105856.080  1379.840   214.51  117.52
 106228.921  1419.133   105.38  112.24
 106601.691  1419.953     2.20  126.34
 106974.388  1423.053     8.31  132.11
 107347.014  1463.169   107.65  138.14
 107719.568  1468.051    13.10  139.66
 108092.051  1429.578  -103.28  167.86
 108464.461  1354.192  -202.41  187.39
 108836.800  1249.374  -281.49  124.33
 109209.068  1220.122   -78.57   73.91
 109581.264  1257.319    99.93   94.93
 109953.388  1322.908   176.24  102.38
 110325.441  1372.338   132.85   72.22
 110697.422  1365.502   -18.38   86.08
 111069.332  1307.821  -155.08  108.09
 111441.171  1258.851  -131.69   77.75
 111812.938  1235.863   -61.83   38.45
 112184.634  1253.397    47.17   40.18
 112556.259  1299.663   124.49   57.75
 112927.813  1355.704   150.81   91.41
 113299.295  1437.657   220.59  112.64
 113670.707  1525.215   235.72  122.43
 114042.047  1615.732   243.74  108.78
 114413.316  1626.828    29.88  106.79
 114784.514  1591.769   -94.44  137.60
 115155.642  1528.772  -169.73  130.54
 115526.698  1486.990  -112.59   81.29
 115897.684  1526.419   106.27  121.64
 116268.598  1606.473   215.81  146.70
 116639.442  1640.629    92.10  142.90
 117010.215  1632.180   -22.79  158.25
 117380.918  1578.059  -145.98  142.79
 117751.549  1541.229   -99.36   80.96
 118122.111  1591.249   134.97  118.32
 118492.601  1665.521   200.45  136.79
 118863.021  1739.893   200.76  129.04
 119233.371  1791.847   140.27  113.21
 119603.650  1785.101   -18.22  109.63
 119973.858  1754.002   -84.00  137.02
 120343.996  1701.146  -142.79  152.96
 120714.064  1632.913  -184.36  125.05
 121084.062  1584.122  -131.86   85.08
 121453.989  1589.893    15.60   81.37
 121823.846  1630.966   111.04  112.87
 122193.633  1694.889   172.85  141.44
 122563.349  1752.698   156.35  129.95
 122932.996  1795.445   115.63  114.43
 123302.573  1836.622   111.41  112.17
 123672.079  1889.960   144.33  108.18
 124041.515  1912.918    62.14   98.82
 124410.882  1892.976   -53.98  137.28
 124780.179  1850.668  -114.55  158.56
 125149.405  1799.709  -138.00  145.42
 125518.562  1782.711   -46.04  164.24
 125887.649  1829.583   126.98  187.44
 126256.667  1874.790   122.49  176.81
 126625.614  1902.828    75.99  146.34
 126994.492  1906.493     9.93  126.76
 127363.301  1868.204  -103.81  142.09
 127732.039  1817.994  -136.15  158.23
 128100.709  1696.813  -328.67  187.85
 128469.308  1590.576  -288.19  176.61
 128837.838  1501.974  -240.40  120.49
 129206.299  1477.228   -67.15   98.91
 129574.690  1520.744   118.11  153.73
 129943.012  1591.471   192.01  165.81
 130311.265  1680.533   241.83  142.74
 130679.448  1722.471   113.89  122.02
 131047.563  1695.157   -74.19  137.18
 131415.608  1608.997  -234.08  174.17
 131783.583  1494.859  -310.15  190.93
 132151.490  1394.355  -273.15  180.10
 132519.327  1353.131  -112.06  173.09
 132887.096  1305.847  -128.56  190.53
 133254.795  1245.698  -163.57  211.26
 133622.426  1128.401  -319.03  233.91
 133989.987   987.521  -383.24  201.43
 134357.480   856.330  -356.95  147.33
 134724.904   766.192  -245.30  107.33
 135092.259   683.460  -225.19   78.00
 135459.545   635.823  -129.69   65.34
 135826.763   595.727  -109.18   42.42
 136193.911   576.960   -51.11   26.37
 136560.991   566.686   -27.98    9.13
 136928.003   565.089    -4.35    5.56
 137294.946   566.698     4.39    7.44
 137661.820   574.054    20.05   20.59
 138028.626   590.655    45.25   37.21
 138395.363   610.928    55.27   47.96
 138762.032   629.252    49.97   51.69
 139128.633   648.319    52.00   57.62
 139495.165   673.035    67.43   71.46
 139861.629   713.169   109.50   92.81
 140228.024   754.893   113.87   95.34
 140594.352   798.566   119.20   80.99
 140960.611   800.330     4.82   76.67
 141341.043   771.397   -76.05   88.42
 141721.442   729.349  -110.52   79.24
 142101.766   718.442   -28.67   70.04
 142482.015   762.564   116.02  125.87
 142862.191   866.479   273.30  158.10
 143242.292   980.169   299.07  165.73
 143622.319  1081.122   265.62  149.65
 144002.272  1180.314   261.03  166.24
 144382.150  1271.525   240.08  155.83
 144761.955  1332.546   160.64  148.09
 145141.686  1333.604     2.79  145.10
 145521.342  1309.328   -63.93  116.53
 145900.925  1293.606   -41.41   91.16
 146280.433  1280.253   -35.18   73.58
 146659.868  1260.227   -52.77   61.06
 147039.229  1228.930   -82.49   57.29
 147418.516  1191.732   -98.06   64.23
 147797.730  1142.576  -129.61   77.52
 148176.870  1077.727  -171.02  102.74
 148555.936  1001.836  -200.18  101.36
 148934.928   966.374   -93.56   93.31
 149313.847   973.073    17.68  119.91
 149692.692  1031.928   155.33  142.34
 150071.464  1063.738    83.97  117.39
 150450.163  1065.831     5.53  113.15
 150828.788  1025.913  -105.42  132.42
 151207.340   963.808  -164.04  136.40
 151585.818   889.824  -195.45  144.27
 151964.223   850.229  -104.63  122.04
 152342.555   854.762    11.98  118.42
 152720.814   877.680    60.58  142.57
 153098.999   968.261   239.49  177.88
 153477.112  1060.303   243.40  167.96
 153855.151  1163.933   274.09  149.33
 154233.117  1234.497   186.67   98.23
 154611.011  1262.433    73.92   88.93
 154988.831  1267.562    13.57   82.94
 155366.579  1250.319   -45.64   64.46
 155744.254  1242.469   -20.78   55.93
 156121.855  1206.629   -94.90   56.54
 156499.385  1162.775  -116.15   57.26
 156876.841  1139.486   -61.69   47.52
 157254.225  1137.973    -4.01   43.53
 157631.536  1164.704    70.84   53.68
 158008.774  1213.343   128.92   51.48
 158385.940  1259.332   121.92   54.61
 158763.033  1311.086   137.23   57.35
 159140.054  1355.974   119.04   58.07
 159517.003  1402.457   123.30   54.21
 159893.879  1414.553    32.09   69.40
 160270.683  1418.399    10.21   91.13
 160647.414  1416.855    -4.10   91.37
 161024.073  1423.250    16.98   78.47
 161400.660  1436.506    35.20   61.57
 161777.175  1444.454    21.11   41.61
 162153.618  1450.757    16.74   37.50
 162529.988  1435.916   -39.43   63.89
 162906.286  1380.047  -148.45  108.41
 163282.513  1282.808  -258.43  139.37
 163658.667  1213.960  -183.01  114.65
 164034.750  1162.008  -138.12   78.06
 164410.760  1158.409    -9.57   92.47
 164786.699  1204.627   122.93  105.95
 165162.566  1237.049    86.25   99.47
 165538.361  1271.355    91.28   98.48
 165914.084  1325.918   145.20  113.81
 166289.736  1383.250   152.60  122.59
 166665.316  1420.680    99.65  117.81
 167040.825  1459.634   103.72  126.65
 167416.262  1471.253    30.94  148.43
 167791.627  1416.135  -146.82  178.77
 168166.921  1320.106  -255.84  245.77
 168542.143  1194.634  -334.35  231.33
 168917.294  1096.655  -261.14  123.16
 169292.374  1146.263   132.24  153.94
 169667.382  1265.017   316.63  193.51
 170042.319  1345.053   213.44  220.07
 170417.185  1413.355   182.18  258.30
 170791.979  1407.123   -16.62  275.05
 171166.703  1366.055  -109.58  273.35
 171541.355  1296.843  -184.71  260.77
 171915.936  1247.692  -131.20  244.47
 172290.446  1178.792  -183.95  226.03
 172664.885  1144.355   -91.96  223.14
 173039.254  1103.078  -110.24  212.70
 173413.551  1075.905   -72.59  203.15
 173787.777  1052.297   -63.08  194.83
 174161.933  1057.387    13.60  210.93
 174536.017  1060.063     7.15  206.10
 174910.031  1040.735   -51.67  182.19
 175283.974  1031.397   -24.97  148.28
 175657.847  1038.107    17.95  154.67
 176031.649  1061.192    61.75  185.35
 176405.380  1094.436    88.94  207.35
 176779.041  1063.910   -81.68  189.20
 177152.631  1010.777  -142.20  137.18
 177526.151   984.122   -71.35  115.86
 177899.600   961.142   -61.53  103.17
 178272.979   954.169   -18.67   96.48
 178646.287   941.655   -33.52   74.14
 179019.525   936.686   -13.31   50.64
 179392.693   931.955   -12.68   35.32
 179765.791   936.969    13.44   33.58
 180138.818   950.917    37.39   40.65
 180511.776   962.425    30.85   36.76
 180884.663   985.180    61.02   43.45
 181257.480  1024.890   106.50   67.54
 181630.227  1074.255   132.42   81.55
 182002.904  1152.910   211.02  118.94
 182375.511  1241.092   236.63  141.68
 182748.048  1343.890   275.90  175.74
 183120.515  1469.859   338.15  187.44
 183492.912  1559.053   239.48  175.75
 183865.240  1645.587   232.38  182.55
 184237.497  1674.587    77.89  173.93
 184609.685  1693.879    51.82  169.94
 184981.804  1731.502   101.09  162.61
 185353.852  1734.204     7.26  159.80
 185725.831  1744.478    27.61  148.61
 186097.741  1741.253    -8.67  146.14
 186469.581  1678.296  -169.29  151.48
 186841.351  1643.436   -93.75  151.15
 187213.052  1627.204   -43.66  129.75
 187584.683  1651.108    64.31  148.74
 187956.246  1731.518   216.38  175.64
 188327.738  1768.084    98.42  158.91
 188699.162  1794.063    69.93  131.81
 189070.516  1803.146    24.46  128.38
 189441.801  1805.413     6.11  146.03
 189813.017  1816.216    29.10  179.66
 190184.163  1806.483   -26.22  210.70
 190555.241  1744.169  -167.90  202.34
 190926.249  1710.252   -91.40  202.19
 191297.189  1682.454   -74.93  195.97
 191668.059  1659.727   -61.27  176.69
 192038.860  1646.990   -34.35  150.60
 192409.593  1646.985    -0.01  119.49
 192780.256  1673.669    71.98  117.15
 193150.851  1744.363   190.73  135.14
 193521.377  1841.436   261.95  181.47
 193891.834  1944.018   276.86  158.33
 194262.223  1999.939   150.96  122.55
 194632.543  2002.927     8.07  136.68
 195002.794  1967.262   -96.31  158.09
 195372.976  1938.509   -77.66  161.95
 195743.090  1930.261   -22.28  135.73
 196113.135  1927.420    -7.68  106.40
 196483.112  1876.087  -138.72  135.30
 196853.021  1790.030  -232.61  143.72
 197222.861  1679.227  -299.55  146.02
 197592.632  1582.455  -261.67  115.03
 197962.335  1501.262  -219.58  117.17
 198331.970  1446.772  -147.39   88.56
 198701.537  1441.427   -14.46   84.43
 199071.035  1458.439    46.03  113.05
 199440.465  1492.456    92.07  131.40
 199809.827  1504.144    31.64  127.11
 200179.121  1498.274   -15.89  119.71
 200548.347  1495.493    -7.53  105.43
 200917.505  1521.839    71.36  111.53
 201286.595  1568.448   126.26  118.77
 201655.616  1645.740   209.42  113.55
 202024.570  1702.168   152.92  106.29
 202393.456  1747.564   123.04  101.77
 202762.274  1780.827    90.17  111.09
 203131.025  1784.948    11.17  140.05
 203499.707  1759.847   -68.07  170.98
 203868.322  1722.770  -100.57  149.42
 204236.869  1743.089    55.12  129.83
 204605.348  1830.562   237.35  174.26
 204973.760  1932.644   277.04  170.75
 205342.104  1982.717   135.92  126.54
 205710.380  1929.134  -145.47  166.34
 206078.589  1789.567  -378.98  186.16
 206446.731  1625.320  -446.08  187.03
 206814.805  1489.480  -369.00  144.52
 207182.811  1394.145  -259.01  109.06
 207550.751  1345.216  -132.96   64.71
 207918.623  1371.204    70.63  106.85
 208286.427  1449.228   212.10  152.31
 208654.165  1579.727   354.81  164.38
 209021.835  1673.541   255.12  133.71
 209389.438  1723.406   135.63  156.77
 209756.973  1760.974   102.20  179.30
 210124.442  1766.936    16.22  185.29
 210491.843  1756.074   -29.56  170.48
 210859.178  1747.978   -22.04  138.11
 211226.445  1767.156    52.21  122.11
 211593.646  1797.280    82.02  125.96
 211960.780  1858.439   166.56  135.11
 212327.846  1918.655   164.02  115.11
 212694.846  1916.545    -5.75  123.05
 213061.779  1858.355  -158.56  162.61
 213428.645  1736.978  -330.79  174.53
 213795.445  1634.303  -279.87  127.65
 214162.177  1609.307   -68.15   97.62
 214528.843  1619.300    27.25  100.59
 214895.443  1633.274    38.11   91.86
 215261.976  1596.903   -99.21  128.74
 215628.442  1475.490  -331.25  191.10
 216005.189  1328.308  -390.60  176.47
 216385.435  1213.228  -302.60  111.30
 216765.608  1154.180  -155.29   52.04
 217145.708  1121.823   -85.11   33.44
 217525.737  1109.782   -31.68   30.42
 217905.693  1112.778     7.88   32.27
 218285.577  1137.103    64.02   55.79
 218665.389  1202.252   171.50   95.48
 219045.128  1294.355   242.50  118.18
 219424.795  1419.029   328.32  152.38
 219804.391  1530.180   292.76  128.68
 220183.914  1586.204   147.59  102.90
 220563.365  1611.314    66.16  104.53
 220942.745  1644.769    88.17  124.19
 221322.052  1691.808   123.99  143.68
 221701.288  1731.740   105.28  142.43
 222080.451  1781.614   131.51  118.00
 222459.543  1786.715    13.45  112.99
 222838.563  1739.275  -125.14  131.43
 223217.512  1662.072  -203.70  142.65
 223596.388  1572.835  -235.49  128.68
 223975.193  1528.099  -118.08  101.25
 224353.927  1524.983    -8.23  132.65
 224732.589  1539.605    38.61  149.99
 225111.179  1525.602   -36.98  145.67
 225489.698  1450.053  -199.56  147.65
 225868.146  1334.792  -304.51  181.99
 226246.522  1201.369  -352.56  152.23
 226624.827  1107.513  -248.05   92.76
 227003.060  1072.092   -93.63   53.24
 227381.222  1104.510    85.71   99.19
 227759.313  1165.070   160.15  138.38
 228137.333  1201.529    96.43  154.85
 228515.282  1203.069     4.07  160.43
 228893.159  1159.871  -114.30  154.41
 229270.966  1089.510  -186.20  112.54
 229648.701  1039.525  -132.30   91.82
 230026.365   983.566  -148.15   58.03
 230403.959   962.343   -56.19   50.89
 230781.481   954.566   -20.60   44.84
 231158.933   960.734    16.34   55.71
 231536.314   996.228    94.04   84.86
 231913.624  1038.698   112.54   95.76
 232290.863  1089.757   135.32   97.62
 232668.032  1131.735   111.28   99.19
 233045.129  1185.394   142.27  119.83
 233422.157  1245.093   158.31  135.16
 233799.113  1313.123   180.44  131.90
 234175.999  1393.267   212.61  127.14
 234552.815  1506.121   299.44  166.57
 234929.560  1638.407   351.07  179.12
 235306.235  1739.721   268.92  130.78
 235682.839  1775.372    94.64  104.44
 236059.373  1777.525     5.72  115.92
 236435.836  1733.964  -115.69  114.77
 236812.230  1669.498  -171.24  117.10
 237188.553  1602.592  -177.76  128.16
 237564.806  1518.757  -222.77  114.96
 237940.988  1468.521  -133.51   80.30
 238317.101  1480.716    32.42   87.57
 238693.143  1527.204   123.60   91.57
 239069.116  1525.866    -3.56   93.39
 239445.018  1501.982   -63.53  110.81
 239820.851  1445.930  -149.11  108.96
 240196.613  1385.590  -160.55   85.50
 240572.306  1363.156   -59.70   86.70
 240947.929  1345.692   -46.48   83.65
 241323.482  1323.002   -60.41   64.07
 241698.965  1310.448   -33.43   47.06
 242074.378  1305.794   -12.39   40.46
 242449.722  1302.758    -8.09   32.51
 242824.996  1300.883    -5.00   27.54
 243200.201  1300.963     0.21   20.75
 243575.336  1302.326     3.63   16.36
 243950.401  1314.180    31.60   20.76
 244325.397  1338.035    63.60   38.90
 244700.323  1384.867   124.88   70.62
 245075.180  1449.302   171.86   97.22
 245449.968  1545.578   256.83  120.55
 245824.686  1603.851   155.48   97.73
 246199.335  1663.839   160.09   84.50
 246573.915  1676.867    34.77   79.83
 246948.425  1647.740   -77.76   93.46
 247322.866  1605.792  -112.01  118.34
 247697.239  1554.863  -136.01  112.80
 248071.542  1523.644   -83.39  101.23
 248445.775  1504.686   -50.65  108.19
 248819.940  1495.517   -24.50  113.82
 249194.036  1437.276  -155.65  114.39
 249568.063  1383.002  -145.08   81.84
 249942.021  1385.051     5.48   72.53
 250315.910  1416.562    84.26   85.34
 250689.730  1479.288   167.76   92.86
 251063.482  1530.363   136.63   98.47
 251437.164  1544.851    38.76   91.12
 251810.778  1572.365    73.63   85.29
 252184.323  1582.107    26.07   98.27
 252557.800  1563.204   -50.60  126.42
 252931.208  1549.692   -36.18  146.19
 253304.547  1511.130  -103.27  134.71
 253677.818  1484.326   -71.79   97.37
 254051.020  1511.180    71.94  112.97
 254424.154  1579.319   182.58  136.59
 254797.219  1649.488   188.05  132.68
 255170.216  1685.375    96.19  105.44
 255543.144  1680.242   -13.76  101.20
 255916.005  1663.704   -44.35   94.44
 256288.797  1644.229   -52.23   88.91
 256661.520  1634.168   -26.99   83.41
 257034.176  1638.980    12.91   95.95
 257406.763  1659.204    54.27  110.54
 257779.282  1674.291    40.49  121.89
 258151.733  1651.469   -61.26  108.17
 258524.116  1633.755   -47.56   99.10
 258896.431  1609.604   -64.85   88.07
 259268.678  1609.302    -0.81   93.10
 259640.858  1659.990   136.16  132.68
 260012.969  1713.092   142.68  135.19
 260385.012  1773.204   161.54  112.50
 260756.987  1806.785    90.26   96.68
 261128.895  1786.311   -55.04   84.08
 261500.735  1763.117   -62.36   88.43
 261872.507  1731.686   -84.53   95.09
 262244.212  1690.466  -110.87   78.96
 262615.848  1656.799   -90.57   71.79
 262987.418  1648.955   -21.11   75.86
 263358.919  1638.457   -28.25   75.03
 263730.353  1612.481   -69.92   63.95
 264101.720  1582.651   -80.31   54.08
 264473.019  1554.427   -76.00   40.28
 264844.251  1534.698   -53.13   33.25
 265215.415  1519.481   -40.99   36.33
 265586.512  1500.662   -50.70   41.92
 265957.541  1479.485   -57.06   40.81
 266328.504  1457.561   -59.09   32.30
 266699.399  1442.023   -41.88   13.31
 267070.226  1438.072   -10.65    6.71
 267440.987  1441.741     9.89   12.18
 267811.681  1449.891    21.98   18.32
 268182.307  1450.891     2.70   20.33
 268552.866  1441.469   -25.42   30.66
 268923.359  1422.686   -50.69   37.11
 269293.784  1397.109   -69.03   32.25
 269664.142  1377.787   -52.16   20.42
 270034.434  1363.300   -39.11   12.97
 270404.659  1355.073   -22.22   10.53
 270774.816  1347.811   -19.61    7.98
 271144.907  1342.930   -13.19    7.78
 271514.931  1337.559   -14.51    9.69
 271884.889  1330.264   -19.71   13.15
 272254.779  1320.192   -27.22   13.89
 272624.603  1311.275   -24.11   12.15
 272994.361  1302.730   -23.11    9.36
 273364.052  1296.371   -17.20    8.12
 273733.676  1289.180   -19.45    8.70
 274103.234  1280.921   -22.34   10.96
 274472.725  1273.807   -19.25   10.16
 274842.150  1268.655   -13.94    7.20
 275211.508  1266.077    -6.98    3.24
 275580.800  1266.228     0.41    3.91
 275950.026  1267.936     4.62    5.12
 276319.185  1270.082     5.81    5.68
 276688.278  1272.692     7.07    6.05
 277057.305  1273.839     3.11    5.97
 277426.265  1274.844     2.72    6.37
 277795.160  1275.584     2.01    6.71
