# NaN NaN NaN ;Mean Elev.(m), Avg Gradient(m/km), RMS Gradient(m/km) - SRTM1     
#  104.470  -9.728  12.749 ;Mean Elev.(m), Avg Gradient(m/km), RMS Gradient(m/km) - ASTER GDEM
#  117.202  -9.569  11.701 ;Mean Elev.(m), Avg Gradient(m/km), RMS Gradient(m/km) - GMTED2010 
  7 237.283603  62.157796   112.022   112.095  4 52445.80328312 36.350
  8 237.285323  62.157322   130.373   130.518  3 52480.80327482 17.345
 15 237.293586  62.156213   108.148   108.176  3 52725.80325521 14.398
 19 237.303517  62.154814   109.473   109.473  2 52865.80334023 45.594
 23 237.288489  62.162654   109.307   109.307  2 53005.80334671 18.401
 24 237.300707  62.155546   108.456   108.456  2 53040.80329850 16.232
 26 237.296673  62.156242   144.909   144.909  2 53110.80330120  0.663
 27 237.294092  62.159252   207.559   207.559  2 53145.80334300  0.754
 29 237.290149  62.157553   109.161   109.224  4 53215.80337531 29.433
 30 237.279339  62.158265   107.918   108.031  5 53250.80335241 20.332
 31 237.296568  62.156996   147.383   146.757  3 53285.80334545  2.701
 32 237.301808  62.156098   108.774   108.809  3 53320.80332403 36.373
 34 237.302256  62.158081   145.817   145.817  2 53390.80330377  3.825
 37 237.287760  62.158225   201.968   200.213  4 53495.80339116  3.747
 39 237.282021  62.158844   111.402   111.186  4 53565.80339530 13.026
 41 237.297909  62.157586   109.230   109.230  2 53635.80333521 20.246
 43 237.293365  62.159172   145.732   145.732  2 53705.80328948  1.455
 44 237.275709  62.154376   109.489   109.354  3 53740.80320369 22.076
 45 237.300273  62.156445   127.661   127.661  2 53775.80322450 12.131
 46 237.279519  62.155016   120.715   108.801  3 53810.80320605 13.322
 48 237.300082  62.156262   210.708   210.708  2 53880.80327708  1.132
 50 237.278086  62.154710   110.473   110.714  3 53950.80334435 20.249
 55 237.303903  62.155427   145.091   145.091  2 54125.80322646  1.137
 57 237.300398  62.155216   107.181   107.181  2 54195.80322856 12.225
 58 237.294812  62.157358   206.013   207.438  3 54230.80327715  1.345
 60 237.292665  62.156280   111.182   111.327  3 54300.80329965 44.430
 61 237.289151  62.158817   110.583   111.089  4 54335.80328771 43.987
 63 237.289269  62.157917   139.755   145.460  3 54405.80323249 13.587
 71 237.289219  62.160477   110.092   110.092  2 54685.80322850 12.940
 73 237.292574  62.158132   110.687   110.603  3 54755.80320356 14.031
 75 237.295538  62.156234   144.466   144.574  3 54825.80320018  2.092
 79 237.294139  62.159610   196.912   196.912  2 54965.80320081  0.839
 82 237.287780  62.160214   109.668   109.668  2 55070.80319586 48.298
 85 237.305477  62.156376   110.453   110.453  2 55175.80310715 21.202
 86 237.293174  62.156942   109.442   109.385  3 55210.80314044 19.199
 87 237.298194  62.155595   109.745   109.724  3 55245.80311292 18.099
 89 237.293401  62.158733   206.019   206.293  3 55315.80310012  1.184
