-183863.578   189.111     0.00    5.05
-183495.211   186.046    -8.32    4.86
-183126.782   182.113   -10.67    4.21
-182758.292   179.234    -7.81    4.64
-182389.741   175.747    -9.46    5.08
-182021.129   172.668    -8.35    4.75
-181652.455   169.494    -8.61    3.94
-181283.720   167.206    -6.20    2.84
-180914.924   165.434    -4.81    1.68
-180546.066   164.627    -2.19    1.56
-180177.147   163.548    -2.92    1.81
-179808.166   162.265    -3.48    2.03
-179439.124   160.668    -4.33    1.69
-179070.021   159.582    -2.94    1.35
-178700.856   158.594    -2.67    0.91
-178331.629   158.117    -1.29    0.59
-177962.341   158.187     0.19    0.79
-177592.991   158.605     1.13    0.96
-177223.579   159.278     1.82    0.91
-176854.106   159.846     1.54    0.67
-176484.571   160.450     1.63    1.27
-176114.974   161.532     2.93    2.22
-175745.316   163.271     4.70    2.85
-175375.595   165.719     6.62    3.37
-175005.813   168.732     8.15    3.75
-174635.969   171.982     8.78    4.52
-174266.063   177.187    14.07    6.10
-173896.095   182.074    13.21    6.62
-173526.065   185.823    10.13    5.47
-173155.973   183.947    -5.07    8.70
-172785.819   177.771   -16.68   11.83
-172415.603   168.322   -25.52   12.41
-172045.325   157.851   -28.27    9.21
-171674.985   150.332   -20.30    9.35
-171304.583   142.232   -21.86    7.97
-170934.118   137.048   -13.99    6.56
-170563.591   131.213   -15.75    5.37
-170193.002   126.048   -13.93    6.38
-169822.351   121.129   -13.27    6.39
-169451.637   116.947   -11.28    5.55
-169080.861   112.772   -11.26    2.97
-168710.022   110.482    -6.17    2.55
-168339.122   107.627    -7.70    3.24
-167968.158   102.027   -15.09   10.46
-167597.133    91.463   -28.47   16.22
-167226.044    82.807   -23.32   14.50
-166854.893    78.693   -11.08   10.60
-166483.680    83.428    12.75   12.07
-166112.404    93.161    26.21    8.50
-165741.065    95.757     6.99    6.17
-165369.664    85.589   -27.37   19.75
-164998.200    77.437   -21.94   21.15
-164626.673    77.403    -0.09   20.69
-164255.083    85.607    22.07   21.03
-163883.431    97.283    31.41   13.33
-163511.716   103.301    16.19    2.18
-163139.938   105.167     5.02    2.10
-162768.097   107.053     5.07    2.72
-162396.193   109.641     6.96    3.11
-162024.226   111.419     4.78    2.35
-161652.196   112.232     2.18    1.41
-161280.103   112.415     0.49    1.36
-160907.947   112.529     0.31    1.41
-160535.728   112.890     0.97    1.41
-160163.446   113.501     1.64    1.30
-159791.101   113.628     0.34    1.43
-159418.692   113.344    -0.76    1.53
-159046.220   113.151    -0.52    1.31
-158673.685   113.194     0.12    1.12
-158301.087   113.693     1.34    1.36
-157928.426   114.757     2.85    1.53
-157555.701   115.914     3.10    1.51
-157182.912   117.213     3.48    1.48
-156810.060   118.421     3.24    1.47
-156437.145   119.909     3.99    1.90
-156064.167   121.924     5.40    2.54
-155691.124   124.669     7.36    3.15
-155318.019   127.285     7.01    3.10
-154944.849   130.169     7.73    3.18
-154571.616   133.193     8.10    3.80
-154198.320   136.542     8.97    4.48
-153824.959   139.771     8.65    3.74
-153451.535   143.168     9.10    4.09
-153078.048   145.368     5.89    4.05
-152704.496   146.607     3.32    3.82
-152330.881   147.295     1.84    3.20
-151957.202   145.557    -4.65    3.67
-151583.459   142.489    -8.21    4.51
-151209.652   137.150   -14.28    6.87
-150835.781   132.226   -13.17    6.18
-150461.846   128.932    -8.81    4.42
-150087.847   126.826    -5.63    2.85
-149713.784   126.719    -0.29    1.81
-149339.657   126.119    -1.60    1.29
-148965.466   125.377    -1.98    1.50
-148591.211   124.296    -2.89    1.83
-148216.891   123.010    -3.43    2.55
-147842.508   121.360    -4.41    2.89
-147468.060   120.479    -2.35    2.17
-147093.548   120.745     0.71    2.19
-146718.971   122.377     4.36    2.93
-146344.330   124.966     6.91    2.80
-145969.625   126.982     5.38    2.92
-145594.856   129.102     5.66    3.10
-145220.022   131.044     5.18    3.06
-144845.123   133.296     6.01    2.89
-144470.160   135.135     4.90    2.25
-144095.133   136.707     4.19    1.35
-143720.040   137.602     2.39    1.06
-143344.884   138.124     1.39    1.25
-142969.662   138.631     1.35    1.46
-142594.376   139.299     1.78    1.42
-142219.025   139.826     1.40    1.38
-141843.610   140.332     1.35    1.25
-141468.130   140.665     0.89    1.23
-141092.585   140.782     0.31    1.22
-140716.975   140.930     0.39    1.31
-140341.300   141.403     1.26    1.33
-139965.560   142.186     2.08    1.61
-139589.755   143.557     3.65    2.14
-139213.886   145.140     4.21    2.67
-138837.951   146.894     4.67    3.19
-138461.951   149.498     6.93    3.98
-138085.886   152.182     7.13    4.91
-137709.756   155.169     7.94    5.62
-137333.561   158.168     7.97    6.41
-136957.301   161.360     8.48    6.86
-136580.976   163.864     6.65    7.60
-136204.585   165.770     5.06    7.92
-135828.129   168.860     8.21    8.74
-135451.607   171.769     7.73    8.97
-135075.021   175.065     8.75    9.44
-134698.369   179.282    11.19    8.94
-134321.651   180.346     2.82    9.40
-133944.868   181.819     3.91    9.41
-133568.019   183.449     4.32    9.26
-133191.105   185.507     5.46    8.83
-132814.126   187.535     5.38    8.82
-132437.081   189.201     4.42    8.22
-132059.970   190.298     2.91    7.66
-131682.793   191.807     4.00    6.71
-131305.551   193.421     4.28    5.80
-130928.243   195.352     5.12    5.26
-130550.870   197.583     5.91    5.02
-130173.430   199.094     4.00    4.88
-129795.925   200.466     3.63    5.02
-129418.354   201.537     2.84    4.98
-129040.717   202.832     3.43    4.64
-128663.013   204.140     3.46    4.21
-128285.244   205.448     3.46    3.47
-127907.409   207.174     4.57    2.89
-127529.508   209.077     5.04    2.96
-127151.541   210.908     4.84    2.45
-126773.508   213.007     5.55    2.40
-126395.408   215.098     5.53    2.26
-126017.243   217.532     6.44    2.88
-125639.011   220.137     6.89    3.23
-125260.713   223.019     7.62    3.87
-124882.348   225.822     7.41    3.77
-124503.918   228.347     6.67    3.54
-124125.421   231.258     7.69    3.34
-123746.857   233.479     5.87    3.09
-123368.227   235.944     6.51    2.75
-122989.531   237.998     5.42    2.45
-122610.768   239.807     4.78    2.28
-122231.939   241.413     4.24    2.05
-121853.043   242.757     3.55    2.14
-121474.080   244.300     4.07    2.11
-121095.051   245.843     4.07    2.32
-120715.955   247.343     3.96    2.35
-120336.792   248.909     4.13    2.54
-119957.563   250.899     5.25    2.85
-119578.267   252.469     4.14    3.04
-119198.904   254.617     5.66    3.23
-118819.474   256.294     4.42    3.48
-118439.977   258.144     4.87    3.63
-118060.413   259.795     4.35    3.94
-117680.783   261.457     4.38    4.50
-117301.085   263.317     4.90    5.71
-116921.321   266.169     7.51    7.16
-116541.489   269.841     9.67    8.12
-116167.701   274.818    13.31    9.01
-115800.681   279.627    13.10    8.02
-115433.600   283.954    11.79    8.11
-115066.456   288.192    11.54    6.97
-114699.250   291.544     9.13    7.67
-114331.982   295.298    10.22    8.52
-113964.652   299.818    12.30    9.45
-113597.259   304.074    11.58    9.93
-113229.805   310.157    16.55    9.66
-112862.288   315.602    14.82    9.71
-112494.708   322.132    17.76    9.87
-112127.066   327.365    14.23    9.61
-111759.362   334.053    18.19   10.68
-111391.596   340.250    16.85   11.97
-111023.766   347.794    20.51   14.13
-110655.875   354.276    17.62   14.58
-110287.921   363.070    23.90   14.45
-109919.904   369.117    16.43   14.31
-109551.825   376.657    20.48   14.18
-109183.683   382.991    17.20   14.21
-108815.478   390.182    19.53   14.89
-108447.211   396.567    17.34   16.93
-108078.881   407.373    29.33   20.79
-107710.488   418.544    30.32   23.27
-107342.032   432.181    37.01   21.33
-106973.514   442.830    28.90   16.68
-106604.932   450.947    22.02   11.74
-106236.288   453.225     6.18   11.16
-105867.581   454.849     4.40   10.49
-105498.811   455.882     2.80   10.36
-105129.978   455.838    -0.12   11.23
-104761.082   456.200     0.98   11.71
-104392.122   455.343    -2.32   13.16
-104023.100   454.219    -3.04   13.01
-103654.015   453.239    -2.65   13.20
-103284.866   451.287    -5.29   13.32
-102915.654   448.272    -8.17   13.96
-102546.380   445.207    -8.30   13.35
-102177.041   439.338   -15.89   13.24
-101807.640   431.151   -22.16   12.80
-101438.175   421.811   -25.28   13.37
-101068.647   409.744   -32.65   15.74
-100699.055   395.193   -39.37   16.27
-100329.400   380.482   -39.79   18.61
 -99959.682   363.953   -44.70   16.30
 -99589.900   348.256   -42.45   16.13
 -99220.055   334.114   -38.23   14.59
 -98850.146   321.232   -34.82   14.68
 -98480.173   308.950   -33.19   11.98
 -98110.137   299.213   -26.31   10.49
 -97740.037   291.899   -19.76    7.73
 -97369.874   286.244   -15.27    5.44
 -96999.647   282.469   -10.20    3.79
 -96629.356   279.407    -8.27    3.39
 -96259.001   277.048    -6.37    3.12
 -95888.582   274.374    -7.22    2.92
 -95518.100   272.390    -5.35    2.50
 -95147.554   270.557    -4.95    2.41
 -94776.943   269.272    -3.47    2.19
 -94406.269   268.201    -2.89    1.96
 -94035.531   267.517    -1.84    1.71
 -93664.729   266.975    -1.46    1.29
 -93293.863   266.758    -0.59    1.04
 -92922.933   267.007     0.67    0.94
 -92551.938   267.463     1.23    0.96
 -92180.880   268.250     2.12    1.08
 -91809.757   268.934     1.84    1.17
 -91438.570   269.829     2.41    1.30
 -91067.319   270.758     2.50    1.23
 -90696.004   271.857     2.96    1.38
 -90324.624   272.847     2.67    1.24
 -89953.180   273.769     2.48    1.09
 -89581.671   274.517     2.01    0.99
 -89210.099   275.262     2.01    1.11
 -88838.461   275.858     1.60    1.17
 -88466.759   276.382     1.41    1.40
 -88094.993   276.450     0.18    1.83
 -87723.162   276.312    -0.37    2.28
 -87351.267   275.934    -1.01    2.66
 -86979.307   275.332    -1.62    2.91
 -86607.282   274.629    -1.89    3.41
 -86235.193   273.507    -3.02    3.87
 -85863.038   271.656    -4.97    4.45
 -85490.819   269.502    -5.79    4.98
 -85118.536   266.909    -6.97    5.24
 -84746.187   262.682   -11.35    5.66
 -84373.774   257.953   -12.70    6.30
 -84001.296   251.994   -16.00    7.29
 -83628.753   245.884   -16.40    6.75
 -83256.144   239.793   -16.34    6.24
 -82883.471   234.200   -15.01    6.07
 -82510.733   227.494   -17.99    7.60
 -82137.930   220.758   -18.07    8.13
 -81765.062   213.170   -20.35    8.91
 -81392.128   205.810   -19.73    7.36
 -81019.130   199.294   -17.47    6.69
 -80646.066   193.746   -14.87    4.76
 -80272.937   189.312   -11.88    4.88
 -79899.742   185.039   -11.45    4.42
 -79526.483   180.448   -12.30    5.24
 -79153.158   175.450   -13.39    5.52
 -78779.768   169.941   -14.75    5.99
 -78406.312   164.462   -14.67    5.83
 -78032.791   159.134   -14.26    6.39
 -77659.204   153.746   -14.42    5.63
 -77285.552   147.867   -15.73    7.62
 -76911.834   141.641   -16.66    7.83
 -76538.051   134.658   -18.68    8.46
 -76164.202   126.498   -21.83    8.50
 -75790.288   119.044   -19.93    9.52
 -75416.307   110.909   -21.75    8.61
 -75042.262   103.781   -19.06    9.33
 -74668.150    94.795   -24.02   11.23
 -74293.972    84.793   -26.73   13.63
 -73919.729    72.896   -31.79   14.03
 -73545.420    62.534   -27.68   13.40
 -73171.045    49.061   -35.99   12.17
 -72796.604    40.183   -23.71   10.57
 -72422.097    30.432   -26.04   11.74
 -72047.524    21.782   -23.09   10.79
 -71672.885    14.846   -18.51    8.44
 -71298.180    10.695   -11.08    3.35
 -70923.409     9.719    -2.60    0.00
 -70548.572     9.719     0.00    0.00
 -70173.669     9.719     0.00    0.00
 -69798.699     9.719     0.00    0.00
 -69423.663     9.719     0.00    0.00
 -69048.561     9.719     0.00    0.00
 -68673.393     9.719     0.00    0.00
 -68298.158     9.719     0.00    0.00
 -67922.857    10.844     3.00    2.25
 -67547.489    12.934     5.57    3.80
 -67172.055    16.526     9.57    5.29
 -66796.555    20.498    10.58    4.91
 -66420.987    24.036     9.42    5.02
 -66045.354    27.232     8.51    4.65
 -65669.654    30.829     9.57    5.91
 -65293.887    35.548    12.56    6.96
 -64918.053    43.219    20.41   10.81
 -64542.153    51.798    22.82   11.33
 -64166.186    62.032    27.22   12.75
 -63790.152    72.680    28.32   12.16
 -63414.052    81.597    23.71   11.77
 -63037.885    90.605    23.95    7.87
 -62661.650    96.250    15.00    5.87
 -62285.349   100.557    11.44    5.78
 -61908.981   104.257     9.83    5.50
 -61532.546   108.919    12.39    5.39
 -61156.044   112.830    10.39    5.34
 -60779.475   116.731    10.36    5.00
 -60402.838   119.932     8.50    4.35
 -60026.135   122.857     7.76    3.80
 -59649.364   124.244     3.68    3.79
 -59272.526   125.876     4.33    4.44
 -58895.621   126.745     2.30    5.03
 -58518.649   127.225     1.28    6.01
 -58141.609   127.835     1.62    6.52
 -57764.502   128.658     2.18    6.14
 -57387.328   129.031     0.99    5.41
 -57010.086   128.139    -2.36    4.72
 -56632.777   127.509    -1.67    4.71
 -56255.400   125.807    -4.51    4.14
 -55877.956   124.873    -2.47    3.97
 -55500.444   124.225    -1.72    4.14
 -55122.865   124.352     0.34    4.46
 -54745.218   124.546     0.51    5.30
 -54367.503   125.532     2.61    6.07
 -53989.721   125.164    -0.97    6.61
 -53611.870   124.853    -0.82    7.14
 -53233.952   124.620    -0.62    6.43
 -52855.967   124.472    -0.39    5.81
 -52477.913   124.319    -0.40    5.05
 -52099.791   122.769    -4.10    4.93
 -51721.602   120.656    -5.59    5.11
 -51343.344   118.526    -5.63    5.48
 -50965.019   116.784    -4.61    5.51
 -50586.626   115.188    -4.22    5.58
 -50208.164   114.324    -2.28    5.90
 -49829.634   113.534    -2.09    5.96
 -49451.036   112.278    -3.32    6.85
 -49072.370   111.097    -3.12    7.34
 -48693.636   111.129     0.09    7.67
 -48314.834   111.090    -0.11    7.19
 -47935.963   110.620    -1.24    6.40
 -47557.024   109.695    -2.44    5.68
 -47178.016   108.622    -2.83    5.04
 -46798.940   107.238    -3.65    3.99
 -46419.796   106.164    -2.83    3.29
 -46040.583   105.188    -2.57    3.38
 -45661.301   105.117    -0.19    3.63
 -45281.952   105.567     1.19    4.25
 -44902.533   103.892    -4.42    7.39
 -44523.046   100.338    -9.37    9.74
 -44143.490    97.411    -7.71    9.18
 -43763.865    94.437    -7.83    8.39
 -43384.172    93.756    -1.79    8.01
 -43004.410    94.339     1.54    7.05
 -42624.579    92.546    -4.72    6.48
 -42244.679    91.792    -1.98    5.86
 -41864.711    92.497     1.85    5.88
 -41487.146    93.941     3.83    6.22
 -41120.327    94.963     2.78    6.37
 -40753.444    96.007     2.85    7.06
 -40386.497    96.585     1.58    7.32
 -40019.486    97.644     2.89    7.61
 -39652.412    97.608    -0.10    7.66
 -39285.274    98.382     2.11    7.62
 -38918.073    98.522     0.38    7.32
 -38550.807    97.860    -1.80    7.34
 -38183.478    97.231    -1.71    7.43
 -37816.084    96.732    -1.36    7.62
 -37448.627    95.756    -2.66    7.89
 -37081.106    94.706    -2.86    8.53
 -36713.520    94.029    -1.84    8.64
 -36345.871    93.343    -1.87    8.04
 -35978.158    92.963    -1.03    7.53
 -35610.380    93.091     0.35    7.14
 -35242.539    93.183     0.25    7.13
 -34874.633    92.846    -0.92    7.35
 -34506.663    93.731     2.41    7.43
 -34138.629    95.532     4.89    7.63
 -33770.531    97.423     5.14    7.35
 -33402.368    97.497     0.20    6.99
 -33034.141    96.414    -2.94    7.77
 -32665.849    93.830    -7.02    8.61
 -32297.493    89.832   -10.86    8.49
 -31929.073    87.275    -6.94    8.73
 -31560.588    86.646    -1.71    9.27
 -31192.039    84.792    -5.03   10.19
 -30823.425    82.532    -6.13   10.98
 -30454.747    79.132    -9.22   11.03
 -30086.004    75.312   -10.36   11.29
 -29717.196    71.924    -9.19   11.05
 -29348.324    68.669    -8.83    9.83
 -28979.387    64.917   -10.17    8.27
 -28610.385    62.168    -7.45    7.63
 -28241.319    60.244    -5.21    7.17
 -27872.187    57.529    -7.35    7.17
 -27502.991    55.451    -5.63    7.43
 -27133.730    54.356    -2.97    7.64
 -26764.404    53.585    -2.09    6.84
 -26395.013    54.200     1.66    6.04
 -26025.557    55.648     3.92    6.62
 -25656.036    57.122     3.99    6.54
 -25286.450    58.573     3.93    6.80
 -24916.799    60.104     4.14    8.03
 -24547.083    60.326     0.60    8.83
 -24177.302    58.719    -4.35    9.49
 -23807.455    56.585    -5.77    9.39
 -23437.543    55.469    -3.02    9.85
 -23067.566    54.085    -3.74    9.27
 -22697.524    51.979    -5.69    8.58
 -22327.416    50.134    -4.99    7.81
 -21957.243    49.206    -2.51    7.17
 -21587.005    47.793    -3.82    7.22
 -21216.701    46.419    -3.71    6.99
 -20846.332    45.466    -2.57    6.88
 -20475.897    44.411    -2.85    7.63
 -20105.397    43.519    -2.41    7.80
 -19734.831    43.250    -0.73    8.05
 -19364.199    42.990    -0.70    8.07
 -18993.502    43.569     1.56    6.73
 -18622.739    42.843    -1.96    5.15
 -18251.910    42.065    -2.10    4.22
 -17881.016    41.984    -0.22    3.43
 -17510.056    42.061     0.21    2.86
 -17139.030    42.575     1.38    2.45
 -16767.938    42.866     0.78    2.23
 -16396.781    43.036     0.46    1.98
 -16025.557    42.582    -1.22    1.89
 -15654.267    42.073    -1.37    2.16
 -15282.912    41.398    -1.82    2.67
 -14911.490    40.028    -3.69    3.25
 -14540.002    37.324    -7.28    4.73
 -14168.449    32.817   -12.13    7.52
 -13796.829    28.892   -10.56    8.46
 -13425.143    24.448   -11.96    7.99
 -13053.390    21.028    -9.20    7.82
 -12681.572    18.256    -7.46    8.61
 -12309.687    13.951   -11.58    9.02
 -11937.736     9.213   -12.74    8.11
 -11565.719     5.329   -10.44    6.32
 -11193.635     2.475    -7.67    4.23
 -10821.484     1.151    -3.56    2.62
 -10449.268     0.634    -1.39    1.96
 -10076.984     0.744     0.30    2.76
  -9704.635     0.975     0.62    3.60
  -9332.218     0.719    -0.69    3.19
  -8959.735     0.219    -1.34    2.01
  -8587.186     0.057    -0.44    1.30
  -8214.570     3.195     8.42    9.72
  -7841.887     8.475    14.17   16.27
  -7469.137    13.756    14.17   19.70
  -7096.321    18.423    12.52   21.02
  -6723.437    25.119    17.96   21.55
  -6350.487    31.460    17.00   20.01
  -5977.470    35.744    11.48   17.40
  -5604.386    39.917    11.19   13.16
  -5231.235    41.781     5.00    9.60
  -4858.018    41.028    -2.02    8.47
  -4484.733    38.526    -6.70   10.33
  -4111.381    33.892   -12.41   13.06
  -3737.962    28.366   -14.80   15.84
  -3364.475    22.195   -16.52   17.83
  -2990.922    14.981   -19.31   16.56
  -2617.301     8.846   -16.42   12.26
  -2243.614     4.707   -11.08    7.30
  -1869.858     2.719    -5.32    3.96
  -1496.036     1.596    -3.01    2.84
  -1122.146     0.745    -2.28    1.95
   -748.189     0.124    -1.66    1.14
   -374.164     0.102    -0.06    2.37
     -0.072     2.793     7.19    8.17
    374.087     8.594    15.50   14.97
    748.315    14.860    16.74   18.11
   1122.609    19.894    13.45   19.09
   1496.972    24.633    12.66   18.12
   1871.402    28.129     9.34   17.47
   2245.899    32.084    10.56   19.31
   2620.465    34.578     6.66   19.99
   2995.098    35.442     2.31   19.66
   3369.799    33.219    -5.93   18.60
   3744.568    30.449    -7.39   16.18
   4119.404    26.924    -9.40   13.30
   4494.309    26.466    -1.22   11.70
   4869.282    25.476    -2.64   10.60
   5244.322    25.374    -0.27    9.91
   5619.431    25.563     0.50    9.15
   5994.607    26.341     2.07    7.74
   6369.852    26.099    -0.65    6.68
   6745.165    26.374     0.73    5.20
   7120.546    26.656     0.75    3.74
   7495.995    27.358     1.87    2.79
   7871.512    27.107    -0.67    2.67
   8247.098    26.526    -1.54    3.33
   8622.752    24.960    -4.17    4.02
   8998.474    24.136    -2.19    4.32
   9374.265    23.609    -1.40    5.11
   9750.124    24.398     2.10    6.12
  10126.052    26.085     4.49    6.50
  10502.048    27.573     3.96    6.51
  10878.113    28.561     2.63    6.53
  11254.246    29.966     3.74    6.07
  11630.448    32.524     6.80    6.20
  12006.719    36.769    11.28    8.41
  12383.058    42.305    14.71    9.90
  12759.466    48.756    17.14   11.46
  13135.942    54.767    15.97   11.46
  13512.488    59.137    11.61   11.29
  13889.102    65.090    15.81   10.26
  14265.786    71.858    17.97    9.46
  14642.538    79.898    21.34   10.61
  15019.359    89.283    24.91   13.72
  15396.249    99.195    26.30   16.28
  15773.208   111.324    32.18   19.84
  16150.236   122.414    29.41   21.14
  16527.334   134.463    31.95   22.24
  16904.500   144.338    26.18   20.89
  17281.736   151.820    19.83   20.17
  17659.041   160.329    22.55   18.02
  18036.415   171.048    28.41   17.62
  18413.858   182.053    29.16   16.29
  18791.371   192.853    28.61   15.32
  19168.953   202.148    24.62   12.43
  19546.605   210.402    21.86    9.73
  19924.326   215.780    14.24    7.87
  20302.116   219.268     9.23    6.35
  20679.976   218.683    -1.55    6.76
  21057.906   216.207    -6.55    7.77
  21435.905   212.982    -8.53    7.08
  21813.974   209.769    -8.50    4.44
  22192.112   209.349    -1.11    3.77
  22570.321   210.943     4.21    5.04
  22948.599   213.641     7.13    5.51
  23326.946   216.183     6.72    4.95
  23705.364   218.155     5.21    5.81
  24083.851   219.279     2.97    6.50
  24462.409   219.901     1.64    7.04
  24841.036   220.597     1.84    7.59
  25219.733   222.337     4.59    9.85
  25598.501   224.993     7.01   12.56
  25977.338   230.244    13.86   15.64
  26356.246   237.195    18.35   19.56
  26735.223   250.622    35.43   23.53
  27114.271   264.512    36.65   22.93
  27493.389   279.045    38.33   18.54
  27872.578   289.097    26.51   11.94
  28251.836   292.207     8.20    9.85
  28631.165   290.596    -4.25   10.44
  29010.565   287.010    -9.45   11.16
  29390.034   281.144   -15.46   11.02
  29769.574   278.172    -7.83   13.18
  30149.185   277.707    -1.22   17.67
  30528.866   276.990    -1.89   23.67
  30908.618   277.619     1.66   27.81
  31288.441   275.768    -4.87   27.50
  31668.334   269.016   -17.78   27.92
  32048.298   260.755   -21.74   28.26
  32428.332   249.914   -28.53   27.03
  32808.437   240.362   -25.13   25.84
  33188.613   225.634   -38.74   22.28
  33556.713   215.261   -28.18   16.57
  33923.394   207.608   -20.87   10.96
  34290.140   203.322   -11.69    9.57
  34656.952   197.954   -14.63    8.73
  35023.829   192.080   -16.01    9.73
  35390.771   182.867   -25.11   12.10
  35757.779   171.622   -30.64   16.02
  36124.852   160.578   -30.09   13.84
  36491.990   153.778   -18.52   12.27
  36859.194   149.476   -11.72   12.51
  37226.463   146.029    -9.39   14.19
  37593.798   146.450     1.15   19.07
  37961.199   149.331     7.84   26.96
  38328.665   154.855    15.03   35.74
  38696.197   163.904    24.62   42.61
  39063.795   175.894    32.62   47.94
  39431.458   182.543    18.08   48.29
  39799.187   187.466    13.39   45.64
  40166.982   192.005    12.34   39.01
  40534.842   191.634    -1.01   31.82
  40902.769   189.463    -5.90   26.54
  41270.761   189.505     0.11   24.28
  41638.820   191.500     5.42   20.02
  42006.944   190.814    -1.86   18.08
  42375.134   189.645    -3.18   16.51
  42743.391   188.841    -2.18   14.84
  43111.713   185.571    -8.88   13.56
  43480.102   182.625    -8.00   12.16
  43848.557   179.377    -8.81    9.61
  44217.078   177.172    -5.99    7.42
  44585.665   173.922    -8.82    5.90
  44954.318   171.343    -7.00    6.15
  45323.038   169.112    -6.05    6.02
  45691.824   166.624    -6.75    7.53
  46060.677   163.289    -9.04    9.32
  46429.595   158.033   -14.25   11.61
  46798.581   151.954   -16.48   12.08
  47167.633   143.561   -22.74   13.30
  47536.751   133.324   -27.73   17.39
  47905.936   122.766   -28.60   19.89
  48275.187   115.611   -19.38   21.11
  48644.505   108.298   -19.80   21.38
  49013.890   101.929   -17.24   23.05
  49383.341    95.563   -17.23   23.23
  49752.859    90.551   -13.56   24.01
  50122.444    86.394   -11.25   25.77
  50492.096    83.647    -7.43   26.02
  50861.815    81.780    -5.05   27.32
  51231.600    81.017    -2.06   26.95
  51601.452    78.646    -6.41   28.73
  51971.371    89.334    28.89   37.14
  52341.358   112.219    61.86   64.23
  52711.411   138.317    70.53   74.94
  53081.531   175.329   100.00   68.44
  53451.719   192.484    46.34   66.98
  53821.973   190.719    -4.77   62.59
  54192.295   170.609   -54.31   45.80
  54562.684   149.756   -56.30   30.13
  54933.140   132.115   -47.62   19.93
  55303.663   117.941   -38.25   13.41
  55674.254   109.430   -22.97   11.26
  56044.912   102.694   -18.17    9.77
  56415.638    97.449   -14.15    9.29
  56786.431    92.527   -13.27    7.39
  57157.291    88.105   -11.92    5.31
  57528.219    85.335    -7.47    3.18
  57899.214    84.612    -1.95    3.56
  58270.277    84.594    -0.05    4.24
  58641.408    85.731     3.06    4.67
  59012.606    83.847    -5.07   10.14
  59383.872    72.957   -29.33   22.02
  59755.206    49.074   -64.32   36.39
  60126.607    29.943   -51.51   33.52
  60498.076    17.251   -34.17   21.24
  60869.613    16.599    -1.76   15.48
  61241.218    22.657    16.30   15.43
  61612.891    24.173     4.08   19.51
  61984.631    27.023     7.67   23.07
  62356.440    29.500     6.66   25.27
  62728.317    31.176     4.51   26.23
  63100.261    35.742    12.28   23.56
  63472.274    40.213    12.02   18.37
  63844.355    41.536     3.56   11.97
  64216.504    40.176    -3.66   10.27
  64588.722    38.126    -5.51   11.15
  64961.007    38.195     0.18   13.88
  65333.361    40.731     6.81   16.09
  65705.783    44.337     9.68   16.79
  66078.274    48.417    10.95   14.46
  66450.833    50.575     5.79   13.07
  66823.460    51.261     1.84   11.33
  67196.156    51.411     0.40   10.77
  67568.920    51.659     0.67    9.58
  67941.753    53.060     3.76    8.85
  68314.654    54.578     4.07    7.47
  68687.624    55.756     3.16    6.05
  69060.663    54.886    -2.33    6.65
  69433.770    50.195   -12.57   10.01
  69806.947    46.847    -8.97   10.59
  70180.191    46.040    -2.16   11.87
  70553.505    48.902     7.67   14.81
  70926.888    57.097    21.95   13.04
  71300.339    60.593     9.36   13.35
  71673.859    60.963     0.99   13.11
  72047.449    64.057     8.28   13.71
  72421.107    65.818     4.71   13.84
  72794.834    64.196    -4.34   20.42
  73168.631    64.189    -0.02   27.88
  73542.496    58.924   -14.08   30.82
  73916.431    54.978   -10.55   29.71
  74290.435    61.166    16.55   30.22
  74664.508    69.779    23.03   31.80
  75038.650    86.366    44.34   32.95
  75412.862   106.213    53.04   20.32
  75787.143   120.060    37.00   17.27
  76161.493   131.991    31.87   19.13
  76535.913   144.347    33.00   20.40
  76910.402   152.929    22.92   18.47
  77284.961   157.975    13.47   15.50
  77659.589   159.507     4.09   13.28
  78034.287   158.801    -1.88   10.73
  78409.054   157.086    -4.57    8.73
  78783.891   154.876    -5.90    8.96
  79158.798   151.162    -9.91    8.20
  79533.775   148.417    -7.32    7.46
  79908.821   146.419    -5.33    5.99
  80283.937   146.155    -0.71    5.23
  80659.123   145.912    -0.65    4.94
  81034.379   146.237     0.87    5.01
  81409.704   146.032    -0.55    5.30
  81785.100   146.289     0.69    5.53
  82160.566   146.232    -0.15    5.61
  82536.102   145.719    -1.36    5.09
  82911.707   145.086    -1.69    4.50
  83287.383   143.374    -4.56    3.75
  83663.129   141.485    -5.03    3.26
  84038.946   138.551    -7.81    4.07
  84414.832   134.188   -11.61    5.12
  84790.789   130.719    -9.23    5.17
  85166.816   128.825    -5.04    4.94
  85542.914   127.719    -2.94    5.01
  85919.081   127.485    -0.62    5.14
  86295.320   128.684     3.19    4.85
  86671.628   131.343     7.07    4.97
  87048.008   134.319     7.91    4.67
  87424.457   136.366     5.44    4.68
  87800.978   133.616    -7.30   16.84
  88177.569   128.394   -13.87   23.75
  88554.231   128.490     0.26   25.21
  88930.963   134.207    15.18   27.07
  89307.766   143.402    24.40   29.31
  89684.640   157.612    37.71   30.84
  90061.585   177.378    52.44   24.33
  90438.600   195.778    48.81   19.85
  90815.687   206.105    27.39   17.44
  91192.844   213.103    18.56   12.55
  91570.073   215.334     5.91    8.77
  91947.372   213.029    -6.11    7.74
  92324.743   208.544   -11.88    8.61
  92702.185   202.543   -15.90   10.60
  93079.697   196.657   -15.59   10.96
  93457.282   192.091   -12.09   11.50
  93834.937   187.169   -13.03   11.92
  94212.663   182.107   -13.40   14.89
  94590.461   179.719    -6.32   16.58
  94968.330   182.126     6.37   17.00
  95346.271   186.398    11.30   15.77
  95724.283   191.984    14.78   11.87
  96102.366   194.657     7.07   12.10
  96480.521   196.347     4.47   13.16
  96858.748   198.870     6.67   14.39
  97237.046   200.779     5.04   13.79
  97615.415   201.514     1.94   13.88
  97993.857   203.178     4.40   13.86
  98372.370   203.184     0.02   14.49
  98750.955   200.972    -5.84   16.97
  99129.611   195.319   -14.93   17.43
  99508.340   195.289    -0.08   16.03
  99887.140   203.096    20.61   18.22
 100266.013   213.695    27.98   20.38
 100644.957   232.505    49.64   23.16
 101023.973   250.719    48.06   20.86
 101403.061   264.507    36.37   16.78
 101782.222   274.441    26.20    9.65
 102161.454   278.386    10.40    8.70
 102540.759   280.807     6.38   10.59
 102920.136   282.661     4.89   11.90
 103299.585   284.358     4.47   13.64
 103679.106   284.837     1.26   14.16
 104058.700   285.695     2.26   18.15
 104438.366   288.578     7.59   24.32
 104818.104   291.696     8.21   26.16
 105197.915   293.840     5.65   20.74
 105577.798   298.172    11.40   16.49
 105957.754   313.907    41.42   25.05
 106337.783   332.931    50.06   28.00
 106717.884   347.256    37.69   23.31
 107098.058   353.884    17.44   16.49
 107478.304   349.024   -12.78   16.58
 107858.623   334.382   -38.50   21.30
 108230.792   315.683   -50.25   26.94
 108597.265   285.777   -81.61   38.20
 108963.804   255.620   -82.28   38.84
 109330.410   222.543   -90.23   35.21
 109697.083   196.743   -70.37   26.71
 110063.823   175.454   -58.05   19.86
 110430.631   161.088   -39.17   16.69
 110797.505   144.975   -43.92   16.06
 111164.446   130.825   -38.57   19.33
 111531.454   113.793   -46.41   27.26
 111898.529    92.838   -57.09   36.72
 112265.672    65.806   -73.64   40.85
 112632.882    51.963   -37.70   34.69
 113000.159    53.509     4.21   38.83
 113367.503    75.091    58.76   49.50
 113734.915   107.377    87.88   41.73
 114102.394   132.708    68.94   22.16
 114469.940   144.960    33.34   11.31
 114837.554   151.289    17.22    8.52
 115205.235   156.177    13.30    9.39
 115572.984   163.208    19.12   14.26
 115940.800   173.334    27.53   21.34
 116308.684   185.553    33.22   30.69
 116676.636   197.662    32.91   35.38
 117044.655   208.673    29.92   39.43
 117412.742   219.172    28.53   41.00
 117780.896   227.684    23.12   39.78
 118149.118   239.862    33.08   37.55
 118517.409   256.804    46.00   36.26
 118885.767   271.975    41.19   30.55
 119254.193   284.707    34.56   21.39
 119622.686   282.347    -6.40   23.01
 119991.248   270.932   -30.98   27.82
 120359.878   255.053   -43.08   28.52
 120728.576   238.719   -44.30   23.26
 121097.341   228.545   -27.59   21.38
 121466.175   225.032    -9.52   19.80
 121835.077   227.219     5.93   19.80
 122204.048   234.292    19.17   19.34
 122573.086   241.148    18.58   19.69
 122942.193   246.896    15.57   23.21
 123311.368   253.826    18.78   26.03
 123680.611   260.355    17.68   29.66
 124049.923   263.030     7.24   31.15
 124419.303   267.346    11.69   31.72
 124788.751   267.277    -0.19   32.98
 125158.268   264.940    -6.33   34.94
 125527.854   257.146   -21.09   38.00
 125897.508   247.378   -26.43   42.50
 126267.231   234.091   -35.94   44.39
 126637.022   225.068   -24.40   44.56
 127006.882   211.536   -36.59   44.45
 127376.811   199.803   -31.72   42.86
 127746.808   190.544   -25.03   38.42
 128116.875   181.789   -23.66   35.64
 128487.010   174.151   -20.64   30.89
 128857.214   169.924   -11.42   26.66
 129227.487   166.569    -9.06   22.61
 129597.828   164.812    -4.74   21.64
 129968.239   164.485    -0.88   23.13
 130338.719   165.905     3.83   23.34
 130709.268   167.016     3.00   23.55
 131079.886   168.394     3.72   21.27
 131450.573   169.334     2.54   17.81
 131821.329   169.126    -0.56   13.20
 132192.154   168.613    -1.38    9.82
 132563.049   165.915    -7.28    9.45
 132934.013   162.948    -8.00   11.01
 133305.046   162.696    -0.68   15.44
 133676.149   162.141    -1.50   20.99
 134047.321   164.033     5.10   26.40
 134418.563   164.649     1.66   31.29
 134789.874   156.362   -22.32   31.62
 135161.254   142.386   -37.64   31.67
 135532.704   123.219   -51.60   27.37
 135904.224   107.124   -43.33   17.19
 136275.813    95.112   -32.33   10.52
 136647.472    89.287   -15.67    8.38
 137019.201    84.277   -13.48    5.94
 137391.000    81.303    -8.00    5.17
 137762.868    79.126    -5.85    4.71
 138134.806    78.068    -2.85    4.52
 138506.814    77.153    -2.46    4.80
 138878.892    76.812    -0.92    4.95
 139251.040    74.672    -5.75    6.14
 139623.257    72.190    -6.67    6.85
 139995.545    68.091   -11.01    7.07
 140367.903    64.429    -9.84    6.73
 140740.331    60.334   -11.00    5.92
 141112.829    56.578   -10.08    5.82
 141485.398    52.457   -11.06    5.94
 141858.036    48.363   -10.99    6.76
 142230.745    42.743   -15.08    7.77
 142603.524    37.405   -14.32    9.94
 142976.374    29.659   -20.78   10.95
 143349.294    21.824   -21.01   10.14
 143722.284    13.201   -23.12    8.45
 144095.345     7.524   -15.22    7.84
 144468.476     3.153   -11.72    6.65
 144841.678     0.905    -6.02    4.70
 145214.950    -1.610    -6.74    4.62
 145588.294    -5.664   -10.86    5.70
 145961.707    -9.939   -11.45    5.29
 146335.192   -12.982    -8.15    3.54
 146708.747   -14.843    -4.98    1.68
 147082.373   -15.890    -2.80    1.29
 147456.069   -16.330    -1.18    1.36
 147829.837   -10.683    15.11   18.74
 148203.676     5.620    43.62   33.13
 148577.585    29.882    64.89   36.57
 148951.566    51.596    58.07   23.16
 149325.617    60.616    24.12    4.12
 149699.740    60.003    -1.64    3.95
 150073.933    59.259    -1.99    3.49
 150448.198    58.620    -1.71    3.13
 150822.534    57.394    -3.28    3.47
 151196.941    55.619    -4.74    5.55
