-219333.409   132.283     0.00    1.59
-218955.904   132.717     1.15    1.45
-218578.472   133.226     1.35    0.80
-218201.113   133.361     0.36    0.91
-217823.825   132.968    -1.04    1.51
-217446.611   132.179    -2.09    1.79
-217069.469   130.926    -3.32    2.92
-216692.399   130.287    -1.70    3.24
-216315.402   129.834    -1.20    3.61
-215938.477   131.577     4.62    4.58
-215561.624   134.368     7.41    5.43
-215184.843   137.786     9.07    5.29
-214808.135   140.469     7.12    3.42
-214431.499   141.926     3.87    2.35
-214054.935   142.578     1.73    1.73
-213678.443   143.258     1.80    0.86
-213302.023   143.104    -0.41    1.43
-212925.675   142.062    -2.77    2.65
-212549.399   140.835    -3.26    3.06
-212173.195   139.657    -3.13    2.95
-211797.063   138.955    -1.87    2.27
-211421.002   139.143     0.50    1.83
-211045.014   140.012     2.31    1.82
-210669.097   141.089     2.86    1.52
-210293.252   142.160     2.85    0.97
-209917.478   142.763     1.60    1.08
-209541.776   143.448     1.82    1.13
-209166.146   144.182     1.95    1.16
-208790.587   144.698     1.37    1.21
-208415.100   144.936     0.63    1.49
-208039.684   144.898    -0.10    1.75
-207664.340   144.705    -0.51    1.61
-207289.067   143.985    -1.92    1.77
-206913.865   143.210    -2.07    1.89
-206538.734   142.423    -2.10    1.91
-206163.675   142.002    -1.12    1.55
-205788.687   142.210     0.55    1.46
-205413.771   143.074     2.30    2.07
-205038.925   142.971    -0.27    3.69
-204664.151   141.275    -4.53    5.96
-204289.447   138.181    -8.26    7.11
-203914.815   134.496    -9.84    5.90
-203540.253   131.749    -7.34    4.48
-203165.763   130.135    -4.31    3.52
-202791.343   128.995    -3.04    3.20
-202416.994   127.959    -2.77    2.49
-202042.716   127.353    -1.62    2.06
-201668.509   127.403     0.13    1.80
-201294.373   128.773     3.66    2.90
-200920.307   132.671    10.42    6.03
-200546.312   137.378    12.59    6.81
-200172.387   143.763    17.08    8.41
-199798.533   150.698    18.55    8.34
-199424.750   158.269    20.26   10.29
-199051.037   166.960    23.26   10.73
-198677.395   176.972    26.80   12.30
-198303.823   185.785    23.60   11.20
-197930.321   194.891    24.38   11.56
-197556.890   202.510    20.41   10.00
-197183.529   208.610    16.34   10.19
-196810.238   213.748    13.77    9.69
-196437.017   218.589    12.97   10.12
-196063.867   222.168     9.59   10.73
-195690.787   226.315    11.12   12.11
-195317.777   231.650    14.30   12.86
-194944.837   238.476    18.31   14.69
-194571.967   245.403    18.58   14.84
-194199.167   251.998    17.69   15.02
-193826.436   257.774    15.50   13.34
-193453.776   261.507    10.02   13.15
-193081.186   266.060    12.22   11.57
-192708.665   270.275    11.32   12.51
-192336.215   271.723     3.89   13.60
-191963.834   269.751    -5.30   14.56
-191591.522   269.898     0.39   13.39
-191219.281   272.500     6.99   11.96
-190847.109   279.498    18.80   12.42
-190475.006   288.251    23.53   12.49
-190102.974   294.530    16.88   10.81
-189731.010   299.554    13.51   10.02
-189359.116   307.070    20.21   13.59
-188987.292   321.298    38.27   22.71
-188615.537   339.383    48.66   26.30
-188243.851   360.177    55.95   22.94
-187872.235   375.521    41.29   15.02
-187500.688   386.715    30.13    9.13
-187129.210   392.017    14.28    7.71
-186757.801   394.519     6.74    7.80
-186386.462   396.007     4.01    7.77
-186015.192   397.680     4.51    7.18
-185643.990   400.280     7.00    7.12
-185272.858   404.924    12.52    7.93
-184901.795   411.322    17.24    9.77
-184530.801   419.429    21.86   10.29
-184159.875   426.065    17.89    8.29
-183789.019   430.774    12.70    4.27
-183418.231   431.268     1.33    3.71
-183047.513   430.321    -2.55    3.98
-182676.863   429.368    -2.57    4.14
-182306.282   427.786    -4.27    4.86
-181935.769   426.716    -2.89    5.77
-181565.325   425.798    -2.48    6.23
-181194.950   426.445     1.75    6.60
-180824.643   426.613     0.45    6.30
-180454.405   425.215    -3.78    6.50
-180084.236   421.946    -8.83    6.50
-179714.135   418.545    -9.19    4.24
-179344.102   416.871    -4.52    1.89
-178974.138   416.961     0.24    2.29
-178604.242   417.298     0.91    2.56
-178234.415   417.051    -0.67    2.42
-177864.655   416.748    -0.82    2.70
-177494.964   415.669    -2.92    3.59
-177125.341   414.798    -2.36    4.52
-176755.787   413.905    -2.42    4.66
-176386.300   413.107    -2.16    4.49
-176016.882   411.545    -4.23    4.49
-175647.532   410.186    -3.68    4.29
-175278.249   408.414    -4.80    4.26
-174909.035   406.020    -6.49    4.61
-174539.889   402.174   -10.42    6.21
-174170.810   398.610    -9.66    7.70
-173801.800   393.521   -13.79    9.65
-173432.857   386.822   -18.16   10.87
-173063.982   378.693   -22.04    9.94
-172695.175   372.274   -17.41    8.00
-172326.435   366.225   -16.41    6.20
-171957.763   362.917    -8.97    7.93
-171589.159   359.530    -9.19    9.06
-171220.623   356.626    -7.88    9.56
-170852.154   354.883    -4.73    9.11
-170483.752   353.974    -2.47    8.55
-170115.418   351.570    -6.53    8.21
-169747.152   347.565   -10.88    9.19
-169378.953   344.023    -9.62    8.77
-169010.821   340.775    -8.82    8.55
-168642.757   336.810   -10.77    8.58
-168274.760   331.821   -13.56   10.28
-167906.830   327.279   -12.35   10.80
-167538.968   325.304    -5.37   10.13
-167171.173   325.473     0.46    9.47
-166803.444   327.080     4.37    7.93
-166435.784   326.159    -2.51    7.25
-166068.190   319.155   -19.06   11.54
-165700.663   312.934   -16.93   11.63
-165333.203   307.774   -14.05    8.91
-164965.810   306.433    -3.65    8.04
-164598.484   307.269     2.27    6.11
-164231.225   308.584     3.58    5.87
-163864.033   310.376     4.88    7.65
-163496.908   311.727     3.68    8.43
-163129.850   313.060     3.63    8.39
-162762.858   312.927    -0.36    8.35
-162395.933   312.985     0.16    9.78
-162029.075   314.072     2.96   10.59
-161662.283   316.452     6.49   11.28
-161295.558   316.844     1.07   10.15
-160928.900   316.509    -0.91    8.51
-160562.308   313.951    -6.98    8.83
-160187.686   310.517    -9.17    7.52
-159807.318   308.069    -6.44    6.15
-159427.023   308.762     1.82    7.24
-159046.799   310.939     5.73    7.49
-158666.649   311.152     0.56    7.28
-158286.570   310.786    -0.96    7.53
-157906.563   309.532    -3.30    7.98
-157526.629   305.310   -11.12    8.68
-157146.767   299.848   -14.38    8.03
-156766.977   293.383   -17.02    7.80
-156387.259   286.591   -17.89    8.25
-156007.613   279.426   -18.87   11.42
-155628.038   269.951   -24.97   15.81
-155248.536   262.104   -20.68   16.77
-154869.106   253.918   -21.58   13.93
-154489.748   250.581    -8.80   10.62
-154110.461   250.856     0.73    8.28
-153731.246   253.395     6.70    8.02
-153352.103   256.379     7.87    5.81
-152973.032   257.220     2.22    4.93
-152594.032   255.821    -3.69    6.18
-152215.104   254.185    -4.32    7.42
-151836.247   250.998    -8.41    8.16
-151457.462   246.548   -11.75    7.78
-151078.748   242.669   -10.24    9.44
-150700.106   237.266   -14.27   10.30
-150321.535   231.310   -15.74   11.18
-149943.036   225.156   -16.26    9.76
-149564.608   220.740   -11.67    8.72
-149186.251   216.274   -11.81    8.26
-148807.966   211.554   -12.48    8.89
-148429.751   205.932   -14.87    8.07
-148051.608   201.679   -11.25    6.17
-147673.536   199.127    -6.75    2.74
-147295.535   199.233     0.28    3.04
-146917.605   199.328     0.25    3.09
-146539.746   199.578     0.66    2.64
-146161.958   199.857     0.74    2.08
-145784.241   200.237     1.01    2.05
-145406.595   200.786     1.45    2.21
-145029.019   202.171     3.67    4.00
-144651.515   202.929     2.01    4.87
-144274.081   201.934    -2.64    5.72
-143896.718   196.539   -14.30    9.85
-143519.426   192.542   -10.60    9.40
-143142.204   191.939    -1.60    8.47
-142765.053   193.862     5.10    8.25
-142387.972   197.119     8.64    4.84
-142010.962   196.198    -2.44    4.29
-141634.023   193.821    -6.31    4.00
-141257.154   191.532    -6.08    2.30
-140880.355   190.208    -3.52    2.93
-140503.627   188.085    -5.63    4.60
-140126.969   186.637    -3.85    5.50
-139750.381   184.711    -5.11    6.69
-139373.863   181.322    -9.00    8.96
-138997.416   177.255   -10.81   11.29
-138621.039   171.751   -14.62   11.01
-138244.732   168.605    -8.36    8.45
-137868.495   169.857     3.33    9.49
-137492.328   174.847    13.27   11.10
-137116.232   179.021    11.10    9.19
-136740.205   181.621     6.92    5.31
-136364.248   181.171    -1.20    3.90
-135988.361   181.774     1.60    4.24
-135612.544   183.617     4.91    5.27
-135236.797   186.522     7.73    5.79
-134861.119   188.932     6.42    5.43
-134485.511   191.268     6.22    5.23
-134109.973   192.504     3.29    5.46
-133734.505   193.572     2.84    5.61
-133359.106   194.230     1.75    5.15
-132983.777   194.704     1.26    4.54
-132608.517   195.210     1.35    4.12
-132233.327   196.334     3.00    3.89
-131858.207   197.391     2.82    4.87
-131483.155   197.183    -0.55    8.53
-131108.174   194.159    -8.07   11.79
-130733.261   190.879    -8.75   12.34
-130358.418   188.934    -5.19   10.54
-129983.644   188.226    -1.89    7.79
-129608.940   188.465     0.64    6.00
-129234.304   188.951     1.30    4.92
-128859.738   188.685    -0.71    4.31
-128485.241   187.347    -3.58    2.66
-128110.813   186.810    -1.43    2.14
-127736.454   186.680    -0.35    2.04
-127362.164   187.127     1.19    2.43
-126987.943   187.631     1.35    3.14
-126613.791   189.064     3.83    4.84
-126239.708   190.633     4.20    5.98
-125865.693   191.532     2.40    6.29
-125491.748   191.453    -0.21    5.86
-125117.871   190.937    -1.38    5.27
-124744.063   189.916    -2.73    4.27
-124370.324   189.426    -1.31    3.93
-123996.654   189.054    -1.00    4.13
-123623.052   188.606    -1.20    4.41
-123249.518   188.551    -0.15    3.96
-122876.054   189.485     2.50    4.17
-122502.657   192.298     7.53    4.94
-122129.330   195.388     8.28    4.68
-121756.070   197.596     5.92    3.72
-121382.879   199.198     4.29    3.61
-121009.757   201.210     5.39    3.58
-120636.703   203.195     5.32    3.91
-120263.717   206.171     7.98    4.20
-119890.799   209.195     8.11    3.95
-119517.950   211.586     6.41    3.51
-119145.168   213.759     5.83    3.34
-118772.455   216.548     7.48    3.71
-118399.810   219.567     8.10    3.59
-118027.233   222.304     7.35    3.27
-117654.724   224.835     6.80    2.86
-117282.284   227.310     6.64    3.16
-116909.911   228.862     4.17    3.08
-116537.606   229.810     2.55    3.39
-116165.369   230.519     1.91    3.87
-115793.199   231.084     1.52    3.73
-115421.098   230.773    -0.84    3.49
-115049.064   228.269    -6.73    5.41
-114677.098   224.646    -9.74    6.47
-114305.200   221.607    -8.17    4.78
-113933.369   219.532    -5.58    3.32
-113561.606   219.386    -0.39    3.04
-113189.911   220.810     3.83    3.36
-112818.283   223.268     6.61    4.83
-112446.723   226.595     8.96    5.15
-112075.230   230.610    10.81    3.99
-111703.804   233.551     7.92    2.29
-111332.446   235.335     4.80    1.52
-110961.156   236.526     3.21    1.49
-110589.932   237.577     2.83    1.34
-110218.776   238.286     1.91    1.18
-109847.688   239.676     3.75    1.76
-109476.666   241.378     4.59    3.01
-109105.712   244.574     8.62    4.57
-108734.825   248.087     9.47    4.80
-108364.005   251.810    10.04    3.59
-107993.252   254.498     7.25    3.13
-107622.566   257.465     8.00    3.61
-107251.947   260.092     7.09    3.34
-106881.395   262.548     6.63    2.81
-106510.910   264.115     4.23    2.40
-106140.491   265.726     4.35    2.67
-105770.140   266.905     3.18    3.04
-105399.856   268.328     3.84    3.41
-105029.638   269.846     4.10    3.45
-104659.487   272.298     6.62    3.74
-104289.403   274.679     6.43    4.11
-103919.385   277.909     8.73    4.04
-103549.434   280.798     7.81    3.73
-103179.550   283.983     8.61    3.28
-102809.732   285.932     5.27    3.15
-102439.981   287.822     5.11    3.11
-102070.296   289.986     5.85    3.98
-101700.678   293.502     9.51    5.37
-101331.126   297.261    10.17    5.91
-100961.640   301.373    11.13    4.85
-100592.221   303.729     6.38    4.12
-100222.868   304.748     2.76    4.29
 -99853.582   304.524    -0.61    4.51
 -99484.362   304.317    -0.56    4.77
 -99115.208   304.304    -0.04    4.84
 -98746.120   304.029    -0.75    4.47
 -98377.098   303.834    -0.53    3.50
 -98008.142   304.304     1.28    3.10
 -97639.253   306.139     4.97    3.40
 -97270.429   308.811     7.24    3.66
 -96901.672   312.725    10.62    4.33
 -96532.980   316.872    11.25    5.21
 -96164.354   320.892    10.91    5.03
 -95795.795   323.020     5.77    4.79
 -95427.301   323.347     0.89    5.99
 -95058.873   321.835    -4.10    7.06
 -94690.510   319.774    -5.60    6.51
 -94322.214   318.578    -3.25    4.09
 -93953.983   320.198     4.40    4.41
 -93585.818   322.581     6.47    4.53
 -93217.718   325.188     7.08    2.91
 -92849.684   326.346     3.14    1.12
 -92481.716   326.203    -0.39    1.01
 -92113.813   325.268    -2.54    1.67
 -91745.976   323.595    -4.55    2.23
 -91378.204   321.643    -5.31    2.74
 -91010.498   319.035    -7.09    2.98
 -90642.857   316.164    -7.81    3.70
 -90275.281   313.042    -8.49    3.46
 -89907.771   310.569    -6.73    2.65
 -89540.326   308.734    -4.99    1.87
 -89172.946   307.505    -3.34    1.97
 -88805.631   306.375    -3.08    2.30
 -88438.382   303.963    -6.57    3.29
 -88071.198   301.761    -6.00    2.93
 -87704.078   300.786    -2.66    2.57
 -87337.024   301.448     1.80    3.19
 -86970.036   303.322     5.11    3.42
 -86603.112   305.003     4.58    2.78
 -86236.253   305.737     2.00    3.07
 -85869.459   305.688    -0.13    3.20
 -85498.360   305.749     0.16    3.17
 -85118.135   306.075     0.86    3.28
 -84737.981   306.200     0.33    3.52
 -84357.898   307.020     2.16    4.05
 -83977.885   309.457     6.41    5.08
 -83597.942   312.335     7.58    5.37
 -83218.070   317.193    12.79    7.26
 -82838.267   323.413    16.38    8.95
 -82458.535   331.174    20.44   10.71
 -82078.873   339.183    21.09    9.35
 -81699.282   347.335    21.48    9.66
 -81319.760   353.573    16.44    9.61
 -80940.309   358.033    11.76    9.99
 -80560.927   360.493     6.48   10.49
 -80181.616   359.452    -2.74   11.53
 -79802.374   356.934    -6.64   12.61
 -79423.203   355.127    -4.76   11.98
 -79044.101   353.822    -3.44   10.88
 -78665.069   353.664    -0.42    9.80
 -78286.107   355.822     5.70    9.89
 -77907.215   359.710    10.26   10.41
 -77528.392   367.139    19.61   11.91
 -77149.639   374.660    19.86   11.63
 -76770.956   383.261    22.71   11.60
 -76392.342   391.084    20.66    9.88
 -76013.798   398.280    19.01    9.41
 -75635.324   404.503    16.44    7.42
 -75256.918   408.872    11.55    6.98
 -74878.583   411.348     6.54    6.08
 -74500.317   412.151     2.12    5.95
 -74122.120   412.032    -0.31    6.09
 -73743.992   411.032    -2.64    5.61
 -73365.934   410.761    -0.72    4.35
 -72987.945   411.639     2.32    3.54
 -72610.025   412.688     2.78    3.32
 -72232.175   414.042     3.58    3.42
 -71854.393   415.292     3.31    4.08
 -71476.681   417.144     4.90    7.08
 -71099.038   422.196    13.38   12.56
 -70721.464   428.526    16.77   16.35
 -70343.959   440.020    30.45   18.73
 -69966.522   451.785    31.17   18.42
 -69589.155   462.476    28.33   18.21
 -69211.857   471.849    24.84   16.94
 -68834.627   478.834    18.52   13.18
 -68457.467   482.259     9.08   14.36
 -68080.375   479.363    -7.68   19.02
 -67703.351   471.849   -19.93   21.41
 -67326.397   463.539   -22.05   22.17
 -66949.511   454.378   -24.31   19.79
 -66572.694   444.369   -26.56   18.26
 -66195.945   420.260   -64.00   35.60
 -65819.265   386.032   -90.87   56.18
 -65442.653   334.749  -136.18   66.65
 -65066.110   284.208  -134.23   58.70
 -64689.635   237.020  -125.35   42.07
 -64313.229   205.566   -83.57   31.80
 -63936.891   180.235   -67.31   22.50
 -63560.621   163.103   -45.54   18.15
 -63184.420   148.310   -39.32   14.12
 -62808.287   137.119   -29.75   11.48
 -62432.222   126.477   -28.30    9.97
 -62056.225   118.452   -21.34    9.38
 -61680.297   110.226   -21.88    8.81
 -61304.436   103.583   -17.68    7.01
 -60928.644    98.032   -14.77    5.15
 -60552.919    94.926    -8.27    3.45
 -60177.263    93.810    -2.97    2.85
 -59801.674    93.375    -1.16    2.85
 -59426.154    91.292    -5.55    5.29
 -59050.701    85.890   -14.39    9.60
 -58675.316    76.408   -25.26   14.37
 -58299.999    66.772   -25.67   12.33
 -57924.750    55.099   -31.11   13.87
 -57549.568    42.811   -32.75   18.61
 -57174.455    29.581   -35.27   20.98
 -56799.408    16.606   -34.60   13.22
 -56424.430    22.292    15.17   20.72
 -56049.519    44.165    58.34   38.59
 -55674.675    76.810    87.09   47.66
 -55299.900   116.260   105.27   39.72
 -54925.191   147.857    84.33   34.84
 -54550.550   178.431    81.61   31.62
 -54175.976   205.181    71.42   35.73
 -53801.470   235.473    80.89   35.74
 -53427.031   265.738    80.83   38.88
 -53052.660   299.342    89.77   36.55
 -52678.355   327.774    75.96   33.63
 -52304.118   351.477    63.34   25.59
 -51929.948   367.078    41.70   19.15
 -51555.845   378.995    31.86   14.66
 -51181.810   387.578    22.95   10.95
 -50807.841   395.310    20.68    9.60
 -50433.939   400.983    15.17    6.11
 -50060.105   404.322     8.93    4.46
 -49686.337   403.542    -2.09    6.36
 -49312.636   399.164   -11.72    9.33
 -48939.003   392.237   -18.54   12.60
 -48565.436   379.200   -34.90   16.22
 -48191.936   366.798   -33.21   17.75
 -47818.502   351.956   -39.74   17.34
 -47445.136   338.956   -34.82   15.48
 -47071.836   324.160   -39.64   13.79
 -46698.603   313.664   -28.12   12.35
 -46325.436   303.408   -27.49   10.30
 -45952.336   295.078   -22.33    9.19
 -45579.303   285.810   -24.85    9.66
 -45206.336   277.613   -21.98   10.07
 -44833.435   268.725   -23.84    9.91
 -44460.602   261.205   -20.17    8.35
 -44087.834   254.798   -17.19    5.78
 -43715.133   250.573   -11.34    4.30
 -43342.498   246.274   -11.54    5.16
 -42969.930   242.810    -9.30    5.24
 -42597.428   239.969    -7.63    3.95
 -42224.992   238.884    -2.91    2.77
 -41852.622   239.685     2.15    2.29
 -41480.319   240.761     2.89    1.60
 -41108.082   241.688     2.49    1.34
 -40735.911   242.872     3.18    1.63
 -40363.805   244.736     5.01    2.66
 -39991.766   246.934     5.91    3.09
 -39619.793   249.942     8.09    3.17
 -39247.886   252.498     6.87    3.18
 -38876.045   255.400     7.81    3.28
 -38504.270   258.198     7.53    3.37
 -38132.560   261.588     9.12    3.73
 -37760.917   264.749     8.50    4.17
 -37389.339   268.859    11.06    4.73
 -37017.827   273.366    12.13    5.71
 -36646.381   281.710    22.47   10.30
 -36275.000   290.884    24.70   13.32
 -35903.685   303.603    34.25   15.29
 -35532.436   316.688    35.25   14.95
 -35161.252   332.111    41.55   16.07
 -34790.134   345.107    35.02   15.81
 -34419.081   357.603    33.68   13.31
 -34048.094   366.514    24.02    9.80
 -33677.172   373.456    18.72    5.71
 -33306.316   377.798    11.71    4.98
 -32935.525   381.736    10.62    5.56
 -32564.799   385.176     9.28    5.66
 -32194.139   389.292    11.10    5.44
 -31823.543   392.603     8.93    4.97
 -31453.014   395.684     8.32    4.42
 -31082.549   398.066     6.43    4.31
 -30712.149   401.139     8.30    4.02
 -30341.815   403.944     7.57    3.87
 -29971.546   407.267     8.97    4.02
 -29601.342   408.585     3.56    4.18
 -29231.202   407.685    -2.43    6.48
 -28861.128   402.761   -13.31   11.43
 -28491.119   391.373   -30.78   17.53
 -28121.175   376.070   -41.37   20.97
 -27751.295   357.160   -51.12   22.74
 -27381.481   337.934   -51.99   23.57
 -27011.731   314.026   -64.66   25.13
 -26642.046   293.810   -54.69   24.92
 -26272.426   273.448   -55.09   19.74
 -25902.871   259.060   -38.93   14.34
 -25533.380   248.198   -29.40    9.60
 -25163.954   241.316   -18.63    7.11
 -24794.592   235.670   -15.29    5.95
 -24425.295   230.615   -13.69    6.13
 -24056.063   225.745   -13.19    5.42
 -23686.895   221.103   -12.58    4.92
 -23317.792   217.214   -10.54    3.61
 -22948.753   214.205    -8.15    2.71
 -22579.778   211.982    -6.03    2.11
 -22210.868   210.091    -5.13    2.08
 -21842.022   208.258    -4.97    1.75
 -21473.241   206.810    -3.93    1.66
 -21104.524   205.400    -3.82    1.49
 -20735.871   203.934    -3.98    1.67
 -20367.282   202.349    -4.30    1.98
 -19998.757   200.452    -5.15    2.25
 -19630.297   198.519    -5.25    2.34
 -19261.901   196.493    -5.50    2.18
 -18893.568   194.835    -4.50    1.84
 -18525.300   193.148    -4.58    1.63
 -18157.096   191.823    -3.60    1.64
 -17788.956   190.329    -4.06    1.69
 -17420.880   188.761    -4.26    1.91
 -17052.867   187.045    -4.66    1.98
 -16684.919   185.393    -4.49    2.08
 -16317.034   183.304    -5.68    2.10
 -15949.213   180.934    -6.44    3.20
 -15581.456   177.473    -9.41    4.96
 -15213.763   173.156   -11.74    6.53
 -14846.133   167.874   -14.37    6.60
 -14478.567   163.600   -11.63    5.91
 -14111.065   159.051   -12.38    4.56
 -13743.626   156.036    -8.21    3.66
 -13376.251   153.272    -7.52    3.33
 -13008.940   150.385    -7.86    3.98
 -12641.692   147.522    -7.80    4.49
 -12274.507   143.383   -11.27    5.62
 -11907.386   139.311   -11.09    5.32
 -11540.328   136.164    -8.57    4.81
 -11173.334   133.587    -7.02    2.74
 -10805.459   132.274    -3.57    2.16
 -10425.380   130.811    -3.85    2.43
 -10045.370   128.489    -6.11    2.99
  -9665.428   125.877    -6.88    2.74
  -9285.554   122.973    -7.64    3.15
  -8905.750   120.198    -7.31    3.13
  -8526.013   117.822    -6.26    2.90
  -8146.345   115.498    -6.12    2.79
  -7766.745   113.341    -5.68    3.19
  -7387.214   110.494    -7.50    4.26
  -7007.751   108.335    -5.69    4.73
  -6628.356   106.111    -5.86    5.71
  -6249.029   104.570    -4.06    6.61
  -5869.771   102.082    -6.56    8.05
  -5490.580    97.337   -12.51    9.84
  -5111.458    87.909   -24.87   13.51
  -4732.404    76.837   -29.21   12.62
  -4353.418    66.400   -27.54   11.53
  -3974.500    57.465   -23.58    7.14
  -3595.650    51.032   -16.98    6.64
  -3216.867    44.913   -16.15    6.29
  -2838.153    39.860   -13.34    6.26
  -2459.507    34.279   -14.74    5.26
  -2080.928    29.944   -11.45    4.87
  -1702.417    24.736   -13.76    6.11
  -1323.974    18.595   -16.23    8.26
   -945.598    10.810   -20.58    8.84
   -567.290     4.823   -15.83    6.26
   -189.050     0.967   -10.20    2.33
    189.122    -0.176    -3.02    0.16
    567.227    -0.202    -0.07    0.00
    945.265    -0.202     0.00    0.00
   1323.235    -0.202     0.00    0.00
   1701.137    -0.202     0.00    0.00
   2078.972    -0.202     0.00    0.00
   2456.740    -0.202     0.00    0.00
   2834.441    -0.202     0.00    0.00
   3212.074    -0.115     0.23    0.48
   3589.640     1.674     4.74    4.91
   3967.138     6.510    12.81   10.15
   4344.570    12.910    16.96   12.65
   4721.934    21.747    23.42   11.71
   5099.231    28.635    18.26    8.80
   5476.461    36.810    21.67   11.08
   5853.624    46.330    25.24   14.67
   6230.720    59.279    34.34   16.19
   6607.749    71.980    33.69   12.91
   6984.711    82.635    28.27   10.90
   7361.606    91.426    23.32    9.65
   7738.435    99.244    20.75    9.51
   8115.196   106.877    20.26    7.13
   8491.891   112.285    14.36    6.49
   8868.518   117.245    13.17    5.74
   9245.080   122.176    13.09    6.15
   9621.574   127.110    13.10    5.07
   9998.002   131.139    10.71    4.80
  10374.363   134.835     9.82    3.92
  10750.658   137.035     5.85    3.36
  11126.886   138.973     5.15    2.73
  11503.047   139.526     1.47    2.71
  11879.142   139.452    -0.20    2.86
  12255.171   138.687    -2.04    3.07
  12631.133   138.418    -0.71    3.11
  13007.028   138.490     0.19    3.30
  13382.858   139.613     2.99    3.76
  13758.621   141.373     4.68    3.71
  14134.318   143.465     5.57    4.07
  14509.948   145.710     5.98    4.51
  14885.513   148.735     8.05    5.11
  15261.011   151.580     7.58    5.09
  15636.443   154.185     6.94    4.68
  16011.809   155.590     3.74    4.47
  16387.109   156.286     1.85    4.42
  16762.343   156.518     0.62    4.42
  17137.511   156.673     0.41    3.92
  17512.613   157.338     1.77    3.33
  17887.649   158.489     3.07    2.80
  18262.619   159.759     3.39    2.33
  18637.524   162.526     7.38    4.14
  19012.362   166.118     9.58    4.63
  19387.135   169.773     9.75    4.30
  19761.842   173.193     9.13    3.00
  20136.483   176.200     8.03    3.38
  20511.059   179.849     9.74    4.16
  20885.569   183.107     8.70    4.28
  21260.013   186.708     9.62    3.69
  21634.392   189.385     7.15    3.07
  22008.705   192.051     7.12    2.89
  22382.953   194.563     6.71    3.18
  22757.135   196.810     6.01    2.75
  23131.252   197.747     2.50    2.47
  23505.303   193.850   -10.42    9.62
  23879.289   187.560   -16.82   12.98
  24253.210   181.242   -16.90   12.04
  24627.066   179.724    -4.06   12.03
  25000.856   187.181    19.95   15.12
  25374.581   196.772    25.66   12.72
  25748.240   205.135    22.38    3.46
  26121.835   207.110     5.29    2.59
  26495.364   209.119     5.38    3.23
  26868.829   211.310     5.87    3.43
  27242.228   213.248     5.19    3.19
  27615.562   214.272     2.74    2.68
  27988.832   215.135     2.31    2.24
  28362.036   215.259     0.33    1.95
  28735.175   215.725     1.25    1.64
  29108.250   216.203     1.28    1.61
  29481.260   215.983    -0.59    2.04
  29854.205   215.206    -2.08    2.86
  30227.085   213.648    -4.18    3.55
  30599.900   212.659    -2.65    3.42
  30972.651   213.279     1.67    3.72
  31345.337   214.708     3.83    3.82
  31717.958   216.460     4.70    3.46
  32090.515   217.114     1.75    3.50
  32463.007   217.173     0.16    3.34
  32835.434   217.324     0.40    2.77
  33207.797   218.391     2.87    2.74
  33580.096   220.208     4.88    3.21
  33952.330   222.613     6.46    3.23
  34324.500   224.706     5.62    2.10
  34696.605   226.008     3.50    1.70
  35068.646   227.114     2.97    1.20
  35440.622   228.057     2.54    1.39
  35812.535   229.535     3.97    1.75
  36184.383   230.711     3.16    1.85
  36556.167   231.732     2.75    1.53
  36927.887   232.242     1.37    1.37
  37299.542   232.640     1.07    1.32
  37671.134   233.285     1.74    1.32
  38042.661   233.811     1.42    1.26
  38414.125   234.600     2.12    1.17
  38785.524   235.035     1.17    1.44
  39156.859   235.539     1.36    2.00
  39528.131   235.745     0.56    2.82
  39899.338   236.759     2.73    3.15
  40270.482   238.311     4.18    3.33
  40641.562   240.378     5.57    3.30
  41012.578   242.837     6.63    2.24
  41383.530   244.551     4.62    2.05
  41754.418   246.035     4.00    1.62
  42125.243   247.016     2.65    1.34
  42496.004   247.048     0.09    1.58
  42866.702   246.440    -1.64    2.25
  43237.336   245.291    -3.10    2.66
  43607.906   244.329    -2.60    2.36
  43978.412   243.771    -1.50    1.72
  44348.856   244.304     1.44    1.65
  44719.235   245.758     3.93    2.15
  45089.552   247.934     5.87    3.32
  45459.804   250.985     8.24    4.32
  45829.994   254.398     9.22    5.61
  46200.120   258.785    11.85    6.65
  46570.183   263.064    11.56    7.20
  46940.182   268.123    13.67    8.48
  47310.119   274.329    16.78   10.35
  47679.992   280.162    15.77   12.30
  48049.801   285.898    15.51   13.64
  48419.548   291.429    14.96   14.43
  48789.232   295.023     9.72   14.40
  49158.852   298.494     9.39   14.79
  49528.410   300.535     5.52   13.27
  49897.904   300.824     0.78   11.14
  50267.335   300.773    -0.14    8.69
  50636.704   300.811     0.10    6.84
  51006.009   299.485    -3.59    5.22
  51375.252   297.887    -4.33    4.72
  51744.432   295.836    -5.55    4.24
  52113.549   293.093    -7.43    4.52
  52482.603   289.135   -10.72    4.71
  52851.594   286.362    -7.52    3.43
  53220.523   284.698    -4.51    2.23
  53589.389   284.897     0.54    3.19
  53958.192   286.473     4.27    4.20
  54326.933   288.887     6.55    4.54
  54695.611   291.967     8.35    4.68
  55064.226   294.990     8.20    4.75
  55432.779   298.836    10.44    5.23
  55801.270   303.073    11.50    6.67
  56169.698   308.598    15.00    9.59
  56538.063   314.089    14.91   11.46
  56906.366   317.252     8.59   10.64
  57274.607   317.598     0.94    9.18
  57642.785   316.535    -2.89    6.73
  58010.902   315.273    -3.43    5.16
  58378.955   314.595    -1.84    3.25
  58746.947   315.023     1.16    3.04
  59114.876   316.087     2.89    2.97
  59482.743   317.273     3.22    2.64
  59850.548   318.358     2.95    2.31
  60218.291   319.094     2.00    1.98
  60585.972   319.905     2.20    2.93
  60953.591   322.160     6.14    4.75
  61321.147   325.136     8.09    5.90
  61688.642   328.585     9.39    6.20
  62056.075   331.345     7.51    5.43
  62423.445   332.514     3.18    4.55
  62790.754   333.251     2.01    4.31
  63158.001   332.507    -2.03    5.91
  63525.186   332.382    -0.34    7.08
  63892.310   333.435     2.87    6.68
  64270.028   333.495     0.16    5.23
  64649.899   333.448    -0.12    3.99
  65029.704   332.703    -1.96    4.41
  65409.442   330.673    -5.35    5.05
  65789.114   330.136    -1.42    4.85
  66168.718   331.973     4.84    5.21
  66548.257   335.551     9.43    6.15
  66927.728   340.023    11.78    6.66
  67307.133   346.490    17.04    8.29
  67686.472   353.498    18.47    9.18
  68065.744   361.660    21.52    8.97
  68444.950   369.975    21.93    9.31
  68824.089   377.735    20.46    9.87
  69203.163   382.469    12.49    9.65
  69582.169   385.323     7.53    7.94
  69961.110   385.730     1.08    6.12
  70339.984   384.948    -2.07    6.03
  70718.792   384.694    -0.67    7.32
  71097.534   385.178     1.28    9.13
  71476.210   386.982     4.76   10.89
  71854.819   391.873    12.92   11.75
  72233.363   398.746    18.16   11.83
  72611.840   406.747    21.14   11.35
  72990.252   415.135    22.17   10.18
  73368.598   420.469    14.10    8.48
  73746.877   423.583     8.23    6.04
  74125.091   423.653     0.19    4.89
  74503.239   421.498    -5.70    4.90
  74881.321   418.001    -9.25    4.35
  75259.337   414.448    -9.40    4.73
  75637.288   411.429    -7.99    4.15
  76015.173   409.512    -5.07    4.12
  76392.992   409.163    -0.92    4.92
  76770.745   410.635     3.90    5.62
  77148.433   412.644     5.32    5.26
  77526.055   414.152     3.99    4.35
  77903.612   414.554     1.06    3.68
  78281.103   413.910    -1.71    3.64
  78658.529   412.273    -4.34    4.18
  79035.890   410.481    -4.75    4.44
  79413.184   408.519    -5.20    5.01
  79790.414   406.683    -4.87    4.98
  80167.578   404.185    -6.62    4.74
  80544.677   401.785    -6.37    4.47
  80921.711   398.494    -8.73    5.15
  81298.679   395.385    -8.25    5.39
  81675.582   391.428   -10.50    6.44
  82052.420   387.433   -10.60    6.68
  82429.193   382.710   -12.53    7.63
  82805.901   378.627   -10.84    6.91
  83182.543   376.266    -6.27    6.22
  83559.121   376.990     1.92    7.54
  83935.634   380.160     8.42    8.06
  84312.081   385.026    12.92    8.31
  84688.464   390.400    14.28    7.95
  85064.782   396.179    15.36    6.04
  85441.035   400.071    10.34    3.28
  85817.223   401.631     4.15    1.45
  86193.347   401.152    -1.27    2.76
  86569.405   399.393    -4.68    4.67
  86945.399   395.144   -11.30    7.95
  87321.328   388.823   -16.81   10.75
  87697.193   382.051   -18.02   12.50
  88072.993   376.635   -14.41   12.15
  88448.728   374.852    -4.75   14.41
  88824.399   377.873     8.04   17.66
  89200.005   384.974    18.90   18.41
  89575.547   386.657     4.48   16.51
  89951.024   385.001    -4.41   14.60
  90326.437   384.810    -0.51   11.96
  90701.785   386.469     4.42   11.18
  91077.069   393.135    17.76   12.65
  91452.289   402.482    24.91   10.27
  91827.444   408.406    15.79    9.23
  92202.535   413.836    14.48    8.44
  92577.562   415.902     5.51    8.31
  92952.525   416.824     2.46   10.71
  93327.424   419.684     7.63   17.97
  93702.258   422.382     7.20   21.90
  94077.029   427.003    12.33   24.26
  94451.735   429.773     7.39   22.75
  94826.377   430.749     2.60   22.12
  95200.955   430.439    -0.83   22.54
  95575.470   425.208   -13.97   19.06
  95949.920   420.273   -13.18   19.10
  96324.307   415.668   -12.30   18.77
  96698.629   407.279   -22.41   15.68
  97072.888   399.958   -19.56   13.02
  97447.083   390.465   -25.37   15.44
  97821.214   380.369   -26.98   17.29
  98195.282   368.937   -30.56   17.97
  98569.285   358.717   -27.32   12.11
  98943.226   357.323    -3.73    7.51
  99317.102   365.541    21.98   16.45
  99690.915   389.910    65.19   37.13
 100064.664   430.420   108.38   59.03
 100438.350   503.590   195.79  107.89
 100811.972   616.154   301.25  168.80
 101185.531   717.674   271.74  185.06
 101559.027   810.158   247.60  170.89
 101932.459   867.360   153.17  148.15
 102305.827   898.665    83.84  122.84
 102679.132   901.234     6.88  112.96
 103052.374   867.029   -91.64  119.34
 103425.553   850.149   -45.23  121.09
 103798.668   840.382   -26.17  135.82
 104171.721   836.595   -10.15  148.61
 104544.710   849.473    34.52  158.48
 104917.636   817.393   -86.02  171.16
 105290.498   772.278  -120.98  177.78
 105663.298   700.278  -193.12  154.94
 106036.035   620.610  -213.72  145.51
 106408.708   566.410  -145.42  132.96
 106781.319   508.029  -156.67  112.93
 107153.867   457.542  -135.51   92.81
 107526.352   412.482  -120.96   68.99
 107898.774   380.824   -85.00   36.04
 108271.133   365.759   -40.46   16.65
 108643.429   363.342    -6.49   16.78
 109015.662   364.135     2.13   17.36
 109387.833   363.173    -2.59   15.15
 109759.941   358.343   -12.98   15.68
 110131.986   354.456   -10.45   16.28
 110503.969   354.557     0.27   18.90
 110875.889   360.915    17.09   22.66
 111247.746   370.621    26.10   26.49
 111619.541   386.577    42.91   35.41
 111991.273   404.621    48.53   43.78
 112362.943   422.593    48.35   50.59
 112734.550   447.554    67.17   54.99
 113106.095   471.531    64.53   59.09
 113477.577   506.123    93.11   74.55
 113848.998   533.574    73.90   78.79
 114220.355   530.545    -8.16   77.79
 114591.651   534.837    11.56   76.81
 114962.884   567.226    87.24   92.02
 115334.055   620.067   142.35  104.06
 115705.163   676.221   151.30   72.78
 116076.210   698.505    60.05   46.02
 116447.194   683.398   -40.72   54.53
 116818.116   644.545  -104.74   54.79
 117188.976   603.380  -110.99   54.88
 117559.774   563.969  -106.28   54.21
 117930.511   518.285  -123.21   57.27
 118301.185   477.477  -110.08   59.31
 118671.797   427.016  -136.14   61.57
 119042.347   391.425   -96.04   46.08
 119412.835   381.848   -25.85   39.27
 119783.261   387.851    16.20   44.69
 120153.626   409.292    57.88   51.27
 120523.929   430.345    56.85   63.65
 120894.169   451.291    56.57   79.99
 121264.349   465.888    39.43   86.71
 121634.466   486.503    55.69   86.53
 122004.522   506.265    53.40   86.80
 122374.516   490.648   -42.20   92.03
 122744.449   447.982  -115.32  100.76
 123114.319   373.709  -200.79  105.09
 123484.129   301.298  -195.79   96.90
 123853.877   226.567  -202.09   83.03
 124223.563   165.888  -164.12   61.92
 124593.188   119.336  -125.93   36.88
 124962.751    95.916   -63.37   19.03
 125332.253    84.887   -29.85    6.51
 125701.694    81.421    -9.38    4.20
 126071.073    78.585    -7.68    2.75
 126440.391    77.025    -4.23    2.06
 126809.648    75.734    -3.50    1.89
 127178.844    74.413    -3.58    2.10
 127547.978    72.311    -5.70    2.85
 127917.051    70.447    -5.05    2.98
 128286.063    68.554    -5.13    2.54
 128655.014    67.219    -3.62    1.50
 129023.903    66.580    -1.73    1.20
 129392.732    66.206    -1.01    0.80
 129761.500    66.110    -0.26    0.61
 130130.206    66.683     1.55    1.74
 130498.852    67.811     3.06    2.93
 130867.436    68.598     2.14    3.33
 131235.960    68.695     0.26    3.29
 131604.423    68.278    -1.13    2.91
 131972.825    67.916    -0.98    2.62
 132341.166    68.035     0.32    2.62
 132709.447    68.598     1.53    2.79
 133077.666    69.551     2.59    2.95
 133445.825    70.426     2.38    3.17
 133813.924    71.190     2.08    3.40
 134181.961    71.759     1.55    3.83
 134549.938    71.837     0.21    4.15
 134917.855    71.890     0.14    4.39
 135285.710    71.962     0.20    4.29
 135653.506    72.101     0.38    4.13
 136021.240    72.165     0.18    3.60
 136388.914    71.877    -0.78    3.20
 136756.528    71.101    -2.11    2.90
 137124.082    68.928    -5.91    3.62
 137491.574    66.915    -5.48    3.78
 137859.007    64.541    -6.46    2.81
 138226.379    63.323    -3.32    1.66
 138593.691    62.978    -0.94    0.39
 138968.361    63.198     0.59    0.49
 139348.096    63.460     0.69    0.53
 139727.767    63.772     0.82    0.62
 140107.372    64.259     1.28    0.70
 140486.913    64.760     1.32    0.88
 140866.389    65.477     1.89    1.13
 141245.800    66.291     2.15    1.17
 141625.146    67.456     3.07    1.34
 142004.427    68.691     3.26    1.67
 142383.644    70.148     3.84    2.24
 142762.796    72.082     5.10    3.04
 143141.883    73.861     4.69    3.48
 143520.906    75.920     5.43    3.86
 143899.864    78.668     7.25    4.65
 144278.758    81.473     7.40    5.87
 144657.587    83.512     5.38    6.07
 145036.351    85.149     4.32    6.45
 145415.051    86.958     4.78    7.11
 145793.687    89.349     6.31    8.26
 146172.258    93.127     9.98   10.65
 146550.765    97.516    11.59   13.03
 146929.208   103.171    14.94   16.92
 147307.586   108.084    12.98   21.22
 147685.900   116.117    21.23   30.68
 148064.150   120.390    11.29   35.42
 148442.335   130.257    26.09   41.49
 148820.457   140.330    26.63   41.87
 149198.514   144.902    12.09   40.21
 149576.507   148.127     8.53   39.37
 149954.436   143.443   -12.39   39.27
 150332.301   135.926   -19.89   36.71
 150710.102   126.644   -24.57   29.85
 151087.839   121.577   -13.41   25.49
 151465.513   115.706   -15.54   20.13
 151843.122   108.811   -18.26   13.39
 152220.667   102.519   -16.66    6.01
 152598.149    99.291    -8.55    2.58
 152975.567    96.960    -6.17    3.72
 153352.921    94.576    -6.32    4.30
 153730.211    98.208     9.63   11.10
 154107.438   103.851    14.96   14.21
 154484.600   113.298    25.04   14.18
 154861.700   132.694    51.43   27.48
 155238.735   172.824   106.42   70.60
 155615.707   246.278   194.83  110.91
 155992.616   326.993   214.12  120.26
 156369.461   422.226   252.68   99.24
 156746.243   471.035   129.52   74.89
 157122.961   488.304    45.84   66.47
 157499.615   479.011   -24.67   66.64
 157876.207   452.114   -71.41   69.96
 158252.735   422.068   -79.79   79.91
 158629.199   381.201  -108.54   79.25
 159005.601   344.483   -97.54   80.79
 159381.939   318.127   -70.02   72.34
 159758.214   288.702   -78.19   64.83
 160134.426   273.148   -41.34   54.75
 160510.574   263.838   -24.75   47.68
 160886.660   258.152   -15.12   44.03
 161262.682   252.518   -14.98   38.46
 161638.641   245.356   -19.05   32.95
 162014.538   238.746   -17.58   25.95
 162390.371   236.152    -6.90   18.73
 162766.141   236.272     0.32   13.98
 163141.849   233.798    -6.58   15.96
 163517.493   233.291    -1.35   22.69
 163893.075   225.811   -19.91   29.04
 164268.594   214.023   -31.39   33.29
 164644.050   199.595   -38.42   33.16
 165019.443   181.388   -48.50   27.05
 165394.773   168.068   -35.48   16.88
 165770.041   160.929   -19.02   10.36
 166145.246   160.012    -2.44   10.93
 166520.389   161.114     2.94   11.28
 166895.469   162.113     2.66   11.36
 167270.486   163.954     4.91   12.74
 167645.441   168.758    12.81   15.63
 168020.333   176.248    19.98   18.43
 168395.163   185.649    25.08   18.64
 168769.930   196.144    28.00   18.48
 169144.635   213.171    45.44   26.41
 169519.277   243.745    81.60   47.13
 169893.857   300.683   151.98   79.10
 170268.375   365.720   173.63   98.62
 170642.831   436.324   188.52  100.43
 171017.224   492.149   149.09   99.81
 171391.555   550.006   154.54   81.84
 171765.824   589.745   106.16   76.13
 172140.031   632.747   114.90   76.58
 172514.175   676.285   116.35   79.85
 172888.257   747.311   189.84   82.34
 173262.278   810.561   169.08   67.37
 173636.236   831.065    54.82   73.36
 174010.132   822.565   -22.73   98.47
 174383.967   788.022   -92.39  125.74
 174757.739   741.442  -124.60  116.61
 175131.449   706.032   -94.74   95.14
 175505.098   703.645    -6.39   85.30
 175878.685   716.064    33.24   89.90
 176252.209   749.645    89.89   98.10
 176625.673   811.152   164.67  113.26
 176999.074   901.812   242.76  151.57
 177372.413  1009.864   289.38  179.49
 177745.691  1092.051   220.14  154.72
 178118.907  1134.627   114.06  109.99
 178492.062  1150.140    41.57   97.19
 178865.155  1145.889   -11.39  110.13
 179238.186  1131.878   -37.55  122.91
 179611.156  1129.272    -6.99  116.43
 179984.065  1102.011   -73.09  105.41
 180356.911  1070.580   -84.29  107.11
 180729.697  1028.011  -114.17  116.35
 181102.421   991.759   -97.25  121.85
 181475.083   936.837  -147.35  110.38
 181847.684   893.954  -115.07  104.36
 182220.224   858.473   -95.22  107.38
 182592.703   810.131  -129.76  109.52
 182965.120   746.149  -171.78  104.25
 183337.476   686.720  -159.58   97.22
 183709.771   626.291  -162.29   70.39
 184082.005   588.087  -102.62   48.19
 184454.177   552.183   -96.46   35.72
 184826.289   526.956   -67.78   28.73
 185198.339   510.811   -43.39   23.01
 185570.328   501.198   -25.84   19.39
 185942.257   499.889    -3.52   23.38
 186314.124   500.478     1.58   22.25
 186685.930   495.398   -13.66   16.10
 187057.675   489.665   -15.42   12.89
 187429.360   482.693   -18.75   14.91
 187800.984   477.028   -15.24   15.41
 188172.546   472.029   -13.45   15.43
 188544.048   464.068   -21.42   18.70
 188915.489   459.423   -12.50   23.72
 189286.870   457.326    -5.65   30.20
 189658.189   456.265    -2.85   33.17
 190029.448   461.003    12.76   34.40
 190400.647   465.048    10.89   30.49
 190771.784   473.051    21.56   22.62
 191142.861   475.337     6.16   25.14
 191513.878   476.562     3.30   25.74
 191884.834   474.614    -5.25   20.85
 192255.729   468.365   -16.84   18.81
 192626.564   452.998   -41.43   25.21
 192997.339   429.215   -64.13   35.41
 193368.053   407.336   -59.01   35.98
 193738.707   396.534   -29.14   33.03
 194109.300   399.335     7.56   37.35
 194479.833   400.406     2.89   38.10
 194850.306   407.311    18.64   34.81
 195220.718   407.164    -0.40   36.68
 195591.071   418.731    31.23   41.53
 195961.363   444.953    70.80   28.44
 196331.594   458.022    35.29   21.50
 196701.766   466.825    23.78    9.00
 197071.878   467.720     2.42    6.16
 197441.929   466.437    -3.47    5.74
 197811.921   464.435    -5.41    4.18
 198181.852   462.173    -6.11    4.47
 198551.723   457.093   -13.73    9.55
 198921.535   451.006   -16.46   12.89
 199291.286   440.574   -28.21   20.74
 199660.978   422.702   -48.34   32.60
 200030.609   411.232   -31.03   36.33
 200400.181   401.812   -25.48   38.41
 200769.693   374.337   -74.34   52.23
 201139.145   342.387   -86.47   58.35
 201508.538   319.408   -62.20   51.50
 201877.870   296.520   -61.96   36.39
 202247.143   290.722   -15.70   33.75
 202616.357   284.673   -16.38   31.67
 202985.510   279.811   -13.17   29.17
 203354.604   272.034   -21.07   22.61
 203723.639   265.508   -17.68   18.80
 204092.614   264.839    -1.81   18.75
 204461.529   266.311     3.99   22.64
 204830.385   272.341    16.34   23.11
 205199.181   276.061    10.09   22.49
 205567.918   280.923    13.18   24.01
 205936.595   282.758     4.98   26.09
 206305.214   289.906    19.39   33.79
 206673.772   294.910    13.58   35.54
 207042.272   304.312    25.51   37.82
 207410.712   320.234    43.21   42.92
 207779.093   341.367    57.36   40.60
 208147.414   360.977    53.23   31.22
 208515.677   374.145    35.75   16.39
 208883.880   381.851    20.92   13.31
 209252.024   386.634    12.99   12.34
 209620.109   392.429    15.74    9.35
 209988.135   396.826    11.94    6.04
 210356.102   399.416     7.04    7.49
 210724.010   403.284    10.51   11.77
 211091.858   406.416     8.51   13.58
 211459.648   410.811    11.95   12.74
 211827.379   415.234    12.02   10.77
 212195.051   417.406     5.91    9.99
 212562.664   414.140    -8.88   14.07
 212930.218   403.866   -27.95   21.95
 213297.713   387.875   -43.51   26.73
 213669.599   366.225   -58.21   28.21
 214049.201   340.825   -66.90   36.06
 214428.739   315.598   -66.45   38.08
 214808.215   303.265   -32.50   33.52
 215187.627   293.573   -25.54   29.70
 215566.976   296.931     8.85   30.66
 215946.262   307.345    27.45   31.93
 216325.485   319.785    32.80   32.99
 216704.645   339.931    53.12   34.82
 217083.742   360.265    53.63   34.88
 217462.776   391.221    81.66   39.56
 217841.747   421.551    80.02   42.06
 218220.655   452.311    81.16   41.28
 218599.500   479.117    70.75   47.34
 218978.282   511.232    84.77   60.37
 219357.002   541.990    81.20   72.48
 219735.658   577.278    93.18   69.15
 220114.252   598.028    54.80   55.38
 220492.783   609.497    30.29   44.28
 220871.252   627.614    47.86   59.79
 221249.658   639.850    32.33   67.94
 221628.001   653.969    37.31   60.49
 222006.281   660.837    18.15   53.91
 222384.499   664.798    10.47   60.23
 222762.655   670.497    15.07   67.30
 223140.747   690.273    52.30   78.90
 223518.778   720.756    80.62   85.97
 223896.746   759.629   102.83   92.48
 224274.651   806.223   123.27   99.65
 224652.494   862.614   149.22  112.13
 225030.275   955.474   245.76  128.89
 225407.994  1045.945   239.47  134.34
 225785.650  1101.074   145.95   99.67
 226163.244  1108.416    19.44   90.41
 226540.776  1046.785  -163.22  118.36
 226918.245   949.663  -257.25  114.32
 227295.652   851.226  -260.77  104.47
 227672.998   766.487  -224.52   93.34
 228050.281   703.875  -165.92   73.89
 228427.502   652.076  -137.29   49.71
 228804.661   640.272   -31.29   52.03
 229181.758   638.034    -5.93   59.32
 229558.793   634.131   -10.35   57.47
 229935.766   626.001   -21.56   50.29
 230312.677   604.447   -57.17   44.64
 230689.526   582.568   -58.05   46.90
 231066.313   556.166   -70.06   46.26
 231443.039   528.035   -74.66   46.38
 231819.703   506.114   -58.19   42.43
 232196.305   491.420   -39.01   43.81
 232572.845   479.920   -30.54   46.20
 232949.323   469.902   -26.60   46.48
 233325.740   457.514   -32.90   43.19
 233702.096   446.811   -28.43   35.87
 234078.389   430.270   -43.95   28.90
 234454.621   411.016   -51.17   27.54
 234830.792   390.826   -53.66   23.36
 235206.901   369.557   -56.54   24.71
 235582.948   349.647   -52.94   29.16
 235958.934   330.708   -50.36   33.89
 236334.859   313.531   -45.68   29.13
 236710.722   307.561   -15.88   22.17
 237086.524   312.193    12.32   23.67
 237462.264   325.706    35.96   30.92
 237837.944   348.011    59.36   39.31
 238213.562   367.065    50.71   42.77
 238589.118   385.585    49.30   44.23
 238964.614   401.014    41.08   43.80
 239340.048   420.590    52.13   45.96
 239715.421   437.190    44.21   46.99
 240090.733   455.330    48.32   46.20
 240465.984   460.937    14.94   48.37
 240841.174   457.952    -7.95   50.30
 241216.303   448.520   -25.14   49.66
 241591.371   439.413   -24.28   46.92
 241966.377   434.565   -12.93   45.05
 242341.323   428.110   -17.21   46.68
 242716.208   426.571    -4.10   48.08
 243091.032   422.943    -9.68   47.75
 243465.796   425.176     5.96   49.14
 243840.498   431.933    18.03   50.15
 244215.140   444.078    32.41   43.93
 244589.721   446.705     7.01   36.50
 244964.241   442.478   -11.28   32.62
 245338.700   430.438   -32.15   31.87
 245713.099   419.495   -29.22   26.88
 246087.437   413.425   -16.21   22.35
 246461.715   411.042    -6.37   21.44
 246835.932   408.387    -7.09   21.39
 247210.088   408.195    -0.51   22.35
 247584.184   408.960     2.04   23.08
 247958.220   412.747    10.12   25.26
 248332.195   417.256    12.05   23.95
 248706.109   416.179    -2.88   21.27
 249079.963   417.573     3.73   19.88
 249453.757   411.179   -17.10   17.82
 249827.490   406.923   -11.39   17.13
 250201.163   402.851   -10.89   13.74
 250574.776   405.217     6.33   15.88
 250948.329   411.332    16.37   17.98
 251321.821   420.960    25.77   19.72
 251695.253   431.921    29.35   22.97
 252068.625   442.136    27.35   25.58
 252441.937   447.627    14.71   26.40
 252815.189   452.852    14.00   24.70
 253188.381   456.956    10.99   22.69
 253561.512   465.211    22.12   25.23
 253934.584   474.095    23.81   30.34
 254307.595   492.251    48.66   48.34
 254680.547   508.757    44.25   60.04
 255053.439   512.732    10.66   65.55
