-129861.761   149.822     0.00    1.18
-129491.916   148.990    -2.25    1.69
-129122.137   147.960    -2.79    2.06
-128752.425   146.291    -4.51    2.11
-128382.779   144.925    -3.70    1.94
-128013.199   143.351    -4.26    1.75
-127643.686   142.176    -3.18    1.63
-127274.239   141.096    -2.93    1.61
-126904.858   140.303    -2.15    1.66
-126535.543   139.429    -2.37    1.71
-126166.295   138.899    -1.44    1.83
-125797.113   137.888    -2.74    2.23
-125427.997   136.887    -2.71    2.88
-125058.947   134.986    -5.15    3.96
-124689.963   133.132    -5.02    4.16
-124321.045   130.877    -6.11    3.49
-123952.193   129.535    -3.64    2.51
-123583.406   128.540    -2.70    1.32
-123214.686   127.937    -1.64    1.14
-122846.032   126.892    -2.84    1.68
-122477.443   125.368    -4.13    2.29
-122108.921   123.521    -5.01    2.40
-121740.464   121.541    -5.37    2.56
-121372.073   119.233    -6.26    2.80
-121003.747   116.168    -8.32    3.79
-120635.487   112.841    -9.03    4.10
-120267.293   109.022   -10.37    4.36
-119899.164   105.065   -10.75    4.37
-119531.101   101.709    -9.12    3.81
-119163.103    99.556    -5.85    2.32
-118795.171    98.449    -3.01    0.93
-118427.304    98.364    -0.23    0.72
-118059.503    98.634     0.74    0.41
-117691.767    98.571    -0.17    0.53
-117324.097    98.181    -1.06    0.87
-116956.491    97.622    -1.52    1.12
-116588.951    96.815    -2.20    1.12
-116221.476    96.172    -1.75    1.00
-115854.067    95.388    -2.13    0.96
-115486.722    94.754    -1.73    1.19
-115119.443    94.190    -1.53    1.06
-114752.229    93.650    -1.47    1.06
-114385.080    93.213    -1.19    0.95
-114017.995    92.888    -0.89    0.97
-113650.976    92.341    -1.49    0.78
-113284.022    91.946    -1.08    0.54
-112917.133    91.739    -0.56    0.29
-112550.308    91.730    -0.02    0.26
-112182.927    91.753     0.06    0.22
-111802.689    91.803     0.13    0.00
-111422.521    91.803     0.00    0.00
-111042.424    91.803     0.00    0.00
-110662.397    91.803     0.00    0.00
-110282.440    91.803     0.00    0.00
-109902.554    91.803     0.00    0.00
-109522.737    91.803     0.00    0.00
-109142.991    91.803     0.00    0.00
-108763.315    91.803     0.00    0.00
-108383.709    91.803     0.00    0.00
-108004.173    91.803     0.00    0.00
-107624.707    91.803     0.00    0.00
-107245.311    91.803     0.00    0.00
-106865.984    91.803     0.00    0.00
-106486.728    91.803     0.00    0.00
-106107.542    91.803     0.00    0.00
-105728.425    91.803     0.00    0.00
-105349.378    91.803     0.00    0.00
-104970.401    91.803     0.00    0.00
-104591.494    91.803     0.00    0.00
-104212.656    91.803     0.00    0.00
-103833.888    91.803     0.00    0.00
-103455.189    91.803     0.00    0.00
-103076.560    91.803     0.00    0.00
-102698.000    91.803     0.00    0.00
-102319.510    91.803     0.00    0.00
-101941.090    91.803     0.00    0.00
-101562.738    91.803     0.00    0.00
-101184.456    91.803     0.00    0.00
-100806.243    91.803     0.00    0.00
-100428.100    91.803     0.00    0.00
-100050.026    91.803     0.00    0.00
 -99672.021    91.828     0.07    0.16
 -99294.085    92.098     0.71    0.65
 -98916.218    92.779     1.80    1.22
 -98538.421    93.585     2.13    1.35
 -98160.692    94.478     2.36    1.19
 -97783.032    95.264     2.08    1.05
 -97405.442    96.050     2.08    1.20
 -97027.920    96.990     2.49    1.22
 -96650.467    97.889     2.38    1.16
 -96273.083    98.803     2.42    1.11
 -95895.768    99.526     1.92    1.12
 -95518.522   100.186     1.75    1.23
 -95141.344   100.827     1.70    1.30
 -94764.235   101.494     1.77    1.34
 -94387.195   102.059     1.50    1.42
 -94010.223   102.620     1.49    1.53
 -93633.320   103.013     1.04    1.45
 -93256.485   103.358     0.92    1.27
 -92879.719   103.383     0.07    1.29
 -92503.022   103.041    -0.91    1.46
 -92126.393   102.815    -0.60    1.76
 -91749.832   102.692    -0.33    2.39
 -91373.340   102.740     0.13    3.02
 -90996.916   102.203    -1.43    3.19
 -90620.560   101.995    -0.55    3.20
 -90244.272   101.900    -0.25    3.21
 -89868.053   101.816    -0.22    3.61
 -89491.902   101.075    -1.97    3.90
 -89115.819    99.829    -3.31    4.07
 -88739.804    98.522    -3.47    4.81
 -88363.857    97.487    -2.75    5.50
 -87987.979    97.376    -0.30    5.50
 -87612.168    98.059     1.82    4.96
 -87236.425    97.803    -0.68    6.01
 -86860.750    96.903    -2.40    7.43
 -86485.143    96.247    -1.75    8.20
 -86109.604    95.667    -1.55    8.56
 -85734.133    96.731     2.83    9.00
 -85358.729    99.433     7.20    9.71
 -84983.393   103.679    11.32    8.56
 -84608.125   109.136    14.54    4.70
 -84232.925   112.303     8.44    4.10
 -83857.792   115.315     8.03    3.60
 -83482.727   117.596     6.08    3.22
 -83107.729   120.132     6.76    2.74
 -82732.799   122.157     5.40    2.66
 -82357.936   124.352     5.86    2.48
 -81983.141   126.075     4.60    2.20
 -81608.413   127.852     4.74    1.93
 -81233.752   129.136     3.43    1.85
 -80859.159   130.730     4.25    2.07
 -80484.633   132.403     4.47    2.13
 -80110.175   134.433     5.42    2.15
 -79735.783   135.939     4.02    1.99
 -79361.459   137.478     4.11    1.74
 -78987.202   138.562     2.90    1.60
 -78613.012   139.610     2.80    1.61
 -78238.889   140.649     2.78    1.65
 -77864.833   141.754     2.95    1.80
 -77490.844   142.904     3.08    1.86
 -77116.923   144.309     3.76    2.02
 -76743.068   145.553     3.33    1.96
 -76369.280   146.940     3.71    2.01
 -75995.559   148.005     2.85    1.90
 -75621.904   149.255     3.35    1.83
 -75248.317   150.244     2.65    1.75
 -74874.796   151.022     2.08    1.82
 -74501.342   151.474     1.21    1.71
 -74127.954   151.321    -0.41    1.65
 -73754.634   150.816    -1.35    1.64
 -73381.380   149.741    -2.88    1.40
 -73008.192   148.895    -2.27    0.98
 -72635.071   148.461    -1.16    0.69
 -72262.017   148.213    -0.67    0.57
 -71889.029   148.309     0.26    0.57
 -71516.107   148.662     0.95    0.68
 -71143.252   149.059     1.07    0.75
 -70770.463   149.382     0.87    0.62
 -70397.740   149.709     0.88    0.84
 -70025.084   150.237     1.42    1.27
 -69652.494   151.035     2.14    1.83
 -69279.971   151.671     1.71    1.94
 -68907.513   152.037     0.98    1.90
 -68535.122   152.149     0.30    1.89
 -68162.796   152.198     0.13    1.78
 -67790.537   152.540     0.92    1.68
 -67418.344   152.779     0.64    1.56
 -67046.217   153.076     0.80    1.26
 -66674.156   153.434     0.96    1.11
 -66302.160   153.998     1.52    1.01
 -65930.231   154.876     2.36    1.40
 -65558.368   155.660     2.11    1.56
 -65186.570   156.481     2.21    1.62
 -64814.838   157.426     2.54    1.73
 -64443.172   158.327     2.42    1.92
 -64071.572   159.487     3.12    2.00
 -63700.037   160.642     3.11    1.95
 -63328.568   161.918     3.43    2.01
 -62957.165   163.568     4.44    2.70
 -62585.827   165.040     3.96    2.52
 -62214.555   166.056     2.74    2.05
 -61843.348   166.698     1.73    1.58
 -61472.207   166.391    -0.83    1.53
 -61101.131   166.066    -0.88    1.52
 -60730.120   166.020    -0.12    1.47
 -60359.175   166.184     0.44    1.43
 -59988.296   166.692     1.37    1.61
 -59617.481   167.329     1.72    1.70
 -59246.732   168.120     2.13    1.90
 -58876.049   169.145     2.77    2.02
 -58505.430   170.498     3.65    2.76
 -58134.876   172.063     4.22    3.24
 -57764.388   173.646     4.27    3.10
 -57393.965   174.995     3.64    2.84
 -57023.607   175.928     2.52    2.63
 -56653.314   176.904     2.64    2.36
 -56283.086   178.124     3.30    2.19
 -55912.922   179.123     2.70    1.81
 -55542.824   179.791     1.80    1.74
 -55172.791   180.431     1.73    1.68
 -54802.822   181.136     1.91    1.64
 -54432.919   181.816     1.84    1.51
 -54063.080   182.550     1.99    1.46
 -53693.306   183.346     2.15    1.56
 -53323.597   184.715     3.70    2.13
 -52953.952   185.791     2.91    2.48
 -52584.372   187.291     4.06    2.37
 -52214.856   188.665     3.72    1.77
 -51845.406   189.470     2.18    1.62
 -51476.019   189.965     1.34    1.50
 -51106.698   190.383     1.13    1.44
 -50737.440   190.605     0.60    1.38
 -50368.248   190.535    -0.19    1.39
 -49999.119   190.186    -0.95    1.31
 -49630.055   189.613    -1.55    0.96
 -49261.056   188.791    -2.23    1.88
 -48892.120   188.297    -1.34    2.36
 -48523.249   188.339     0.12    2.21
 -48154.443   188.544     0.55    1.88
 -47785.700   189.015     1.28    1.88
 -47417.022   190.396     3.74    1.59
 -47048.407   191.291     2.43    1.42
 -46679.857   192.119     2.25    1.40
 -46311.371   192.544     1.15    1.95
 -45942.949   192.905     0.98    2.57
 -45574.591   193.681     2.11    2.91
 -45206.297   194.218     1.46    2.86
 -44838.067   194.124    -0.26    2.64
 -44469.901   194.096    -0.08    2.47
 -44101.799   193.815    -0.76    2.03
 -43733.761   193.579    -0.64    1.50
 -43365.786   193.658     0.21    1.34
 -42997.875   193.777     0.32    1.40
 -42630.028   193.364    -1.12    1.81
 -42262.245   193.123    -0.65    1.73
 -41894.525   192.766    -0.97    1.45
 -41526.869   192.575    -0.52    1.21
 -41159.277   192.405    -0.46    1.17
 -40791.748   192.053    -0.96    1.32
 -40424.283   191.065    -2.69    1.63
 -40056.881   190.215    -2.31    1.63
 -39689.542   188.925    -3.51    2.14
 -39322.268   187.889    -2.82    2.53
 -38955.056   187.433    -1.24    2.51
 -38587.908   187.478     0.12    1.93
 -38220.823   187.090    -1.06    1.39
 -37853.802   186.080    -2.75    1.68
 -37486.844   184.727    -3.69    1.58
 -37109.038   183.334    -3.69    1.51
 -36729.015   181.957    -3.62    1.49
 -36349.060   180.524    -3.77    2.04
 -35969.174   178.266    -5.94    3.30
 -35589.356   175.714    -6.72    4.09
 -35209.606   173.000    -7.15    3.97
 -34829.925   170.582    -6.37    3.19
 -34450.312   168.140    -6.43    3.07
 -34070.767   165.619    -6.64    3.31
 -33691.291   162.357    -8.60    4.25
 -33311.883   158.193   -10.98    5.16
 -32932.543   153.544   -12.26    5.93
 -32553.271   149.154   -11.58    4.95
 -32174.067   145.581    -9.42    3.67
 -31794.931   142.628    -7.79    2.85
 -31415.863   140.620    -5.30    2.55
 -31036.863   138.902    -4.53    2.07
 -30657.931   137.490    -3.72    1.56
 -30279.067   136.149    -3.54    1.48
 -29900.270   135.157    -2.62    1.48
 -29521.542   133.984    -3.10    1.35
 -29142.881   132.929    -2.78    1.15
 -28764.288   131.828    -2.91    1.17
 -28385.763   130.763    -2.81    1.20
 -28007.305   129.605    -3.06    1.44
 -27628.915   128.237    -3.62    1.46
 -27250.593   126.827    -3.73    1.70
 -26872.338   125.335    -3.94    1.69
 -26494.151   123.840    -3.95    1.69
 -26116.031   122.340    -3.97    1.55
 -25737.979   121.260    -2.86    1.49
 -25359.994   120.099    -3.07    1.48
 -24982.076   119.037    -2.81    1.73
 -24604.226   117.378    -4.39    2.47
 -24226.443   115.903    -3.90    3.05
 -23848.727   113.669    -5.92    3.51
 -23471.079   111.562    -5.58    3.15
 -23093.498   109.247    -6.13    2.69
 -22715.984   107.452    -4.76    2.14
 -22338.537   105.790    -4.40    2.02
 -21961.157   104.421    -3.63    1.77
 -21583.844   103.266    -3.06    1.93
 -21206.599   102.356    -2.41    1.74
 -20829.420   101.510    -2.24    1.65
 -20452.308   100.726    -2.08    1.37
 -20075.263   100.198    -1.40    1.47
 -19698.285    99.499    -1.85    1.35
 -19321.374    98.913    -1.56    1.42
 -18944.530    98.015    -2.38    1.65
 -18567.752    97.065    -2.52    1.87
 -18191.041    95.739    -3.52    2.15
 -17814.397    94.642    -2.91    2.29
 -17437.819    93.358    -3.41    2.08
 -17061.309    92.186    -3.12    2.02
 -16684.864    90.963    -3.25    1.83
 -16308.486    89.970    -2.64    1.65
 -15932.175    88.272    -4.51    2.07
 -15555.931    86.702    -4.17    2.34
 -15179.752    84.743    -5.21    2.79
 -14803.640    82.700    -5.43    2.74
 -14427.595    80.690    -5.34    2.92
 -14051.616    78.616    -5.52    2.50
 -13675.703    76.754    -4.96    2.41
 -13299.856    74.842    -5.09    2.17
 -12924.076    73.000    -4.90    2.45
 -12548.362    70.992    -5.35    2.30
 -12172.714    69.165    -4.86    2.05
 -11797.132    67.686    -3.94    1.45
 -11421.616    66.531    -3.08    1.28
 -11046.167    65.486    -2.78    1.23
 -10670.783    64.703    -2.09    0.92
 -10295.465    64.119    -1.55    0.59
  -9920.214    63.665    -1.21    0.52
  -9545.028    63.290    -1.00    0.50
  -9169.908    63.037    -0.67    0.43
  -8794.854    62.840    -0.53    0.19
  -8419.866    62.655    -0.49    0.36
  -8044.943    62.252    -1.08    0.71
  -7670.087    61.636    -1.64    1.10
  -7295.296    60.939    -1.86    1.23
  -6920.571    60.396    -1.45    1.28
  -6545.911    59.865    -1.42    1.39
  -6171.317    59.550    -0.84    1.59
  -5796.788    59.190    -0.96    1.65
  -5422.326    58.585    -1.62    1.72
  -5047.928    57.403    -3.16    2.16
  -4673.596    55.588    -4.85    3.08
  -4299.330    50.988   -12.29    6.78
  -3925.129    44.193   -18.16    9.91
  -3550.993    36.053   -21.76   10.42
  -3176.923    28.283   -20.77    6.91
  -2802.917    23.247   -13.46    4.31
  -2428.978    19.750    -9.35    3.32
  -2055.103    16.050    -9.90    3.90
  -1681.294    12.303   -10.02    4.31
  -1307.549     8.230   -10.90    4.78
   -933.870     4.316   -10.47    3.63
   -560.256     1.815    -6.69    2.47
   -186.707     0.283    -4.10    1.02
    186.777    -0.172    -1.22    0.16
    560.196     0.150     0.86    1.70
    933.550    11.990    31.71   21.03
   1306.839    28.961    45.46   28.43
   1680.063    48.590    52.59   26.15
   2053.222    66.244    47.31    9.08
   2426.317    70.223    10.66    5.28
   2799.346    71.478     3.37    3.44
   3172.311    70.790    -1.84    3.36
   3545.211    68.739    -5.50    3.72
   3918.047    66.608    -5.72    3.62
   4290.818    64.461    -5.76    3.09
   4663.524    62.593    -5.01    2.17
   5036.166    61.303    -3.46    1.49
   5408.743    60.565    -1.98    1.27
   5781.256    59.726    -2.25    1.41
   6153.704    58.766    -2.58    1.76
   6526.087    57.790    -2.62    1.86
   6898.407    57.103    -1.85    1.52
   7270.662    56.841    -0.70    1.33
   7642.852    57.003     0.43    1.41
   8014.978    57.537     1.44    1.25
   8387.040    57.704     0.45    1.00
   8759.038    57.840     0.37    0.92
   9130.972    58.056     0.58    0.87
   9502.841    58.478     1.14    0.64
   9874.646    58.640     0.44    0.43
  10246.387    58.309    -0.89    0.86
  10618.064    57.852    -1.23    1.11
  10989.677    57.565    -0.77    1.20
  11361.226    57.436    -0.35    1.26
  11732.711    57.751     0.85    1.31
  12104.132    57.892     0.38    1.47
  12475.489    58.069     0.48    1.33
  12846.782    57.865    -0.55    1.37
  13218.012    56.914    -2.56    1.90
  13589.177    56.103    -2.19    1.79
  13960.279    55.867    -0.64    1.55
  14331.317    56.353     1.31    1.76
  14702.291    57.603     3.37    1.58
  15073.202    58.365     2.06    0.82
  15444.049    58.704     0.91    0.34
  15814.832    58.803     0.27    0.00
  16185.552    58.803     0.00    0.00
  16556.208    58.803     0.00    0.00
  16926.801    58.765    -0.10    0.19
  17297.330    58.715    -0.13    0.28
  17667.796    58.628    -0.24    0.38
  18038.198    58.499    -0.35    0.46
  18408.537    59.008     1.37    1.44
  18778.813    59.740     1.98    1.82
  19149.025    60.714     2.63    1.77
  19519.174    61.503     2.13    1.06
  19889.260    61.803     0.81    0.00
  20259.282    61.803     0.00    0.00
  20629.242    61.803     0.00    0.00
  20999.138    61.840     0.10    0.19
  21368.971    62.059     0.59    0.44
  21738.741    62.328     0.73    0.50
  22108.448    62.638     0.84    0.37
  22478.092    63.005     0.99    0.40
  22847.672    63.277     0.73    0.50
  23217.190    63.640     0.98    0.56
  23586.645    63.855     0.58    0.63
  23956.037    63.544    -0.84    1.09
  24325.367    63.072    -1.28    1.31
  24694.633    62.588    -1.31    1.18
  25063.837    62.230    -0.97    0.95
  25432.977    62.390     0.44    1.32
  25802.056    62.736     0.94    1.74
  26171.071    63.210     1.28    2.13
  26540.024    63.184    -0.07    2.17
  26908.914    62.738    -1.21    1.87
  27277.741    62.369    -1.00    1.45
  27646.506    61.878    -1.33    0.50
  28015.209    62.070     0.52    0.92
  28383.848    63.013     2.56    2.32
  28752.426    64.411     3.79    3.26
  29120.941    66.259     5.01    3.72
  29489.393    68.382     5.76    3.20
  29857.783    70.047     4.52    2.00
  30226.111    70.987     2.55    1.02
  30594.377    71.390     1.10    1.01
  30962.580    71.895     1.37    1.10
  31330.721    72.303     1.11    1.08
  31698.800    72.866     1.53    1.09
  32066.816    73.259     1.07    0.92
  32434.770    73.598     0.92    0.96
  32802.663    74.103     1.37    1.17
  33170.493    74.660     1.51    1.37
  33538.261    75.405     2.03    1.28
  33905.967    75.978     1.56    1.00
  34273.611    76.240     0.71    0.76
  34641.193    76.415     0.48    0.61
  35008.713    76.726     0.85    0.68
  35376.171    77.203     1.30    0.81
  35743.568    77.995     2.16    0.95
  36110.902    78.841     2.30    1.19
  36478.175    79.929     2.96    1.35
  36845.386    81.145     3.31    1.51
  37212.535    82.540     3.80    1.77
  37587.547    83.715     3.13    1.95
  37967.429    85.128     3.72    1.89
  38347.244    86.866     4.58    2.42
  38726.993    88.753     4.97    2.64
  39106.675    90.562     4.77    2.44
  39486.291    92.474     5.03    1.96
  39865.840    93.974     3.95    2.04
  40245.323    95.678     4.49    2.53
  40624.739    97.776     5.53    2.70
  41004.089   100.315     6.69    3.35
  41383.372   103.243     7.72    3.39
  41762.589   106.461     8.49    4.11
  42141.740   110.270    10.05    4.18
  42520.824   113.195     7.72    4.02
  42899.842   116.579     8.93    3.84
  43278.794   119.252     7.05    3.65
  43657.680   122.354     8.19    2.78
  44036.500   124.278     5.08    1.75
  44415.254   125.309     2.72    1.05
  44793.941   125.671     0.96    0.93
  45172.563   125.515    -0.41    1.08
  45551.118   125.006    -1.35    1.11
  45929.608   124.265    -1.96    1.16
  46308.031   123.641    -1.65    0.89
  46686.389   123.226    -1.10    0.63
  47064.681   122.931    -0.78    0.34
  47442.907   122.790    -0.37    0.30
  47821.067   122.491    -0.79    0.57
  48199.162   122.165    -0.86    0.78
  48577.191   121.777    -1.03    0.77
  48955.154   121.640    -0.36    0.66
  49333.051   121.678     0.10    0.58
  49710.883   121.993     0.83    0.53
  50088.650   122.297     0.80    0.50
  50466.350   122.456     0.42    0.51
  50843.986   122.565     0.29    0.51
  51221.555   122.438    -0.34    0.63
  51599.060   121.828    -1.62    1.27
  51976.498   120.816    -2.68    1.83
  52353.872   119.524    -3.42    1.98
  52731.180   118.443    -2.87    1.60
  53108.423   117.990    -1.20    1.51
  53485.601   118.198     0.55    2.16
  53862.713   119.018     2.18    3.11
  54239.760   120.393     3.65    3.72
  54616.742   121.203     2.15    3.67
  54993.659   120.240    -2.55    4.47
  55370.511   118.537    -4.52    4.82
  55747.298   115.893    -7.02    4.07
  56124.019   113.329    -6.81    1.99
  56500.676   112.208    -2.97    1.70
  56877.268   111.421    -2.09    1.64
  57253.794   110.841    -1.54    1.23
  57630.256   110.595    -0.65    0.68
  58006.653   110.753     0.42    0.27
  58382.985   110.830     0.20    0.23
  58759.253   110.877     0.13    0.35
  59135.455   110.722    -0.41    0.52
  59511.593   110.415    -0.81    0.63
  59887.666   109.950    -1.24    0.75
  60263.675   109.470    -1.28    0.75
  60639.619   109.046    -1.13    0.56
  61015.498   108.702    -0.92    0.61
  61391.313   108.115    -1.56    1.45
  61767.063   106.993    -2.99    2.33
  62142.749   104.842    -5.73    2.81
  62518.370   102.664    -5.80    2.44
  62893.927   100.053    -6.95    3.02
  63269.419    96.965    -8.22    4.69
  63644.847    83.374   -36.20   22.33
  64020.211    68.369   -39.97   26.39
  64395.511    66.290    -5.54   27.74
  64770.746    70.908    12.31   30.65
  65145.917    85.373    38.55   29.36
  65521.023   101.115    41.96   13.31
  65896.066   106.283    13.78    4.03
  66271.045   108.019     4.63    3.45
  66645.959   109.628     4.29    3.75
  67020.809   110.898     3.39    3.83
  67395.596   111.453     1.48    3.90
  67770.318   112.019     1.51    3.95
  68144.976   113.415     3.73    4.95
  68519.571   116.699     8.77    6.71
  68894.101   121.550    12.95    8.01
  69268.568   127.843    16.80    7.69
  69642.970   134.090    16.69    8.28
  70017.309   140.534    17.21    7.31
  70391.585   145.132    12.29    6.35
  70765.796   149.534    11.76    4.21
  71139.944   152.056     6.74    3.08
  71514.028   153.878     4.87    1.95
  71888.049   154.360     1.29    1.76
  72262.006   154.050    -0.83    1.82
  72635.899   153.478    -1.53    1.67
  73009.729   152.566    -2.44    1.80
  73383.495   151.231    -3.57    2.85
  73757.198   149.470    -4.71    3.33
  74130.837   147.803    -4.46    3.02
  74504.413   146.578    -3.28    1.96
  74877.926   146.072    -1.35    1.11
  75251.375   145.879    -0.52    0.81
  75624.761   145.752    -0.34    0.74
  75998.084   145.353    -1.07    0.97
  76371.343   145.211    -0.38    1.15
  76744.540   145.046    -0.44    1.25
  77117.673   144.917    -0.35    1.39
  77490.743   144.918     0.00    1.54
  77863.749   144.654    -0.71    1.59
  78236.693   144.453    -0.54    1.56
  78609.574   144.132    -0.86    1.53
  78982.391   143.803    -0.88    1.39
  79355.146   143.398    -1.09    1.22
  79727.838   142.929    -1.26    1.20
  80100.467   143.181     0.68    1.36
  80473.033   143.543     0.97    1.42
  80845.536   144.735     3.20    2.40
  81217.976   145.953     3.27    2.58
  81590.353   146.942     2.66    2.32
  81962.668   147.990     2.82    2.16
  82334.920   149.060     2.87    2.12
  82707.109   150.879     4.89    2.55
  83079.236   152.647     4.75    2.93
  83451.300   154.726     5.59    3.89
  83823.301   156.965     6.02    4.22
  84195.240   158.940     5.31    4.77
  84567.116   160.723     4.79    4.84
  84938.930   162.140     3.81    5.19
  85310.681   163.376     3.32    5.31
  85682.370   164.149     2.08    5.65
  86053.997   165.598     3.90    5.73
  86425.561   166.777     3.17    5.82
  86797.063   168.632     4.99    6.22
  87168.502   170.335     4.58    6.24
  87539.879   173.645     8.91    6.60
  87911.194   176.015     6.38    6.07
  88282.447   179.016     8.08    5.67
  88653.637   182.572     9.58    5.44
  89024.765   184.841     6.11    4.37
  89395.832   186.582     4.69    2.99
  89766.836   187.764     3.19    2.46
  90137.778   188.423     1.78    2.25
  90508.658   189.737     3.54    2.56
  90879.476   190.428     1.86    3.70
  91250.232   191.092     1.79    5.47
  91620.926   192.008     2.47    6.78
  91991.558   193.341     3.60    6.77
  92362.129   195.050     4.61    6.15
  92732.637   197.959     7.85    5.20
  93103.084   200.495     6.85    4.80
  93473.469   203.198     7.30    3.93
  93843.792   204.190     2.68    2.86
  94214.054   204.961     2.08    2.66
  94584.253   205.957     2.69    2.79
  94954.392   207.413     3.93    3.66
  95324.468   208.881     3.97    4.58
  95694.483   210.050     3.16    4.56
  96064.436   212.136     5.64    5.96
  96434.328   215.510     9.12    7.62
  96804.158   218.178     7.21    7.97
  97173.927   218.193     0.04    8.28
  97543.635   218.183    -0.03    8.97
  97913.281   219.974     4.85   10.69
  98282.866   223.905    10.64   12.45
  98652.389   229.534    15.23   11.49
  99021.851   234.123    12.42    7.40
  99391.252   237.948    10.35    8.01
  99760.591   239.373     3.86   11.67
 100129.869   240.616     3.37   13.46
 100499.086   241.453     2.27   13.37
 100868.242   242.323     2.36   12.19
 101237.337   242.504     0.49   10.73
 101606.371   247.063    12.35   11.68
 101975.343   254.257    19.50   13.92
 102344.255   263.870    26.06   12.41
 102713.106   272.335    22.95    9.24
 103081.895   278.168    15.82    7.56
 103450.624   282.365    11.38    6.95
 103819.292   285.926     9.66    4.72
 104187.899   288.942     8.18    3.99
 104556.445   291.132     5.94    3.62
 104924.930   292.972     4.99    3.27
 105293.354   294.995     5.49    2.76
 105661.718   297.027     5.52    4.73
 106030.021   297.870     2.29    5.51
 106398.263   299.415     4.20    5.09
 106766.445   301.081     4.52    3.99
 107134.565   303.765     7.29    5.55
 107502.626   307.911    11.26    7.36
 107870.626   314.408    17.65    8.91
 108238.565   320.790    17.34    8.46
 108606.443   328.257    20.30    9.03
 108974.262   334.683    17.47    8.87
 109342.019   342.524    21.32    9.40
 109709.717   350.776    22.44   10.03
 110077.354   361.128    28.15   12.72
 110444.930   371.430    28.02   14.02
 110812.446   383.816    33.70   14.50
 111179.902   394.595    29.33   13.30
 111547.298   405.021    28.37   11.35
 111914.633   413.335    22.63    8.85
 112287.093   419.686    17.05    6.10
 112666.835   424.336    12.24    4.17
 113046.513   427.815     9.16    3.43
 113426.126   430.511     7.10    3.02
 113805.674   432.815     6.07    2.91
 114185.157   434.641     4.81    2.56
 114564.576   436.063     3.75    2.73
 114943.929   436.686     1.64    3.04
 115323.218   436.881     0.51    2.91
 115702.443   437.530     1.71    2.57
 116081.603   438.546     2.68    2.39
 116460.698   440.098     4.09    2.16
 116839.728   441.400     3.44    2.18
 117218.694   443.246     4.87    2.43
 117597.596   445.222     5.21    2.85
 117976.433   447.688     6.51    3.42
 118355.206   450.303     6.90    3.51
 118733.914   453.257     7.80    3.78
 119112.558   457.289    10.65    4.85
 119491.138   462.598    14.02    7.01
 119869.653   469.136    17.27    8.15
 120248.104   476.512    19.49    9.19
 120626.491   485.737    24.38    9.18
 121004.814   494.003    21.85    9.97
 121383.072   503.738    25.73   11.01
 121761.267   513.102    24.76   10.68
 122139.397   523.527    27.57   10.24
 122517.463   531.356    20.71    8.82
 122895.466   540.737    24.82   10.88
 123273.404   550.870    26.81   11.89
 123651.278   560.315    24.99   12.97
 124029.088   568.636    22.02   10.61
 124406.835   574.365    15.17    8.04
 124784.517   578.587    11.18    7.33
 125162.136   581.457     7.60    6.87
 125539.691   582.764     3.46    6.45
 125917.182   584.335     4.16    6.13
 126294.610   587.034     7.15    5.01
 126671.973   588.257     3.24    4.74
 127049.274   589.270     2.68    4.87
 127426.510   589.056    -0.57    5.39
 127803.683   587.665    -3.69    6.00
 128180.792   585.976    -4.48    5.94
 128557.838   583.713    -6.00    5.58
 128934.820   580.816    -7.68    5.96
 129311.739   576.763   -10.75    7.00
 129688.594   572.028   -12.56    8.43
 130065.386   566.500   -14.67    9.15
 130442.115   559.948   -17.39    9.29
 130818.780   554.316   -14.95    9.14
 131195.382   548.724   -14.85    8.71
 131571.920   543.572   -13.68    8.29
 131948.396   538.630   -13.13    7.71
 132324.808   534.487   -11.00    6.94
 132701.157   530.530   -10.51    6.64
 133077.442   526.713   -10.14    6.63
 133453.665   522.434   -11.37    6.90
 133829.825   518.053   -11.65    7.32
 134205.921   513.106   -13.15    7.49
 134581.955   508.123   -13.25    7.82
 134957.925   502.056   -16.13    8.11
 135333.833   496.178   -15.64    7.70
 135709.678   490.638   -14.74    7.76
 136085.459   485.844   -12.76    7.35
 136461.178   485.426    -1.11    7.83
 136836.834   488.270     7.57   10.22
 137212.428   492.430    11.07    9.50
 137587.958   497.553    13.64    6.75
 137963.426   499.698     5.71    6.62
 138338.831   501.184     3.96    7.30
 138714.173   502.270     2.89    7.59
 139089.453   503.256     2.63    8.04
 139464.670   503.619     0.97    8.12
 139839.825   503.671     0.14    8.07
 140214.917   503.895     0.60    8.12
 140589.946   505.102     3.22    8.19
 140964.913   506.400     3.46    8.56
 141339.818   508.843     6.51    8.72
 141714.660   510.683     4.91    8.94
 142089.440   513.040     6.29    8.81
 142464.157   514.789     4.67    9.19
 142838.812   517.208     6.45    9.42
 143213.405   520.414     8.56    9.36
 143587.936   524.290    10.35    9.21
 143962.404   528.067    10.08    8.18
 144336.810   531.111     8.13    7.88
 144711.154   534.708     9.61    7.20
 145085.436   537.711     8.02    7.44
 145459.656   541.136     9.15    7.03
 145833.813   542.843     4.56    6.90
 146207.909   544.342     4.01    6.30
 146581.943   545.175     2.22    5.38
 146955.914   546.698     4.07    4.35
 147329.824   548.149     3.88    3.63
 147703.672   550.096     5.21    2.41
 148077.458   550.737     1.71    1.79
 148451.182   549.569    -3.12    3.30
 148824.844   547.111    -6.58    5.07
 149198.444   542.751   -11.67    6.24
 149571.983   538.092   -12.47    6.06
 149945.460   533.158   -13.21    5.90
 150318.875   528.563   -12.30    5.65
 150692.229   523.021   -14.84    6.87
 151065.521   516.883   -16.44    7.73
 151438.751   509.373   -20.12    8.68
 151811.920   501.600   -20.83    8.02
 152185.027   493.727   -21.10    8.77
 152558.073   485.515   -22.01    9.30
 152931.057   476.063   -25.34   11.15
 153303.980   466.830   -24.75   10.58
 153676.841   460.908   -15.88    8.05
 154049.641   457.531    -9.06    5.33
 154422.379   458.356     2.21    4.59
 154795.057   460.925     6.89    2.86
 155167.673   463.309     6.40    3.42
 155540.227   465.789     6.66    3.02
 155912.721   467.978     5.88    3.09
 156285.153   469.970     5.35    2.80
 156657.524   472.043     5.57    2.93
 157029.834   474.195     5.78    2.65
 157402.083   476.250     5.52    2.87
 157774.271   478.576     6.25    3.57
 158146.397   480.762     5.87    3.97
 158518.463   483.003     6.02    4.24
 158890.468   484.686     4.52    4.50
 159262.411   486.096     3.79    4.77
 159634.294   486.752     1.76    4.87
 160006.116   486.895     0.39    5.02
 160377.877   486.341    -1.49    5.07
 160749.577   485.350    -2.67    5.28
 161121.217   483.582    -4.76    6.16
 161492.795   480.974    -7.02    7.29
 161864.313   477.171   -10.23    7.80
 162235.770   472.154   -13.51    7.92
 162607.167   467.190   -13.36    6.10
 162978.502   462.725   -12.02    5.74
 163349.777   459.361    -9.06    5.70
 163720.992   455.504   -10.39    5.48
 164092.146   452.243    -8.79    5.29
 164463.239   448.443   -10.24    5.11
 164834.272   444.106   -11.69    5.55
 165205.245   438.869   -14.11    6.41
 165576.157   434.470   -11.86    6.54
 165947.008   429.699   -12.86    6.13
 166317.800   426.426    -8.83    5.23
 166688.530   424.671    -4.73    5.19
 167059.201   423.972    -1.89    5.51
 167429.811   423.998     0.07    5.49
 167800.361   423.500    -1.34    5.12
 168170.851   421.244    -6.09    5.47
 168541.280   418.198    -8.22    5.46
 168911.649   414.200   -10.79    5.10
 169281.959   410.235   -10.71    5.02
 169652.208   405.905   -11.69    5.29
 170022.397   401.619   -11.58    5.87
 170392.526   396.673   -13.36    6.91
 170762.594   391.790   -13.19    7.49
 171132.603   385.816   -16.14    7.85
 171502.552   380.119   -15.40    6.92
 171872.441   374.419   -15.41    5.30
 172242.270   370.224   -11.34    5.15
 172612.039   366.145   -11.03    4.54
 172981.749   364.066    -5.62    3.66
 173351.398   362.598    -3.97    3.59
 173720.988   362.158    -1.19    4.18
 174090.518   362.623     1.26    4.62
 174459.988   363.249     1.69    4.80
 174829.398   364.277     2.78    5.36
 175198.749   365.645     3.70    6.09
 175568.040   368.066     6.55    6.75
 175937.272   370.603     6.87    7.26
 176306.444   372.816     5.99    6.79
 176675.556   374.363     4.19    5.92
 177044.609   374.474     0.30    5.37
 177413.602   373.145    -3.60    5.24
 177782.536   370.400    -7.44    5.30
 178151.411   367.158    -8.79    5.49
 178520.226   362.816   -11.77    6.21
 178888.981   358.803   -10.88    5.99
 179257.678   355.076   -10.11    4.79
 179626.315   353.030    -5.55    3.83
 179994.892   351.933    -2.98    3.43
 180363.411   351.921    -0.03    3.53
 180731.870   352.658     2.00    3.57
 181100.270   354.115     3.95    4.55
 181468.611   356.963     7.73    5.90
 181836.892   360.478     9.54    6.87
 182205.115   364.738    11.57    7.10
 182573.278   369.027    11.65    6.94
 182941.383   373.230    11.42    5.72
 183309.428   375.566     6.35    4.79
 183677.414   376.176     1.66    4.01
 184045.341   374.908    -3.45    3.94
 184413.210   371.496    -9.27    4.93
 184781.019   366.040   -14.83    8.09
 185148.770   355.829   -27.76   13.73
 185516.462   343.013   -34.85   17.33
 185884.094   327.195   -43.02   18.46
 186251.669   311.843   -41.76   17.58
 186619.184   295.790   -43.67   15.51
 186989.314   283.003   -34.54   14.07
 187368.921   270.592   -32.69   11.72
 187748.464   261.816   -23.12   10.21
 188127.945   252.387   -24.84    9.20
 188507.362   243.616   -23.11   11.10
 188886.716   233.598   -26.40   14.37
 189266.007   220.639   -34.16   18.90
 189645.235   208.018   -33.27   20.27
 190024.400   202.497   -14.56   16.79
 190403.503   203.777     3.37   17.38
 190782.542   209.870    16.07   18.73
 191161.518   218.303    22.25   19.50
 191540.432   226.816    22.46   19.29
 191919.283   237.079    27.09   10.49
 192298.071   244.430    19.40    8.25
 192676.796   249.670    13.83    7.63
 193055.458   254.673    13.21    6.27
 193434.058   257.938     8.62    4.93
 193812.595   259.737     4.75    5.17
 194191.070   258.608    -2.98    6.63
 194569.482   257.183    -3.77    6.64
 194947.831   256.222    -2.54    5.88
 195326.118   256.018    -0.54    5.34
 195704.342   256.283     0.70    4.95
 196082.504   257.439     3.06    5.34
 196460.603   260.203     7.31    5.67
 196838.640   263.335     8.28    6.51
 197216.615   268.329    13.21    6.77
 197594.527   272.150    10.11    7.75
 197972.377   276.762    12.20    8.40
 198350.164   279.789     8.01    9.11
 198727.890   282.921     8.29    9.24
 199105.553   285.747     7.48    8.77
 199483.154   288.976     8.55    8.44
 199860.692   292.104     8.28    7.38
 200238.169   295.316     8.51    7.28
 200615.584   298.533     8.52    6.65
 200992.936   300.842     6.12    6.27
 201370.226   303.603     7.32    5.12
 201747.455   305.230     4.31    4.45
 202124.621   306.102     2.31    3.72
 202501.726   305.992    -0.29    3.60
 202878.768   305.060    -2.47    3.69
 203255.749   303.587    -3.91    4.09
 203632.668   301.670    -5.09    4.24
 204009.525   299.746    -5.10    4.17
 204386.320   297.606    -5.68    3.60
 204763.054   295.625    -5.26    3.04
 205139.726   293.483    -5.69    2.54
 205516.336   291.141    -6.22    2.57
 205892.884   288.405    -7.26    3.62
 206269.371   284.979    -9.10    4.39
 206645.796   281.413    -9.47    5.34
 207022.159   277.330   -10.85    5.42
 207398.461   273.470   -10.26    6.71
 207774.702   268.566   -13.03    7.96
 208150.881   261.856   -17.84    9.81
 208526.999   253.115   -23.24   11.11
 208903.055   244.979   -21.63    9.87
 209279.050   237.936   -18.73    6.58
 209654.983   233.874   -10.80    5.29
 210030.855   230.283    -9.55    7.04
 210406.666   225.860   -11.77    8.62
 210782.415   220.132   -15.24    7.70
 211158.104   215.666   -11.89    5.82
 211533.731   212.816    -7.59    2.59
 211909.297   211.510    -3.48    1.00
 212284.801   211.162    -0.93    1.01
 212660.245   212.627     3.90    5.57
 213035.628   217.224    12.24   10.84
 213410.949   223.343    16.30   12.47
 213786.209   230.270    18.45   12.25
 214161.409   236.934    17.76   11.93
 214536.547   242.921    15.96   11.32
 214911.625   249.606    17.82   10.12
 215286.642   254.965    14.29    7.37
 215661.597   260.110    13.72    7.20
 216036.492   263.986    10.34    6.78
 216411.327   267.710     9.93    7.81
 216786.100   269.689     5.28    8.35
 217160.812   270.250     1.50    7.49
 217535.464   271.676     3.81    6.48
 217910.055   275.987    11.51    7.93
 218284.586   280.442    11.89    6.93
 218659.056   284.881    11.85    6.83
 219033.465   290.214    14.24    7.40
 219407.814   294.465    11.35    7.24
 219782.102   298.411    10.54    7.17
 220156.330   300.998     6.91    7.69
 220530.497   302.614     4.32    7.21
 220904.603   302.421    -0.51    7.46
 221278.650   300.803    -4.33    7.64
 221652.635   297.046   -10.04    7.72
 222026.561   290.698   -16.97    9.54
 222400.426   283.573   -19.05    9.31
 222774.231   276.022   -20.20    7.34
 223147.976   271.523   -12.04    4.99
 223521.660   268.228    -8.82    3.85
 223895.284   266.154    -5.55    5.72
 224268.848   266.270     0.31    8.24
 224642.352   265.525    -1.99   11.37
 225015.795   259.416   -16.36   17.85
 225389.179   254.549   -13.03   20.62
 225762.502   243.527   -29.52   23.53
 226135.766   236.345   -19.24   23.87
 226508.969   232.816    -9.45   25.78
 226882.113   230.747    -5.54   26.75
 227255.196   235.713    13.31   29.29
 227628.220   239.214     9.38   31.52
 228001.183   249.712    28.14   38.65
 228374.087   266.376    44.68   40.76
 228746.931   280.673    38.34   40.05
 229119.715   299.006    49.17   28.99
 229492.440   309.056    26.96   17.49
 229865.104   318.625    25.67    9.69
 230237.709   324.641    16.14    9.30
 230610.254   333.443    23.62   10.37
 230982.740   341.323    21.15   11.67
 231355.166   348.856    20.22   11.33
 231727.532   353.920    13.60   11.67
 232099.839   363.013    24.42   12.71
 232472.086   370.884    21.14   14.09
 232844.274   377.190    16.94   14.16
 233216.402   383.283    16.37   15.47
 233588.471   389.894    17.76   16.45
 233960.480   395.938    16.24   17.28
 234332.430   401.013    13.64   20.08
 234704.321   406.081    13.62   23.62
 235076.152   408.893     7.56   26.53
 235447.924   406.981    -5.14   25.74
 235819.637   405.816    -3.13   25.21
 236191.290   404.734    -2.91   23.66
 236562.884   408.950    11.34   24.82
 236934.419   412.310     9.04   25.15
 237305.895   414.408     5.65   23.31
 237677.312   416.203     4.83   24.97
 238048.669   415.110    -2.94   27.10
 238419.968   412.703    -6.48   28.18
 238791.207   406.483   -16.75   27.43
 239162.387   396.503   -26.88   24.95
 239533.509   385.710   -29.08   24.90
 239904.571   372.977   -34.31   19.93
 240275.575   362.934   -27.06   19.20
 240646.519   349.986   -34.90   17.74
 241017.405   344.070   -15.95   15.31
 241388.232   344.310     0.65   15.38
 241759.000   348.686    11.80   15.18
 242129.709   355.722    18.98    8.42
 242500.360   356.841     3.02    6.79
 242870.952   355.652    -3.21    5.99
 243241.485   356.085     1.17    6.10
 243611.959   357.570     4.01    6.80
 243982.375   360.712     8.48    7.66
 244352.732   364.488    10.19    6.97
 244723.030   366.403     5.17    5.82
 245093.270   366.303    -0.27    5.65
 245463.452   366.550     0.67    5.52
 245833.574   367.488     2.53    5.29
 246203.639   368.625     3.07    4.58
 246573.645   369.173     1.48    4.16
 246943.592   368.241    -2.52    4.22
 247313.481   366.899    -3.63    4.41
 247683.312   364.912    -5.37    4.75
 248053.085   361.967    -7.96    5.56
 248422.799   358.083   -10.50    5.62
 248792.454   353.425   -12.60    6.51
 249162.052   350.934    -6.74    6.10
 249531.591   352.842     5.16   10.07
 249901.073   356.870    10.90   10.92
 250270.495   361.384    12.22    8.82
 250639.860   363.673     6.20    7.50
 251009.167   364.425     2.03    5.80
 251378.416   365.974     4.20    5.82
 251747.606   370.789    13.04    7.04
 252116.739   375.461    12.65    7.03
 252485.813   379.627    11.29    5.98
 252854.830   380.643     2.75    4.80
 253223.788   378.816    -4.95    5.91
 253592.689   375.461    -9.09    5.00
 253961.532   373.483    -5.36    2.99
 254330.317   373.711     0.62    2.64
 254699.044   375.447     4.71    3.04
 255067.713   378.843     9.21    4.50
 255436.325   384.474    15.27    8.73
 255804.878   392.269    21.14   12.46
 256173.374   402.323    27.28   12.67
 256541.813   409.639    19.85    9.20
 256910.193   415.460    15.80    4.77
 257278.516   420.351    13.27    8.36
 257646.782   427.639    19.78   12.93
 258014.989   437.533    26.87   15.48
 258383.140   451.046    36.70   14.71
 258751.232   463.540    33.93   15.22
 259119.268   477.573    38.12   17.73
 259487.245   490.673    35.59   17.31
 259855.166   503.330    34.39   16.54
 260223.028   518.290    40.66   22.25
 260590.834   533.331    40.88   25.82
 260958.582   543.474    27.58   24.61
 261326.273   547.914    12.07   20.91
 261694.287   541.869   -16.42   18.71
 262073.760   530.803   -29.15   18.22
 262453.172   522.376   -22.20   18.03
 262832.522   517.343   -13.26   18.05
 263211.810   514.641    -7.12   19.05
 263591.037   512.244    -6.32   20.54
 263970.203   509.095    -8.31   21.03
 264349.308   499.003   -26.61   19.86
 264728.351   491.803   -18.99   17.77
 265107.332   487.923   -10.24   16.49
 265486.253   486.122    -4.75   15.52
 265865.112   482.556    -9.41   12.81
 266243.910   482.228    -0.87   11.36
 266622.647   481.884    -0.91   11.96
 267001.323   484.016     5.63   12.76
 267379.938   486.515     6.60   12.18
 267758.492   488.912     6.33   10.34
 268136.984   489.690     2.05   11.03
 268515.416   491.470     4.70   12.82
 268893.786   490.847    -1.64   15.49
 269272.096   488.936    -5.05   15.43
 269650.345   483.489   -14.40   13.60
 270028.532   478.376   -13.51   10.37
 270406.659   471.570   -18.00    9.60
 270784.726   464.630   -18.35    8.86
 271162.731   457.722   -18.27    8.43
 271540.675   450.843   -18.20    7.78
 271918.559   444.296   -17.32    9.15
 272296.382   438.122   -16.34    8.34
 272674.145   431.777   -16.79    7.81
 273051.846   425.386   -16.92    6.95
 273429.487   419.461   -15.69    7.41
 273807.068   413.622   -15.46    7.90
 274184.588   406.244   -19.54    9.18
 274562.047   398.912   -19.42    8.91
 274939.446   392.132   -17.96    8.12
 275316.785   386.127   -15.91    7.23
 275694.063   380.630   -14.57    7.02
 276071.280   375.576   -13.39    7.00
 276448.437   372.546    -8.03    6.27
 276825.534   373.056     1.35    7.99
 277202.571   376.145     8.19   10.77
 277579.547   381.695    14.72   13.34
 277956.463   386.730    13.36   13.62
 278333.318   388.976     5.96   14.03
 278710.114   390.615     4.35   13.65
 279086.849   388.790    -4.84   11.41
 279463.524   386.858    -5.13   10.01
 279840.139   383.515    -8.87    8.05
 280216.694   379.525   -10.59    6.72
 280593.189   376.789    -7.26    6.78
 280969.624   374.763    -5.38    7.05
 281345.998   371.858    -7.72    7.43
 281722.313   369.168    -7.15    7.84
 282098.568   367.255    -5.08    7.68
 282474.763   367.222    -0.09    8.11
 282850.898   366.620    -1.60    8.63
 283226.973   367.070     1.20    8.15
 283602.989   367.273     0.54    7.76
 283978.944   366.671    -1.60    7.81
 284354.840   365.103    -4.17    8.59
 284730.676   364.256    -2.25    8.57
 285106.452   360.515    -9.95    9.30
 285482.169   355.842   -12.43   10.17
 285857.826   349.235   -17.58   10.33
 286233.423   343.176   -16.13    9.07
 286608.961   339.141   -10.74    7.37
 286984.439   338.303    -2.23    7.91
 287359.858   338.619     0.84    9.05
 287735.217   339.154     1.43   10.35
 288110.516   340.277     2.99   11.07
 288485.757   341.178     2.40   11.82
 288860.937   342.540     3.63   12.34
 289236.059   345.056     6.71   12.63
 289611.121   346.070     2.70   13.07
 289986.123   348.581     6.69   13.60
 290361.067   347.923    -1.75   13.40
 290735.951   348.497     1.53   13.87
 291110.776   346.363    -5.69   12.39
 291485.541   346.214    -0.40   11.38
 291860.248   344.123    -5.58   10.79
 292234.895   341.384    -7.31   10.08
 292609.483   336.816   -12.19    9.33
 292984.012   331.091   -15.28    8.97
 293358.482   326.255   -12.91    6.43
 293732.893   323.438    -7.52    5.09
 294107.244   316.693   -18.01   12.05
 294481.537   305.200   -30.70   18.25
 294855.771   293.392   -31.54   18.95
 295229.946   286.543   -18.30   12.00
 295604.062   288.717     5.81   11.57
 295978.119   298.096    25.07   13.35
 296352.117   309.431    30.30   10.67
 296726.057   320.243    28.90   13.40
 297099.937   329.946    25.95   10.90
 297473.759   336.563    17.70    9.73
 297847.522   340.717    11.11   10.34
 298221.227   343.587     7.68   12.43
 298594.872   346.692     8.31   13.76
 298968.459   348.762     5.54   12.97
 299341.988   349.789     2.75   12.08
 299715.458   348.789    -2.68    9.32
 300088.869   344.073   -12.63   10.78
 300462.222   338.803   -14.11   11.10
 300835.516   333.925   -13.07   10.41
 301208.752   330.351    -9.57    9.75
 301581.929   327.438    -7.80   11.77
 301955.048   325.474    -5.26   11.04
 302328.108   332.262    18.19   18.48
 302701.110   343.664    30.56   22.77
 303074.054   359.184    41.61   20.80
 303446.939   368.900    26.05   16.47
 303819.766   374.056    13.83   16.32
 304192.535   376.067     5.39   16.21
 304565.246   378.883     7.55   15.53
 304937.898   377.634    -3.35   15.79
 305310.493   376.708    -2.48   15.32
 305683.029   374.053    -7.13   15.19
 306055.507   373.627    -1.14   14.77
 306427.926   372.014    -4.33   13.96
 306800.288   371.357    -1.76   11.90
 307172.592   371.652     0.79   10.68
 307544.838   373.136     3.99   10.20
 307917.025   375.845     7.27    8.54
 308289.155   377.829     5.33    6.86
 308661.227   377.692    -0.37    4.79
 309033.241   374.724    -7.98    8.65
 309405.197   372.370    -6.33   12.14
 309777.095   370.579    -4.82   15.90
 310148.936   370.695     0.31   17.46
 310520.718   366.789   -10.50   24.91
 310892.443   351.425   -41.32   37.19
 311264.110   329.515   -58.93   42.64
 311635.720   304.406   -67.55   39.05
 312007.271   281.365   -62.00   24.54
 312378.766   267.411   -37.55   11.35
 312750.202   260.036   -19.85    8.95
 313121.581   251.668   -22.53   10.38
 313492.902   242.241   -25.38   13.30
 313864.166   229.921   -33.17   13.65
 314235.372   221.942   -21.49   10.82
 314606.521   214.790   -19.27    7.43
 314977.612   209.164   -15.16    8.78
 315348.646   199.110   -27.09   15.89
 315719.622   187.789   -30.51   17.18
 316090.541   173.843   -37.59   17.54
 316461.403   161.117   -34.31   13.33
 316832.207   152.843   -22.31   10.25
 317202.955   148.847   -10.78    7.50
 317573.644   150.519     4.51    8.35
 317944.277   159.097    23.14   17.90
 318314.852   175.443    44.10   25.54
 318685.370   193.744    49.38   22.98
 319055.831   208.896    40.89   12.31
 319426.235   216.553    20.67    7.38
 319796.582   223.296    18.20    8.70
 320166.872   230.141    18.48   10.26
 320537.104   241.470    30.59   15.38
 320907.280   257.318    42.80   25.11
 321277.398   291.141    91.36   48.59
 321647.460   336.023   121.25   67.23
 322017.465   403.803   183.13   85.83
 322387.412   465.281   166.13   71.10
 322757.303   507.154   113.17   50.89
 323127.137   531.303    65.28   21.26
 323496.914   515.749   -42.05   48.90
 323866.635   481.916   -91.48   77.67
 324236.298   435.533  -125.44   92.08
 324605.905   381.053  -147.36   78.10
 324975.455   345.981   -94.88   53.06
 325344.949   318.394   -74.64   28.23
 325714.385   305.077   -36.04   23.66
 326083.765   295.085   -27.04   24.14
 326453.089   292.625    -6.66   23.53
 326822.356   293.338     1.93   21.65
 327191.566   295.830     6.75   18.26
 327560.719   298.324     6.75   12.86
 327929.817   297.488    -2.26   14.30
 328298.857   296.240    -3.38   15.84
 328667.842   296.817     1.56   16.93
 329036.769   298.930     5.73   17.26
 329405.641   301.543     7.08   18.17
 329774.456   302.268     1.97   18.71
 330143.214   303.871     4.35   18.66
 330511.917   307.493     9.82   17.85
 330880.563   308.680     3.22   18.12
 331249.152   310.268     4.31   18.59
 331617.686   313.200     7.95   19.22
 331986.163   314.986     4.85   19.44
 332354.584   314.734    -0.68   19.25
 332722.949   316.958     6.03   18.64
 333091.258   322.639    15.42   17.90
 333459.510   332.056    25.57   15.52
 333827.707   342.639    28.73   18.39
 334195.847   354.859    33.19   23.70
 334563.931   364.173    25.30   25.44
 334931.960   368.732    12.39   21.23
 335299.932   370.447     4.66   16.46
 335667.849   371.324     2.38   13.43
 336035.709   374.337     8.19   13.20
 336403.514   379.845    14.97   13.30
 336781.147   388.748    23.57   15.17
 337160.429   411.654    60.38   34.91
 337539.651   442.233    80.61   54.77
 337918.813   490.269   126.65   68.80
 338297.916   533.360   113.63   64.66
 338676.958   570.083    96.85   54.60
 339055.941   583.435    35.22   51.18
 339434.865   589.483    15.96   48.93
 339813.728   605.338    41.84   54.89
 340192.532   618.967    35.97   63.15
 340571.277   613.622   -14.11   73.97
 340949.961   593.911   -52.04   87.40
 341328.587   549.926  -116.13   65.96
 341707.152   541.747   -21.60   52.17
 342085.658   588.241   122.80   93.91
 342464.105   649.020   160.55  102.35
 342842.492   692.318   114.39   80.99
 343220.820   727.994    94.27   47.00
