# NaN NaN NaN ;Mean Elev.(m), Avg Gradient(m/km), RMS Gradient(m/km) - SRTM1     
#   27.170 -35.821  95.331 ;Mean Elev.(m), Avg Gradient(m/km), RMS Gradient(m/km) - ASTER GDEM
#   60.009 -34.132  98.800 ;Mean Elev.(m), Avg Gradient(m/km), RMS Gradient(m/km) - GMTED2010 
  7    73.303 52476.82061240  8.43 233.486355  65.204644  7.645
  7    66.459 52476.82061304  9.79 233.483335  65.201544  7.645
  7    56.599 52476.82061369  9.72 233.480316  65.198441  9.866
  7    56.721 52476.82061433 10.71 233.477296  65.195341  9.866
  8    41.482 52511.82056021 15.30 233.488818  65.204024  8.373
  8    41.312 52511.82056085 15.84 233.485798  65.200914  8.373
  8    40.815 52511.82056150 17.34 233.482778  65.197814  8.373
  8    42.325 52511.82056214 17.14 233.479768  65.194714  8.373
  9    48.586 52546.82058937 31.35 233.501832  65.203466 17.513
  9    45.103 52546.82059002 38.11 233.498812  65.200366 17.513
  9    46.601 52546.82059066 36.16 233.495792  65.197256 17.513
  9    47.588 52546.82059131 35.31 233.492772  65.194156 17.513
  9    45.273 52546.82059195 39.63 233.489752  65.191056 17.513
 10   229.084 52581.82060479  5.49 233.492706  65.202964  4.470
 10   226.224 52581.82060544  5.62 233.489686  65.199864  4.470
 10   223.530 52581.82060608  4.00 233.486676  65.196754  4.470
 10   218.580 52581.82060673  3.06 233.483656  65.193654  4.470
 11    42.614 52616.82057596 23.42 233.476906  65.205992 15.610
 11    43.202 52616.82057661 22.51 233.473886  65.202892 15.610
 11    42.868 52616.82057725 24.55 233.470866  65.199782 15.610
 11    43.487 52616.82057790 24.58 233.467856  65.196682 15.610
 12   228.762 52651.82055198  2.04 233.500134  65.200942  3.571
 12   224.904 52651.82055263  0.58 233.497114  65.197842  3.571
 12   216.743 52651.82055392  0.14 233.491084  65.191632  3.571
 13   231.760 52686.82054531  1.00 233.485680  65.205990  3.827
 13   228.785 52686.82054595  0.30 233.482660  65.202880  3.827
 13   224.199 52686.82054660  0.59 233.479650  65.199780  3.827
 14    55.040 52721.82059416  9.38 233.490373  65.203078  8.428
 14    49.841 52721.82059481 10.17 233.487353  65.199968  8.428
 14    49.903 52721.82059545  7.75 233.484333  65.196868  8.428
 14    53.005 52721.82059610  6.94 233.481313  65.193768  8.428
 15    46.983 52756.82061687 29.21 233.471983  65.206534  7.702
 15    45.134 52756.82061751 33.42 233.468973  65.203424  7.702
 15    45.550 52756.82061816 32.04 233.465953  65.200324  7.702
 15    44.692 52756.82061880 28.15 233.462933  65.197224  7.702
 18    44.369 52861.82068171 30.04 233.501606  65.200436 10.746
 18    42.620 52861.82068236 32.81 233.498586  65.197326 10.746
 18    42.983 52861.82068300 30.98 233.495566  65.194226 10.746
 18    41.638 52861.82068365 35.81 233.492546  65.191126 10.746
 19    47.682 52896.82071140 12.56 233.485528  65.204917 17.915
 19    49.247 52896.82071205 12.00 233.482518  65.201807 17.915
 19    50.620 52896.82071269 11.84 233.479498  65.198707 17.915
 19    51.051 52896.82071334 12.24 233.476478  65.195607 17.915
 20    63.673 52931.82065904 14.06 233.473760  65.204679 11.669
 20    50.577 52931.82065969 16.42 233.470740  65.201569 11.669
 20    52.229 52931.82066033 17.92 233.467730  65.198469 11.669
 20    52.258 52931.82066098 28.34 233.464710  65.195369 11.669
 21    44.158 52966.82065958 12.13 233.500958  65.201016  4.742
 21    43.742 52966.82066022 13.11 233.497938  65.197916  4.742
 21    42.643 52966.82066087 14.08 233.494918  65.194806  4.742
 21    48.191 52966.82066151 13.89 233.491908  65.191706  4.742
 23   228.812 53036.82063640  0.48 233.476037  65.205596  4.524
 23   224.450 53036.82063704  0.71 233.473027  65.202486  4.524
 23   119.123 53036.82063769  1.22 233.470007  65.199386  4.524
 27    42.421 53176.82069431 43.87 233.493504  65.204595 17.534
 27    43.266 53176.82069496 48.08 233.490484  65.201495 17.534
 27    43.356 53176.82069560 46.65 233.487474  65.198385 17.534
 27    43.094 53176.82069625 46.16 233.484454  65.195285 17.534
 27    43.142 53176.82069689 41.86 233.481434  65.192185 17.534
 28    41.854 53211.82071451 17.12 233.485799  65.202744 13.603
 28    41.523 53211.82071515 17.56 233.482779  65.199634 13.603
 28    41.254 53211.82071580 17.73 233.479759  65.196534 13.603
 28    43.246 53211.82071644 18.95 233.476739  65.193434 13.603
 29    42.314 53246.82068259 30.35 233.485121  65.204974 20.698
 29    42.560 53246.82068323 30.57 233.482111  65.201864 20.698
 29    42.653 53246.82068388 29.63 233.479091  65.198764 20.698
 29    41.064 53246.82068452 25.59 233.476071  65.195664 20.698
 30    65.914 53281.82067063 14.52 233.495520  65.199073 15.122
 30    65.293 53281.82067127 12.49 233.492500  65.195973 15.122
 30    64.783 53281.82067192 12.43 233.489480  65.192873 15.122
 31   232.889 53316.82067720  5.86 233.497164  65.204851  4.779
 31   229.549 53316.82067785  4.87 233.494154  65.201751  4.779
 31   224.339 53316.82067849  5.19 233.491134  65.198641  4.779
 31   221.697 53316.82067914  4.11 233.488114  65.195541  4.779
 31   217.828 53316.82067978  3.03 233.485094  65.192441  4.779
 32   231.914 53351.82064305  3.51 233.488930  65.204923  4.171
 32   228.782 53351.82064369  2.78 233.485910  65.201823  4.171
 32   225.112 53351.82064433  1.82 233.482900  65.198713  4.171
 32   220.438 53351.82064498  1.79 233.479880  65.195613  4.171
 32   216.455 53351.82064562  1.25 233.476860  65.192513  4.171
 36    42.906 53491.82072465 33.68 233.486587  65.204761 14.114
 36    66.110 53491.82072529 18.20 233.483567  65.201651 14.114
 36    47.975 53491.82072594 18.79 233.480547  65.198551 14.114
 36    47.545 53491.82072658 20.42 233.477527  65.195451 14.114
 37    72.622 53526.82070646  8.77 233.491273  65.200201 11.271
 37    65.304 53526.82070710 12.28 233.488263  65.197091 11.271
 37    58.345 53526.82070775 13.74 233.485243  65.193991 11.271
 37    57.409 53526.82070839 15.34 233.482223  65.190891 11.271
 38    42.328 53561.82073494 32.12 233.479178  65.204381 15.266
 38    42.733 53561.82073558 31.53 233.476168  65.201271 15.266
 38    42.464 53561.82073623 32.19 233.473148  65.198171 15.266
 38    42.393 53561.82073687 32.76 233.470128  65.195071 15.266
 40    72.355 53631.82066846 11.10 233.500866  65.203429 19.120
 40    49.868 53631.82066910 11.42 233.497846  65.200319 19.120
 40    50.179 53631.82066975 13.17 233.494826  65.197219 19.120
 40    50.133 53631.82067039 12.46 233.491806  65.194119 19.120
 40    52.871 53631.82067104 13.77 233.488786  65.191019 19.120
 41    41.063 53666.82069119 44.32 233.488996  65.205382 18.648
 41    41.594 53666.82069183 48.57 233.485976  65.202272 18.648
 41    41.037 53666.82069248 48.96 233.482956  65.199172 18.648
 41    41.472 53666.82069312 46.58 233.479936  65.196072 18.648
 41    41.355 53666.82069377 49.30 233.476916  65.192972 18.648
 42   232.229 53701.82063964  4.62 233.490117  65.205290  4.842
 42   228.350 53701.82064029  4.69 233.487097  65.202190  4.842
 42   225.060 53701.82064093  3.31 233.484087  65.199080  4.842
 42   221.326 53701.82064158  2.31 233.481067  65.195980  4.842
 42   216.512 53701.82064222  1.99 233.478047  65.192880  4.842
 43   133.689 53736.82055065  0.73 233.475352  65.202161  3.649
 43   119.037 53736.82055129  3.31 233.472342  65.199061  3.649
 43   116.307 53736.82055194  3.87 233.469322  65.195961  3.649
 44   228.011 53771.82055722  1.27 233.498634  65.201318  3.865
 44   225.713 53771.82055786  0.80 233.495614  65.198218  3.865
 44   219.896 53771.82055851  0.96 233.492604  65.195108  3.865
 49    50.765 53946.82068193 11.18 233.479781  65.205410 14.686
 49    51.012 53946.82068258 13.13 233.476761  65.202310 14.686
 49    50.982 53946.82068322 13.73 233.473741  65.199210 14.686
 49    58.001 53946.82068387 12.48 233.470731  65.196100 14.686
 51    51.618 54016.82065004 27.62 233.504314  65.202826 22.783
 51    50.471 54016.82065069 28.75 233.501294  65.199726 22.783
 51    50.610 54016.82065133 28.01 233.498274  65.196626 22.783
 51    49.442 54016.82065198 28.45 233.495254  65.193516 22.783
 51    48.961 54016.82065262 32.53 233.492234  65.190416 22.783
 52    42.301 54051.82064789 30.30 233.499522  65.203063 17.273
 52    42.544 54051.82064853 25.66 233.496502  65.199963 17.273
 52    41.982 54051.82064918 26.23 233.493482  65.196863 17.273
 52    42.444 54051.82064982 26.27 233.490472  65.193753 17.273
 52    42.038 54051.82065047 30.87 233.487452  65.190653 17.273
 53   136.628 54086.82063968  1.98 233.487986  65.205973  4.141
 53   134.505 54086.82064033  3.58 233.484966  65.202873  4.141
 53   125.729 54086.82064097  1.97 233.481946  65.199773  4.141
 53   122.314 54086.82064162  2.85 233.478936  65.196663  4.141
 54   229.372 54121.82056490  2.55 233.470214  65.205485  4.070
 54   225.831 54121.82056554  2.60 233.467194  65.202385  4.070
 54   222.041 54121.82056619  1.73 233.464184  65.199285  4.070
 54   217.854 54121.82056683  0.93 233.461164  65.196175  4.070
 55   231.412 54156.82060022  1.24 233.491245  65.205011  4.000
 55   227.613 54156.82060087  0.76 233.488225  65.201911  4.000
 55   224.260 54156.82060151  0.57 233.485205  65.198811  4.000
 55   219.598 54156.82060216  0.17 233.482195  65.195701  4.000
 56   229.755 54191.82056346  0.22 233.476508  65.205231  3.378
 56   225.820 54191.82056411  0.84 233.473488  65.202131  3.378
 57   229.268 54226.82061175  1.55 233.493118  65.204057  4.465
 57   226.131 54226.82061240  0.14 233.490098  65.200957  4.465
 57   218.937 54226.82061369  0.71 233.484058  65.194747  4.465
 58    53.408 54261.82063138 37.09 233.492366  65.203117 24.269
 58    52.901 54261.82063203 37.89 233.489346  65.200017 24.269
 58    50.490 54261.82063267 32.82 233.486326  65.196917 24.269
 58    53.744 54261.82063332 35.58 233.483306  65.193807 24.269
 59    47.186 54296.82063622 40.09 233.489250  65.203097 20.063
 59    49.225 54296.82063687 45.19 233.486230  65.199997 20.063
 59    48.639 54296.82063751 39.97 233.483220  65.196897 20.063
 59    48.449 54296.82063816 42.54 233.480200  65.193787 20.063
 60    42.496 54331.82062772 13.20 233.483235  65.201043  8.336
 60    51.359 54331.82062836 14.58 233.480215  65.197943  8.336
 60    50.797 54331.82062901 14.93 233.477205  65.194833  8.336
 62    41.401 54401.82056952 35.54 233.490291  65.204214 20.291
 62    41.197 54401.82057016 39.80 233.487271  65.201114 20.291
 62    41.514 54401.82057080 36.19 233.484251  65.198004 20.291
 62    41.265 54401.82057145 34.99 233.481241  65.194904 20.291
 63   231.384 54436.82052670  2.53 233.481706  65.205762  4.762
 63   227.673 54436.82052735  1.79 233.478696  65.202662  4.762
 63   224.214 54436.82052799  1.60 233.475676  65.199552  4.762
 63   218.507 54436.82052864  1.77 233.472656  65.196452  4.762
 68    53.030 54611.82056041 40.21 233.489472  65.202786 17.858
 68    49.914 54611.82056105 40.14 233.486452  65.199686 17.858
 68    53.097 54611.82056170 35.93 233.483432  65.196586 17.858
 68    53.044 54611.82056234 38.33 233.480422  65.193476 17.858
 69    77.637 54646.82056755  5.37 233.489755  65.203708 14.504
 69    66.772 54646.82056819  7.08 233.486735  65.200608 14.504
 69    58.443 54646.82056884  8.75 233.483715  65.197508 14.504
 69    57.850 54646.82056948 10.33 233.480705  65.194398 14.504
 70    44.032 54681.82056836 12.42 233.486937  65.204005  9.331
 70    42.558 54681.82056900 13.49 233.483917  65.200905  9.331
 70    42.657 54681.82056964 13.63 233.480897  65.197805  9.331
 70    52.358 54681.82057029 13.75 233.477887  65.194695  9.331
 72    65.190 54751.82053990 16.66 233.495702  65.204650  8.773
 72    64.320 54751.82054054 16.48 233.492682  65.201550  8.773
 72    50.493 54751.82054119 17.71 233.489662  65.198450  8.773
 72    51.258 54751.82054183 16.91 233.486642  65.195340  8.773
 72    52.021 54751.82054248 18.44 233.483622  65.192240  8.773
 73    44.357 54786.82050731 17.11 233.481361  65.204058  4.564
 73    43.937 54786.82050795 17.47 233.478341  65.200958  4.564
 73    43.740 54786.82050860 17.96 233.475321  65.197858  4.564
 73    43.900 54786.82050924 19.46 233.472311  65.194748  4.564
 74   230.115 54821.82053380  0.83 233.496831  65.203727  3.704
 74   227.285 54821.82053444  0.00 233.493811  65.200627  3.704
 78    54.271 54961.82053556 28.08 233.493885  65.204931 21.030
 78    53.166 54961.82053620 26.34 233.490865  65.201831 21.030
 78    53.149 54961.82053685 27.63 233.487845  65.198731 21.030
 78    54.670 54961.82053749 27.99 233.484825  65.195631 21.030
 78    53.284 54961.82053813 32.21 233.481815  65.192521 21.030
 79    50.488 54996.82055716 26.88 233.487478  65.204277 18.643
 79    52.367 54996.82055780 26.39 233.484458  65.201177 18.643
 79    46.783 54996.82055845 26.54 233.481438  65.198077 18.643
 79    48.378 54996.82055909 27.18 233.478428  65.194967 18.643
 80   140.916 55031.82054673  4.79 233.488768  65.204535  4.654
 80   138.419 55031.82054738  3.01 233.485748  65.201435  4.654
 80   137.715 55031.82054802  2.14 233.482728  65.198335  4.654
 80   133.043 55031.82054867  3.43 233.479718  65.195225  4.654
 82    52.420 55101.82047705  6.32 233.473243  65.204230 16.554
 82    50.449 55101.82047770 12.64 233.470223  65.201130 16.554
 82    52.901 55101.82047834 14.94 233.467213  65.198030 16.554
 82    63.792 55101.82047899 25.10 233.464193  65.194920 16.554
 83   232.089 55136.82048192  4.63 233.495094  65.205200  5.098
 83   229.547 55136.82048257  3.06 233.492074  65.202100  5.098
 83   224.855 55136.82048321  2.77 233.489054  65.199000  5.098
 83   221.667 55136.82048386  2.03 233.486034  65.195890  5.098
 83   217.387 55136.82048450  1.63 233.483024  65.192790  5.098
 84    41.923 55171.82044421 18.95 233.481655  65.205450  4.052
 84    42.019 55171.82044485 19.58 233.478635  65.202350  4.052
 84    42.602 55171.82044550 19.09 233.475615  65.199250  4.052
 84    42.414 55171.82044614 18.47 233.472605  65.196140  4.052
 85   124.613 55206.82047727  4.43 233.488696  65.197343  3.857
 85    88.763 55206.82047791  5.51 233.485676  65.194233  3.857
 85   110.905 55206.82047856  5.82 233.482666  65.191133  3.857
 89    63.086 55346.82043959 16.15 233.488915  65.203940 11.617
 89    44.748 55346.82044024 16.75 233.485895  65.200840 11.617
 89    45.312 55346.82044088 16.88 233.482875  65.197740 11.617
 89    45.364 55346.82044153 17.52 233.479865  65.194630 11.617
 92    52.576 55451.82044152 31.21 233.485014  65.205917 23.202
 92    44.861 55451.82044216 36.48 233.481994  65.202817 23.202
 92    48.583 55451.82044281 32.88 233.478974  65.199717 23.202
 92    47.880 55451.82044345 34.99 233.475954  65.196617 23.202
 92    43.742 55451.82044410 38.34 233.472944  65.193507 23.202
 93    48.362 55486.82036517 12.14 233.475818  65.204683  8.605
 93    49.592 55486.82036582 12.01 233.472798  65.201583  8.605
 93    51.041 55486.82036646 11.94 233.469788  65.198483  8.605
 93    51.254 55486.82036710 20.98 233.466768  65.195373  8.605
