# NaN NaN NaN ;Mean Elev.(m), Avg Gradient(m/km), RMS Gradient(m/km) - SRTM1     
#  124.420  -8.039   9.711 ;Mean Elev.(m), Avg Gradient(m/km), RMS Gradient(m/km) - ASTER GDEM
#  140.578  -8.492   9.286 ;Mean Elev.(m), Avg Gradient(m/km), RMS Gradient(m/km) - GMTED2010 
  6 240.824873  61.224769   143.528   143.405  3 52440.20390454 21.708
  7 240.828420  61.226694   141.124   141.494  3 52475.20390256 47.231
  8 240.842664  61.228261   143.539   143.516  3 52510.20386068 22.361
  9 240.828252  61.225680   167.249   167.211  3 52545.20386986  5.189
 10 240.830085  61.225084   161.593   161.593  2 52580.20390079 15.159
 11 240.838372  61.226774   160.772   161.145  3 52615.20386914  7.501
 14 240.831042  61.225751   142.063   141.540  3 52720.20388500 10.145
 15 240.830353  61.224460   175.159   175.159  2 52755.20390881  4.776
 16 240.822278  61.224464   173.825   173.825  2 52790.20385761 10.190
 17 240.826804  61.227108   142.709   142.709  2 52825.20392776 34.619
 18 240.830093  61.226601   160.361   166.520  3 52860.20397345 14.539
 21 240.827601  61.225526   165.500   161.082  3 52965.20394396  6.585
 25 240.842978  61.228069   142.216   142.216  2 53105.20392918  2.343
 28 240.833831  61.226051   140.601   140.721  3 53210.20400486 43.557
 29 240.840345  61.226840   139.989   139.899  3 53245.20397272 36.473
 31 240.830942  61.226830   150.310   150.310  2 53315.20397282 19.734
 32 240.839178  61.229790   139.500   139.500  2 53350.20393883 17.608
 34 240.839752  61.230175   139.656   139.656  2 53420.20392332 10.489
 36 240.825583  61.224478   176.192   174.876  3 53490.20401367  5.373
 37 240.836583  61.226981   143.429   143.507  3 53525.20399859 21.228
 39 240.846328  61.228887   142.027   142.027  2 53595.20396425 21.727
 40 240.814617  61.225681   173.504   173.405  3 53630.20395794  9.413
 41 240.828698  61.226292   154.909   154.909  2 53665.20398109 13.766
 42 240.840259  61.227737   163.238   163.238  2 53700.20393554  6.380
 47 240.832620  61.226226   166.010   166.010  2 53875.20390616  6.965
 49 240.827021  61.226451   140.622   141.126  3 53945.20397350 32.686
 50 240.839665  61.228267   141.021   141.493  3 53980.20392060 44.989
 51 240.824240  61.225419   141.859   141.859  2 54015.20393853 42.642
 54 240.848368  61.229971   140.392   140.392  2 54120.20386057  9.794
 56 240.845144  61.228404   166.046   166.046  2 54190.20385692  1.522
 57 240.830624  61.225806   169.246   169.246  2 54225.20390164  4.591
 58 240.833792  61.226823   142.872   142.951  3 54260.20392225 19.740
 59 240.834973  61.227133   142.387   142.387  2 54295.20392589 16.247
 60 240.840323  61.227975   141.407   141.407  2 54330.20391874 30.576
 61 240.845855  61.227837   143.667   143.543  3 54365.20386342 19.072
 62 240.835069  61.227413   162.632   162.632  2 54400.20386013 18.404
 63 240.842551  61.228329   139.128   139.128  2 54435.20381754 27.124
 64 240.829202  61.228466   140.973   140.973  2 54470.20384414 17.433
 66 240.836084  61.227591   164.592   166.211  3 54540.20385881  3.756
 67 240.844354  61.228251   142.014   142.014  2 54575.20383255  8.843
 68 240.836617  61.224874   174.122   174.122  2 54610.20385067  8.570
 69 240.835259  61.226634   142.992   142.607  3 54645.20385852 21.048
 70 240.834845  61.227767   141.200   141.161  3 54680.20386017 22.666
 71 240.846825  61.228243   140.709   140.709  2 54715.20381054 44.711
 72 240.830127  61.226418   143.328   143.328  2 54750.20383049 14.969
 73 240.841091  61.227494   140.170   140.170  2 54785.20379901 33.692
 79 240.833150  61.226411   141.613   141.613  2 54995.20384742 44.639
 80 240.835882  61.227086   143.509   143.509  2 55030.20383725 17.778
 81 240.838638  61.227705   154.573   154.573  2 55065.20382807 12.799
 82 240.845947  61.228541   141.927   141.815  3 55100.20377103 25.537
 83 240.831423  61.226636   154.908   154.908  2 55135.20377289 11.481
 86 240.842172  61.228407   140.496   140.316  3 55240.20374272 16.469
 87 240.837484  61.226535   141.085   141.085  2 55275.20375993  9.057
 88 240.844955  61.227407   166.911   165.378  3 55310.20372660  9.238
 89 240.836344  61.227356   144.281   144.120  3 55345.20372897 22.451
 90 240.841089  61.225394   167.161   167.161  2 55380.20372197  7.166
 91 240.828762  61.228463   139.594   139.594  2 55415.20374904 44.060
 92 240.841171  61.227742   141.756   141.147  3 55450.20373444 36.933
 93 240.849205  61.228482   151.859   151.859  2 55485.20365921 32.496
