# NaN NaN NaN ;Mean Elev.(m), Avg Gradient(m/km), RMS Gradient(m/km) - SRTM1     
#   90.753  -0.666  27.564 ;Mean Elev.(m), Avg Gradient(m/km), RMS Gradient(m/km) - ASTER GDEM
#   97.709  -0.164  27.429 ;Mean Elev.(m), Avg Gradient(m/km), RMS Gradient(m/km) - GMTED2010 
  9   104.363 52534.80521537 22.29 236.668439  62.261613 11.761
  9   104.554 52534.80521601 30.57 236.665949  62.258463 11.761
  9   104.669 52534.80521666 39.76 236.663449  62.255323 11.761
 11   104.256 52604.80522347 38.01 236.656208  62.272571 15.397
 11   104.197 52604.80522412 45.02 236.653718  62.269421 15.397
 11   103.269 52604.80522476 47.94 236.651218  62.266281 15.397
 11   103.435 52604.80522541 36.64 236.648728  62.263131 15.397
 12   105.511 52639.80520791 24.60 236.666385  62.266130 13.159
 12   105.859 52639.80520856 25.39 236.663895  62.262990 13.159
 12   104.842 52639.80520985 45.34 236.658895  62.256700 13.159
 13   105.645 52674.80520195 22.18 236.656498  62.269595  9.943
 13   105.446 52674.80520260 23.84 236.653998  62.266455  9.943
 13   105.597 52674.80520324 22.28 236.651508  62.263305  9.943
 13   112.292 52674.80520389 19.70 236.649008  62.260165  9.943
 14   105.316 52709.80522007 16.81 236.664841  62.265360  7.449
 14   109.764 52709.80522071 15.30 236.662351  62.262220  7.449
 15   104.774 52744.80524931 20.67 236.646846  62.265406  6.648
 15   104.391 52744.80524996 16.72 236.644346  62.262266  6.648
 17   106.790 52814.80526802 49.86 236.667286  62.265092 20.034
 17   106.818 52814.80526867 51.61 236.664786  62.261952 20.034
 17   106.581 52814.80526931 50.11 236.662296  62.258802 20.034
 17   106.582 52814.80526996 42.73 236.659796  62.255662 20.034
 18   105.993 52849.80532073 40.92 236.666006  62.264112 16.986
 18   106.201 52849.80532138 46.13 236.663516  62.260972 16.986
 18   105.107 52849.80532202 49.06 236.661016  62.257822 16.986
 19   104.240 52884.80535486 31.85 236.659591  62.271573 17.300
 19   104.379 52884.80535550 48.07 236.657091  62.268433 17.300
 19   104.478 52884.80535615 52.42 236.654601  62.265283 17.300
 19   104.432 52884.80535679 50.76 236.652101  62.262143 17.300
 22   106.223 52989.80528711 21.49 236.666714  62.262803 10.220
 22   107.018 52989.80528776 21.97 236.664214  62.259663 10.220
 22   107.936 52989.80528840 20.60 236.661724  62.256513 10.220
 23   106.123 53024.80526473 14.29 236.660954  62.267111  5.938
 23   105.704 53024.80526537 14.98 236.658454  62.263971  5.938
 23   105.447 53024.80526602 15.02 236.655964  62.260821  5.938
 24   104.736 53059.80526518 14.22 236.668666  62.262963  4.889
 24   104.574 53059.80526583 13.64 236.666166  62.259823  4.889
 24   104.792 53059.80526647 13.28 236.663676  62.256673  4.889
 25   142.901 53094.80530020  2.25 236.648509  62.273114  3.214
 25   135.552 53094.80530085  3.42 236.646009  62.269974  3.214
 25   134.009 53094.80530149  3.54 236.643519  62.266824  3.214
 28   105.033 53199.80534371 49.26 236.661698  62.267282 18.245
 28   105.309 53199.80534436 53.09 236.659198  62.264132 18.245
 28   105.288 53199.80534500 51.50 236.656708  62.260992 18.245
 28   105.262 53199.80534565 44.27 236.654208  62.257842 18.245
 29   103.398 53234.80531402 18.29 236.661940  62.265362  9.215
 29   103.363 53234.80531467 20.35 236.659440  62.262222  9.215
 29   103.265 53234.80531531 23.52 236.656940  62.259072  9.215
 30   125.492 53269.80527953 22.51 236.667217  62.257819 14.661
 30   124.901 53269.80528017 21.76 236.664717  62.254679 14.661
 31   103.497 53304.80533994 49.56 236.659855  62.267187 15.794
 31   104.124 53304.80534058 48.19 236.657355  62.264037 15.794
 31   104.217 53304.80534123 48.01 236.654865  62.260897 15.794
 32   104.839 53339.80530789 21.05 236.657708  62.271010  9.212
 32   105.024 53339.80530853 22.01 236.655208  62.267870  9.212
 32   104.941 53339.80530918 23.62 236.652718  62.264720  9.212
 32   111.976 53339.80530982 23.23 236.650218  62.261580  9.212
 33   105.062 53374.80523857 14.68 236.655618  62.273890  5.729
 33   105.197 53374.80523921 15.60 236.653128  62.270740  5.729
 33   105.007 53374.80523986 17.34 236.650628  62.267600  5.729
 33   104.936 53374.80524050 17.36 236.648138  62.264450  5.729
 34   104.950 53409.80528257 11.87 236.665718  62.266564  6.158
 34   105.771 53409.80528321 11.89 236.663218  62.263414  6.158
 34   108.231 53409.80528450 12.18 236.658228  62.257124  6.158
 36   123.539 53479.80534571  6.14 236.659751  62.266927  3.643
 36   104.945 53479.80534636  8.25 236.657261  62.263787  3.643
 36   106.769 53479.80534700  8.80 236.654761  62.260637  3.643
 38   107.024 53549.80537077 12.96 236.655011  62.271903 19.267
 38   107.574 53549.80537141 12.29 236.652511  62.268763 19.267
 38   108.376 53549.80537206 12.68 236.650011  62.265613 19.267
 38   114.091 53549.80537270 13.48 236.647521  62.262473 19.267
 39   104.508 53584.80533275 25.83 236.658951  62.269600  7.732
 39   104.885 53584.80533340 25.80 236.656451  62.266460  7.732
 39   104.887 53584.80533404 25.67 236.653961  62.263310  7.732
 39   104.866 53584.80533469 25.68 236.651461  62.260170  7.732
 43   106.122 53724.80523518 29.70 236.652175  62.271325  9.226
 43   105.952 53724.80523582 29.91 236.649675  62.268185  9.226
 43   105.996 53724.80523647 29.78 236.647185  62.265035  9.226
 44   106.178 53759.80518010 29.28 236.672716  62.261152  8.476
 44   106.209 53759.80518075 31.90 236.670216  62.258002  8.476
 44   106.124 53759.80518139 30.49 236.667716  62.254862  8.476
 45   106.098 53794.80519752 30.22 236.658592  62.268211  8.560
 45   106.225 53794.80519816 29.61 236.656102  62.265061  8.560
 45   106.232 53794.80519881 29.72 236.653602  62.261921  8.560
 46   105.351 53829.80517528 21.28 236.672313  62.262119  5.305
 46   105.499 53829.80517593 20.75 236.669823  62.258969  5.305
 46   105.525 53829.80517657 20.58 236.667323  62.255829  5.305
 48   167.448 53899.80527880  6.14 236.662939  62.268804  4.393
 48   167.579 53899.80527945  7.30 236.660439  62.265654  4.393
 48   167.600 53899.80528009  6.93 236.657949  62.262514  4.393
 49   108.572 53934.80532139 42.40 236.653667  62.272069 23.656
 49   108.078 53934.80532204 46.11 236.651177  62.268929 23.656
 49   107.950 53934.80532268 44.42 236.648677  62.265779 23.656
 49   107.436 53934.80532333 40.08 236.646177  62.262639 23.656
 50   103.066 53969.80529103 15.63 236.653807  62.272207 17.069
 50   104.022 53969.80529167 15.43 236.651307  62.269067 17.069
 50   104.634 53969.80529232 15.75 236.648817  62.265917 17.069
 50   104.188 53969.80529296 18.19 236.646317  62.262777 17.069
 52   104.251 54039.80529881 27.01 236.666837  62.264355 14.654
 52   103.986 54039.80529945 39.24 236.664337  62.261215 14.654
 52   103.896 54039.80530009 46.39 236.661847  62.258065 14.654
 54   104.104 54109.80523664 17.43 236.648595  62.272993  5.154
 54   104.618 54109.80523793 18.00 236.643605  62.266703  5.154
 59   108.115 54284.80527401 13.70 236.659475  62.267101 11.370
 59   109.613 54284.80527465 16.98 236.656975  62.263951 11.370
 59   108.443 54284.80527530 18.77 236.654485  62.260811 11.370
 62   104.793 54389.80521166 20.13 236.662104  62.267283 12.692
 62   104.254 54389.80521231 24.34 236.659604  62.264143 12.692
 62   104.500 54389.80521295 25.30 236.657114  62.260993 12.692
 62   104.794 54389.80521360 32.60 236.654614  62.257853 12.692
 67   104.540 54564.80519515 12.60 236.652935  62.271507  4.470
 67   104.514 54564.80519580 12.05 236.650435  62.268367  4.470
 70   106.093 54669.80521199 46.68 236.660123  62.271352 17.527
 70   106.241 54669.80521263 53.28 236.657633  62.268212 17.527
 70   106.056 54669.80521328 51.71 236.655133  62.265062 17.527
 70   106.016 54669.80521392 49.70 236.652643  62.261922 17.527
 72   105.556 54739.80517603 17.58 236.663913  62.264539 13.353
 72   105.874 54739.80517667 22.11 236.661413  62.261399 13.353
 72   105.524 54739.80517732 25.23 236.658913  62.258249 13.353
 73   104.454 54774.80515679 41.49 236.657887  62.269439 12.286
 73   104.145 54774.80515744 44.91 236.655387  62.266289 12.286
 73   104.527 54774.80515808 42.95 236.652897  62.263149 12.286
 73   104.124 54774.80515873 38.62 236.650397  62.259999 12.286
 74   105.079 54809.80516937 23.81 236.667084  62.264912  7.473
 74   105.465 54809.80517001 22.08 236.664584  62.261772  7.473
 74   105.027 54809.80517065 22.04 236.662084  62.258622  7.473
 75   111.500 54844.80515532 12.90 236.656709  62.269205  4.002
 75   123.846 54844.80515596 11.82 236.654219  62.266065  4.002
 75   112.657 54844.80515661 12.48 236.651719  62.262915  4.002
 77   104.610 54914.80515849 11.04 236.653639  62.273543  3.869
 77   104.410 54914.80515914 12.98 236.651149  62.270403  3.869
 77   104.620 54914.80515978 12.53 236.648649  62.267253  3.869
 77   105.011 54914.80516043 12.20 236.646159  62.264113  3.869
 83   104.539 55124.80511943 50.25 236.663458  62.266095 15.286
 83   104.654 55124.80512008 50.28 236.660958  62.262955 15.286
 83   104.365 55124.80512072 48.96 236.658468  62.259805 15.286
 84   105.711 55159.80510169 25.17 236.657726  62.272369 10.025
 84   105.969 55159.80510233 32.40 236.655236  62.269229 10.025
 84   105.402 55159.80510298 34.77 236.652736  62.266079 10.025
 84   105.314 55159.80510362 34.26 236.650246  62.262939 10.025
 85   106.134 55194.80510971 19.03 236.666168  62.264607  5.826
 85   106.193 55194.80511035 21.05 236.663668  62.261467  5.826
 85   106.154 55194.80511100 20.87 236.661168  62.258317  5.826
 86   105.406 55229.80510408 16.93 236.655432  62.273267  6.353
 86   105.465 55229.80510472 19.85 236.652932  62.270127  6.353
 86   105.319 55229.80510537 20.04 236.650432  62.266977  6.353
 86   105.022 55229.80510601 19.29 236.647942  62.263837  6.353
 87   110.762 55264.80510477  9.24 236.661911  62.266541  4.543
 87   123.380 55264.80510542  6.87 236.659411  62.263401  4.543
 87   124.505 55264.80510606  7.59 236.656921  62.260251  4.543
 88   126.847 55299.80508649  5.00 236.655774  62.272438  2.913
 88   125.278 55299.80508713  6.39 236.653284  62.269288  2.913
 88   128.818 55299.80508778  6.93 236.650784  62.266148  2.913
 88   131.451 55299.80508842  5.93 236.648284  62.262998  2.913
 90   105.505 55369.80507243 49.51 236.659152  62.267943 21.741
 90   106.776 55369.80507307 46.99 236.656652  62.264793 21.741
 90   107.637 55369.80507372 44.84 236.654162  62.261653 21.741
