-260764.975   115.178     0.00    6.72
-260396.254   112.421    -7.47    7.13
-260027.468   111.141    -3.47    6.70
-259658.617   109.643    -4.06    6.29
-259289.702   108.000    -4.45    6.39
-258920.722   106.875    -3.05    6.86
-258551.678   104.716    -5.85    6.96
-258182.568   102.593    -5.75    7.75
-257813.393   101.193    -3.79    8.08
-257444.154   100.321    -2.36    7.62
-257074.850   100.100    -0.60    6.27
-256705.481   101.531     3.87    6.19
-256336.046   102.762     3.33    6.49
-255966.547   104.392     4.41    6.03
-255596.983   105.901     4.08    7.48
-255227.353   106.551     1.76    8.45
-254857.659   106.037    -1.39    9.10
-254487.899   103.299    -7.40    9.70
-254118.074   101.549    -4.73    9.41
-253748.184   100.329    -3.30    9.61
-253378.228    98.622    -4.61    8.82
-253008.207    97.026    -4.31    8.24
-252638.121    96.108    -2.48    7.08
-252267.970    94.808    -3.51    7.31
-251897.753    93.049    -4.75    7.01
-251527.470    91.789    -3.40    7.09
-251157.122    91.094    -1.88    7.43
-250786.709    90.078    -2.74    7.86
-250416.230    89.756    -0.87    7.91
-250045.685    89.532    -0.60    8.18
-249675.075    89.952     1.13    7.03
-249304.399    89.346    -1.63    5.79
-248933.658    88.439    -2.45    4.52
-248562.850    88.308    -0.35    3.59
-248191.977    88.280    -0.07    2.97
-247821.038    88.734     1.22    2.66
-247450.034    89.155     1.13    2.18
-247078.963    89.392     0.64    2.12
-246707.827    88.963    -1.16    1.92
-246336.624    88.642    -0.86    2.02
-245965.356    87.800    -2.27    2.59
-245594.021    87.123    -1.82    2.97
-245222.621    84.741    -6.41    3.87
-244851.154    80.185   -12.26    7.18
-244479.622    76.155   -10.85    8.10
-244108.023    72.165   -10.74    8.63
-243736.358    68.111   -10.90    7.74
-243364.627    65.550    -6.89    8.24
-242992.829    61.518   -10.84    9.10
-242620.965    56.759   -12.79    8.33
-242249.035    52.458   -11.56    6.98
-241877.039    49.519    -7.90    4.78
-241504.976    47.778    -4.68    3.02
-241132.847    46.911    -2.33    1.90
-240760.651    46.759    -0.41    1.98
-240388.388    47.309     1.48    3.48
-240016.060    46.975    -0.90    3.20
-239643.664    46.630    -0.93    2.28
-239271.202    46.365    -0.71    1.30
-238898.673    48.099     4.65    6.69
-238526.078    52.346    11.40   13.97
-238153.416    59.272    18.58   19.44
-237780.687    64.365    13.66   21.03
-237407.891    69.111    12.73   21.41
-237035.029    76.025    18.54   20.78
-236662.099    80.700    12.53   18.39
-236289.103    85.274    12.26   14.28
-235916.040    88.354     8.26    9.55
-235542.910    87.593    -2.04    8.85
-235169.712    85.654    -5.19    9.74
-234796.448    81.841   -10.21   11.98
-234423.117    76.442   -14.46   15.17
-234049.718    70.107   -16.96   17.25
-233676.253    63.329   -18.15   16.99
-233302.720    56.622   -17.95   13.50
-232929.120    51.667   -13.26    7.88
-232555.452    49.282    -6.38    4.32
-232181.718    48.333    -2.54    3.37
-231807.916    47.220    -2.98    2.11
-231434.046    46.506    -1.91    1.23
-231060.110    46.153    -0.95    0.59
-230686.105    48.551     6.41    7.05
-230312.034    52.988    11.86   13.32
-229937.894    59.641    17.78   17.75
-229563.688    65.082    14.54   18.83
-229189.413    69.169    10.92   18.67
-228815.071    73.627    11.91   17.24
-228440.662    77.500    10.34   18.97
-228066.184    80.798     8.80   19.34
-227691.639    82.403     4.28   20.21
-227317.026    81.146    -3.35   18.91
-226942.346    77.278   -10.32   16.47
-226567.597    74.726    -6.81   14.38
-226192.780    72.177    -6.80   12.01
-225817.896    72.122    -0.15   10.89
-225442.944    71.513    -1.62   10.00
-225067.923    71.928     1.11    9.25
-224692.835    72.304     1.00    8.15
-224317.678    72.381     0.21    7.24
-223942.454    72.373    -0.02    5.69
-223567.161    73.000     1.67    4.13
-223191.800    73.390     1.04    2.97
-222816.371    73.585     0.52    2.62
-222440.874    73.049    -1.43    3.20
-222065.308    71.768    -3.41    3.76
-221689.674    70.524    -3.31    4.16
-221313.972    69.976    -1.46    4.85
-220938.201    70.193     0.58    5.89
-220562.361    72.061     4.97    6.40
-220186.454    73.405     3.57    6.51
-219810.477    74.810     3.74    6.54
-219434.433    75.759     2.52    6.35
-219058.319    77.838     5.53    5.80
-218682.137    81.867    10.71    7.94
-218305.886    86.608    12.60    9.76
-217929.567    93.000    16.98   10.68
-217553.179    99.481    17.21   10.94
-217176.722   104.341    12.91   11.17
-216800.196   109.987    14.99   10.44
-216423.601   116.301    16.76    9.93
-216046.938   123.705    19.65    9.11
-215670.205   132.329    22.89   12.82
-215293.404   142.910    28.08   15.99
-214916.533   153.941    29.26   19.34
-214539.594   165.951    31.85   21.26
-214162.585   177.333    30.19   21.42
-213785.507   188.350    29.21   21.26
-213408.361   196.771    22.32   20.17
-213031.144   203.622    18.16   19.28
-212653.859   214.337    28.40   17.51
-212276.504   225.695    30.09   17.35
-211899.080   235.988    27.27   15.31
-211521.587   246.265    27.22   12.91
-211144.024   253.940    20.32   10.69
-210766.392   260.976    18.63    8.06
-210388.691   264.863    10.29    6.46
-210010.920   265.361     1.32    6.47
-209633.079   263.443    -5.08    7.50
-209255.169   260.048    -8.98    7.51
-208877.189   256.782    -8.64    5.24
-208499.139   255.317    -3.87    3.25
-208121.020   256.461     3.02    4.54
-207742.831   259.036     6.81    5.39
-207364.573   261.936     7.66    5.25
-206986.244   263.667     4.57    5.38
-206607.846   265.175     3.99    6.33
-206229.377   266.036     2.27    6.83
-205850.839   266.532     1.31    7.46
-205472.231   267.512     2.59    8.93
-205093.553   270.179     7.04   11.78
-204714.805   275.217    13.30   14.96
-204335.986   282.072    18.09   18.59
-203957.098   291.469    24.80   22.37
-203578.139   307.354    41.91   23.82
-203199.110   321.802    38.11   19.13
-202820.011   333.256    30.21   13.71
-202440.842   338.600    14.09    9.89
-202061.602   337.506    -2.88    9.78
-201682.292   334.321    -8.40   11.73
-201302.912   328.800   -14.55   11.43
-200923.461   324.321   -11.80   11.52
-200543.940   324.390     0.18   15.60
-200164.348   324.175    -0.57   21.46
-199784.685   323.976    -0.52   26.30
-199404.952   322.951    -2.70   27.52
-199025.149   317.795   -13.57   28.13
-198645.275   309.036   -23.05   28.07
-198265.330   300.663   -22.04   26.86
-197885.314   288.286   -32.56   26.06
-197505.227   276.274   -31.60   24.04
-197133.464   263.417   -34.58   17.59
-196766.868   256.524   -18.80   12.49
-196400.207   250.301   -16.97    9.69
-196033.481   245.835   -12.18    9.06
-195666.689   239.744   -16.60    9.15
-195299.832   231.952   -21.24   11.39
-194932.910   220.695   -30.67   15.44
-194565.922   209.720   -29.90   15.71
-194198.869   200.679   -24.63   12.33
-193831.750   196.908   -10.27   12.38
-193464.566   194.100    -7.65   14.31
-193097.317   192.226    -5.10   17.15
-192730.001   195.101     7.83   25.24
-192362.621   199.541    12.08   33.60
-191995.174   208.747    25.05   42.27
-191627.662   218.843    27.47   46.24
-191260.084   228.238    25.55   49.49
-190892.441   233.744    14.98   46.35
-190524.731   235.481     4.72   41.00
-190156.956   236.695     3.30   33.29
-189789.115   237.642     2.57   27.68
-189421.208   236.036    -4.36   24.48
-189053.235   236.549     1.39   22.04
-188685.196   236.655     0.29   19.12
-188317.091   237.049     1.07   16.58
-187948.921   234.927    -5.76   15.20
-187580.684   232.500    -6.59   14.77
-187212.381   229.595    -7.89   12.35
-186844.011   227.047    -6.92   10.34
-186475.576   223.728    -9.01    7.75
-186107.075   221.531    -5.96    6.15
-185738.507   218.383    -8.54    5.66
-185369.873   216.035    -6.37    6.33
-185001.172   213.696    -6.34    6.93
-184632.406   210.795    -7.87    8.73
-184263.572   206.577   -11.44   10.34
-183894.673   199.988   -17.86   12.31
-183525.707   191.975   -21.71   12.32
-183156.674   182.524   -25.61   16.00
-182787.575   170.873   -31.56   19.26
-182418.410   162.835   -21.77   20.88
-182049.178   156.222   -17.91   21.93
-181679.879   149.878   -17.18   22.36
-181310.513   144.000   -15.91   23.25
-180941.081   137.826   -16.71   24.37
-180571.582   134.728    -8.38   24.16
-180202.016   130.293   -12.00   26.12
-179832.384   128.074    -6.00   26.76
-179462.684   126.928    -3.10   27.24
-179092.918   126.735    -0.52   28.03
-178723.085   133.741    18.94   36.44
-178353.184   148.220    39.14   49.45
-177983.217   178.927    82.99   74.77
-177613.183   209.940    83.80   73.69
-177243.082   237.422    74.24   66.99
-176872.913   237.506     0.23   64.76
-176502.678   223.549   -37.69   50.77
-176132.375   202.241   -57.53   34.34
-175762.005   182.512   -53.26   22.08
-175391.568   167.711   -39.95   14.98
-175021.063   157.244   -28.25   11.64
-174650.491   151.317   -15.99   10.07
-174279.852   145.099   -16.77    9.10
-173909.145   140.512   -12.37    8.54
-173538.371   135.195   -14.34    5.49
-173167.529   132.061    -8.45    3.43
-172796.620   131.062    -2.69    3.49
-172425.644   131.094     0.09    4.19
-172054.599   131.679     1.58    4.80
-171683.488   131.169    -1.37    7.92
-171312.308   123.713   -20.09   18.37
-170941.061   102.388   -57.43   34.36
-170569.746    80.238   -59.65   35.72
-170198.363    67.518   -34.25   24.70
-169826.913    62.038   -14.75   15.43
-169455.394    66.976    13.29   15.83
-169083.808    70.988    10.79   18.10
-168712.154    72.400     3.80   22.04
-168340.432    74.808     6.48   25.25
-167968.641    77.726     7.85   25.59
-167596.783    80.218     6.70   24.88
-167224.857    86.518    16.94   19.73
-166852.863    87.338     2.20   13.28
-166480.800    86.679    -1.77   10.67
-166108.669    84.671    -5.39   10.23
-165736.470    84.247    -1.14   13.16
-165364.203    86.342     5.63   15.56
-164991.868    89.393     8.19   16.69
-164619.464    93.646    11.42   15.95
-164246.992    96.482     7.62   13.03
-163874.451    97.192     1.91   12.20
-163501.842    97.205     0.03   11.19
-163129.165    97.658     1.22    9.89
-162756.418    98.753     2.94    9.02
-162383.604   100.137     3.71    8.13
-162010.721   101.776     4.39    6.41
-161637.769   101.897     0.32    5.91
-161264.748    97.765   -11.08    9.58
-160891.659    93.250   -12.10   10.47
-160518.501    92.826    -1.14   11.51
-160145.274    93.127     0.81   14.06
-159771.979   101.410    22.19   13.53
-159398.614   108.405    18.73   11.66
-159025.181   107.200    -3.23   13.53
-158651.679   109.316     5.67   13.68
-158278.107   111.738     6.48   13.41
-157904.467   111.253    -1.30   18.26
-157530.758   109.718    -4.11   26.54
-157156.979   106.658    -8.18   30.79
-156783.132   102.286   -11.69   29.71
-156409.215   103.203     2.45   29.79
-156035.229   113.953    28.74   31.32
-155661.174   127.200    35.41   33.02
-155287.049   147.667    54.70   24.58
-154912.855   162.474    39.57   16.28
-154538.592   175.459    34.69   19.88
-154164.260   186.713    30.06   20.87
-153789.858   196.859    27.10   18.91
-153415.386   203.462    17.63   16.37
-153040.845   206.167     7.22   13.83
-152666.235   205.797    -0.99   11.11
-152291.555   204.153    -4.39    9.13
-151916.805   201.734    -6.45    8.82
-151541.985   198.798    -7.83    8.87
-151167.096   195.329    -9.25    7.59
-150792.137   193.640    -4.51    6.38
-150417.109   192.232    -3.75    5.27
-150042.010   192.141    -0.24    4.97
-149666.842   192.354     0.57    5.10
-149291.603   192.671     0.84    5.14
-148916.295   192.500    -0.45    5.50
-148540.917   192.605     0.28    5.52
-148165.469   192.235    -0.99    5.29
-147789.950   191.440    -2.11    4.66
-147414.362   190.133    -3.48    4.06
-147038.704   188.435    -4.52    3.34
-146662.975   185.756    -7.13    3.70
-146287.176   182.024    -9.93    4.93
-145911.307   177.568   -11.85    5.01
-145535.367   175.651    -5.10    4.93
-145159.358   174.247    -3.73    4.97
-144783.277   173.786    -1.23    5.08
-144407.127   174.530     1.98    4.98
-144030.906   176.723     5.83    4.74
-143654.614   180.057     8.86    4.84
-143278.252   182.537     6.59    3.75
-142901.820   181.417    -2.97   12.41
-142525.316   176.306   -13.57   22.52
-142148.743   174.941    -3.62   25.50
-141772.098   177.494     6.78   26.47
-141395.383   187.600    26.82   28.72
-141018.597   198.893    29.97   29.80
-140641.740   219.059    53.51   26.64
-140264.812   237.188    48.09   19.31
-139887.813   250.417    35.09   18.36
-139510.744   258.722    22.02   13.46
-139133.603   261.282     6.79    9.53
-138756.392   260.962    -0.85    7.58
-138379.109   256.131   -12.80    8.63
-138001.756   250.825   -14.06    9.79
-137624.331   244.698   -16.23   11.21
-137246.835   239.625   -13.44   10.98
-136869.268   234.788   -12.81   12.06
-136491.629   229.169   -14.88   14.09
-136113.920   226.345    -7.47   16.21
-135736.139   227.345     2.65   17.11
-135358.286   231.318    10.51   16.16
-134980.362   236.744    14.36   12.78
-134602.367   240.616    10.24   12.24
-134224.300   242.585     5.21   12.83
-133846.162   244.084     3.96   13.39
-133467.952   246.140     5.43   14.23
-133089.671   247.471     3.52   14.30
-132711.318   249.205     4.58   13.73
-132332.893   249.880     1.78   13.67
-131954.396   247.929    -5.15   16.54
-131575.828   243.148   -12.63   18.20
-131197.188   241.512    -4.32   16.50
-130818.476   245.518    10.58   17.11
-130439.692   257.024    30.37   19.83
-130060.836   273.127    42.50   20.75
-129681.909   292.419    50.91   22.81
-129302.909   307.728    40.39   17.76
-128923.837   317.267    25.16   12.60
-128544.693   324.222    18.34    8.55
-128165.477   326.735     6.63   10.00
-127786.189   328.889     5.68   11.52
-127406.828   330.447     4.11   12.88
-127027.395   330.919     1.24   14.12
-126647.890   332.155     3.26   16.28
-126268.313   334.048     4.99   22.31
-125888.663   338.023    10.47   26.16
-125508.941   340.659     6.94   23.71
-125129.146   342.415     4.62   16.77
-124749.279   354.459    31.70   22.48
-124369.339   373.798    50.89   28.54
-123989.327   390.802    44.74   25.41
-123609.242   400.688    26.01   17.27
-123229.084   396.798   -10.23   16.74
-122848.854   386.000   -28.39   18.07
-122472.917   367.659   -48.78   25.71
-122106.529   342.185   -69.52   33.13
-121740.074   309.337   -89.63   40.36
-121373.552   276.617   -89.26   34.84
-121006.964   248.721   -76.09   28.79
-120640.308   228.407   -55.40   21.52
-120273.585   210.153   -49.77   17.16
-119906.795   196.747   -36.55   15.04
-119539.939   180.784   -43.51   17.72
-119173.015   165.000   -43.01   25.34
-118806.024   144.181   -56.72   34.93
-118438.966   120.071   -65.68   40.88
-118071.840   100.000   -54.66   36.09
-117704.648    99.782    -0.59   37.79
-117337.388   113.915    38.48   47.57
-116970.061   143.824    81.42   47.22
-116602.667   174.137    82.50   25.79
-116235.205   189.195    40.97   11.84
-115867.676   195.950    18.38    9.36
-115500.079   201.233    14.37    9.05
-115132.415   207.630    17.40   12.83
-114764.683   215.905    22.50   19.27
-114396.884   228.037    32.98   27.80
-114029.017   241.106    35.52   34.35
-113661.083   253.706    34.24   38.50
-113293.080   263.153    25.67   41.18
-112925.011   271.000    21.32   39.41
-112556.873   283.640    34.33   39.02
-112188.668   298.256    39.69   36.85
-111820.394   315.598    47.09   31.75
-111452.053   327.659    32.74   23.02
-111083.644   329.686     5.50   21.54
-110715.167   321.437   -22.39   27.54
-110346.623   305.247   -43.93   28.42
-109978.010   290.459   -40.11   26.74
-109609.329   277.113   -36.20   21.29
-109240.580   271.965   -13.96   19.89
-108871.763   272.188     0.60   20.33
-108502.877   278.140    16.13   19.38
-108133.924   286.238    21.95   19.71
-107764.902   291.093    13.16   22.05
-107395.812   297.699    17.90   25.88
-107026.654   304.241    17.72   28.54
-106657.427   309.810    15.08   30.65
-106288.132   312.941     8.48   31.70
-105918.769   314.902     5.31   32.21
-105549.337   310.224   -12.66   34.19
-105179.836   305.395   -13.07   38.52
-104810.267   296.548   -23.94   40.81
-104440.630   285.857   -28.92   43.60
-104070.923   272.872   -35.12   44.96
-103701.149   263.376   -25.68   43.89
-103331.305   248.390   -40.52   42.80
-102961.393   240.718   -20.74   40.70
-102591.412   228.964   -31.76   36.29
-102221.362   223.207   -15.56   32.73
-101851.243   216.429   -18.31   27.69
-101481.056   213.860    -6.94   23.78
-101110.799   211.568    -6.19   21.63
-100740.474   210.767    -2.16   22.26
-100370.079   211.543     2.09   23.57
 -99999.616   213.082     4.15   23.22
 -99629.083   213.494     1.11   22.48
 -99258.482   215.465     5.32   18.73
 -98887.811   214.975    -1.32   14.42
 -98517.071   215.253     0.75   10.29
 -98146.262   212.926    -6.27    8.96
 -97775.383   210.070    -7.70   10.26
 -97404.435   208.358    -4.61   14.29
 -97033.418   208.682     0.87   19.04
 -96662.332   209.593     2.45   25.35
 -96291.176   211.782     5.90   30.17
 -95919.950   207.357   -11.92   32.04
 -95548.655   191.828   -41.82   32.41
 -95177.291   175.293   -44.52   29.30
 -94805.857   156.826   -49.71   19.43
 -94434.353   144.393   -33.46   11.94
 -94062.780   136.624   -20.91    8.75
 -93691.137   132.105   -12.16    6.75
 -93319.424   128.198   -10.51    5.41
 -92947.641   125.916    -6.14    4.56
 -92575.789   124.349    -4.21    4.58
 -92203.867   123.884    -1.25    4.57
 -91831.875   123.108    -2.08    5.09
 -91459.813   121.942    -3.14    5.55
 -91087.681   119.186    -7.40    6.49
 -90715.479   115.892    -8.85    7.02
 -90343.206   111.593   -11.55    6.98
 -89970.864   107.965    -9.74    6.36
 -89598.452   103.627   -11.65    5.73
 -89225.970   100.174    -9.27    6.25
 -88853.417    95.477   -12.61    6.61
 -88480.794    90.821   -12.49    7.32
 -88108.101    85.071   -15.43    9.41
 -87735.337    78.264   -18.26   11.03
 -87362.503    69.663   -23.07   10.14
 -86989.599    62.163   -20.11    9.04
 -86616.624    55.058   -19.05    7.92
 -86243.579    50.860   -11.25    7.03
 -85870.463    47.798    -8.21    5.33
 -85497.277    45.500    -6.16    4.34
 -85124.020    41.707   -10.16    5.50
 -84750.692    37.523   -11.21    5.72
 -84377.294    33.884    -9.75    4.04
 -84003.825    31.920    -5.26    2.23
 -83630.285    30.614    -3.49    1.31
 -83256.675    30.012    -1.61    1.32
 -82882.994    32.060     5.48   12.20
 -82509.241    47.218    40.55   30.86
 -82135.418    70.663    62.71   37.21
 -81761.524    90.552    53.19   30.05
 -81387.559   107.143    44.36    4.20
 -81013.522   106.616    -1.41    3.95
 -80639.415   105.627    -2.65    3.59
 -80265.237   105.000    -1.67    3.13
 -79890.987   104.186    -2.17    3.27
 -79516.666   101.805    -6.36    4.89
 -79142.274    97.905   -10.42    7.13
 -78767.811    93.244   -12.45    8.37
 -78393.276    88.723   -12.07    7.00
 -78018.670    86.756    -5.25    5.01
 -77643.993    86.407    -0.93    4.13
 -77269.244    86.586     0.48    3.65
 -76894.423    87.200     1.64    2.95
 -76519.531    87.860     1.76    2.40
 -76144.568    88.226     0.98    2.25
 -75769.533    89.140     2.44    2.14
 -75394.426    90.233     2.91    1.23
 -75019.247    90.529     0.79    0.61
 -74643.997    90.093    -1.16    0.82
 -74268.675    89.552    -1.44    0.87
 -73893.281    89.143    -1.09    0.76
 -73517.816    89.000    -0.38    0.85
 -73142.278    89.047     0.12    1.23
 -72766.669    88.929    -0.31    1.58
 -72390.987    88.782    -0.39    1.73
 -72015.234    88.466    -0.84    1.79
 -71639.408    87.869    -1.59    1.75
 -71263.510    87.349    -1.38    1.58
 -70887.541    86.805    -1.45    1.41
 -70511.498    86.357    -1.19    1.31
 -70135.384    86.267    -0.24    1.57
 -69759.198    86.471     0.54    1.74
 -69382.939    87.024     1.47    1.93
 -69006.608    87.989     2.56    1.99
 -68630.204    89.045     2.81    1.78
 -68253.728    89.988     2.50    1.29
 -67877.179    90.663     1.79    0.88
 -67500.558    91.000     0.90    0.84
 -67123.865    91.333     0.88    1.59
 -66747.099    91.326    -0.02    2.50
 -66370.260    91.919     1.57    3.69
 -65993.348    92.880     2.55    5.41
 -65616.364    93.360     1.28    6.46
 -65239.307    92.229    -3.00    7.40
 -64862.177    89.529    -7.16    8.66
 -64484.974    83.756   -15.30   11.87
 -64107.699    73.345   -27.59   21.54
 -63730.350    59.667   -36.25   28.52
 -63352.929    43.648   -42.44   30.63
 -62975.434    28.890   -39.09   26.06
 -62597.866    16.241   -33.50   14.36
 -62220.226    11.000   -13.88    0.00
 -61842.512    11.000     0.00    0.00
 -61464.725    11.000     0.00    0.00
 -61086.865    15.315    11.42   10.35
 -60708.931    20.627    14.05   14.12
 -60330.924    26.511    15.57   15.42
 -59952.844    30.788    11.31   15.29
 -59574.690    29.874    -2.42   15.34
 -59196.463    27.379    -6.59   14.56
 -58818.162    25.443    -5.12   14.60
 -58439.788    24.373    -2.83   16.67
 -58061.341    27.494     8.25   21.24
 -57682.819    33.655    16.28   24.26
 -57304.224    41.145    19.78   24.02
 -56925.556    47.438    16.62   21.49
 -56546.813    51.477    10.66   17.45
 -56167.997    54.453     7.86   13.90
 -55789.107    56.233     4.70   11.99
 -55410.143    58.267     5.37    9.66
 -55031.105    60.036     4.66    7.79
 -54651.993    61.494     3.85    7.08
 -54272.807    62.388     2.36    6.33
 -53893.548    62.770     1.01    5.63
 -53514.214    62.073    -1.84    6.53
 -53134.806    59.678    -6.31    8.00
 -52755.323    57.012    -7.02    8.71
 -52375.767    53.216   -10.00    9.68
 -51996.136    49.531    -9.71    9.68
 -51616.431    45.368   -10.96   10.06
 -51236.652    40.702   -12.28   10.77
 -50856.798    36.908    -9.99   12.29
 -50476.870    32.698   -11.08   13.68
 -50096.867    28.557   -10.90   13.44
 -49716.790    23.675   -12.84   12.70
 -49336.638    20.371    -8.69   11.27
 -48956.412    16.802    -9.38    8.57
 -48576.111    14.845    -5.15    6.92
 -48195.735    13.227    -4.25    5.44
 -47815.285    11.835    -3.66    4.84
 -47449.093    11.349    -1.33    4.03
 -47082.851    10.770    -1.58    4.31
 -46716.542     9.953    -2.23    4.76
 -46350.164     9.244    -1.93    4.95
 -45983.717     7.872    -3.74    4.92
 -45617.202     5.851    -5.52    4.87
 -45250.618     3.470    -6.49    4.36
 -44883.965     2.886    -1.59    3.97
 -44517.244     2.744    -0.39    3.96
 -44150.453     3.685     2.57    5.09
 -43783.594     5.590     5.19    8.99
 -43416.667    10.443    13.23   17.80
 -43049.670    16.174    15.62   24.24
 -42682.604    26.384    27.81   30.33
 -42315.470    34.920    23.25   30.90
 -41948.266    47.136    33.27   28.71
 -41580.993    55.294    22.21   23.44
 -41213.652    63.138    21.35   22.00
 -40846.241    71.023    21.46   28.03
 -40478.761    82.988    32.56   36.20
 -40111.212    96.805    37.59   43.77
 -39743.594   113.795    46.22   48.80
 -39375.906   127.632    37.63   53.00
 -39008.149   138.951    30.78   50.35
 -38640.323   142.506     9.66   46.97
 -38272.427   141.905    -1.63   42.29
 -37904.462   137.427   -12.17   34.94
 -37536.427   133.165   -11.58   28.01
 -37168.323   130.535    -7.14   23.49
 -36800.150   127.791    -7.45   19.10
 -36431.906   126.494    -3.52   16.68
 -36063.594   125.500    -2.70   16.69
 -35695.211   125.432    -0.19   17.10
 -35326.759   123.000    -6.60   18.22
 -34958.237   119.326    -9.97   18.40
 -34589.645   114.398   -13.37   16.19
 -34220.984   109.071   -14.45   16.50
 -33852.252   103.719   -14.51   16.52
 -33483.451   100.439    -8.89   14.27
 -33114.580   100.670     0.63   12.16
 -32745.639   102.134     3.97   10.07
 -32376.627   105.651     9.53    9.15
 -32007.546   107.741     5.66    7.78
 -31638.395   107.460    -0.76    7.09
 -31269.173   107.153    -0.83    6.80
 -30899.882   106.489    -1.80    6.82
 -30530.520   105.571    -2.48    6.80
 -30161.088   104.093    -4.00    6.83
 -29791.585   102.058    -5.51    7.17
 -29422.012    99.624    -6.59    6.96
 -29052.369    97.341    -6.18    7.56
 -28682.656    95.693    -4.46    7.43
 -28312.872    93.198    -6.75    8.21
 -27943.017    89.779    -9.24    8.56
 -27573.092    86.897    -7.79    9.26
 -27203.096    83.453    -9.31   12.24
 -26833.030    84.483     2.78   11.92
 -26462.893    83.859    -1.69   11.64
 -26092.686    84.625     2.07   10.52
 -25722.407    83.561    -2.87    9.79
 -25352.058    81.115    -6.60    8.38
 -24981.638    79.171    -5.25    7.62
 -24611.147    76.545    -7.09    6.86
 -24240.586    71.133   -14.61   10.97
 -23869.953    63.567   -20.41   13.48
 -23499.249    58.422   -13.88   11.41
 -23128.475    57.080    -3.62    7.41
 -22757.629    58.083     2.71    5.93
 -22386.712    60.489     6.48    3.97
 -22015.724    62.140     4.45    1.79
 -21644.665    63.795     4.46    3.27
 -21273.535    66.057     6.09    4.33
 -20902.333    69.978    10.56    4.84
 -20531.060    73.447     9.34    5.32
 -20159.716    78.169    12.71    7.23
 -19788.300    83.216    13.59    9.40
 -19416.813    89.259    16.27   10.20
 -19045.255    94.191    13.27    9.62
 -18673.625    99.299    13.74    7.73
 -18301.923   101.540     6.03    7.63
 -17930.150   104.395     7.68    7.70
 -17558.305   106.068     4.50    7.72
 -17186.388   108.023     5.26    7.60
 -16814.400   109.148     3.02    7.39
 -16442.340   109.341     0.52    7.63
 -16070.208   108.886    -1.22    8.37
 -15698.005   107.547    -3.60    9.39
 -15325.729   105.477    -5.56   10.78
 -14953.382   102.095    -9.08   12.44
 -14580.962    97.534   -12.25   12.31
 -14208.471    93.427   -11.03   11.68
 -13835.908    89.517   -10.49    9.54
 -13463.272    86.607    -7.81    8.48
 -13090.564    83.703    -7.79    7.20
 -12717.784    80.964    -7.35    6.77
 -12344.932    77.523    -9.23    6.67
 -11972.008    73.366   -11.15    6.89
 -11599.011    69.195   -11.18    6.28
 -11225.942    66.037    -8.47    5.43
 -10852.801    63.621    -6.47    4.18
 -10479.587    62.337    -3.44    3.60
 -10106.301    61.178    -3.11    4.40
  -9732.942    60.951    -0.61    5.88
  -9359.511    57.890    -8.20   10.79
  -8986.007    51.810   -16.28   15.83
  -8612.431    44.557   -19.41   19.15
  -8238.781    37.679   -18.41   20.05
  -7865.059    40.818     8.40   21.64
  -7491.265    50.318    25.41   19.31
  -7117.397    57.775    19.95   12.84
  -6743.457    61.140     9.00    3.77
  -6369.444    59.534    -4.29    4.81
  -5995.358    56.651    -7.71    5.69
  -5621.199    53.888    -7.39    5.01
  -5246.966    54.128     0.64    5.18
  -4872.661    56.534     6.43    5.45
  -4498.283    58.721     5.84    4.26
  -4123.832    60.284     4.17    1.81
  -3749.307    60.233    -0.14    1.79
  -3374.709    60.932     1.87    1.75
  -3000.038    61.709     2.08    1.12
  -2625.294    61.511    -0.53    2.28
  -2250.476    59.930    -4.22    4.21
  -1875.585    54.966   -13.24   10.13
  -1500.620    44.965   -26.67   19.05
  -1125.582    29.568   -41.05   24.81
   -750.470    16.690   -34.33   22.76
   -375.285     5.022   -31.10   13.68
     -0.026    -0.035   -13.48    0.18
    375.306     0.000     0.09    0.00
    750.712     0.000     0.00    0.00
   1126.192     0.000     0.00    0.00
   1501.746     0.000     0.00    0.00
   1877.373     0.000     0.00    0.00
   2253.075     0.000     0.00    0.00
   2628.850     0.000     0.00    0.00
   3004.699     0.070     0.19    0.26
   3380.622     0.089     0.05    0.29
   3756.620     0.093     0.01    0.29
   4132.691     1.455     3.62    5.94
   4508.836    11.244    26.03   22.47
   4885.056    28.865    46.84   32.35
   5261.350    46.965    48.10   31.95
   5637.718    63.652    44.34   21.93
   6014.161    72.095    22.43    6.50
   6390.677    66.636   -14.50   10.42
   6767.269    59.212   -19.72   11.63
   7143.934    53.578   -14.96    9.33
   7520.674    49.500   -10.82    4.17
   7897.489    48.890    -1.62    2.25
   8274.378    50.179     3.42    2.47
   8651.342    52.114     5.13    3.19
   9028.380    54.305     5.81    2.59
   9405.494    57.551     8.61    5.32
   9782.682    62.952    14.32    8.04
  10159.944    68.466    14.62    8.01
  10537.282    73.679    13.81    5.19
  10914.694    76.378     7.15    5.15
  11292.182    78.143     4.68    5.14
  11669.744    79.088     2.50    5.25
  12047.381    79.000    -0.23    5.79
  12425.093    78.261    -1.96    5.98
  12802.881    77.321    -2.49    5.59
  13180.744    77.034    -0.76    5.69
  13558.681    76.893    -0.37    5.26
  13936.694    76.364    -1.40    4.07
  14314.783    75.395    -2.56    1.36
  14692.946    75.422     0.07    0.95
  15071.185    75.483     0.16    0.99
  15449.500    75.144    -0.89    1.69
  15827.889    74.333    -2.14    2.24
  16206.355    72.784    -4.09    3.14
  16584.896    70.920    -4.93    3.98
  16963.512    69.466    -3.84    4.26
  17342.204    69.659     0.51    4.71
  17720.972    70.954     3.42    4.77
  18099.815    72.472     4.01    3.83
  18478.735    73.807     3.52    2.50
  18857.730    72.933    -2.31    3.05
  19236.801    70.920    -5.31    4.67
  19615.947    66.629   -11.32    6.36
  19995.170    62.782   -10.15    5.87
  20374.469    59.311    -9.15    4.37
  20753.844    57.448    -4.91    2.47
  21133.295    56.567    -2.32    2.95
  21512.822    55.024    -4.07    4.05
  21892.425    52.209    -7.42    4.64
  22272.104    47.667   -11.96    7.10
  22651.860    45.124    -6.70    8.31
  23031.692    41.927    -8.42   10.65
  23411.600    41.182    -1.96   11.31
  23791.585    41.313     0.35   11.70
  24171.646    40.636    -1.78   11.18
  24551.784    40.337    -0.79   10.30
  24931.998    40.167    -0.45    9.45
  25312.289    41.379     3.19    8.07
  25692.656    41.733     0.93    7.46
  26073.101    42.495     2.00    6.49
  26453.621    43.225     1.92    6.72
  26834.219    45.034     4.75    7.09
  27204.928    47.236     5.94    7.99
  27570.952    50.310     8.40    7.68
  27937.047    53.438     8.54    5.72
  28303.212    55.398     5.35    4.11
  28669.448    55.966     1.55    2.94
  29035.753    55.357    -1.66    3.41
  29402.129    54.868    -1.33    2.95
  29768.575    54.598    -0.74    2.59
  30135.092    54.244    -0.96    2.34
  30501.679    53.967    -0.76    2.01
  30868.337    53.663    -0.83    1.78
  31235.065    53.775     0.31    1.59
  31601.863    54.114     0.92    1.47
  31968.733    54.899     2.14    1.60
  32335.673    55.716     2.23    1.62
  32702.683    56.418     1.91    1.54
  33069.765    57.107     1.88    1.24
  33436.917    57.767     1.80    1.11
  33804.140    58.274     1.38    1.36
  34171.434    59.090     2.22    1.66
  34538.798    59.759     1.82    1.58
  34906.234    60.517     2.06    1.07
  35273.740    60.908     1.06    0.52
  35641.318    61.011     0.28    0.11
  36008.967    60.989    -0.06    0.11
  36376.686    60.805    -0.50    0.43
  36744.477    60.416    -1.06    0.78
  37112.339    59.690    -1.97    1.04
  37480.273    59.045    -1.75    0.94
  37848.277    58.429    -1.67    0.68
  38216.353    57.967    -1.25    0.99
  38584.500    57.690    -0.75    1.51
  38952.719    57.538    -0.41    2.37
  39321.009    57.455    -0.23    2.91
  39689.370    57.449    -0.01    3.02
  40057.803    57.562     0.30    2.94
  40426.307    57.191    -1.01    2.89
  40794.884    55.511    -4.56    4.11
  41163.531    47.170   -22.63   14.97
  41532.251    36.856   -27.98   18.47
  41901.042    33.956    -7.86   18.07
  42269.905    37.056     8.40   18.12
  42638.839    43.897    18.54   13.80
  43007.846    48.467    12.39    4.88
  43376.924    46.274    -5.94    4.16
  43746.075    44.830    -3.91    2.79
  44115.297    45.446     1.67    2.87
  44484.591    47.292     5.00    3.36
  44853.957    48.738     3.91    2.89
  45223.396    50.067     3.60    2.30
  45592.906    50.885     2.21    2.03
  45962.489    51.910     2.77    1.86
  46332.144    52.693     2.12    1.70
  46701.871    53.578     2.39    0.96
  47071.671    53.966     1.05    0.53
  47441.543    54.022     0.15    0.52
  47811.487    54.111     0.24    0.59
  48181.503    54.621     1.38    1.47
  48551.593    54.878     0.69    1.85
  48921.754    54.602    -0.74    2.13
  49291.988    53.822    -2.11    2.68
  49662.295    52.632    -3.21    2.70
  50032.675    51.576    -2.85    1.61
  50403.127    51.024    -1.49    1.21
  50773.652    51.165     0.38    1.30
  51144.249    51.524     0.97    1.38
  51514.920    51.663     0.38    1.25
  51885.663    51.930     0.72    1.02
  52256.479    52.225     0.79    0.64
  52627.368    52.230     0.01    0.45
  52998.330    52.281     0.14    0.45
  53369.365    52.310     0.08    0.47
  53740.473    52.596     0.77    0.78
  54111.655    53.227     1.70    1.54
  54482.909    54.775     4.17    2.63
  54854.237    56.544     4.76    2.93
  55225.638    58.270     4.65    2.56
  55597.112    58.820     1.48    2.19
  55968.659    59.460     1.72    2.08
  56340.280    58.989    -1.27    2.47
  56711.974    57.138    -4.98    3.35
  57083.742    55.444    -4.56    3.28
  57455.583    54.432    -2.72    2.68
  57827.498    53.725    -1.90    2.40
  58199.486    53.080    -1.73    2.34
  58571.548    52.207    -2.35    2.32
  58943.684    51.140    -2.87    1.65
  59315.893    50.000    -3.06    1.62
  59688.176    48.881    -3.01    1.62
  60060.533    47.733    -3.08    1.44
  60432.964    46.729    -2.70    1.11
  60805.468    46.200    -1.42    0.74
  61178.047    45.884    -0.85    1.27
  61550.699    45.798    -0.23    1.34
  61923.426    45.612    -0.50    1.77
  62296.226    44.933    -1.82    2.38
  62669.101    44.598    -0.90    2.38
  63042.050    44.242    -0.95    2.10
  63415.073    44.103    -0.37    1.50
  63788.170    44.124     0.05    0.50
  64161.342    44.000    -0.33    0.00
  64534.587    44.000     0.00    0.00
  64907.908    44.000     0.00    0.00
  65281.302    44.000     0.00    0.00
  65654.771    44.000     0.00    0.00
  66028.315    44.000     0.00    0.00
  66401.933    44.000     0.00    0.00
  66775.626    44.000     0.00    0.00
  67149.393    44.000     0.00    0.00
  67523.235    44.011     0.03    0.11
  67897.152    44.178     0.45    0.61
  68271.144    44.391     0.57    1.02
  68645.210    44.322    -0.18    0.87
  69019.351    44.187    -0.36    0.59
  69393.568    44.122    -0.17    0.42
  69767.859    44.225     0.27    0.56
  70142.225    44.440     0.57    0.70
  70516.666    44.886     1.19    1.69
  70891.182    45.341     1.21    2.43
  71265.773    46.149     2.16    2.69
  71640.440    46.478     0.88    2.80
  72015.181    47.176     1.86    3.29
  72389.998    48.404     3.28    3.87
  72764.891    50.718     6.17    5.32
  73139.858    53.089     6.32    5.14
  73514.901    55.174     5.56    3.58
  73890.020    56.367     3.18    1.88
  74265.214    55.663    -1.88    2.70
  74640.483    54.359    -3.48    3.89
  75015.828    52.859    -4.00    3.99
  75391.249    52.319    -1.44    3.84
  75766.745    51.535    -2.09    3.89
  76142.317    50.750    -2.09    4.41
  76517.965    49.116    -4.35    4.90
  76893.688    47.761    -3.61    4.47
  77269.488    46.302    -3.88    3.39
  77645.363    47.424     2.98    4.66
  78021.314    48.274     2.26    5.05
  78397.342    48.978     1.87    5.62
  78773.445    49.518     1.43    6.08
  79149.624    49.956     1.17    6.38
  79525.880    51.376     3.78    6.69
  79902.211    53.189     4.82    5.98
  80278.619    54.631     3.83    4.83
  80655.103    55.067     1.16    4.27
  81031.664    54.464    -1.60    4.58
  81408.300    53.730    -1.95    5.17
  81785.014    51.976    -4.66    5.29
  82161.803    51.489    -1.29    5.46
  82538.669    50.835    -1.73    4.99
  82915.612    49.731    -2.93    4.22
  83292.631    49.800     0.18    4.27
  83669.727    49.109    -1.83    3.60
  84046.899    48.897    -0.56    2.46
  84424.148    52.220     8.81    5.82
  84801.474    56.747    12.00    8.00
  85178.877    62.891    16.28    9.82
  85556.357    69.609    17.80    9.14
  85933.913    75.913    16.70    8.95
  86311.547    82.742    18.08    7.96
  86689.257    88.565    15.42    9.19
  87067.045    96.378    20.68   10.46
  87444.910   104.835    22.38   11.53
  87822.851   114.809    26.39   12.37
  88200.870   124.011    24.34   12.83
  88578.966   133.416    24.88   12.12
  88957.140   139.848    17.01   11.40
  89335.391   148.655    23.29   12.23
  89713.719   157.011    22.09   14.55
  90092.124   168.239    29.67   16.00
  90470.607   178.110    26.08   16.31
  90849.168   191.330    34.92   15.16
  91227.806   200.785    24.97   14.62
  91606.522   210.057    24.48   11.81
  91985.315   214.956    12.93    9.74
  92364.186   219.100    10.94    9.18
  92743.135   221.411     6.10    9.75
  93122.162   224.356     7.77    9.84
  93501.266   228.833    11.81    9.72
  93880.449   232.934    10.82    8.13
  94259.709   235.191     5.95    6.39
  94639.047   236.462     3.35    4.61
  95018.463   236.356    -0.28    4.08
  95397.958   235.648    -1.87    3.84
  95777.530   234.816    -2.19    3.67
  96157.181   234.077    -1.95    3.97
  96536.910   233.205    -2.30    4.24
  96916.717   230.678    -6.65    4.90
  97296.603   227.663    -7.94    5.53
  97676.567   223.146   -11.89    5.39
  98056.609   218.663   -11.80    5.16
  98436.730   214.767   -10.25    5.09
  98816.929   211.558    -8.44    4.48
  99197.207   209.424    -5.61    3.40
  99577.563   208.035    -3.65    1.91
  99957.998   207.576    -1.21    1.08
 100338.512   207.871     0.77    1.47
 100719.105   208.533     1.74    1.93
 101099.776   209.080     1.44    2.13
 101480.526   209.370     0.76    2.61
 101856.125   207.854    -4.04    5.05
 102221.927   207.793    -0.17    6.14
 102587.800   210.698     7.94    9.20
 102953.745   217.489    18.56   12.33
 103319.762   225.911    23.01   11.09
 103685.851   233.484    20.69    7.21
 104052.012   238.634    14.07    6.59
 104418.245   243.100    12.19    6.25
 104784.550   247.065    10.83    5.79
 105150.928   251.182    11.24    5.21
 105517.377   255.088    10.66    5.17
 105883.899   259.500    12.04    5.74
 106250.493   264.833    14.55    6.78
 106617.159   270.165    14.54    5.98
 106983.898   274.411    11.58    5.57
 107350.709   276.568     5.88    4.54
 107717.593   275.868    -1.91    5.81
 108084.549   273.966    -5.18    6.82
 108451.577   269.659   -11.74    7.90
 108818.679   266.165    -9.52    8.60
 109185.852   262.516    -9.94    8.45
 109553.099   261.424    -2.98    7.53
 109920.418   261.955     1.44    6.28
 110287.810   262.720     2.08    4.93
 110655.274   263.023     0.82    3.84
 111022.812   262.914    -0.30    3.49
 111390.422   262.371    -1.48    3.17
 111758.106   261.739    -1.72    3.53
 112125.862   260.674    -2.90    4.05
 112493.691   257.637    -8.26    5.24
 112861.594   253.923   -10.10    6.06
 113229.569   247.780   -16.70    8.63
 113597.618   240.901   -18.69    9.75
 113965.739   232.867   -21.83    8.83
 114333.934   227.370   -14.93    7.02
 114702.202   223.081   -11.65    3.62
 115070.544   221.609    -4.00    1.97
 115438.959   221.407    -0.55    1.38
 115807.447   222.462     2.86    1.93
 116176.009   224.067     4.35    2.66
 116544.644   226.242     5.90    3.59
 116913.353   228.591     6.37    4.01
 117282.135   231.289     7.32    4.83
 117650.991   233.783     6.76    5.07
 118019.920   236.864     8.35    5.24
 118388.924   239.591     7.39    5.16
 118758.001   242.965     9.14    4.60
 119127.151   245.670     7.33    4.72
 119496.376   248.709     8.23    4.58
 119865.674   252.398     9.99    5.67
 120235.047   256.174    10.23    5.71
 120604.493   260.912    12.82    7.16
 120974.014   266.791    15.91    8.23
 121343.608   274.620    21.18   10.75
 121713.277   282.057    20.12   10.15
 122083.019   290.207    22.04    8.28
 122452.836   295.889    15.37    7.61
 122822.727   302.097    16.78    8.64
 123192.692   307.242    13.91    9.65
 123562.732   312.957    15.45   10.61
 123932.846   317.370    11.92   11.27
 124303.035   322.222    13.11   12.03
 124673.298   325.511     8.88   12.80
 125043.635   329.395    10.49   11.77
 125414.047   331.457     5.57   10.28
 125784.533   331.628     0.46    9.59
 126155.094   329.326    -6.21    8.45
 126525.730   326.787    -6.85    8.30
 126896.441   324.130    -7.17    7.52
 127267.226   322.022    -5.69    7.55
 127638.086   320.077    -5.25    7.36
 128009.021   318.688    -3.74    7.87
 128380.031   317.522    -3.14    7.62
 128751.116   315.859    -4.48    7.40
 129122.276   312.315    -9.55    7.50
 129493.510   310.785    -4.12    7.26
 129864.820   313.943     8.51   12.70
 130236.205   319.598    15.23   17.65
 130607.666   329.080    25.53   21.22
 130979.201   337.446    22.52   24.10
 131350.812   344.352    18.59   24.70
 131722.498   347.728     9.08   23.32
 132094.259   348.826     2.95   23.53
 132466.096   346.663    -5.82   26.33
 132838.008   340.724   -15.97   28.37
 133209.996   337.242    -9.36   27.59
 133582.059   333.670    -9.60   25.43
 133954.198   332.129    -4.14   21.12
 134326.412   330.045    -5.60   16.58
 134698.702   329.172    -2.35   11.81
 135071.068   326.409    -7.42    8.90
 135443.509   322.796    -9.70    7.93
 135816.027   318.652   -11.13    6.71
 136188.620   315.370    -8.81    6.02
 136561.289   311.667    -9.94    6.06
 136934.034   307.817   -10.33    7.88
 137306.855   303.933   -10.42    8.02
 137679.752   299.527   -11.82    5.78
 138052.725   296.826    -7.24    2.91
 138425.775   298.769     5.21    6.89
 138798.900   301.581     7.54    8.88
 139172.102   303.967     6.39    9.44
 139545.380   305.946     5.30    9.54
 139918.734   306.205     0.69   10.07
 140292.165   309.924     9.96   12.26
 140665.672   315.802    15.74   11.54
 141039.255   319.301     9.37   10.73
 141412.915   321.000     4.55    8.85
 141786.652   321.828     2.22    7.01
 142160.465   324.174     6.28    6.42
 142534.354   327.957    10.12    8.45
 142908.321   334.529    17.57   11.31
 143282.364   343.628    24.33   15.25
 143656.484   352.775    24.45   16.37
 144030.681   360.772    21.37   14.34
 144404.954   363.733     7.91   11.69
 144779.305   364.707     2.60    9.34
 145153.733   366.319     4.31    8.86
 145528.237   369.424     8.29    7.86
 145902.819   371.418     5.32    6.75
 146277.477   370.505    -2.44    7.00
 146652.213   367.066    -9.18    7.99
 147027.026   360.723   -16.92    8.73
 147401.917   354.589   -16.37    9.72
 147776.884   347.000   -20.24   10.42
 148151.929   340.033   -18.58   10.71
 148527.052   330.728   -24.81   10.25
 148902.251   322.767   -21.22   10.14
 149277.529   313.785   -23.94    9.57
 149652.884   305.889   -21.04    9.55
 150028.316   298.086   -20.79    7.95
 150403.826   292.289   -15.44    6.18
 150779.414   288.043   -11.31    4.43
 151155.079   285.264    -7.40    2.89
 151530.822   283.387    -5.00    2.88
 151906.643   281.824    -4.16    3.35
 152282.542   280.215    -4.28    4.12
 152658.519   279.293    -2.45    4.68
 153034.574   278.413    -2.34    5.20
 153410.707   277.978    -1.16    5.17
 153786.917   276.385    -4.24    4.83
 154163.206   274.924    -3.88    4.69
 154539.574   272.308    -6.95    4.62
 154916.019   269.565    -7.29    4.87
 155292.542   266.308    -8.65    4.49
 155669.144   263.978    -6.19    4.23
 156045.824   262.022    -5.19    3.37
 156422.583   261.161    -2.29    2.61
 156799.420   259.811    -3.58    3.41
 157176.336   257.473    -6.20    4.78
 157553.330   254.921    -6.77    4.67
 157930.402   254.532    -1.03    4.08
 158307.554   256.148     4.28    4.54
 158684.784   259.436     8.72    4.25
 159062.092   261.386     5.17    2.84
 159439.480   261.484     0.26    3.73
 159816.946   260.455    -2.73    4.96
 160194.492   258.688    -4.68    5.72
 160572.116   257.144    -4.09    7.12
 160949.819   256.174    -2.57    9.07
 161327.601   254.487    -4.47   11.50
