-169558.115   137.274     0.00    0.00
-169182.886   137.274     0.00    0.00
-168807.724   137.274     0.00    0.00
-168432.631   137.274     0.00    0.00
-168057.605   137.274     0.00    0.00
-167682.646   137.274     0.00    0.00
-167307.756   137.309     0.09    0.24
-166932.933   138.287     2.61    2.19
-166558.177   141.406     8.33    4.83
-166183.489   145.157    10.01    5.12
-165808.868   148.107     7.88    3.56
-165434.315   149.417     3.50    2.00
-165059.829   147.469    -5.20    3.51
-164685.410   144.611    -7.63    3.67
-164311.059   142.274    -6.24    2.72
-163936.775   140.633    -4.39    0.76
-163562.558   140.336    -0.79    0.29
-163188.409   140.235    -0.27    0.41
-162814.326   139.908    -0.88    0.75
-162440.311   139.350    -1.49    1.16
-162066.363   138.876    -1.27    1.39
-161692.482   138.805    -0.19    1.43
-161318.667   139.064     0.69    1.34
-160944.920   139.574     1.36    0.96
-160571.240   139.924     0.94    0.48
-160197.627   140.176     0.67    0.46
-159824.080   140.511     0.90    0.75
-159450.601   141.089     1.55    1.52
-159077.188   141.859     2.06    2.19
-158703.842   142.879     2.73    2.88
-158330.563   143.299     1.12    3.29
-157957.350   141.940    -3.64    4.43
-157584.204   139.408    -6.79    4.75
-157211.125   136.780    -7.04    3.62
-156838.112   134.932    -4.95    1.65
-156465.166   134.126    -2.16    0.45
-156092.286   133.506    -1.66    1.19
-155719.473   132.408    -2.94    1.63
-155346.726   131.371    -2.78    1.37
-154974.046   130.549    -2.21    0.57
-154601.432   130.286    -0.70    0.11
-154228.884   130.737     1.21    1.32
-153856.403   132.249     4.06    3.15
-153483.988   134.518     6.09    4.07
-153111.639   136.493     5.31    3.70
-152739.356   137.607     2.99    2.30
-152367.140   136.188    -3.81    3.44
-151994.989   133.447    -7.37    3.93
-151622.905   130.871    -6.92    2.98
-151250.887   128.861    -5.40    1.40
-150878.935   128.076    -2.11    1.09
-150507.048   127.359    -1.93    1.50
-150135.228   126.627    -1.97    1.69
-149763.474   126.731     0.28    1.88
-149391.785   127.274     1.46    2.11
-149020.163   126.201    -2.89    4.22
-148648.606   123.360    -7.65    6.38
-148277.115   118.774   -12.35    6.59
-147905.689   114.847   -10.57    3.68
-147534.330   112.774    -5.58    1.06
-147163.036   112.249    -1.41    0.35
-146791.807   111.879    -1.00    0.63
-146420.645   111.310    -1.53    0.94
-146049.547   110.361    -2.56    1.19
-145678.516   109.348    -2.73    1.38
-145307.550   107.842    -4.06    1.77
-144936.649   106.140    -4.59    2.12
-144565.814   104.434    -4.60    1.97
-144195.044   103.399    -2.79    1.58
-143824.339   102.965    -1.17    1.65
-143453.700   102.575    -1.05    1.43
-143083.126   102.122    -1.22    1.51
-142712.617   101.064    -2.86    1.68
-142342.174    99.624    -3.89    1.54
-141971.795    98.336    -3.48    1.61
-141601.482    96.805    -4.13    1.53
-141231.234    95.503    -3.52    1.62
-140861.051    94.248    -3.39    1.61
-140490.933    93.076    -3.17    1.52
-140120.880    92.135    -2.55    1.24
-139750.892    91.406    -1.97    1.09
-139380.969    89.735    -4.52    2.77
-139011.111    87.965    -4.79    3.32
-138641.318    87.419    -1.48    3.15
-138271.590    88.150     1.98    3.27
-137901.926    90.030     5.09    2.59
-137532.327    91.558     4.13    1.26
-137162.793    92.208     1.76    1.17
-136793.324    92.695     1.32    1.07
-136423.919    93.208     1.39    0.97
-136054.579    93.643     1.18    0.90
-135685.303    93.932     0.78    0.76
-135316.092    94.174     0.66    0.89
-134946.946    94.871     1.89    1.61
-134577.864    96.214     3.64    2.18
-134208.846    97.851     4.44    2.12
-133839.893    99.607     4.76    1.66
-133471.005   100.658     2.85    1.56
-133102.180   101.817     3.14    1.67
-132733.420   103.021     3.26    1.76
-132364.725   104.455     3.89    1.95
-131996.093   105.986     4.16    2.01
-131627.526   108.299     6.27    2.48
-131259.023   110.611     6.28    3.12
-130890.584   113.542     7.96    3.60
-130522.209   116.336     7.58    3.39
-130153.899   119.200     7.78    2.73
-129785.652   121.249     5.56    2.32
-129417.470   123.549     6.25    2.18
-129049.351   125.566     5.48    2.38
-128681.296   128.049     6.75    3.02
-128313.306   130.916     7.79    4.13
-127945.379   134.024     8.45    4.20
-127577.516   136.582     6.96    4.05
-127209.717   140.059     9.45    4.38
-126841.981   143.515     9.40    5.35
-126474.310   148.120    12.53    6.09
-126106.702   153.899    15.72    7.02
-125739.158   159.274    14.63    6.37
-125371.677   164.632    14.58    5.90
-125004.260   169.495    13.24    4.64
-124636.907   174.030    12.35    4.73
-124269.617   178.971    13.45    5.43
-123902.391   184.249    14.37    6.73
-123535.228   190.059    15.82    7.08
-123168.129   197.165    19.36    7.88
-122801.093   204.410    19.74    9.24
-122434.120   214.161    26.58   11.17
-122056.710   223.486    24.71   11.69
-121676.648   234.298    28.45   11.52
-121296.655   244.793    27.62   11.69
-120916.730   256.916    31.91   12.90
-120536.874   267.945    29.04   11.99
-120157.086   279.640    30.80   12.03
-119777.367   291.616    31.54   12.37
-119397.716   304.821    34.79   15.86
-119018.134   320.224    40.58   18.16
-118638.620   336.474    42.82   20.27
-118259.174   357.440    55.26   21.45
-117879.796   379.371    57.81   27.22
-117500.487   404.706    66.80   29.98
-117121.246   428.286    62.18   26.99
-116742.073   452.582    64.08   20.07
-116362.968   468.754    42.66   15.21
-115983.931   481.591    33.87   12.94
-115604.963   492.495    28.77    9.57
-115226.062   502.286    25.84   10.12
-114847.229   511.260    23.69   10.05
-114468.464   519.636    22.12    9.47
-114089.768   526.565    18.30    6.62
-113711.139   531.396    12.76    4.03
-113332.577   534.527     8.27    2.72
-112954.084   536.386     4.91    2.38
-112575.658   537.711     3.50    1.65
-112197.300   537.064    -1.71    3.11
-111819.010   535.237    -4.83    4.24
-111440.788   532.974    -5.98    4.38
-111062.633   530.086    -7.64    3.48
-110684.545   528.210    -4.96    2.27
-110306.525   526.536    -4.43    2.50
-109928.573   524.633    -5.04    3.44
-109550.688   521.804    -7.49    4.70
-109172.871   517.761   -10.70    4.62
-108795.121   513.694   -10.77    5.36
-108417.438   509.576   -10.90    5.82
-108039.822   504.274   -14.04    7.20
-107662.274   496.438   -20.76    8.14
-107284.794   488.582   -20.81    9.72
-106907.380   479.224   -24.80   11.18
-106530.033   470.249   -23.79   11.61
-106152.754   459.011   -29.79   10.85
-105775.542   449.127   -26.20   11.99
-105398.397   438.299   -28.72   12.85
-105021.318   427.286   -29.21   13.72
-104644.307   413.999   -35.25   13.45
-104267.363   403.461   -27.96   14.02
-103890.486   389.657   -36.63   15.35
-103513.676   377.122   -33.27   14.03
-103136.932   363.632   -35.81   13.22
-102760.255   352.274   -30.16   11.15
-102383.645   341.911   -27.52   11.67
-102007.102   332.220   -25.74    9.67
-101630.626   320.644   -30.75   15.30
-101254.216   309.997   -28.29   17.41
-100877.873   303.335   -17.71   21.46
-100501.596   297.576   -15.30   23.72
-100125.386   292.574   -13.30   22.94
 -99749.243   286.692   -15.64   22.20
 -99373.166   277.816   -23.60   24.65
 -98997.156   263.679   -37.60   24.03
 -98621.212   256.199   -19.90   25.32
 -98245.334   255.287    -2.43   31.17
 -97869.523   264.084    23.41   35.66
 -97493.778   274.434    27.55   35.53
 -97118.099   278.866    11.80   33.15
 -96742.487   283.607    12.62   33.61
 -96366.940   290.594    18.61   36.21
 -95991.460   298.666    21.50   40.50
 -95616.046   311.224    33.45   45.98
 -95240.699   309.138    -5.56   49.38
 -94865.417   291.451   -47.13   44.32
 -94490.201   270.249   -56.51   40.81
 -94115.052   245.910   -64.88   41.66
 -93739.968   219.681   -69.93   41.66
 -93364.950   200.325   -51.62   35.01
 -92989.998   182.447   -47.69   30.57
 -92615.112   167.714   -39.30   24.81
 -92240.292   156.792   -29.14   19.81
 -91865.538   145.900   -29.07   12.21
 -91490.849   138.842   -18.84   10.71
 -91116.226   133.658   -13.84    8.14
 -90741.669   130.644    -8.05    7.39
 -90367.178   127.544    -8.28    6.93
 -89992.752   124.399    -8.40    7.52
 -89618.391   121.301    -8.28    7.07
 -89244.097   117.768    -9.44    6.52
 -88869.867   114.443    -8.89    4.97
 -88495.704   112.554    -5.05    4.39
 -88121.605   110.209    -6.27    3.82
 -87747.572   108.199    -5.37    4.15
 -87373.605   106.426    -4.74    4.09
 -86999.703   104.792    -4.37    3.96
 -86625.866   103.248    -4.13    3.39
 -86252.094   102.261    -2.64    2.97
 -85878.388   100.761    -4.01    2.61
 -85504.747    99.549    -3.24    2.37
 -85131.171    98.074    -3.95    1.95
 -84757.660    97.015    -2.84    1.68
 -84384.214    96.076    -2.51    1.65
 -84010.834    95.611    -1.25    1.75
 -83637.518    95.027    -1.57    1.80
 -83264.267    94.881    -0.39    1.91
 -82891.082    95.015     0.36    2.41
 -82517.961    95.768     2.02    3.37
 -82144.905    97.324     4.17    4.43
 -81771.914    99.787     6.60    5.63
 -81398.988   102.199     6.47    5.99
 -81026.127   104.603     6.45    5.75
 -80653.330   106.101     4.02    5.61
 -80280.598   106.299     0.53    6.38
 -79907.931   104.805    -4.01    8.00
 -79535.329   102.641    -5.81    8.85
 -79162.791    98.549   -10.99    9.21
 -78790.318    95.198    -9.00    8.48
 -78417.909    91.186   -10.77    5.88
 -78045.565    88.236    -7.92    2.38
 -77673.285    87.411    -2.21    1.45
 -77301.070    87.337    -0.20    1.60
 -76928.919    87.249    -0.24    1.52
 -76556.833    87.211    -0.10    1.48
 -76184.811    87.099    -0.30    1.50
 -75812.853    87.135     0.10    1.47
 -75440.960    87.374     0.64    1.33
 -75069.131    87.666     0.79    1.18
 -74697.366    88.036     1.00    1.05
 -74325.665    88.456     1.13    0.91
 -73954.029    88.786     0.89    0.75
 -73582.456    89.185     1.07    0.58
 -73210.948    89.649     1.25    0.58
 -72839.504    90.171     1.41    0.69
 -72468.123    90.736     1.52    0.65
 -72096.807    91.235     1.34    0.66
 -71725.555    91.699     1.25    0.59
 -71354.367    92.021     0.87    0.44
 -70983.242    92.236     0.58    0.30
 -70612.181    92.505     0.72    0.42
 -70241.185    92.799     0.79    0.55
 -69870.252    93.196     1.07    0.68
 -69499.382    93.711     1.39    0.76
 -69128.577    94.261     1.48    0.82
 -68757.835    94.799     1.45    0.94
 -68387.157    95.274     1.28    1.07
 -68016.542    95.811     1.45    1.23
 -67645.991    96.326     1.39    1.41
 -67275.504    96.736     1.11    1.43
 -66905.080    97.135     1.08    1.23
 -66534.720    97.499     0.98    0.95
 -66164.423    97.761     0.71    0.72
 -65794.189    98.249     1.32    0.86
 -65424.019    98.793     1.47    1.04
 -65053.912    99.724     2.52    1.50
 -64683.869   100.711     2.67    1.75
 -64313.889   101.903     3.22    2.11
 -63943.972   102.928     2.77    2.28
 -63574.118   104.236     3.54    2.31
 -63204.328   105.069     2.25    2.15
 -62834.601   105.961     2.41    1.98
 -62464.937   106.632     1.81    1.85
 -62095.336   107.174     1.47    1.68
 -61725.798   107.211     0.10    1.67
 -61356.323   107.352     0.38    1.65
 -60986.911   107.248    -0.28    1.62
 -60617.562   107.074    -0.47    1.44
 -60248.276   106.582    -1.33    1.51
 -59879.053   105.792    -2.14    1.59
 -59509.893   104.748    -2.83    1.44
 -59140.795   103.819    -2.52    1.23
 -58771.761   103.249    -1.55    1.03
 -58402.789   102.748    -1.36    1.00
 -58033.880   102.599    -0.40    1.29
 -57665.034   102.565    -0.09    1.55
 -57296.250   102.486    -0.21    1.64
 -56927.529   102.094    -1.06    1.61
 -56558.871   101.511    -1.58    1.58
 -56190.275   100.391    -3.04    1.88
 -55821.742    98.649    -4.73    2.72
 -55453.271    96.274    -6.45    3.54
 -55084.863    93.916    -6.40    3.89
 -54716.517    91.060    -7.75    3.52
 -54348.234    88.049    -8.18    3.53
 -53980.013    85.436    -7.10    3.06
 -53611.854    82.990    -6.64    3.13
 -53243.758    80.787    -5.98    2.40
 -52875.724    79.113    -4.55    2.25
 -52507.752    77.679    -3.90    1.55
 -52139.843    76.805    -2.38    1.22
 -51771.996    76.114    -1.88    0.77
 -51404.210    75.891    -0.61    0.60
 -51036.487    75.702    -0.51    0.59
 -50668.827    75.836     0.36    0.78
 -50301.228    76.094     0.70    0.85
 -49933.691    76.536     1.20    0.95
 -49566.216    76.966     1.17    0.97
 -49198.804    77.611     1.76    0.97
 -48831.453    78.071     1.25    0.93
 -48464.164    78.786     1.95    0.98
 -48096.937    79.511     1.97    1.00
 -47729.772    80.261     2.04    1.03
 -47355.234    80.889     1.68    1.00
 -46975.314    81.699     2.13    1.16
 -46595.460    82.419     1.89    1.12
 -46215.674    83.174     1.99    1.21
 -45835.954    83.826     1.72    1.23
 -45456.301    84.533     1.86    1.44
 -45076.714    85.274     1.95    1.53
 -44697.194    86.199     2.44    1.34
 -44317.741    87.053     2.25    1.32
 -43938.354    87.836     2.06    1.23
 -43559.034    88.611     2.04    0.91
 -43179.780    89.199     1.55    0.74
 -42800.592    89.628     1.13    0.62
 -42421.471    89.838     0.55    0.57
 -42042.416    89.736    -0.27    0.69
 -41663.428    89.430    -0.81    0.86
 -41284.506    88.940    -1.29    0.89
 -40905.650    88.313    -1.66    0.94
 -40526.860    87.574    -1.95    1.08
 -40148.137    86.733    -2.22    1.09
 -39769.480    85.774    -2.53    1.04
 -39390.888    84.879    -2.36    1.02
 -39012.363    84.033    -2.23    0.98
 -38633.904    83.107    -2.45    0.93
 -38255.511    82.360    -1.97    0.99
 -37877.184    81.624    -1.95    0.96
 -37498.923    81.097    -1.39    0.92
 -37120.728    80.464    -1.67    0.89
 -36742.598    80.105    -0.95    0.80
 -36364.535    79.730    -0.99    0.80
 -35986.537    79.530    -0.53    0.80
 -35608.605    79.351    -0.47    0.83
 -35230.739    79.193    -0.42    0.79
 -34852.938    78.911    -0.74    0.78
 -34475.204    78.490    -1.12    0.75
 -34097.534    78.024    -1.23    0.79
 -33719.931    77.405    -1.64    0.72
 -33342.393    76.780    -1.66    0.81
 -32964.920    76.122    -1.74    0.82
 -32587.513    75.451    -1.78    0.87
 -32210.171    74.594    -2.27    1.03
 -31832.895    73.787    -2.14    1.09
 -31455.684    72.902    -2.35    0.94
 -31078.539    72.223    -1.80    0.80
 -30701.459    71.699    -1.39    0.50
 -30324.444    71.286    -1.09    0.61
 -29947.495    70.561    -1.92    1.07
 -29570.610    69.853    -1.88    1.27
 -29193.791    69.324    -1.40    1.10
 -28817.037    69.017    -0.81    0.83
 -28440.348    68.986    -0.08    0.68
 -28063.724    68.919    -0.18    0.56
 -27687.166    68.663    -0.68    0.54
 -27310.672    68.460    -0.54    0.54
 -26934.243    68.111    -0.93    0.54
 -26557.879    67.787    -0.86    0.50
 -26181.580    67.486    -0.80    0.54
 -25805.346    67.157    -0.88    0.49
 -25429.177    66.961    -0.52    0.47
 -25053.073    66.792    -0.45    0.50
 -24677.033    66.724    -0.18    0.55
 -24301.058    66.730     0.02    0.66
 -23925.148    66.747     0.05    0.68
 -23549.303    66.565    -0.49    0.66
 -23173.522    66.389    -0.47    0.68
 -22797.806    66.033    -0.95    0.70
 -22422.154    65.666    -0.98    0.77
 -22046.567    65.008    -1.75    1.15
 -21671.044    64.300    -1.89    1.43
 -21295.586    63.374    -2.47    1.81
 -20920.193    62.342    -2.75    1.92
 -20544.863    61.274    -2.85    2.26
 -20169.599    60.179    -2.92    2.31
 -19794.398    59.014    -3.11    2.47
 -19419.262    57.807    -3.22    2.24
 -19044.190    56.856    -2.54    2.00
 -18669.182    55.879    -2.61    1.66
 -18294.239    55.199    -1.81    1.46
 -17919.359    54.474    -1.93    1.27
 -17544.544    53.742    -1.95    1.27
 -17169.793    52.940    -2.14    1.18
 -16795.106    52.186    -2.01    1.17
 -16420.483    51.440    -1.99    1.18
 -16045.924    50.889    -1.47    1.19
 -15671.429    50.353    -1.43    1.19
 -15296.998    49.953    -1.07    1.26
 -14922.631    49.376    -1.54    1.61
 -14548.328    48.886    -1.31    2.01
 -14174.089    47.932    -2.55    2.35
 -13799.913    47.071    -2.30    2.54
 -13425.801    46.514    -1.49    2.66
 -13051.753    46.456    -0.16    2.73
 -12677.769    46.161    -0.79    2.72
 -12303.848    45.754    -1.09    2.59
 -11929.991    44.805    -2.54    2.44
 -11556.198    43.735    -2.86    2.34
 -11182.468    41.838    -5.08    2.27
 -10808.802    40.206    -4.37    1.94
 -10435.199    38.611    -4.27    1.95
 -10061.660    37.014    -4.28    1.76
  -9688.184    35.474    -4.12    2.09
  -9314.771    33.625    -4.95    2.12
  -8941.422    31.711    -5.13    2.57
  -8568.137    29.733    -5.30    2.43
  -8194.914    27.534    -5.89    2.97
  -7821.755    25.531    -5.37    3.00
  -7448.660    23.410    -5.68    3.29
  -7075.627    21.370    -5.47    3.07
  -6702.658    19.361    -5.38    3.12
  -6329.751    17.474    -5.06    2.78
  -5956.908    15.616    -4.98    2.82
  -5584.128    13.650    -5.27    2.31
  -5211.411    12.211    -3.86    1.92
  -4838.758    11.047    -3.12    1.11
  -4466.167    10.386    -1.77    0.80
  -4093.639     9.774    -1.64    0.72
  -3721.174     9.312    -1.24    0.78
  -3348.772     8.611    -1.88    0.74
  -2976.432     8.094    -1.39    0.73
  -2604.156     7.453    -1.72    0.83
  -2231.942     6.663    -2.12    1.17
  -1859.791     5.800    -2.32    1.22
  -1487.703     5.248    -1.48    1.11
  -1115.678     4.027    -3.28    2.05
   -743.715     2.902    -3.02    2.72
   -371.815     1.492    -3.79    2.75
      0.022     0.249    -3.34    2.12
    371.797     0.574     0.87    2.63
    743.509     2.210     4.40    3.30
   1115.159     4.209     5.38    3.12
   1486.747     5.915     4.59    1.93
   1858.271     7.076     3.13    1.12
   2229.734     7.832     2.03    1.24
   2601.134     9.094     3.40    1.88
   2972.472    10.899     4.86    2.92
   3343.747    14.449     9.56    5.27
   3714.960    18.479    10.86    6.03
   4086.111    23.248    12.85    5.16
   4457.199    27.208    10.67    4.24
   4828.226    31.169    10.67    4.52
   5199.190    34.923    10.12    5.03
   5570.092    39.056    11.14    4.74
   5940.932    42.636     9.65    4.49
   6311.710    46.261     9.78    4.23
   6682.426    49.071     7.58    4.03
   7053.080    52.404     8.99    3.73
   7423.672    55.129     7.35    3.74
   7794.202    58.563     9.27    4.24
   8164.670    61.905     9.02    4.61
   8535.076    66.171    11.52    5.28
   8905.420    70.586    11.92    6.34
   9275.703    76.438    15.80    7.77
   9645.923    82.704    16.92    8.97
  10016.082    92.754    27.15   12.43
  10386.179   100.560    21.09   11.80
  10756.215   107.747    19.42    8.28
  11126.189   111.495    10.13    3.98
  11496.101   112.376     2.38    1.53
  11865.951   112.552     0.48    0.90
  12235.740   113.185     1.71    1.03
  12605.468   113.774     1.59    0.98
  12975.134   114.517     2.01    1.15
  13344.738   115.404     2.40    1.32
  13714.281   116.669     3.42    1.52
  14083.763   117.966     3.51    1.74
  14453.183   119.702     4.70    2.06
  14822.542   121.299     4.32    2.31
  15191.840   123.124     4.94    2.11
  15561.076   124.527     3.80    1.74
  15930.251   125.633     3.00    1.14
  16299.365   126.261     1.70    0.85
  16668.417   126.734     1.28    0.55
  17037.409   127.021     0.78    0.57
  17406.339   127.432     1.11    0.52
  17775.208   127.697     0.72    0.50
  18144.016   127.975     0.75    0.56
  18512.763   128.287     0.84    0.65
  18881.449   128.624     0.92    0.56
  19250.074   128.902     0.75    0.54
  19618.639   129.260     0.97    0.63
  19987.142   129.574     0.85    0.62
  20355.584   129.940     1.00    0.53
  20723.965   130.312     1.01    0.59
  21092.286   130.700     1.06    0.50
  21460.546   131.005     0.83    0.57
  21828.745   131.484     1.30    0.60
  22196.883   131.858     1.02    0.52
  22564.961   132.301     1.20    0.57
  22932.977   132.811     1.39    0.65
  23300.934   133.274     1.26    0.75
  23668.829   133.986     1.94    0.83
  24036.664   134.531     1.48    0.74
  24404.439   135.011     1.31    0.85
  24772.153   135.385     1.02    1.03
  25139.806   135.819     1.18    1.21
  25507.399   136.315     1.35    1.21
  25874.932   136.970     1.78    1.15
  26242.404   137.753     2.13    1.02
  26609.815   138.561     2.20    1.20
  26977.167   139.540     2.67    1.21
  27349.076   140.388     2.28    1.01
  27728.859   141.123     1.94    0.72
  28108.578   141.637     1.35    0.69
  28488.231   142.027     1.03    0.66
  28867.820   142.495     1.23    0.74
  29247.344   142.994     1.32    0.76
  29626.803   143.299     0.80    0.78
  30006.197   143.747     1.18    0.77
  30385.526   144.182     1.14    0.73
  30764.790   144.637     1.20    0.79
  31143.990   145.092     1.20    0.77
  31523.125   145.598     1.34    0.82
  31902.195   146.129     1.40    0.76
  32281.201   146.603     1.25    0.79
  32660.142   147.179     1.52    0.71
  33039.019   147.699     1.37    0.76
  33417.830   148.220     1.38    0.72
  33796.578   148.786     1.50    0.78
  34175.261   149.511     1.91    0.92
  34553.879   150.248     1.95    1.09
  34932.433   151.223     2.58    1.18
  35310.923   152.261     2.74    1.20
  35689.349   153.366     2.92    1.18
  36067.710   154.405     2.75    1.19
  36446.007   155.476     2.83    1.15
  36824.239   156.367     2.36    1.12
  37202.407   157.374     2.66    1.19
  37580.512   158.395     2.70    1.13
  37958.552   159.337     2.49    1.18
  38336.528   160.368     2.73    1.17
  38714.439   161.352     2.60    1.26
  39092.287   162.521     3.09    1.23
  39470.071   163.689     3.09    1.55
  39847.791   165.157     3.89    1.91
  40225.447   166.754     4.23    2.30
  40603.039   168.469     4.54    2.26
  40980.567   169.919     3.84    2.00
  41358.031   171.133     3.22    1.70
  41735.431   172.142     2.67    1.39
  42112.768   173.195     2.79    1.15
  42490.041   173.904     1.88    0.99
  42867.250   174.445     1.43    0.91
  43244.395   174.544     0.26    1.01
  43621.477   174.324    -0.58    1.33
  43998.495   173.820    -1.33    1.56
  44375.450   173.074    -1.98    1.48
  44752.341   172.260    -2.16    1.21
  45129.168   171.684    -1.53    0.87
  45505.932   171.313    -0.99    0.52
  45882.633   171.183    -0.34    0.37
  46259.270   171.286     0.27    0.30
  46635.844   171.056    -0.61    0.78
  47012.354   170.598    -1.21    1.08
  47388.801   170.563    -0.09    1.56
  47765.185   172.261     4.51    3.94
  48141.506   174.139     4.99    4.47
  48517.763   176.224     5.54    3.86
  48893.957   178.368     5.70    1.83
  49270.088   179.155     2.09    0.89
  49646.156   179.274     0.31    0.84
  50022.160   178.650    -1.66    1.43
  50398.102   178.031    -1.65    1.34
  50773.980   178.338     0.82    1.62
  51149.796   179.652     3.50    2.43
  51525.548   181.641     5.29    2.89
  51901.238   183.500     4.95    2.18
  52276.865   184.197     1.85    1.82
  52652.429   184.339     0.38    1.70
  53027.930   184.338    -0.00    1.45
  53403.368   184.728     1.04    1.27
  53778.743   185.274     1.45    1.17
  54154.056   185.774     1.33    0.99
  54529.306   186.127     0.94    0.88
  54904.493   186.325     0.53    0.92
  55279.618   186.154    -0.46    1.21
  55654.679   185.636    -1.38    1.43
  56029.679   185.301    -0.89    1.28
  56404.616   185.274    -0.07    1.01
  56779.490   185.544     0.72    0.91
  57154.302   185.971     1.14    0.88
  57529.051   186.460     1.30    0.75
  57903.738   186.826     0.98    0.57
  58278.362   187.044     0.58    0.42
  58652.924   187.158     0.31    0.32
  59027.424   187.247     0.24    0.16
  59401.862   187.261     0.04    0.11
  59776.237   187.274     0.03    0.00
  60150.550   187.287     0.03    0.11
  60524.800   187.497     0.56    0.70
  60898.989   187.884     1.03    1.23
  61273.115   188.569     1.83    1.86
  61647.180   189.299     1.95    2.37
  62021.182   190.170     2.33    2.55
  62395.122   191.040     2.33    2.40
  62769.000   192.092     2.81    1.98
  63142.816   193.024     2.49    1.58
  63516.570   193.851     2.21    1.34
  63890.262   194.787     2.51    1.66
  64263.893   195.915     3.02    1.98
  64637.461   197.247     3.57    2.24
  65010.968   199.129     5.04    2.36
  65384.412   200.726     4.28    2.17
  65757.795   202.195     3.93    1.61
  66131.117   203.192     2.67    0.97
  66504.376   203.884     1.86    1.08
  66877.574   204.356     1.26    1.18
  67250.710   204.824     1.25    1.14
  67623.785   205.232     1.09    1.19
  67996.798   205.780     1.47    1.48
  68369.749   206.507     1.95    1.87
  68742.639   207.144     1.71    2.07
  69115.468   207.909     2.05    2.20
  69488.235   208.287     1.01    2.14
  69860.940   208.767     1.29    2.10
  70233.584   209.034     0.72    2.04
  70606.167   209.634     1.61    1.89
  70978.688   210.043     1.10    1.70
  71351.148   210.487     1.19    1.70
  71723.547   211.033     1.47    2.05
  72095.885   211.313     0.75    2.16
  72468.161   211.351     0.10    2.02
  72840.376   211.471     0.32    1.60
  73212.530   211.919     1.20    1.53
  73584.623   213.027     2.98    2.02
  73956.655   214.456     3.84    2.53
  74328.625   215.975     4.08    2.31
  74700.535   217.404     3.84    2.45
  75072.384   218.682     3.44    3.07
  75444.171   220.100     3.82    3.47
  75815.898   220.887     2.12    3.47
  76187.564   221.167     0.75    3.21
  76559.169   220.734    -1.16    3.05
  76930.713   221.011     0.74    3.10
  77302.196   221.728     1.93    3.14
  77673.618   223.340     4.34    3.34
  78044.980   225.040     4.58    3.36
  78416.281   226.379     3.61    2.80
  78787.521   227.195     2.20    2.10
  79158.701   228.103     2.45    2.07
  79529.819   230.082     5.33    3.36
  79900.878   232.261     5.87    3.75
  80271.875   234.184     5.18    3.83
  80642.813   235.034     2.29    3.60
  81013.689   235.530     1.34    2.93
  81384.505   235.940     1.11    2.52
  81755.261   236.676     1.98    2.28
  82125.956   237.590     2.46    2.07
  82496.591   238.260     1.81    1.72
  82867.165   238.326     0.18    1.74
  83237.680   238.674     0.94    1.64
  83608.133   238.900     0.61    1.63
  83978.527   239.466     1.53    1.62
  84348.860   240.071     1.63    1.72
  84719.133   241.578     4.07    2.28
  85089.346   243.179     4.33    2.50
  85459.499   244.299     3.03    2.40
  85829.591   244.247    -0.14    3.59
  86199.624   243.663    -1.58    4.36
  86569.596   242.971    -1.87    5.04
  86939.508   241.754    -3.29    5.65
  87309.361   241.422    -0.90    5.50
  87679.153   239.300    -5.74    5.75
  88048.885   237.687    -4.36    5.00
  88418.558   236.428    -3.41    4.42
  88788.170   235.787    -1.73    4.17
  89157.723   235.945     0.43    4.09
  89527.216   235.882    -0.17    4.03
  89896.649   235.616    -0.72    4.06
  90266.022   235.531    -0.23    4.20
  90635.335   235.697     0.45    4.28
  91004.589   235.394    -0.82    4.28
  91373.783   234.540    -2.31    3.97
  91742.918   234.394    -0.40    3.72
  92111.992   234.567     0.47    3.74
  92481.008   235.034     1.26    3.97
  92849.963   235.767     1.99    4.36
  93218.859   236.047     0.76    5.01
  93587.696   236.120     0.20    5.42
  93956.473   236.477     0.97    5.92
  94325.190   236.684     0.56    6.38
  94693.849   236.847     0.44    6.60
  95062.447   237.812     2.62    7.34
  95430.987   239.367     4.22    8.20
  95799.467   240.563     3.25    9.14
  96167.888   242.471     5.18    9.74
  96536.249   243.639     3.17   10.48
  96904.551   246.620     8.10   10.37
  97272.794   249.747     8.49   10.31
  97640.978   252.221     6.72    9.90
  98009.103   255.196     8.08    9.34
  98377.168   258.140     8.00    7.16
  98745.175   260.708     6.98    6.69
  99113.122   263.355     7.19    4.61
  99481.010   265.634     6.19    3.07
  99848.840   266.967     3.62    2.83
 100216.610   268.391     3.87    2.13
 100584.321   269.300     2.47    1.65
 100951.974   270.118     2.23    1.81
 101319.567   271.235     3.04    2.43
 101687.102   273.417     5.94    3.36
 102056.620   275.728     6.26    3.50
 102436.266   278.300     6.77    2.69
 102815.849   279.879     4.16    2.59
 103195.368   280.851     2.56    3.09
 103574.825   281.822     2.56    3.50
 103954.218   283.111     3.40    3.72
 104333.548   284.746     4.31    3.95
 104712.814   286.337     4.19    4.09
 105092.018   287.395     2.79    3.91
 105471.158   288.053     1.73    3.80
 105850.236   288.300     0.65    4.05
 106229.251   289.287     2.60    4.37
 106608.202   290.405     2.95    4.49
 106987.091   290.871     1.23    4.24
 107365.916   291.380     1.34    3.69
 107744.679   292.127     1.97    3.43
 108123.379   292.774     1.71    2.97
 108502.017   294.177     3.70    2.68
 108880.591   295.374     3.16    2.86
 109259.103   296.940     4.14    3.22
 109637.552   299.249     6.10    3.38
 110015.938   301.205     5.17    2.22
 110394.262   301.569     0.96    1.53
 110772.523   300.708    -2.28    2.08
 111150.721   299.787    -2.44    2.00
 111528.857   299.497    -0.77    2.18
 111906.930   300.301     2.12    2.96
 112284.941   302.137     4.86    3.79
 112662.889   304.017     4.97    4.29
 113040.775   306.090     5.48    4.02
 113418.599   308.014     5.09    3.44
 113796.360   308.879     2.29    2.56
 114174.059   310.063     3.13    2.59
 114551.696   311.364     3.44    2.87
 114929.270   312.466     2.92    2.70
 115306.782   313.069     1.60    2.24
 115684.232   313.354     0.76    2.67
 116061.619   313.458     0.28    4.73
 116438.945   312.547    -2.42    7.59
 116816.208   310.129    -6.41   11.26
 117193.409   308.537    -4.22   12.56
 117570.549   308.355    -0.48   12.21
 117947.626   307.500    -2.27   11.14
 118324.641   307.045    -1.21    9.73
 118701.594   306.208    -2.22    7.93
 119078.486   305.427    -2.07    6.16
 119455.315   306.540     2.96    5.21
 119832.083   308.287     4.64    4.66
 120208.788   310.210     5.10    3.16
 120585.432   311.301     2.90    2.54
 120962.014   311.415     0.30    2.60
 121338.535   311.639     0.59    2.32
 121714.993   311.780     0.38    3.01
 122091.390   311.813     0.09    3.83
 122467.726   312.497     1.82    3.82
 122843.999   312.550     0.14    4.08
 123220.211   312.517    -0.09    4.28
 123596.362   312.558     0.11    4.16
 123972.451   313.429     2.32    4.87
 124348.478   314.194     2.03    5.01
 124724.444   315.017     2.19    5.18
 125100.349   316.590     4.18    4.87
 125476.192   317.121     1.41    3.99
 125851.974   316.129    -2.64    5.46
 126227.694   315.890    -0.64    6.76
 126603.353   315.637    -0.67    6.78
 126978.951   315.544    -0.25    5.68
 127354.488   316.274     1.94    4.30
 127729.963   317.100     2.20    3.82
 128105.377   318.567     3.91    4.18
 128480.730   321.287     7.25    3.65
 128856.022   323.234     5.19    2.61
 129231.253   324.714     3.94    1.77
 129606.423   325.507     2.11    1.68
 129981.531   325.918     1.10    1.74
 130356.579   326.010     0.25    1.85
 130731.566   325.826    -0.49    1.92
 131106.491   325.288    -1.44    1.52
 131481.356   324.695    -1.58    1.16
 131856.160   324.038    -1.75    1.11
 132230.903   322.984    -2.81    1.89
 132605.585   321.760    -3.27    2.31
 132980.207   319.843    -5.12    2.66
 133354.767   318.301    -4.12    2.20
 133729.267   317.105    -3.19    1.46
 134103.706   316.514    -1.58    0.85
 134478.085   316.508    -0.02    1.06
 134852.402   316.603     0.25    1.35
 135226.660   316.642     0.11    1.49
 135600.856   316.637    -0.01    1.62
 135974.992   316.642     0.01    1.70
 136349.068   316.874     0.62    1.81
 136723.083   317.382     1.36    2.22
 137097.037   318.041     1.76    3.20
 137470.931   320.274     5.97    5.41
 137844.765   322.820     6.81    6.17
 138218.538   325.463     7.07    5.63
 138592.251   327.392     5.16    4.29
 138965.904   328.343     2.54    3.00
 139339.496   328.962     1.66    2.17
 139713.028   329.413     1.21    1.81
 140086.500   329.556     0.38    1.74
 140459.912   329.468    -0.23    1.77
 140833.263   329.484     0.04    1.84
 141206.554   329.203    -0.75    1.83
 141579.786   329.100    -0.28    1.58
 141952.957   328.585    -1.38    1.31
 142326.068   328.194    -1.05    1.15
 142699.119   327.561    -1.69    1.06
 143072.110   327.411    -0.40    1.32
 143445.041   327.500     0.24    1.83
 143817.912   327.986     1.30    2.10
 144190.723   328.544     1.50    2.30
 144563.474   329.076     1.43    2.27
 144936.166   329.287     0.57    2.33
 145308.797   329.554     0.72    2.40
 145681.369   329.834     0.75    2.31
 146053.881   330.340     1.36    2.36
 146426.334   330.669     0.88    2.45
 146798.726   330.855     0.50    2.45
 147171.059   331.221     0.98    2.43
 147543.332   331.625     1.09    2.32
 147915.546   331.975     0.94    2.18
 148287.700   332.287     0.84    2.25
 148659.795   332.676     1.05    2.50
 149031.830   333.127     1.21    2.86
 149403.805   333.407     0.75    3.09
 149775.721   333.913     1.36    3.13
 150147.578   334.558     1.73    2.67
 150519.375   335.246     1.85    2.85
 150891.113   335.500     0.69    2.76
 151262.791   335.902     1.08    3.12
 151634.410   336.087     0.50    3.12
 152005.970   336.331     0.66    3.05
 152377.471   336.892     1.51    3.09
 152748.912   337.802     2.45    3.25
 153120.294   338.234     1.16    3.21
 153491.617   339.218     2.65    3.18
 153862.881   339.761     1.46    2.85
 154234.085   340.718     2.58    2.68
 154605.231   341.361     1.73    2.32
 154976.317   342.135     2.08    1.96
 155347.345   342.884     2.02    1.61
 155718.313   343.496     1.65    1.66
 156089.223   344.445     2.56    1.74
 156460.073   344.945     1.35    1.32
 156830.865   345.220     0.74    1.32
 157201.597   345.482     0.71    1.66
 157572.271   345.760     0.75    1.71
 157942.886   346.000     0.65    1.77
 158313.442   345.904    -0.26    1.84
 158683.939   345.219    -1.85    1.90
 159054.378   344.630    -1.59    1.96
 159424.758   343.479    -3.11    2.07
 159795.079   342.679    -2.16    1.94
 160165.342   341.449    -3.32    2.16
 160535.545   340.011    -3.89    2.73
 160905.691   338.447    -4.22    2.93
 161275.777   337.339    -2.99    2.68
 161645.806   335.909    -3.86    1.75
 162015.775   335.702    -0.56    1.86
 162385.686   333.801    -5.14    4.94
 162755.539   330.392    -9.21    7.85
 163125.333   327.328    -8.29    8.43
 163495.069   326.495    -2.25    7.77
 163864.746   327.706     3.28    9.18
 164234.365   328.780     2.91    9.57
 164603.926   331.490     7.33    9.08
 164973.428   332.945     3.94    8.17
 165342.873   332.354    -1.60    7.31
 165712.258   331.660    -1.88    7.02
 166081.586   331.125    -1.45    6.08
 166450.856   330.949    -0.48    5.72
 166820.067   331.328     1.02    6.26
 167189.220   331.720     1.06    6.59
 167558.315   333.977     6.11    7.50
 167927.352   336.179     5.97    7.65
 168296.331   339.463     8.90    7.29
 168665.252   341.326     5.05    7.61
 169034.115   343.100     4.81    7.85
 169402.920   344.774     4.54    6.86
 169771.667   345.990     3.30    5.16
 170140.356   345.647    -0.93    4.55
 170508.988   344.341    -3.54    5.99
 170877.561   343.379    -2.61    5.95
 171246.077   342.949    -1.17    5.25
 171614.535   342.642    -0.83    4.41
 171982.935   341.895    -2.03    3.60
 172351.277   342.050     0.42    2.93
 172719.561   342.004    -0.13    2.59
 173087.788   341.154    -2.31    2.78
 173455.958   340.407    -2.03    3.03
 173824.069   338.800    -4.36    2.64
 174192.123   337.314    -4.04    2.74
 174560.120   335.847    -3.99    2.80
 174928.058   334.329    -4.13    2.84
 175295.940   332.863    -3.98    2.97
 175663.764   331.931    -2.53    2.97
 176031.530   330.849    -2.94    3.10
 176399.239   330.096    -2.05    3.03
 176766.891   329.767    -0.89    2.76
 177146.088   329.466    -0.79    2.36
 177525.541   329.382    -0.22    2.21
 177904.931   329.558     0.46    2.12
 178284.260   329.603     0.12    2.52
 178663.528   330.327     1.91    3.09
 179042.734   331.274     2.50    3.09
 179421.878   332.260     2.60    2.63
 179800.962   332.753     1.30    2.61
 180179.983   333.180     1.13    3.35
 180558.944   332.753    -1.13    3.85
 180937.843   332.456    -0.79    3.73
 181316.681   332.463     0.02    3.95
 181695.457   332.206    -0.68    4.28
 182074.172   331.355    -2.25    3.78
 182452.826   330.301    -2.78    2.93
 182831.419   329.170    -2.99    3.59
 183209.951   328.452    -1.90    3.76
 183588.421   327.487    -2.55    3.40
 183966.831   327.045    -1.17    2.97
 184345.179   325.554    -3.94    2.71
 184723.466   324.690    -2.28    2.88
 185101.693   324.020    -1.77    3.25
 185479.858   323.288    -1.94    3.37
 185857.963   322.760    -1.39    3.06
 186236.006   322.625    -0.36    2.49
 186613.989   322.436    -0.50    1.61
 186991.910   322.726     0.77    1.55
 187369.771   322.753     0.07    2.08
 187747.571   321.820    -2.47    2.52
 188125.311   321.102    -1.90    2.82
 188502.989   322.367     3.35    4.61
 188880.607   323.651     3.40    5.58
 189258.165   325.733     5.52    5.17
 189635.661   327.411     4.44    5.09
 190013.097   327.434     0.06    4.59
 190390.472   327.409    -0.07    4.05
 190767.787   327.247    -0.43    4.39
 191145.042   327.207    -0.11    4.34
 191522.235   326.990    -0.58    3.65
 191899.369   327.353     0.96    3.14
 192276.442   327.493     0.37    1.99
 192653.454   328.092     1.59    1.48
 193030.406   328.288     0.52    1.12
 193407.298   328.419     0.35    1.31
 193784.129   328.413    -0.02    1.40
 194160.900   328.287    -0.33    1.57
 194537.611   327.698    -1.56    2.37
 194914.262   326.919    -2.07    3.06
 195290.852   326.922     0.01    4.38
 195667.383   327.034     0.30    4.84
 196043.853   327.625     1.57    4.52
 196420.263   327.922     0.79    3.15
 196796.613   327.971     0.13    2.12
 197172.902   329.219     3.32    3.04
 197549.132   332.847     9.64    4.87
 197925.302   336.471     9.63    6.11
 198301.412   340.047     9.51    4.54
 198677.462   341.926     5.00    2.38
 199053.452   341.487    -1.17    2.63
 199429.382   339.960    -4.06    2.17
 199805.252   338.895    -2.83    2.00
 200181.063   337.788    -2.95    1.89
 200556.813   336.397    -3.70    2.24
 200932.504   334.968    -3.80    2.38
 201308.135   333.328    -4.37    2.71
 201683.707   331.500    -4.86    2.57
 202059.219   330.109    -3.70    2.45
 202434.671   328.679    -3.81    2.27
 202810.063   327.616    -2.83    2.08
 203185.396   327.260    -0.95    1.93
 203560.670   326.809    -1.20    1.75
 203935.883   326.140    -1.78    2.09
 204311.038   325.303    -2.23    2.56
 204686.132   323.524    -4.74    2.12
 205061.168   322.232    -3.45    1.75
 205436.144   321.287    -2.52    1.38
 205811.060   320.301    -2.63    1.20
 206185.918   319.866    -1.16    1.07
 206560.716   319.274    -1.58    1.34
 206935.454   318.620    -1.74    1.39
 207310.133   318.058    -1.50    1.43
 207684.754   317.504    -1.48    1.36
 208059.314   316.693    -2.16    1.59
 208433.816   316.368    -0.87    1.94
 208808.259   315.949    -1.12    1.95
 209182.642   316.152     0.54    2.18
 209556.966   316.700     1.46    2.38
 209931.231   317.178     1.28    2.21
 210305.438   318.103     2.47    2.31
 210679.585   318.246     0.38    2.15
 211053.673   318.474     0.61    2.10
 211427.702   318.767     0.78    2.23
 211801.672   319.497     1.95    2.32
 212175.584   320.509     2.70    2.17
 212549.436   321.540     2.76    2.63
 212923.230   322.974     3.83    2.77
 213296.965   325.017     5.47    3.87
 213670.641   327.685     7.14    4.59
 214044.258   330.192     6.71    4.11
 214417.817   332.082     5.06    3.41
 214791.316   333.477     3.73    3.47
 215164.758   336.055     6.90    3.82
 215538.140   338.787     7.32    4.21
 215911.464   341.807     8.09    4.91
 216284.729   345.207     9.11    5.26
 216657.936   349.531    11.58    5.86
 217031.084   353.424    10.43    6.17
 217404.174   357.589    11.16    4.97
 217777.205   361.358    10.10    5.85
 218150.178   365.520    11.16    6.79
 218523.092   368.968     9.24    7.20
 218895.948   373.233    11.44    6.66
 219268.746   377.488    11.41    8.28
 219641.485   381.367    10.40    9.08
 220014.166   386.759    14.47    9.75
 220386.789   392.634    15.76   10.51
 220759.353   399.039    17.19   10.85
 221131.860   405.727    17.95   10.59
 221504.308   412.406    17.93   10.49
 221876.697   416.733    11.62   11.52
 222249.029   422.188    14.65   14.02
 222621.303   427.139    13.30   15.95
 222993.518   435.189    21.62   18.76
 223365.676   443.367    21.97   22.74
 223737.775   456.000    33.94   29.05
 224109.816   467.314    30.40   32.94
 224481.800   485.041    47.65   36.62
 224853.725   498.887    37.22   36.80
 225225.593   513.575    39.49   31.42
 225597.402   523.868    27.68   23.84
 225969.154   530.233    17.12   17.29
 226340.848   535.000    12.82   13.11
 226712.484   541.931    18.65   11.21
 227084.063   548.179    16.81   10.35
 227455.583   553.801    15.13    7.93
 227827.046   557.679    10.44    5.20
 228198.451   556.445    -3.32    6.67
 228569.799   552.558   -10.47    7.58
 228941.089   548.629   -10.58    6.87
 229312.321   545.990    -7.11    4.63
 229683.496   546.142     0.41    3.85
 230054.613   547.246     2.97    3.39
 230425.672   547.927     1.84    2.91
 230796.674   547.302    -1.69    3.49
 231167.619   545.540    -4.75    4.12
 231538.506   543.151    -6.44    3.93
 231909.336   541.507    -4.43    3.60
 232280.108   540.879    -1.69    3.42
 232650.823   542.367     4.01    3.22
 233021.481   544.415     5.52    3.52
 233392.081   547.140     7.35    3.29
 233762.624   549.668     6.82    3.01
 234133.110   552.112     6.59    2.54
 234503.538   553.931     4.91    2.15
 234873.909   556.074     5.78    2.40
 235244.223   558.097     5.46    2.92
 235614.480   560.487     6.45    2.93
 235984.680   562.803     6.26    2.46
 236354.823   565.407     7.03    3.08
 236724.908   568.158     7.43    3.60
 237094.937   571.868    10.03    4.51
 237464.909   575.288     9.24    4.03
 237834.823   578.193     7.85    3.40
 238204.681   579.802     4.35    2.07
 238574.482   578.098    -4.61    4.44
 238944.225   574.133   -10.72    6.63
 239313.912   570.328   -10.29    6.14
 239683.542   566.908    -9.25    4.05
 240053.115   566.382    -1.42    3.73
 240422.632   566.682     0.81    3.95
 240792.091   568.017     3.61    3.67
 241161.494   568.815     2.16    3.18
 241530.841   569.598     2.12    2.38
 241900.130   569.424    -0.47    2.03
 242269.363   569.109    -0.85    1.57
 242638.539   568.342    -2.08    1.52
 243007.658   567.808    -1.45    1.53
 243376.721   566.603    -3.27    1.89
 243745.728   565.274    -3.60    2.41
 244114.678   562.630    -7.16    3.87
 244483.571   558.685   -10.69    6.05
 244852.408   552.726   -16.15    7.76
 245221.188   546.055   -18.09    8.25
 245589.912   539.052   -18.99    7.09
 245958.580   534.356   -12.73    5.62
 246327.191   529.940   -11.98    3.81
 246695.746   527.288    -7.20    3.71
 247064.244   524.541    -7.45    3.48
 247432.687   522.712    -4.96    3.39
 247801.073   521.302    -3.83    2.63
 248169.402   520.671    -1.71    2.22
 248537.676   520.330    -0.93    2.38
 248905.893   519.863    -1.27    2.68
 249274.054   519.048    -2.21    2.71
 249642.159   518.520    -1.43    2.70
 250010.208   517.823    -1.89    2.37
 250378.201   516.972    -2.31    2.73
 250746.138   515.513    -3.97    2.62
 251114.018   514.657    -2.33    2.38
 251481.843   514.513    -0.39    2.49
 251858.761   515.493     2.60    2.80
 252238.086   517.500     5.29    3.14
 252617.351   519.740     5.90    2.94
 252996.556   522.014     6.00    2.77
 253375.701   524.358     6.18    2.86
 253754.786   527.260     7.65    3.24
 254133.812   529.688     6.40    3.21
 254512.777   532.554     7.56    3.49
 254891.683   535.897     8.82    4.00
 255270.529   540.698    12.67    6.43
 255649.315   546.203    14.53    6.46
 256028.042   550.863    12.30    5.36
 256406.709   555.808    13.06    3.64
 256785.316   557.781     5.21    2.79
 257163.864   559.630     4.88    2.42
 257542.352   561.317     4.46    2.27
 257920.781   563.647     6.16    3.36
 258299.150   565.988     6.19    3.06
 258677.459   567.674     4.45    2.43
 259055.709   568.854     3.12    1.52
 259433.900   569.657     2.13    1.85
 259812.031   570.386     1.93    2.43
 260190.103   571.055     1.77    2.66
 260568.116   570.082    -2.57    4.26
 260946.069   566.767    -8.77    5.89
 261323.963   561.438   -14.10    6.26
 261701.797   556.767   -12.36    5.10
 262079.573   551.980   -12.67    4.97
 262457.289   547.917   -10.76    4.42
 262834.946   545.156    -7.31    3.93
 263212.544   542.904    -5.96    2.39
