# NaN NaN NaN ;Mean Elev.(m), Avg Gradient(m/km), RMS Gradient(m/km) - SRTM1     
#   15.831   0.297   3.616 ;Mean Elev.(m), Avg Gradient(m/km), RMS Gradient(m/km) - ASTER GDEM
#   13.629  -0.035   0.254 ;Mean Elev.(m), Avg Gradient(m/km), RMS Gradient(m/km) - GMTED2010 
  7 225.787259  68.569695     3.327     3.648  3 52474.22738361 20.360
  8 225.795643  68.574459    -3.451    -3.844  4 52509.22734840 30.823
  9 225.786067  68.567183     1.674     1.138  4 52544.22734479 26.808
 10 225.785166  68.569221     1.628     1.475  3 52579.22738545 25.789
 11 225.794492  68.573533     2.273     2.132  3 52614.22735263 21.254
 12 225.787359  68.570381     2.092     1.737  3 52649.22733282 21.080
 13 225.797300  68.576210     2.013     2.017  3 52684.22731420 19.888
 14 225.786638  68.569296     2.033     1.784  3 52719.22736716 16.984
 16 225.779695  68.563095     3.773     3.770  3 52789.22733824 31.120
 17 225.784608  68.566142     2.923     2.788  3 52824.22740915 20.183
 18 225.786720  68.567720     2.642     2.017  3 52859.22745558 20.907
 19 225.788122  68.571481     2.051     1.235  3 52894.22748736 31.653
 20 225.797356  68.576910     1.924     1.926  3 52929.22743798 30.580
 21 225.783957  68.566920     1.593     1.646  3 52964.22742166 24.832
 22 225.786877  68.569611     1.427     1.362  4 52999.22745840 17.403
 23 225.796568  68.575723     1.813     1.863  4 53034.22741090 15.388
 24 225.789156  68.569859     1.428     1.417  3 53069.22742626 15.179
 25 225.797912  68.577457     1.667     1.659  3 53104.22741298 12.278
 26 225.786436  68.568896     1.316     1.364  4 53139.22743139  9.956
 28 225.789966  68.571447     1.001     1.007  4 53209.22748708 50.475
 29 225.795666  68.573885     2.322     2.209  3 53244.22745506 28.950
 30 225.781465  68.563361     1.786     1.403  4 53279.22743289 28.785
 31 225.788189  68.568914     0.551     0.537  3 53314.22745722 33.650
 32 225.793926  68.574254     0.473     0.501  3 53349.22742370 29.086
 33 225.782729  68.564816     1.047     0.956  4 53384.22739644 18.551
 34 225.796158  68.573343     1.535     1.531  3 53419.22740401 17.460
 35 225.782287  68.562966     1.464     1.369  3 53454.22740843 15.914
 36 225.783524  68.567610     1.426     1.372  3 53489.22749448  9.984
 37 225.791734  68.571642     3.628     3.567  4 53524.22748181 24.825
 38 225.787917  68.570135     2.560     2.026  3 53559.22750831 20.875
 39 225.801583  68.576761     2.168     2.220  3 53594.22744677 30.105
 40 225.777944  68.558923     2.455     2.315  4 53629.22743671 29.634
 41 225.785793  68.569324     2.273     2.196  4 53664.22746236 28.785
 42 225.794851  68.574356     2.053     2.023  3 53699.22742122 18.334
 43 225.802933  68.579247     1.980     1.957  3 53734.22734416 17.322
 44 225.791160  68.570453     2.156     1.906  3 53769.22732679 18.341
 45 225.798819  68.577072     1.945     1.942  3 53804.22732351 17.751
 46 225.781583  68.564750     2.444     2.538  4 53839.22734152 16.485
 47 225.787970  68.570133     3.459     3.559  3 53874.22738850 35.476
 48 225.783852  68.567608     3.255     3.105  4 53909.22743278 25.265
 49 225.787025  68.567909     2.210     1.397  3 53944.22745536 23.175
 50 225.795534  68.575491     2.143     2.096  3 53979.22740566 24.039
 51 225.782171  68.563469     1.654     0.527  3 54014.22741790 23.395
 52 225.791997  68.573647     0.264     0.221  3 54049.22742481 40.811
 54 225.802913  68.578982     1.696     1.744  3 54119.22734659 20.247
 55 225.790591  68.570085     1.561     1.404  3 54154.22737243 18.497
 56 225.798028  68.578506     1.737     1.663  3 54189.22734207 17.673
 57 225.785889  68.569380     1.754     1.795  3 54224.22738302 17.784
 58 225.790462  68.571050     3.111     2.597  3 54259.22740429 29.122
 59 225.790088  68.571802     3.162     3.118  4 54294.22740758 20.731
 60 225.795028  68.574329     1.922     1.944  3 54329.22740190 27.275
 61 225.800660  68.577599     2.113     2.194  4 54364.22734879 30.058
 62 225.790392  68.571009     1.481     1.472  3 54399.22734206 32.603
 63 225.796884  68.577293     1.689     1.651  3 54434.22730071 22.337
 64 225.785835  68.569339     1.675     1.373  3 54469.22732492 21.809
 65 225.796740  68.575867     1.426     1.419  4 54504.22731537 16.332
 66 225.791938  68.572334     1.464     1.465  3 54539.22734056 15.370
 67 225.798038  68.577418     1.506     1.496  3 54574.22731626 14.459
 68 225.790281  68.571555     3.991     3.997  3 54609.22733326 33.512
 69 225.791901  68.571800     3.207     3.182  3 54644.22734116 26.911
 70 225.789564  68.572407     3.132     3.188  3 54679.22734295 20.787
 71 225.799694  68.578823     2.133     2.030  3 54714.22729557 21.479
 72 225.786282  68.569724     2.307     2.465  3 54749.22731233 24.167
 73 225.795879  68.574000     1.664     1.607  3 54784.22728256 26.518
 74 225.786482  68.570061     2.060     2.039  3 54819.22730484 21.334
 75 225.795568  68.574265     1.922     1.870  4 54854.22727950 18.739
 76 225.790792  68.570597     1.758     1.741  4 54889.22730950 16.540
 77 225.800268  68.577182     1.799     1.715  3 54924.22727948 15.718
 78 225.785721  68.569219     2.169     1.664  4 54959.22730709 25.053
 79 225.790577  68.570045     2.924     2.378  3 54994.22732913 26.962
 80 225.792625  68.572426     2.485     2.057  4 55029.22731949 27.006
 81 225.792190  68.573972     1.191     1.301  3 55064.22731129 40.579
 82 225.802351  68.577268     1.934     2.038  3 55099.22725623 30.493
 83 225.788384  68.569177     1.503     1.400  3 55134.22725481 32.393
 84 225.796749  68.575740     2.055     1.997  4 55169.22722011 20.772
 85 225.787102  68.569807     2.043     1.982  3 55204.22724791 19.974
 86 225.796123  68.576493     1.867     1.806  3 55239.22722717 17.852
 87 225.792378  68.572601     1.957     1.867  3 55274.22724213 16.527
 88 225.799104  68.577407     2.119     2.128  4 55309.22721073 30.521
 89 225.792125  68.571741     3.480     3.499  4 55344.22721015 45.960
 90 225.793257  68.575488     0.511     2.151  3 55379.22720549 23.594
 91 225.786951  68.569240     1.979     1.341  3 55414.22722987 34.010
 92 225.795502  68.574283     2.110     2.045  4 55449.22721813 30.210
 93 225.803409  68.579311     2.047     2.010  3 55484.22714492 31.454
