# NaN NaN NaN ;Mean Elev.(m), Avg Gradient(m/km), RMS Gradient(m/km) - SRTM1     
#   17.030  -3.646   9.358 ;Mean Elev.(m), Avg Gradient(m/km), RMS Gradient(m/km) - ASTER GDEM
#   44.141  -3.455  10.346 ;Mean Elev.(m), Avg Gradient(m/km), RMS Gradient(m/km) - GMTED2010 
  7 231.243189  65.666386    32.765    32.738  3 52452.22078500 51.081
  8 231.260044  65.662267    34.786    34.786  2 52487.22076520 28.588
  9 231.264716  65.661186    33.727    33.622  6 52522.22073539 28.286
 11 231.248925  65.664882    33.075    33.108  4 52592.22078254 34.653
 13 231.251441  65.665310    56.589    55.582  5 52662.22074579 15.587
 14 231.236198  65.667457    51.150    51.561  3 52697.22072375 11.255
 15 231.265558  65.660996    53.176    49.638  7 52732.22074493  8.859
 17 231.234863  65.667071    33.187    33.207  4 52802.22076508 49.202
 18 231.243841  65.665684    32.761    32.801  4 52837.22082983 41.885
 19 231.246591  65.668214    32.060    32.060  2 52872.22087051 50.512
 20 231.264145  65.660110    32.120    32.302  3 52907.22085853 23.870
 21 231.240014  65.666923    33.803    33.795  4 52942.22078897 41.745
 23 231.250922  65.666559    51.143    51.143  2 53012.22084409  9.916
 24 231.238251  65.666864    60.198    60.417  3 53047.22081157 10.571
 25 231.247026  65.667347    60.747    60.747  2 53082.22084613  8.948
 26 231.234733  65.667472    59.892    59.856  3 53117.22081698  6.438
 28 231.263651  65.657769    34.325    34.325  2 53187.22085054 25.629
 29 231.260516  65.662707    33.727    34.083  6 53222.22087414 18.563
 31 231.229794  65.667705    51.071    50.974  3 53292.22086923 13.465
 32 231.262174  65.659670    34.209    34.111  5 53327.22084099 21.803
 35 231.268232  65.660807    56.130    57.930  7 53432.22080922  8.041
 36 231.233727  65.670537    60.302    60.302  2 53467.22084692  7.795
 38 231.256384  65.663045    33.552    33.555  5 53537.22089046 50.039
 39 231.246466  65.669488    32.023    32.023  2 53572.22089618 13.727
 40 231.267985  65.663398    31.884    31.826  5 53607.22084327 23.828
 41 231.235070  65.667226    31.960    32.057  4 53642.22084559 19.261
 42 231.245799  65.666286    31.705    31.681  4 53677.22086402 45.694
 43 231.274188  65.658218    47.530    49.374  7 53712.22079083 12.877
 44 231.237564  65.665602    51.131    51.131  2 53747.22070526 13.186
 45 231.261382  65.661369    52.576    50.706  6 53782.22073485 12.196
 46 231.281033  65.657820    42.002    42.462  8 53817.22069933 12.790
 47 231.235455  65.667475    32.636    32.622  3 53852.22077483 19.512
 48 231.267094  65.656599    35.600    35.600  2 53887.22077784 37.294
 49 231.236778  65.668577    32.107    32.343  3 53922.22085245 16.527
 51 231.232051  65.667862    32.062    32.080  4 53992.22077057 50.924
 52 231.240056  65.666652    31.196    31.190  4 54027.22083359 37.791
 55 231.237203  65.667004    44.003    49.510  3 54132.22074941 13.618
 56 231.261997  65.661082    44.108    44.218  6 54167.22076933 12.289
 57 231.238553  65.667670    29.559    30.538  4 54202.22075285 13.454
 58 231.249463  65.665542    35.912    35.912  2 54237.22078798 41.222
 59 231.256350  65.663041    32.921    33.019  5 54272.22080682 35.642
 60 231.250941  65.665083    33.483    33.371  5 54307.22080951 44.273
 61 231.267176  65.660407    31.979    31.975  7 54342.22078831 27.426
 62 231.242110  65.668766    36.466    36.466  2 54377.22074544 17.460
 63 231.251064  65.668038    32.195    32.210  3 54412.22073721 45.362
 64 231.237433  65.667700    56.462    58.054  4 54447.22071055 11.818
 66 231.241346  65.666119    51.977    52.411  3 54517.22072410  9.633
 67 231.263166  65.662007    50.361    50.316  6 54552.22074091  9.320
 68 231.247538  65.665965    60.922    60.998  4 54587.22071979  4.642
 69 231.254252  65.663562    33.599    33.542  5 54622.22073749 49.548
 70 231.251949  65.663963    39.519    37.922  4 54657.22074716 13.282
 71 231.260244  65.661773    33.402    33.210  6 54692.22072982 18.920
 72 231.243865  65.665193    32.978    32.947  4 54727.22070015 50.174
 74 231.235142  65.667588    32.478    32.486  3 54797.22069395 26.873
 75 231.254109  65.663719    34.012    34.121  6 54832.22069706 15.906
 76 231.240174  65.666075    42.929    41.189  4 54867.22068925 11.573
 77 231.260918  65.661657    40.570    41.267  6 54902.22070653 10.886
 78 231.244922  65.666533    48.854    49.222  4 54937.22067929  9.303
 79 231.245602  65.668747    41.985    41.985  2 54972.22071251 27.394
 80 231.254626  65.662949    33.814    33.388  5 55007.22072853 46.145
 81 231.248070  65.669271    32.013    32.013  2 55042.22071862 13.200
 82 231.257686  65.666888    32.018    31.977  3 55077.22069761 18.417
 83 231.244748  65.666352    38.295    31.305  3 55112.22065059 19.947
 84 231.252750  65.664081    31.052    31.051  4 55147.22065141 34.945
 85 231.237536  65.667010    45.374    50.343  3 55182.22063072 15.177
 86 231.256228  65.664022    45.829    49.416  5 55217.22064714 13.083
 87 231.241156  65.668532    48.906    48.799  3 55252.22062712 12.068
 88 231.263343  65.661363    49.976    49.884  7 55287.22063881 10.176
 90 231.252588  65.665448    34.092    34.338  3 55357.22061477 17.925
 91 231.242872  65.667025    32.087    32.084  3 55392.22061735 14.775
 92 231.252378  65.664821    32.237    32.247  5 55427.22063109 48.829
 93 231.268001  65.660820    32.081    32.046  7 55462.22059536 44.340
