-169103.528    25.706     0.00    5.07
-168727.198    27.561     4.93    6.60
-168350.788    31.101     9.40    7.75
-167974.301    34.546     9.15    8.43
-167597.736    35.800     3.33    9.83
-167221.092    34.918    -2.34   11.68
-166844.370    32.587    -6.19   12.82
-166467.569    30.596    -5.28   13.92
-166090.690    27.631    -7.86   13.51
-165713.732    25.434    -5.83   12.84
-165336.696    23.847    -4.21   12.13
-164959.582    22.597    -3.31   11.25
-164582.388    21.214    -3.67    9.58
-164205.116    19.865    -3.58    7.55
-163827.765    18.133    -4.59    3.26
-163450.336    17.478    -1.74    0.00
-163072.827    17.478     0.00    0.00
-162695.240    17.478     0.00    0.00
-162317.574    17.478     0.00    0.00
-161939.828    17.478     0.00    0.00
-161562.004    17.478     0.00    0.00
-161184.101    17.478     0.00    0.00
-160806.118    17.478     0.00    0.00
-160428.056    17.563     0.23    0.32
-160049.916    17.789     0.60    0.51
-159671.695    18.080     0.77    0.53
-159293.396    18.333     0.67    0.41
-158915.017    18.488     0.41    0.10
-158536.558    18.478    -0.03    0.00
-158158.020    18.478     0.00    0.00
-157779.403    18.478     0.00    0.00
-157400.706    18.478     0.00    0.00
-157021.929    18.478     0.00    0.00
-156643.073    18.478     0.00    0.00
-156264.137    18.478     0.00    0.00
-155885.121    18.478     0.00    0.00
-155506.026    18.478     0.00    0.00
-155126.850    18.478     0.00    0.00
-154747.595    18.478     0.00    0.00
-154368.259    18.478     0.00    0.00
-153988.844    18.916     1.15    2.69
-153609.348    20.318     3.69    6.55
-153229.773    22.534     5.84    9.96
-152850.117    24.101     4.13   11.32
-152470.381    26.799     7.10   13.33
-152090.564    28.736     5.10   15.03
-151710.668    31.052     6.10   16.42
-151330.691    32.209     3.04   16.95
-150950.633    33.637     3.76   17.29
-150570.495    35.951     6.09   17.65
-150190.277    39.983    10.60   18.06
-149809.978    45.751    15.17   17.67
-149429.598    52.587    17.97   16.42
-149049.138    60.552    20.93   11.24
-148668.597    66.130    14.66    6.71
-148287.975    69.467     8.77    4.86
-147907.272    71.586     5.57    3.06
-147526.488    72.762     3.09    1.17
-147145.624    72.280    -1.27    1.78
-146775.408    71.297    -2.66    2.21
-146409.864    70.533    -2.09    2.25
-146044.246    70.158    -1.02    2.57
-145678.555    69.012    -3.14    3.92
-145312.791    65.467    -9.69    7.09
-144946.952    54.233   -30.70   17.55
-144581.040    42.531   -31.98   18.04
-144215.054    34.641   -21.56   13.20
-143848.995    30.370   -11.67    6.23
-143482.861    34.031    10.00    6.11
-143116.654    38.840    13.13    6.60
-142750.373    42.765    10.71    5.70
-142384.017    45.533     7.56    4.95
-142017.588    47.656     5.79    4.99
-141651.084    47.655    -0.00    5.82
-141284.507    46.275    -3.76    6.66
-140917.855    43.755    -6.87    7.25
-140551.129    40.564    -8.70    6.23
-140184.329    40.162    -1.09    6.37
-139817.455    44.336    11.38    9.57
-139450.506    49.004    12.72   11.34
-139083.483    55.388    17.39   10.64
-138716.385    62.003    18.02    5.98
-138349.213    62.309     0.83    7.58
-137981.967    59.930    -6.48    9.39
-137614.646    56.955    -8.10   10.19
-137247.250    55.172    -4.85    9.64
-136879.780    55.651     1.30    9.21
-136512.235    59.712    11.05    9.70
-136144.615    63.297     9.75    9.43
-135776.920    67.741    12.09    6.41
-135409.151    70.329     7.03    2.59
-135041.306    71.700     3.73    2.48
-134673.387    73.299     4.35    3.11
-134305.393    75.066     4.80    3.36
-133937.324    76.920     5.03    3.11
-133569.179    78.311     3.78    2.56
-133200.960    79.563     3.40    1.88
-132832.666    80.265     1.91    1.28
-132464.296    80.733     1.27    0.76
-132095.851    80.754     0.06    0.58
-131727.331    80.675    -0.21    0.45
-131358.735    80.509    -0.45    0.31
-130990.064    80.500    -0.02    0.30
-130621.318    80.519     0.05    0.32
-130252.496    80.566     0.13    0.36
-129883.598    80.564    -0.01    0.46
-129514.625    80.434    -0.35    0.61
-129145.577    80.241    -0.52    0.70
-128776.453    79.956    -0.77    0.65
-128407.253    79.597    -0.97    0.59
-128037.977    79.286    -0.84    0.61
-127668.625    78.878    -1.11    0.60
-127299.198    78.541    -0.91    0.74
-126929.695    78.055    -1.31    0.89
-126560.116    77.743    -0.84    0.94
-126190.461    77.591    -0.41    1.06
-125820.730    77.754     0.44    1.16
-125450.922    78.122     0.99    1.36
-125081.039    78.925     2.17    1.78
-124711.080    79.789     2.33    2.17
-124341.044    81.187     3.78    2.94
-123970.932    82.584     3.77    3.24
-123600.744    84.166     4.27    3.40
-123230.479    85.573     3.80    3.64
-122860.138    87.219     4.44    3.86
-122489.720    88.720     4.05    3.77
-122119.226    90.741     5.46    3.62
-121748.656    91.839     2.96    3.61
-121378.009    93.098     3.40    3.48
-121007.285    94.596     4.04    3.84
-120636.485    95.989     3.76    3.95
-120265.608    97.861     5.05    4.14
-119894.654    99.752     5.10    4.11
-119523.623   101.478     4.65    3.95
-119152.515   102.889     3.80    3.68
-118781.331   104.467     4.25    3.41
-118410.069   105.743     3.44    3.21
-118038.731   107.531     4.81    2.96
-117667.315   108.835     3.51    2.90
-117295.823   110.597     4.74    2.73
-116924.253   111.825     3.30    2.96
-116552.606   113.075     3.36    3.07
-116180.882   114.204     3.04    3.26
-115809.080   114.866     1.78    3.32
-115437.201   115.634     2.06    3.37
-115065.245   116.046     1.11    3.23
-114693.211   116.180     0.36    3.22
-114321.100   115.900    -0.75    3.28
-113948.911   115.186    -1.92    3.24
-113576.645   114.115    -2.88    3.13
-113204.301   112.861    -3.37    2.82
-112831.879   112.084    -2.09    2.55
-112459.380   111.797    -0.77    2.27
-112086.802   111.956     0.43    2.16
-111714.147   112.573     1.66    2.25
-111341.415   113.595     2.74    2.54
-110968.604   115.052     3.91    2.71
-110595.715   116.329     3.42    2.68
-110222.748   117.934     4.30    2.44
-109849.703   119.392     3.91    2.91
-109476.580   120.967     4.22    2.80
-109103.379   122.499     4.10    2.65
-108730.100   123.866     3.66    2.20
-108356.742   125.354     3.98    2.51
-107983.306   127.400     5.48    2.87
-107609.792   129.382     5.31    3.10
-107236.199   131.478     5.61    2.94
-106862.528   133.088     4.31    2.84
-106488.779   134.620     4.10    2.80
-106114.950   136.207     4.24    2.56
-105741.044   137.660     3.89    2.26
-105367.058   139.246     4.24    2.00
-104992.994   140.467     3.26    1.65
-104618.851   141.541     2.87    1.35
-104244.629   142.271     1.95    1.43
-103870.329   142.983     1.90    1.73
-103495.949   143.807     2.20    1.90
-103121.491   144.573     2.05    1.96
-102746.954   145.403     2.22    1.69
-102372.337   145.619     0.58    1.57
-101997.642   145.414    -0.55    1.56
-101622.867   144.608    -2.15    1.52
-101248.013   143.669    -2.50    1.50
-100873.080   142.641    -2.74    1.40
-100498.068   141.856    -2.09    1.14
-100122.976   141.708    -0.40    2.00
 -99747.805   142.571     2.30    3.68
 -99372.554   143.864     3.44    4.66
 -98997.224   144.520     1.75    4.77
 -98621.814   143.411    -2.95    5.12
 -98246.325   139.019   -11.70    7.79
 -97870.756   132.818   -16.51    8.56
 -97495.108   127.024   -15.42    6.93
 -97119.380   122.955   -10.83    3.07
 -96743.571   122.363    -1.58    1.64
 -96367.684   124.388     5.39    4.02
 -95991.716   127.741     8.92    5.50
 -95615.668   131.185     9.16    5.83
 -95239.540   134.772     9.54    5.40
 -94863.332   137.922     8.37    5.20
 -94487.044   142.130    11.18    4.60
 -94110.676   145.671     9.41    4.75
 -93734.228   149.393     9.89    5.16
 -93357.700   153.088     9.81    5.48
 -92981.091   157.614    12.02    6.64
 -92604.402   162.101    11.91    7.11
 -92227.632   166.467    11.59    5.30
 -91850.782   168.918     6.50    3.19
 -91473.852   170.169     3.32    2.70
 -91096.841   171.616     3.84    3.39
 -90719.749   173.930     6.14    3.89
 -90342.577   175.839     5.06    3.77
 -89965.324   178.092     5.97    3.40
 -89587.990   178.912     2.17    3.27
 -89210.576   177.644    -3.36    5.16
 -88833.080   176.190    -3.85    6.33
 -88455.504   172.063   -10.93    8.58
 -88077.846   166.403   -14.99   13.09
 -87700.108   156.786   -25.46   17.86
 -87322.289   146.563   -27.06   19.82
 -86944.388   133.233   -35.27   18.68
 -86566.407   121.951   -29.85   16.19
 -86188.344   111.056   -28.81   12.73
 -85810.200   103.856   -19.04   10.78
 -85431.974    96.488   -19.48    9.05
 -85053.667    91.254   -13.83    7.94
 -84675.279    85.924   -14.08    5.80
 -84296.809    82.318    -9.53    3.45
 -83918.258    79.307    -7.95    2.61
 -83539.625    77.265    -5.39    2.71
 -83160.911    75.116    -5.67    2.56
 -82782.115    73.595    -4.02    2.23
 -82403.237    72.372    -3.23    2.00
 -82024.277    71.435    -2.47    1.78
 -81645.236    70.804    -1.66    1.81
 -81266.112    70.595    -0.55    1.88
 -80886.907    70.839     0.65    1.69
 -80507.619    71.180     0.90    1.33
 -80128.250    71.488     0.81    1.24
 -79748.799    71.105    -1.01    1.83
 -79369.265    70.467    -1.68    2.37
 -78989.649    69.626    -2.21    2.55
 -78609.951    69.045    -1.53    2.39
 -78230.170    68.467    -1.52    2.18
 -77850.308    68.583     0.31    2.11
 -77470.362    68.733     0.39    1.78
 -77090.335    69.342     1.60    1.62
 -76710.224    70.446     2.90    1.88
 -76330.032    72.025     4.15    2.31
 -75949.756    73.435     3.71    2.87
 -75569.398    75.394     5.15    2.75
 -75188.957    76.616     3.21    2.24
 -74808.433    76.488    -0.34    2.49
 -74427.827    75.760    -1.91    3.11
 -74047.137    72.884    -7.56    5.91
 -73666.365    68.836   -10.63    8.39
 -73285.510    60.821   -21.04   12.81
 -72904.571    52.695   -21.33   15.00
 -72523.550    41.825   -28.53   16.85
 -72147.899    32.779   -24.08   16.06
 -71782.587    24.644   -22.27   13.85
 -71417.201    18.856   -15.84   10.74
 -71051.738    13.382   -14.98    5.23
 -70686.201    11.447    -5.29    2.53
 -70320.588    10.552    -2.45    0.39
 -69954.899    10.912     0.98    1.48
 -69589.136    11.200     0.79    1.80
 -69223.296    11.193    -0.02    1.75
 -68857.381    11.169    -0.07    1.75
 -68491.390    10.562    -1.66    0.31
 -68125.324    10.478    -0.23    0.00
 -67759.182    11.392     2.50    2.98
 -67392.964    13.332     5.30    6.38
 -67026.670    16.478     8.59   10.48
 -66660.300    22.067    15.26   15.28
 -66293.855    27.082    13.68   17.66
 -65927.333    35.613    23.27   23.71
 -65560.736    48.825    36.04   34.17
 -65194.062    70.635    59.48   50.57
 -64827.312    89.663    51.88   58.40
 -64460.486   110.619    57.12   60.45
 -64093.584   121.952    30.89   56.66
 -63726.606   128.260    17.19   49.42
 -63359.551   123.756   -12.27   42.41
 -62992.420   109.738   -38.18   42.14
 -62625.213    98.196   -31.43   37.51
 -62257.929    92.109   -16.57   32.81
 -61890.568    97.235    13.95   33.34
 -61523.131   109.106    32.31   36.35
 -61155.618   131.586    61.16   33.00
 -60788.028   146.728    41.19   18.87
 -60420.361   152.344    15.28   12.79
 -60052.618   152.196    -0.40   12.27
 -59684.797   146.031   -16.76   12.04
 -59316.900   139.414   -17.98   12.53
 -58948.926   129.709   -26.37   17.00
 -58580.875   120.762   -24.31   19.24
 -58212.747   113.075   -20.88   18.51
 -57844.542   107.405   -15.40   15.95
 -57476.260   102.725   -12.71   11.60
 -57107.901    99.601    -8.48    7.92
 -56739.465    96.403    -8.68    5.38
 -56370.952    94.107    -6.23    3.96
 -56002.361    91.629    -6.72    3.81
 -55633.693    89.572    -5.58    4.77
 -55264.948    86.993    -6.99    5.55
 -54896.125    84.675    -6.28    5.42
 -54527.225    82.595    -5.64    5.00
 -54158.247    80.623    -5.34    3.83
 -53789.192    79.478    -3.10    3.04
 -53420.059    78.354    -3.04    3.13
 -53050.849    76.744    -4.36    3.89
 -52681.560    76.030    -1.93    3.98
 -52312.195    74.800    -3.33    4.36
 -51942.751    74.702    -0.26    4.54
 -51573.229    74.861     0.43    4.94
 -51203.630    75.086     0.61    4.95
 -50833.953    75.144     0.16    4.92
 -50464.197    76.286     3.09    4.23
 -50094.364    76.880     1.60    3.71
 -49724.453    77.446     1.53    3.09
 -49354.463    77.127    -0.86    3.19
 -48984.395    76.211    -2.48    4.12
 -48614.249    74.707    -4.06    4.82
 -48244.025    73.555    -3.11    4.76
 -47873.723    72.715    -2.27    5.22
 -47503.342    71.120    -4.31    6.08
 -47132.882    70.508    -1.65    6.78
 -46762.345    71.230     1.95    7.02
 -46391.728    73.009     4.80    6.34
 -46021.033    73.384     1.01    5.43
 -45650.260    72.332    -2.84    4.94
 -45279.408    69.686    -7.13    5.71
 -44908.477    66.206    -9.38    5.81
 -44537.467    63.665    -6.85    4.95
 -44166.379    61.432    -6.02    4.87
 -43795.211    59.642    -4.82    4.75
 -43423.965    57.626    -5.43    4.89
 -43052.640    55.720    -5.14    4.57
 -42681.235    53.593    -5.72    4.78
 -42309.752    52.123    -3.96    4.26
 -41938.189    51.235    -2.39    3.65
 -41566.548    51.314     0.21    2.86
 -41194.827    51.743     1.15    2.19
 -40823.027    52.402     1.77    2.55
 -40451.147    52.292    -0.30    2.72
 -40079.189    51.961    -0.89    2.90
 -39707.150    52.447     1.31    2.86
 -39335.033    54.151     4.58    3.68
 -38962.835    58.114    10.65    5.95
 -38590.559    63.633    14.83    6.78
 -38218.202    68.952    14.28    7.08
 -37845.766    73.112    11.17    6.53
 -37473.250    76.725     9.70    5.27
 -37100.655    78.393     4.48    4.38
 -36727.979    74.014   -11.75   11.21
 -36355.224    71.082    -7.87   12.60
 -35982.389    69.456    -4.36   12.63
 -35609.474    66.179    -8.79   12.59
 -35236.479    64.123    -5.51   15.23
 -34863.403    57.427   -17.95   17.84
 -34490.248    49.064   -22.41   17.04
 -34117.012    43.354   -15.30   16.33
 -33743.697    38.511   -12.97   17.74
 -33370.301    34.659   -10.31   19.14
 -32996.824    30.097   -12.22   20.75
 -32623.267    22.426   -20.53   18.49
 -32249.630    15.684   -18.04   14.37
 -31875.912     9.735   -15.92    6.99
 -31502.114     7.478    -6.04    0.00
 -31128.235     7.478     0.00    0.00
 -30754.276     7.478     0.00    0.00
 -30380.236     7.478     0.00    0.00
 -30006.115     7.478     0.00    0.00
 -29631.913     7.478     0.00    0.00
 -29257.631     7.478     0.00    0.00
 -28883.267     7.478     0.00    0.00
 -28508.823     7.478     0.00    0.00
 -28134.297     7.478     0.00    0.00
 -27759.691     7.942     1.24    2.07
 -27385.003     9.126     3.16    4.34
 -27010.234    11.209     5.56    7.44
 -26635.385    15.391    11.15   12.20
 -26260.453    21.209    15.52   16.19
 -25885.441    28.089    18.34   18.82
 -25510.347    35.137    18.79   19.50
 -25135.172    41.836    17.86   19.63
 -24759.915    46.619    12.74   17.53
 -24384.577    50.233     9.63   16.12
 -24009.157    53.033     7.46   13.86
 -23633.655    49.746    -8.75   17.33
 -23258.072    43.619   -16.31   19.69
 -22882.407    43.634     0.04   19.81
 -22506.660    47.209     9.52   19.01
 -22130.832    56.880    25.73   12.73
 -21754.921    62.873    15.94    3.16
 -21378.929    63.425     1.47    2.85
 -21002.855    63.498     0.19    4.63
 -20626.698    63.884     1.03    4.77
 -20250.460    64.425     1.44    4.30
 -19874.139    64.290    -0.36    4.91
 -19497.736    62.905    -3.68    6.49
 -19121.251    60.931    -5.24    9.64
 -18744.684    57.780    -8.37   11.08
 -18368.034    52.284   -14.59   13.03
 -17991.301    46.542   -15.24   14.95
 -17614.487    43.720    -7.49   15.40
 -17237.589    41.790    -5.12   16.08
 -16860.610    42.694     2.40   17.13
 -16483.547    45.999     8.76   16.89
 -16106.402    47.784     4.73   15.84
 -15729.174    43.344   -11.77   16.48
 -15351.863    37.869   -14.51   15.85
 -14974.470    30.717   -18.95   13.27
 -14596.993    29.124    -4.22   11.56
 -14219.434    30.608     3.93   10.40
 -13841.791    34.405    10.06    9.11
 -13464.066    40.651    16.54    5.41
 -13086.257    43.880     8.54    4.49
 -12708.365    46.358     6.56    3.68
 -12330.390    48.235     4.97    3.02
 -11952.332    49.314     2.86    2.55
 -11574.190    50.631     3.48    0.98
 -11195.965    51.282     1.72    0.79
 -10817.657    51.875     1.57    1.00
 -10439.265    52.584     1.87    1.67
 -10060.789    53.233     1.71    2.39
  -9682.230    53.983     1.98    3.13
  -9303.587    55.090     2.92    3.79
  -8924.861    56.361     3.36    4.24
  -8546.050    56.773     1.09    4.50
  -8167.156    55.967    -2.13    5.10
  -7788.178    53.069    -7.65    6.78
  -7409.116    49.725    -8.82    7.08
  -7029.970    44.437   -13.95    6.66
  -6650.740    40.530   -10.30    7.38
  -6271.426    35.333   -13.70    8.62
  -5892.028    27.849   -19.73   10.41
  -5512.545    23.824   -10.60    9.88
  -5132.979    22.878    -2.49   10.57
  -4753.328    23.396     1.37   11.47
  -4373.592    25.529     5.62   11.31
  -3993.772    23.405    -5.59   12.77
  -3613.868    21.103    -6.06   13.67
  -3233.879    18.835    -5.97   14.88
  -2853.805    15.446    -8.92   14.84
  -2473.647    10.692   -12.51   13.46
  -2093.404     5.807   -12.85    9.96
  -1713.077     1.906   -10.26    4.48
  -1332.664     0.478    -3.76    2.46
   -952.167    -0.072    -1.45    2.28
   -571.584    -0.628    -1.46    1.93
   -190.917    -1.063    -1.14    1.45
    189.835    -1.419    -0.94    0.71
    570.673    -1.522    -0.27    0.00
    951.595    -1.522     0.00    0.00
   1332.603    -0.442     2.84    3.53
   1713.696     2.488     7.69    7.78
   2094.875    13.592    29.13   20.31
   2476.138    26.123    32.87   24.44
   2841.483    40.304    38.81   21.76
   3206.636    51.189    29.81   13.24
   3571.866    56.972    15.84    8.38
   3937.173    59.202     6.10    7.35
   4302.557    62.101     7.93    5.06
   4668.019    63.538     3.93    3.92
   5033.557    64.780     3.40    2.41
   5399.173    65.906     3.08    1.36
   5764.867    66.962     2.89    1.63
   6130.638    68.251     3.52    2.07
   6496.486    69.728     4.04    2.84
   6862.412    71.793     5.64    3.68
   7228.415    72.730     2.56    3.64
   7594.496    73.233     1.37    3.26
   7960.655    74.018     2.15    2.68
   8326.891    74.821     2.19    2.50
   8693.205    76.265     3.94    2.61
   9059.597    77.906     4.48    2.53
   9426.067    79.722     4.96    2.11
   9792.614    81.127     3.83    2.03
  10159.240    82.336     3.30    1.73
  10525.944    83.127     2.16    1.81
  10892.725    83.849     1.97    2.14
  11259.585    85.335     4.05    2.94
  11626.523    87.053     4.68    3.33
  11993.539    89.634     7.03    3.08
  12360.634    91.346     4.66    2.55
  12727.806    93.097     4.77    4.05
  13095.058    99.018    16.12   10.18
  13462.387   106.655    20.79   13.56
  13829.795   119.609    35.26   18.79
  14197.281   132.593    35.33   20.24
  14564.846   146.161    36.91   19.39
  14932.490   156.408    27.87   18.82
  15300.212   164.859    22.98   15.73
  15668.013   171.108    16.99   13.67
  16035.893   176.782    15.42   10.28
  16403.851   179.457     7.27    8.55
  16771.889   180.856     3.80    6.88
  17140.005   181.712     2.32    5.98
  17508.200   181.733     0.06    5.66
  17876.474   179.082    -7.20    7.72
  18244.828   172.304   -18.40   11.86
  18613.260   163.339   -24.33   12.69
  18981.772   155.388   -21.58   11.32
  19350.362   149.304   -16.51    7.20
  19719.032   147.588    -4.65    4.20
  20087.782   147.911     0.88    3.89
  20456.610   150.753     7.71    4.29
  20825.518   152.794     5.53    4.23
  21194.506   155.171     6.44    3.86
  21563.573   157.599     6.58    4.28
  21932.720   161.435    10.39    5.42
  22301.946   164.117     7.26    5.70
  22671.252   165.162     2.83    5.35
  23040.637   165.377     0.58    5.84
  23410.103   164.570    -2.18    6.34
  23779.648   163.478    -2.96    5.94
  24149.273   163.498     0.05    5.43
  24518.978   164.353     2.31    5.45
  24888.763   164.669     0.86    5.38
  25258.628   165.873     3.26    5.78
  25628.573   167.128     3.39    6.39
  25998.598   169.325     5.94    6.07
  26368.703   171.018     4.57    6.26
  26738.889   172.269     3.38    6.45
  27109.154   173.416     3.10    6.63
  27479.500   172.265    -3.11    8.33
  27849.927   169.808    -6.64   11.04
  28220.434   164.276   -14.93   16.83
  28591.021   151.692   -33.96   28.27
  28961.689   133.758   -48.38   35.83
  29332.438   114.307   -52.46   35.74
  29703.267   100.883   -36.20   27.39
  30074.177    99.967    -2.47   22.42
  30445.168   121.309    57.53   37.73
  30816.239   148.344    72.86   36.18
  31187.392   171.508    62.41   24.24
  31558.625   183.821    33.17   15.70
  31929.939   190.488    17.95    9.75
  32301.334   194.304    10.28    8.64
  32672.810   201.374    19.03    8.31
  33044.368   209.301    21.33   12.86
  33416.006   220.172    29.25   16.03
  33787.726   232.608    33.45   17.61
  34159.527   243.456    29.18   13.24
  34531.409   243.903     1.20   10.72
  34903.373   240.931    -7.99   11.44
  35275.418   232.386   -22.97   12.37
  35647.545   223.804   -23.06   10.34
  36019.753   218.215   -15.02    8.33
  36392.042   215.715    -6.72    6.69
  36764.414   213.937    -4.77    4.61
  37136.867   214.752     2.19    5.23
  37509.402   215.230     1.28    5.88
  37882.018   214.568    -1.78    5.33
  38254.717   213.693    -2.35    5.73
  38627.497   213.447    -0.66    8.41
  39000.359   210.701    -7.37   12.63
  39373.304   207.760    -7.88   16.77
  39746.330   202.300   -14.64   17.78
  40119.439   200.598    -4.56   15.80
  40492.629   203.561     7.94   16.26
  40865.902   218.528    40.10   22.95
  41239.257   233.478    40.04   21.72
  41612.695   245.078    31.06   16.34
  41986.215   251.838    18.10    8.86
  42359.817   251.937     0.27    8.78
  42733.502   249.889    -5.48   10.00
  43107.269   248.103    -4.78   12.29
  43481.119   245.022    -8.24   13.77
  43855.052   237.597   -19.86   12.67
  44229.067   229.750   -20.98   10.90
  44603.165   224.212   -14.81    7.86
  44977.346   218.902   -14.19    9.07
  45351.610   215.384    -9.40    9.21
  45725.957   212.210    -8.48   10.48
  46100.387   212.712     1.34   14.52
  46474.900   212.629    -0.22   16.52
  46849.495   212.678     0.13   16.58
  47224.174   210.028    -7.07   16.17
  47598.937   209.730    -0.79   16.56
  47973.782   208.508    -3.26   17.17
  48348.711   210.032     4.06   16.62
  48723.723   211.300     3.38   14.34
  49098.819   210.728    -1.53   11.15
  49473.998   208.605    -5.66   10.08
  49849.260   206.148    -6.55   10.03
  50224.606   204.010    -5.69   14.32
  50600.036   208.735    12.59   21.11
  50975.550   213.275    12.09   25.26
  51351.147   210.478    -7.45   26.11
  51726.828   204.539   -15.81   25.66
  52102.593   197.558   -18.58   25.78
  52478.442   186.743   -28.78   23.37
  52854.375   175.151   -30.84   18.36
  53230.391   165.993   -24.36   12.50
  53606.492   161.700   -11.41    9.40
  53982.677   161.318    -1.02   11.26
  54358.947   160.698    -1.65   11.34
  54735.300   160.141    -1.48    9.64
  55111.738   160.240     0.26    9.72
  55488.260   161.387     3.04   11.80
  55864.867   162.090     1.87   11.68
  56241.558   162.738     1.72    9.69
  56618.333   166.034     8.75    9.66
  56995.194   169.685     9.69    9.15
  57372.138   171.651     5.22    8.30
  57749.168   166.220   -14.41   11.96
  58126.282   159.217   -18.57   15.01
  58503.481   154.718   -11.93   17.10
  58880.765   152.304    -6.40   20.26
  59258.134   153.339     2.74   20.51
  59635.588   156.019     7.10   19.91
  60013.127   165.548    25.24   23.66
  60390.751   179.541    37.06   27.81
  60768.460   196.048    43.70   30.68
  61146.255   207.457    30.20   27.35
  61524.134   216.276    23.34   22.08
  61902.099   217.682     3.72   16.62
  62280.149   215.728    -5.17   13.12
  62658.285   211.049   -12.37   13.95
  63036.506   199.238   -31.23   17.03
  63414.813   188.042   -29.60   16.93
  63793.206   174.508   -35.77   14.75
  64171.684   163.427   -29.28   13.73
  64550.248   150.760   -33.46   15.17
  64928.897   143.398   -19.45   13.49
  65307.633   140.688    -7.16    9.77
  65686.454   141.278     1.56   10.02
  66065.361   143.467     5.78   10.20
  66444.354   145.758     6.04   10.46
  66823.434   147.763     5.29   11.83
  67202.599   151.023     8.60   12.61
  67581.851   151.835     2.14   12.82
  67961.189   150.599    -3.26   13.06
  68340.613   149.294    -3.44   12.22
  68720.123   149.418     0.33    9.88
  69099.720   151.284     4.92   10.21
  69479.404   156.052    12.56   12.06
  69859.174   164.425    22.05   14.19
  70239.030   178.438    36.89   19.46
  70618.973   199.661    55.86   27.41
  70999.003   227.958    74.46   37.18
  71379.120   265.814    99.60   42.49
  71759.323   301.200    93.08   39.17
  72139.614   328.573    71.98   25.48
  72519.991   340.765    32.05   13.17
  72900.455   340.563    -0.53   14.82
  73281.007   326.213   -37.71   24.96
  73661.645   304.307   -57.55   28.77
  74042.371   279.735   -64.54   27.98
  74423.184   258.175   -56.62   19.45
  74804.084   243.557   -38.38   11.45
  75185.071   235.327   -21.60    6.98
  75566.146   229.369   -15.64    6.97
  75947.309   224.280   -13.35    7.13
  76328.559   218.027   -16.40    9.79
  76709.896   211.706   -16.58   10.21
  77091.321   209.359    -6.15    9.37
  77462.551   211.549     5.90   11.23
  77827.464   220.784    25.31   15.64
  78192.456   235.038    39.05   17.38
  78557.526   251.088    43.97   19.34
  78922.676   265.735    40.12   20.12
  79287.904   281.436    42.99   17.36
  79653.211   295.595    38.76   16.99
  80018.598   308.341    34.88   16.31
  80384.064   320.326    32.80   14.22
  80749.609   329.715    25.69   10.43
  81115.233   335.892    16.90    7.04
  81480.936   338.468     7.04    3.96
  81846.719   336.779    -4.62    7.08
  82212.581   328.081   -23.77   14.67
  82578.523   316.720   -31.05   17.70
  82944.544   301.968   -40.31   16.96
  83310.645   288.250   -37.47   15.19
  83676.825   276.578   -31.88   12.64
  84043.085   269.338   -19.77   11.00
  84409.425   260.717   -23.53   11.44
  84775.845   251.438   -25.33   14.44
  85142.344   242.336   -24.84   16.03
  85508.923   233.992   -22.76   13.93
  85875.582   227.289   -18.28   12.20
  86242.322   222.208   -13.86   13.72
  86609.141   216.174   -16.45   16.46
  86976.040   208.435   -21.09   19.02
  87343.019   198.171   -27.97   21.17
  87710.079   189.043   -24.87   19.08
  88077.219   179.908   -24.88   15.88
  88444.439   175.478   -12.06   15.76
  88811.739   167.158   -22.65   23.13
  89179.120   153.508   -37.16   28.63
  89546.581   137.321   -44.05   26.70
  89914.123   122.595   -40.07   15.08
  90281.745   115.930   -18.13    3.01
  90649.448   120.148    11.47   10.98
  91017.232   128.406    22.46   17.71
  91385.096   140.225    32.13   19.94
  91753.041   153.389    35.78   18.14
  92121.067   166.842    36.56   14.06
  92489.173   178.111    30.62   15.20
  92857.361   189.702    31.48   15.24
  93225.629   205.418    42.68   23.05
  93593.979   221.048    42.43   24.37
  93962.410   237.268    44.03   21.50
  94330.921   247.062    26.58   18.08
  94699.514   253.962    18.72   12.22
  95068.189   253.527    -1.18   11.87
  95436.944   246.651   -18.65   18.93
  95805.781   232.742   -37.71   23.17
  96174.699   218.276   -39.22   22.71
  96543.699   204.076   -38.48   18.52
  96912.780   195.878   -22.21   14.25
  97281.943   198.576     7.31   17.79
  97651.187   209.183    28.73   25.60
  98020.513   224.967    42.74   27.72
  98389.921   227.081     5.72   33.75
  98759.410   208.392   -50.58   49.51
  99128.982   201.948   -17.44   51.61
  99498.635   206.245    11.63   53.19
  99868.370   211.174    13.33   49.46
 100238.187   213.705     6.85   46.81
 100608.086   195.134   -50.21   55.72
 100978.067   184.752   -28.06   51.07
 101348.131   176.361   -22.68   46.23
 101718.276   178.072     4.62   45.84
 102088.504   186.690    23.28   42.47
 102458.814   186.438    -0.68   43.18
 102829.207   188.760     6.27   44.61
 103199.682   189.768     2.72   45.28
 103570.239   191.654     5.09   45.40
 103940.879   191.438    -0.58   46.45
 104311.601   194.272     7.64   46.80
 104682.407   200.983    18.10   44.94
 105053.294   215.703    39.69   34.80
 105424.265   228.025    33.22   12.98
 105795.318   228.586     1.51    9.08
 106166.454   224.438   -11.18   12.10
 106537.674   221.626    -7.57   20.40
 106908.976   218.685    -7.92   28.53
 107280.361   212.458   -16.77   35.52
 107651.829   200.879   -31.17   39.55
 108023.380   182.386   -49.78   39.17
 108395.015   168.390   -37.66   32.62
 108766.733   156.793   -31.20   19.21
 109138.534   160.781    10.73   21.93
 109510.418   163.558     7.47   24.09
 109882.386   170.174    17.79   25.44
 110254.437   174.728    12.24   24.32
 110626.572   178.262     9.50   20.13
 110998.790   179.220     2.57   14.32
 111371.092   181.094     5.03   11.20
 111743.478   183.408     6.22   12.59
 112115.947   189.849    17.29   14.66
 112488.500   195.576    15.37   13.59
 112861.138   200.015    11.91   11.27
 113233.859   203.856    10.31    8.99
 113606.663   207.200     8.97    8.77
 113979.552   211.203    10.74    9.38
 114352.525   216.748    14.87   10.08
 114725.583   223.330    17.65   10.72
 115098.724   229.616    16.85   10.15
 115471.949   236.124    17.44    9.39
 115845.259   241.546    14.53    9.16
 116218.654   247.417    15.72    9.51
 116592.132   253.164    15.39    8.15
 116965.695   258.151    13.35    5.82
 117339.343   261.585     9.19    3.55
 117713.075   261.638     0.14    3.91
 118086.892   257.281   -11.65    8.60
 118460.794   249.656   -20.40   11.69
 118834.780   238.715   -29.26   13.37
 119208.851   232.250   -17.29    9.57
 119583.007   230.299    -5.21    8.92
 119957.248   232.370     5.53    9.54
 120331.574   232.048    -0.86   10.68
 120705.985   228.924    -8.34   11.20
 121080.481   224.359   -12.19    8.28
 121455.062   224.879     1.39    7.60
 121829.729   227.034     5.75    6.88
 122204.480   229.605     6.86    5.71
 122579.317   232.188     6.89    2.44
 122954.240   232.351     0.44    1.58
 123329.248   231.748    -1.61    2.86
 123704.341   230.765    -2.62    3.89
 124079.520   230.181    -1.56    4.31
 124454.784   231.586     3.75    4.86
 124830.135   234.584     7.99    5.59
 125205.570   238.265     9.81    6.47
 125581.092   242.311    10.77    7.49
 125956.700   246.134    10.18    7.82
 126332.393   249.458     8.85    7.43
 126708.173   252.641     8.47    6.45
 127084.038   256.332     9.82    5.51
 127459.990   259.499     8.42    4.07
 127836.027   261.919     6.44    2.77
 128212.151   263.784     4.96    1.74
 128588.361   264.958     3.12    2.69
 128964.657   266.309     3.59    4.12
 129341.040   267.672     3.62    5.04
 129717.509   269.200     4.06    5.96
 130094.065   269.899     1.86    6.40
 130470.707   269.646    -0.67    7.05
 130847.436   267.973    -4.44    7.71
 131224.252   266.399    -4.18    7.63
 131601.154   263.408    -7.94    7.86
 131978.143   259.285   -10.94    9.04
 132355.219   253.859   -14.39    9.49
 132732.382   248.992   -12.91    8.41
 133109.631   244.613   -11.61    5.60
 133486.968   241.332    -8.70    3.63
 133864.392   238.967    -6.27    3.51
 134241.903   235.112   -10.21    5.66
 134619.501   230.384   -12.52    6.66
 134997.187   225.948   -11.75    7.19
 135374.959   223.023    -7.74    7.50
 135752.819   219.218   -10.07    8.92
 136130.767   214.646   -12.10    8.69
 136508.802   210.157   -11.87    6.97
 136886.925   206.997    -8.36    5.24
 137265.135   204.232    -7.31    2.98
 137643.433   202.664    -4.15    2.91
 138021.818   201.507    -3.06    3.09
 138400.292   200.633    -2.31    3.18
 138778.853   199.735    -2.37    3.32
 139157.502   199.035    -1.85    3.70
 139536.239   198.831    -0.54    4.24
 139915.065   199.154     0.85    4.33
 140293.978   200.559     3.71    3.93
 140672.979   202.285     4.55    2.95
 141052.069   203.609     3.49    2.08
 141431.247   203.662     0.14    2.11
 141810.513   202.743    -2.42    3.04
 142189.868   201.944    -2.11    3.06
 142569.311   201.847    -0.26    2.37
 142948.843   200.458    -3.66    4.03
 143328.463   197.273    -8.39    8.07
 143708.172   189.978   -19.22   12.63
 144087.970   181.185   -23.15   12.55
 144467.856   171.737   -24.87   12.75
 144847.831   163.794   -20.91   10.54
 145227.896   157.203   -17.34    8.98
 145608.049   152.134   -13.34    9.30
 145988.291   143.982   -21.44   11.83
 146368.622   134.703   -24.40   12.95
 146749.042   124.978   -25.57   11.97
 147129.552   117.577   -19.45    9.77
 147510.150   110.691   -18.09    7.88
 147890.839   106.193   -11.82    6.07
 148271.616   102.681    -9.22    4.66
 148652.483   101.606    -2.82    4.32
 149033.439   103.304     4.46    6.55
 149414.485   107.333    10.57    8.25
 149795.621   111.497    10.93    7.80
 150176.846   115.223     9.77    6.36
 150558.161   118.664     9.03    6.21
 150939.566   122.131     9.09    6.91
 151321.061   126.419    11.24    6.75
 151702.646   129.833     8.95    5.24
 152080.248   132.289     6.51    3.47
 152444.918   133.012     1.98    2.96
 152809.668   133.222     0.58    3.00
 153174.499   133.603     1.04    3.45
 153539.411   134.958     3.71    4.13
 153904.403   137.399     6.69    4.55
 154269.476   140.131     7.48    4.17
 154634.631   142.338     6.04    3.91
 154999.866   144.283     5.33    4.14
 155365.182   145.705     3.89    4.99
 155730.579   145.924     0.60    5.79
 156096.057   146.458     1.46    6.52
 156461.616   147.468     2.76    7.66
 156827.257   148.824     3.71    8.33
 157192.979   150.171     3.69    8.79
 157558.782   148.973    -3.28    9.70
 157924.667   145.895    -8.41    9.88
 158290.633   141.458   -12.13    8.53
 158656.680   138.391    -8.38    5.64
 159022.809   137.233    -3.16    3.11
 159389.020   140.440     8.76    5.97
 159755.312   145.428    13.62    7.57
 160121.686   151.016    15.26    7.30
 160488.141   155.097    11.14    6.61
 160854.679   159.720    12.62    7.08
 161221.298   164.612    13.34    8.07
 161587.999   170.222    15.30    8.04
 161954.782   172.862     7.20    7.68
 162321.648   174.028     3.18    8.18
 162688.595   171.487    -6.92    9.09
 163055.624   167.811   -10.02    9.46
 163422.736   163.042   -12.99    7.73
 163789.930   160.497    -6.93    5.28
 164157.206   161.304     2.20    6.47
 164524.564   166.728    14.76    9.47
 164892.005   171.379    12.66    8.60
 165259.528   173.958     7.02    6.18
 165627.134   169.574   -11.93    9.78
 165994.823   162.577   -19.03   11.60
 166362.594   157.565   -13.63    9.96
 166730.447   153.488   -11.08    7.29
 167098.384   150.279    -8.72    9.50
 167466.403   145.711   -12.42   11.78
 167834.505   138.293   -20.15   11.30
 168202.690   133.652   -12.61   11.02
 168570.958   127.794   -15.91   10.68
 168939.309   121.973   -15.80   12.01
 169307.743   116.558   -14.70   10.28
 169676.260   117.213     1.78   12.01
 170044.860   119.254     5.54   14.82
 170413.544   126.089    18.54   18.73
 170782.311   136.411    27.99   20.84
 171151.161   147.084    28.94   12.77
 171520.094   150.412     9.02    7.90
 171889.111   149.220    -3.23    9.93
 172258.212   138.353   -29.45   16.85
 172627.396   129.167   -24.88   17.88
 172996.664   122.026   -19.34   19.55
 173366.015   116.735   -14.33   20.50
 173735.450   112.289   -12.03   19.89
 174104.969   104.949   -19.87   18.03
 174474.572    94.069   -29.44   13.39
 174844.259    85.381   -23.50   12.40
 175214.029    77.138   -22.30    9.27
 175583.884    70.060   -19.14    6.83
 175953.823    65.391   -12.62    6.59
 176323.846    59.615   -15.61    7.74
 176693.953    52.020   -20.52   10.99
 177064.144    43.273   -23.63   10.10
 177434.420    36.699   -17.76    9.02
 177804.780    29.705   -18.88    8.39
 178175.224    29.506    -0.54    9.01
 178545.753    32.041     6.84   10.67
 178916.367    36.206    11.24   10.17
 179287.065    38.535     6.28    7.61
 179657.847    36.923    -4.35    7.20
 180028.715    32.808   -11.10    4.99
 180399.667    29.488    -8.95    5.37
 180770.704    26.534    -7.96    6.85
 181141.826    24.439    -5.65    6.92
 181513.032    22.125    -6.23    6.81
 181884.324    23.235     2.99    7.85
 182255.701    25.636     6.47    9.85
 182627.163    25.798     0.44   10.67
 182998.710    26.118     0.86   10.48
 183370.342    26.468     0.94   10.51
 183742.060    24.408    -5.54   10.47
 184113.863    27.478     8.26   11.11
 184485.751    31.905    11.91    8.72
 184857.725    29.801    -5.66    9.21
 185229.784    26.144    -9.83   10.16
 185601.929    22.213   -10.57    8.99
 185974.160    19.853    -6.34    8.73
 186346.476    18.932    -2.47   11.12
 186718.878    17.015    -5.15   12.57
 187091.366    12.903   -11.04   14.22
 187463.939     8.939   -10.64   15.19
 187836.599     5.179   -10.09   15.12
 188209.345     2.157    -8.11   14.43
 188582.176    -0.008    -5.81   13.30
 188955.094    -0.157    -0.40   12.30
 189328.098    -0.513    -0.95   11.88
 189701.188    -0.053     1.23   11.62
 190074.364     3.078     8.39   12.34
 190447.627     6.238     8.47   12.38
 190820.976    10.223    10.68   12.27
 191194.412    13.398     8.50   11.03
 191567.934    13.516     0.32    9.28
 191941.542    12.458    -2.83    8.96
 192315.238    14.651     5.87    9.42
 192689.019    14.506    -0.39    9.01
 193062.888    14.715     0.56    8.35
 193436.844    15.182     1.25    7.93
 193810.886    12.855    -6.22    6.84
 194185.015    11.716    -3.05    6.32
 194559.232    11.507    -0.56    6.34
 194933.535    12.679     3.13    7.03
 195307.926    12.134    -1.46    7.82
 195682.403     8.766    -9.00    9.29
 196056.968     6.012    -7.35    9.19
 196431.621     4.170    -4.92    8.57
 196806.360     3.496    -1.80    6.76
 197181.187     4.615     2.98    6.38
 197556.101     5.751     3.03    6.33
 197931.103     5.192    -1.49    5.69
 198306.193     5.468     0.74    5.75
 198681.370     5.228    -0.64    5.87
 199056.635     5.959     1.95    7.07
 199431.988     7.535     4.20    7.83
 199807.429     7.324    -0.56    7.97
 200182.957     5.555    -4.71    7.37
 200558.573     5.574     0.05    6.83
 200934.278     5.954     1.01    7.11
 201310.070     3.963    -5.30    7.47
 201685.951     1.660    -6.13    7.67
 202061.920    -1.492    -8.38    6.78
 202437.977    -4.561    -8.16    4.11
 202814.123    -6.063    -3.99    2.77
 203190.356    -6.315    -0.67    2.48
 203566.679    -6.305     0.03    2.33
 203943.089    -5.947     0.95    2.57
 204319.589    -5.628     0.85    2.69
 204696.177    -0.246    14.29   10.33
 205072.854     9.516    25.92   18.30
 205449.619    20.920    30.27   20.36
 205826.473    28.278    19.53   16.91
 206203.417    27.272    -2.67   17.83
 206580.449    21.110   -16.35   17.96
 206957.570    11.936   -24.33   12.79
