# NaN NaN NaN ;Mean Elev.(m), Avg Gradient(m/km), RMS Gradient(m/km) - SRTM1     
#   27.311  -4.481  10.322 ;Mean Elev.(m), Avg Gradient(m/km), RMS Gradient(m/km) - ASTER GDEM
#   60.089  -3.286   6.898 ;Mean Elev.(m), Avg Gradient(m/km), RMS Gradient(m/km) - GMTED2010 
  7     4.906 52449.21671791 25.08 233.059271  65.279858  8.194
  7     4.798 52449.21671856 20.13 233.056231  65.282958  8.194
  7     4.476 52449.21671920 17.15 233.053201  65.286058  8.194
  7     3.667 52449.21671985 17.37 233.050161  65.289158  8.194
  7     3.137 52449.21672049 15.20 233.047121  65.292258  8.194
  8    41.158 52484.21670284 20.01 233.080056  65.273099  9.035
  8    41.312 52484.21670348 19.19 233.077026  65.276199  9.035
  8    42.078 52484.21670413 19.33 233.073996  65.279299  9.035
  8    40.740 52484.21670477 21.69 233.070956  65.282409  9.035
 12    41.495 52624.21664075 21.89 233.096132  65.267820  4.052
 12    41.256 52624.21664139 22.59 233.093102  65.270920  4.052
 12    41.436 52624.21664204 21.80 233.090072  65.274020  4.052
 12    41.367 52624.21664268 21.48 233.087042  65.277120  4.052
 12    41.252 52624.21664333 20.57 233.084012  65.280230  4.052
 12    41.056 52624.21664397 19.99 233.080974  65.283330  3.088
 12    41.001 52624.21664462 19.56 233.077944  65.286430  3.088
 13    40.831 52659.21666797 17.57 233.074484  65.276592  3.793
 13    40.527 52659.21666862 17.81 233.071444  65.279692  3.793
 13    40.363 52659.21666926 16.78 233.068414  65.282792  3.793
 13    40.324 52659.21666991 15.97 233.065374  65.285892  3.793
 13    40.101 52659.21667055 15.03 233.062344  65.288992  3.793
 15    42.626 52729.21668315 10.40 233.081281  65.272829  3.407
 15    41.698 52729.21668379 10.67 233.078251  65.275929  3.407
 15    41.142 52729.21668444 10.40 233.075221  65.279029  3.407
 15    56.487 52729.21668508  9.34 233.072181  65.282129  3.407
 15    53.949 52729.21668572 10.19 233.069151  65.285239  3.407
 15    56.557 52729.21668637  9.20 233.066111  65.288339  3.407
 17    41.544 52799.21667945 28.87 233.051535  65.290050  9.526
 17    49.219 52799.21668009 29.10 233.048495  65.293160  9.526
 18    40.971 52834.21674770 17.84 233.058182  65.285419  5.687
 18    41.161 52834.21674835 17.26 233.055142  65.288519  5.687
 18    40.870 52834.21674899 16.47 233.052102  65.291619  5.687
 19    40.962 52869.21678776 29.70 233.075829  65.277221 12.784
 19    40.433 52869.21678840 25.29 233.072789  65.280321 12.784
 19    40.360 52869.21678905 21.29 233.069759  65.283421 12.784
 19    39.862 52869.21678969 20.78 233.066719  65.286521 12.784
 19    38.717 52869.21679034 22.72 233.063679  65.289621 12.784
 20    40.320 52904.21679712 20.31 233.073920  65.281265  8.890
 20    40.162 52904.21679777 18.86 233.070890  65.284375  8.890
 20    39.721 52904.21679841 19.52 233.067850  65.287475  8.890
 22    40.900 52974.21677167 14.49 233.063995  65.278263  4.152
 22    61.036 52974.21677231 15.80 233.060955  65.281363  4.152
 22    52.926 52974.21677296 16.11 233.057925  65.284463  4.152
 22    63.569 52974.21677360 15.16 233.054885  65.287563  4.152
 22    64.430 52974.21677425 14.09 233.051845  65.290663  4.152
 22    65.215 52974.21677489 13.43 233.048805  65.293763  4.152
 23    42.039 53009.21677735 14.22 233.073116  65.274634  3.239
 23    41.685 53009.21677799 14.11 233.070086  65.277734  3.239
 23    55.427 53009.21677928 13.05 233.064016  65.283944  3.239
 23    55.662 53009.21677992 12.09 233.060976  65.287044  3.239
 24    40.951 53044.21673846 12.28 233.055816  65.280926  2.907
 24    40.626 53044.21673910 11.28 233.052786  65.284026  2.907
 24    40.578 53044.21673975 11.62 233.049746  65.287126  2.907
 24    40.829 53044.21674039 10.34 233.046706  65.290226  2.907
 24    41.056 53044.21674104  9.71 233.043666  65.293326  2.907
 25    64.702 53079.21677022  7.54 233.075553  65.273961  3.453
 25    61.177 53079.21677087  9.73 233.072523  65.277061  3.453
 25    61.736 53079.21677151  9.91 233.069483  65.280161  3.453
 25    60.675 53079.21677216  9.52 233.066453  65.283261  3.453
 25    62.330 53079.21677280  8.97 233.063413  65.286361  3.453
 25    64.642 53079.21677345  8.37 233.060383  65.289461  3.453
 28    42.621 53184.21678090 27.59 233.083064  65.272064 12.941
 28    42.766 53184.21678155 25.82 233.080024  65.275164 12.941
 28    40.261 53184.21678413 17.57 233.067884  65.287574 12.941
 29    40.706 53219.21680729 18.98 233.074791  65.278727  9.119
 29    40.501 53219.21680794 18.97 233.071751  65.281837  9.119
 29    40.014 53219.21680858 19.59 233.068721  65.284937  9.119
 29    39.443 53219.21680923 18.82 233.065681  65.288037  9.119
 30    58.600 53254.21678284 31.11 233.088315  65.271290 24.209
 30    40.863 53254.21678348 39.36 233.085285  65.274390 24.209
 30    44.672 53254.21678413 44.03 233.082255  65.277490 24.209
 30    42.364 53254.21678477 47.11 233.079215  65.280590 24.209
 30    40.461 53254.21678542 47.95 233.076185  65.283690 24.209
 30    41.611 53254.21678606 38.19 233.073155  65.286800 24.209
 32   655.662 53324.21676354 24.09 233.087027  65.270671  6.275
 32   655.371 53324.21676419 24.50 233.083997  65.273771  6.275
 32   655.250 53324.21676483 25.17 233.080967  65.276881  6.275
 33    53.896 53359.21672473 12.72 233.097645  65.267639  4.046
 33    45.104 53359.21672537 14.11 233.094615  65.270739  4.046
 33    58.681 53359.21672731 13.01 233.085515  65.280049  4.046
 33    58.616 53359.21672795 12.97 233.082485  65.283149  4.046
 33    62.528 53359.21672860 11.77 233.079453  65.286248  5.782
 34    70.679 53394.21674497  4.76 233.059986  65.278593  2.301
 34    73.412 53394.21674561  5.65 233.056945  65.281695  3.932
 34    74.094 53394.21674626  5.18 233.053915  65.284795  3.932
 34    73.727 53394.21674690  6.01 233.050875  65.287895  3.932
 34    70.819 53394.21674755  6.26 233.047835  65.290995  3.932
 34    75.846 53394.21674819  5.97 233.044795  65.294105  3.932
 35    65.475 53429.21673621  5.58 233.092359  65.270406  2.831
 35    64.509 53429.21673685  5.62 233.089329  65.273506  2.831
 35    62.542 53429.21673749  7.66 233.086289  65.276606  2.831
 35    61.089 53429.21673814  9.53 233.083259  65.279706  2.831
 35    61.905 53429.21673878  9.22 233.080229  65.282816  2.831
 35    64.530 53429.21673943  8.60 233.077196  65.285915  4.083
 36    75.874 53464.21676175  2.84 233.062261  65.278319  2.212
 36    73.901 53464.21676239  3.69 233.059229  65.281419  3.995
 36    73.301 53464.21676304  4.88 233.056189  65.284519  3.995
 36    64.383 53464.21676368  5.45 233.053149  65.287619  3.995
 36    65.246 53464.21676433  5.63 233.050109  65.290729  3.995
 36    66.130 53464.21676497  5.65 233.047069  65.293829  3.995
 37    47.727 53499.21682789 43.66 233.064323  65.277754 10.184
 37    46.779 53499.21682854 44.66 233.061291  65.280851  8.586
 37    47.833 53499.21682918 35.80 233.058261  65.283951  8.586
 37    48.291 53499.21682983 34.93 233.055221  65.287051  8.586
 37    47.948 53499.21683047 34.77 233.052181  65.290151  8.586
 37    48.425 53499.21683112 31.99 233.049151  65.293261  8.586
 39    42.283 53569.21682840 18.80 233.065130  65.283542  3.414
 39    41.480 53569.21682905 17.48 233.062090  65.286642  3.414
 39    40.205 53569.21682969 17.09 233.059060  65.289742  3.414
 40    42.101 53604.21677143 24.99 233.095599  65.269365 22.114
 40    42.043 53604.21677207 22.50 233.092569  65.272465 22.114
 40    41.868 53604.21677272 19.55 233.089539  65.275565 22.114
 40    40.422 53604.21677336 19.37 233.086509  65.278675 22.114
 40    40.148 53604.21677401 20.42 233.083479  65.281775 22.114
 40    40.418 53604.21677465 18.62 233.080442  65.284876 11.734
 41    43.922 53639.21677311 23.75 233.056932  65.279537  8.620
 41    41.414 53639.21677375 20.49 233.053897  65.282638  6.079
 41    41.048 53639.21677440 19.58 233.050857  65.285738  6.079
 41    40.807 53639.21677504 19.08 233.047817  65.288848  6.079
 41    40.399 53639.21677569 18.35 233.044777  65.291948  6.079
 41    39.857 53639.21677633 17.77 233.041747  65.295048  6.079
 43    65.007 53709.21672026 11.29 233.101472  65.266000  4.387
 43    45.512 53709.21672091 13.21 233.098442  65.269100  4.387
 43    41.394 53709.21672155 19.06 233.095412  65.272200  4.387
 43    41.696 53709.21672220 18.68 233.092382  65.275300  4.387
 43    41.509 53709.21672284 18.18 233.089342  65.278400  4.387
 43    41.531 53709.21672349 16.94 233.086312  65.281500  4.387
 43    41.383 53709.21672413 16.42 233.083282  65.284610  4.387
 44    48.070 53744.21663013 13.50 233.108103  65.266010  4.631
 44    43.247 53744.21663077 14.96 233.105083  65.269110  4.631
 44    42.765 53744.21663142 15.59 233.102053  65.272210  4.631
 44    41.602 53744.21663206 15.53 233.099023  65.275310  4.631
 44    41.480 53744.21663271 15.89 233.095983  65.278410  4.631
 44    41.383 53744.21663335 15.09 233.092953  65.281520  4.631
 44    41.262 53744.21663399 14.53 233.089923  65.284620  4.631
 45    41.084 53779.21666187 18.99 233.079038  65.275378  3.705
 45    41.303 53779.21666251 15.16 233.075998  65.278478  3.705
 45    55.368 53779.21666316 13.56 233.072968  65.281578  3.705
 45    56.393 53779.21666380 12.14 233.069932  65.284683  2.794
 45    57.790 53779.21666445 11.95 233.066892  65.287783  2.794
 46    63.450 53814.21663233  6.07 233.104961  65.267108  3.158
 46    62.410 53814.21663297  6.23 233.101931  65.270208  3.158
 46    61.666 53814.21663362  6.55 233.098901  65.273308  3.158
 46    54.761 53814.21663426 11.96 233.095871  65.276408  3.158
 46    58.040 53814.21663491 10.14 233.092841  65.279508  3.158
 46    55.801 53814.21663555 10.18 233.089811  65.282618  3.158
 46    61.499 53814.21663620  8.53 233.086781  65.285718  3.158
 47    52.081 53849.21669629 22.37 233.057567  65.279590  7.031
 47    43.605 53849.21669694 15.21 233.054534  65.282693  3.299
 47    51.673 53849.21669758  9.27 233.051494  65.285793  3.299
 47    59.178 53849.21669887  5.10 233.045414  65.291993  3.299
 50    61.648 53954.21677697 29.18 233.066314  65.277673  9.046
 50    52.171 53954.21677761 26.07 233.063274  65.280783  9.046
 50    41.347 53954.21677826 24.69 233.060239  65.283882 10.777
 50    40.858 53954.21677890 23.67 233.057209  65.286982 10.777
 50    39.881 53954.21677955 22.77 233.054169  65.290082 10.777
 50    39.875 53954.21678019 22.28 233.051129  65.293182 10.777
 52    85.834 54024.21676129 13.50 233.051130  65.290164 16.153
 52    66.696 54024.21676194 13.16 233.048100  65.293264 16.153
 53    39.949 54059.21674987 22.02 233.084104  65.272408  4.010
 53    39.973 54059.21675051 21.51 233.081074  65.275508  4.010
 53    40.094 54059.21675116 22.59 233.078034  65.278608  4.010
 53    39.979 54059.21675180 22.40 233.075004  65.281708  4.010
 53    39.865 54059.21675245 20.91 233.071964  65.284808  4.010
 53    39.904 54059.21675309 20.45 233.068925  65.287911  4.500
 55    60.403 54129.21667088 13.67 233.058235  65.279366  3.597
 55    61.064 54129.21667152 12.81 233.055200  65.282467  3.417
 55    59.469 54129.21667216 11.89 233.052160  65.285567  3.417
 55    57.092 54129.21667281 11.84 233.049130  65.288667  3.417
 55    58.743 54129.21667345 10.94 233.046090  65.291767  3.417
 55    64.968 54129.21667410 10.01 233.043050  65.294877  3.417
 56    65.584 54164.21669830  7.23 233.082306  65.272071  3.000
 56    62.459 54164.21669895 10.23 233.079276  65.275181  3.000
 56    40.672 54164.21669959 12.37 233.076244  65.278281  3.481
 56    57.138 54164.21670024 11.86 233.073204  65.281381  3.481
 56    56.146 54164.21670088 11.09 233.070174  65.284481  3.481
 56    53.235 54164.21670152 11.03 233.067134  65.287581  3.481
 58    42.789 54234.21671312 40.16 233.073481  65.274364 12.414
 58    43.020 54234.21671377 46.08 233.070447  65.277462 20.383
 58    43.485 54234.21671441 43.13 233.067407  65.280562 20.383
 58    42.991 54234.21671506 42.71 233.064377  65.283662 20.383
 58    43.338 54234.21671570 44.67 233.061337  65.286762 20.383
 58    43.176 54234.21671635 45.99 233.058297  65.289862 20.383
 59    41.219 54269.21673446 21.17 233.069567  65.283750  5.737
 59    41.193 54269.21673510 20.23 233.066537  65.286850  5.737
 59    40.989 54269.21673575 20.36 233.063497  65.289950  5.737
 61    42.271 54339.21671878 39.74 233.088336  65.269621 21.391
 61    42.074 54339.21671943 33.67 233.085306  65.272731 21.391
 61    42.571 54339.21672007 42.24 233.082276  65.275831 21.391
 62    41.655 54374.21666959 17.11 233.072423  65.273892 11.183
 62    40.717 54374.21667023 22.36 233.069393  65.276992 11.183
 62    43.215 54374.21667088 19.44 233.066353  65.280092 11.183
 62    40.326 54374.21667217 14.61 233.060283  65.286292 11.183
 62    39.935 54374.21667281 14.12 233.057253  65.289402 11.183
 65    43.088 54479.21665533 13.20 233.080587  65.271910  4.484
 65    42.054 54479.21665598 13.98 233.077557  65.275020  4.484
 65    41.514 54479.21665662 13.63 233.074527  65.278120  4.484
 65    40.853 54479.21665726 13.62 233.071487  65.281220  4.484
 65    53.002 54479.21665791 12.29 233.068457  65.284320  4.484
 65    40.741 54479.21665855 11.26 233.065417  65.287420  4.484
 65    54.950 54479.21665920 10.01 233.062387  65.290520  4.484
 66    40.650 54514.21664777 10.64 233.059261  65.280297  4.593
 66    58.963 54514.21664841 10.50 233.056221  65.283397  4.593
 66    40.029 54514.21664906 11.13 233.053181  65.286497  4.593
 66    40.096 54514.21664970  9.98 233.050151  65.289597  4.593
 66    56.230 54514.21665035  9.17 233.047111  65.292697  4.593
 67    45.157 54549.21666820  9.98 233.088040  65.269333  3.797
 67    41.925 54549.21666884 11.68 233.085010  65.272433  3.797
 67    41.123 54549.21666949 11.12 233.081970  65.275543  3.797
 67    40.920 54549.21667013 10.61 233.078940  65.278643  3.797
 67    40.595 54549.21667078  9.81 233.075910  65.281743  3.797
 67    40.461 54549.21667142  9.36 233.072870  65.284843  3.797
 67    40.093 54549.21667207  8.63 233.069840  65.287943  3.797
 68    52.344 54584.21664207 11.15 233.075649  65.274088  8.600
 68    43.971 54584.21664336 17.66 233.069579  65.280288  8.600
 68    43.130 54584.21664400 15.62 233.066549  65.283388  8.600
 68    50.953 54584.21664465 10.74 233.063509  65.286488  8.600
 68    44.634 54584.21664529  6.80 233.060469  65.289588  8.600
 70    63.475 54654.21667358 33.21 233.074257  65.276413  7.276
 70    47.577 54654.21667423 25.37 233.071227  65.279513  7.276
 70    43.015 54654.21667487 21.34 233.068187  65.282613  7.276
 70    42.511 54654.21667552 19.25 233.065157  65.285713  7.276
 70    42.028 54654.21667616 18.63 233.062117  65.288813  7.276
 72    39.346 54724.21662524 20.46 233.052644  65.287908  6.841
 72    39.508 54724.21662589 20.16 233.049604  65.291008  6.841
 72    39.648 54724.21662653 22.17 233.046564  65.294108  6.841
 74    40.659 54794.21661810 21.40 233.050224  65.285735  4.599
 74    40.537 54794.21661874 20.17 233.047184  65.288835  4.599
 74    40.589 54794.21661939 18.60 233.044154  65.291935  4.599
 74    40.627 54794.21662003 18.14 233.041114  65.295045  4.599
 75    41.914 54829.21663616 17.74 233.075290  65.274741  4.269
 75    41.035 54829.21663681 18.04 233.072250  65.277841  4.269
 75    40.561 54829.21663745 17.55 233.069220  65.280941  4.269
 75    40.386 54829.21663810 17.53 233.066180  65.284041  4.269
 75    40.362 54829.21663874 15.97 233.063150  65.287141  4.269
 75    40.156 54829.21663939 15.22 233.060110  65.290241  4.269
 76    68.819 54864.21661073  5.53 233.064056  65.277414  2.851
 76    72.933 54864.21661138  6.31 233.061026  65.280514  2.851
 76    72.565 54864.21661202  6.51 233.057986  65.283614  2.851
 76    63.249 54864.21661267  9.12 233.054946  65.286714  2.851
 76    64.016 54864.21661331 10.12 233.051916  65.289814  2.851
 76    64.849 54864.21661395 10.94 233.048876  65.292924  2.851
 77    67.025 54899.21663486  5.21 233.082116  65.271799  3.256
 77    64.748 54899.21663550  6.14 233.079076  65.274899  3.256
 77    61.865 54899.21663615  8.56 233.076046  65.277999  3.256
 77    59.894 54899.21663679  9.59 233.073016  65.281099  3.256
 77    57.221 54899.21663743 10.35 233.069976  65.284199  3.256
 77    54.559 54899.21663808 10.52 233.066946  65.287299  3.256
 77    64.865 54899.21663872  9.86 233.063906  65.290399  3.256
 78    63.042 54934.21660421  7.57 233.066567  65.277653  3.137
 78    63.659 54934.21660486  6.71 233.063527  65.280753  3.137
 78    62.562 54934.21660550  8.26 233.060497  65.283853  3.137
 78    62.715 54934.21660615  8.63 233.057457  65.286953  3.137
 78    58.099 54934.21660679  8.64 233.054417  65.290053  3.137
 78    64.830 54934.21660744  8.50 233.051377  65.293153  3.137
 79    48.277 54969.21663797 39.14 233.071737  65.278625 13.517
 79    48.218 54969.21663861 46.35 233.068707  65.281725 13.517
 79    48.408 54969.21663926 48.02 233.065667  65.284825 13.517
 79    48.516 54969.21663990 46.04 233.062637  65.287925 13.517
 79    48.795 54969.21664055 42.04 233.059597  65.291025 13.517
 80    42.223 55004.21665808 24.45 233.067638  65.280759  8.686
 80    42.098 55004.21665873 23.53 233.064598  65.283859  8.686
 80    41.771 55004.21665937 24.91 233.061568  65.286959  8.686
 80    41.887 55004.21666001 24.31 233.058528  65.290059  8.686
 81    61.433 55039.21664569 26.73 233.070041  65.283177  6.914
 81    43.890 55039.21664634 25.67 233.067011  65.286277  6.914
 81    41.733 55039.21664698 24.53 233.063971  65.289377  6.914
 83    42.176 55109.21657734 35.94 233.063810  65.278303 20.249
 83    46.628 55109.21657798 41.50 233.060770  65.281403 20.249
 83    45.544 55109.21657863 40.70 233.057740  65.284503 20.249
 83    40.984 55109.21657927 43.05 233.054700  65.287603 20.249
 83    41.595 55109.21657992 43.26 233.051660  65.290703 20.249
 83    42.277 55109.21658056 42.32 233.048620  65.293803 20.249
 85    40.482 55179.21655194 15.85 233.058620  65.278920  3.814
 85    40.299 55179.21655258 16.92 233.055580  65.282020  3.814
 85    40.415 55179.21655323 16.85 233.052540  65.285120  3.814
 85    57.496 55179.21655387 16.31 233.049500  65.288220  3.814
 85    59.372 55179.21655452 14.99 233.046470  65.291320  3.814
 85    60.291 55179.21655516 14.44 233.043430  65.294430  3.814
 86    43.568 55214.21657427 14.05 233.079854  65.272989  4.130
 86    42.039 55214.21657492 13.80 233.076824  65.276099  4.130
 86    58.202 55214.21657556 12.91 233.073784  65.279199  4.130
 86    59.457 55214.21657621 12.42 233.070754  65.282299  4.130
 86    59.398 55214.21657685 11.65 233.067714  65.285399  4.130
 86    57.724 55214.21657750 11.47 233.064684  65.288499  4.130
 87    41.426 55249.21654956 12.54 233.068771  65.275718  3.539
 87    59.483 55249.21655021 12.03 233.065741  65.278818  3.539
 87    60.438 55249.21655085 11.06 233.062701  65.281918  3.539
 87    59.596 55249.21655150 10.53 233.059671  65.285018  3.539
 87    57.659 55249.21655214 10.54 233.056631  65.288118  3.539
 87    63.662 55249.21655279  9.05 233.053591  65.291218  3.539
 88    43.630 55284.21656798 11.87 233.082886  65.272698  4.194
 88    41.328 55284.21656862 12.40 233.079846  65.275808  4.194
 88    40.676 55284.21656927 12.41 233.076816  65.278908  4.194
 88    54.771 55284.21656991 11.33 233.073786  65.282008  4.194
 88    56.970 55284.21657056 10.08 233.070746  65.285108  4.194
 88    61.226 55284.21657120  9.18 233.067716  65.288208  4.194
 89    63.975 55319.21654285 23.92 233.062822  65.288173  7.235
 89    44.270 55319.21654349 33.03 233.059792  65.291273  7.235
 90    67.132 55354.21654118  7.00 233.081005  65.272585  5.510
 90    64.103 55354.21654183  9.80 233.077975  65.275695  5.510
 90    60.351 55354.21654247 12.38 233.074935  65.278795  5.510
 90    41.349 55354.21654376 18.90 233.068865  65.284995  5.510
 90    40.904 55354.21654441 18.67 233.065835  65.288095  5.510
 91    40.618 55389.21654400 12.15 233.049822  65.291378 12.235
 91    40.273 55389.21654465 11.32 233.046792  65.294488 12.235
 92    47.662 55424.21655869 14.67 233.079748  65.273075 12.905
 92    48.447 55424.21655934 15.55 233.076718  65.276185 12.905
 92    49.258 55424.21655998 14.32 233.073678  65.279285 12.905
 92    47.640 55424.21656063 13.18 233.070648  65.282385 12.905
 92    49.678 55424.21656127 11.89 233.067608  65.285485 12.905
 92    46.348 55424.21656192 11.87 233.064578  65.288585 12.905
