-199891.150    13.374     0.00    0.00
-199521.279    13.374     0.00    0.00
-199151.474    13.374     0.00    0.00
-198781.736    13.374     0.00    0.00
-198412.065    13.374     0.00    0.00
-198042.459    13.374     0.00    0.00
-197672.920    13.374     0.00    0.00
-197303.448    13.374     0.00    0.00
-196934.041    13.374     0.00    0.00
-196564.701    13.374     0.00    0.00
-196195.427    13.374     0.00    0.00
-195826.219    13.374     0.00    0.00
-195457.078    13.374     0.00    0.00
-195088.002    13.374     0.00    0.00
-194718.992    13.374     0.00    0.00
-194350.049    13.411     0.10    0.33
-193981.171    14.118     1.92    2.56
-193612.359    15.784     4.52    3.86
-193243.614    18.733     8.00    5.09
-192874.934    22.266     9.58    5.42
-192506.320    25.564     8.95    4.45
-192137.771    28.946     9.18    3.74
-191769.289    31.919     8.07    3.48
-191400.872    36.495    12.42    6.35
-191032.521    41.827    14.48    9.12
-190664.235    48.386    17.81   11.04
-190296.015    55.704    19.88   14.62
-189927.861    64.314    23.39   16.53
-189559.772    72.627    22.59   16.86
-189191.749    82.167    25.93   14.46
-188823.791    88.254    16.54   10.80
-188455.899    93.004    12.91    6.35
-188088.072    95.484     6.74    2.18
-187720.311    95.423    -0.17    1.53
-187352.615    95.805     1.04    1.63
-186984.984    95.905     0.27    1.70
-186617.418    95.930     0.07    1.63
-186249.918    95.695    -0.64    1.72
-185882.482    95.915     0.60    2.13
-185515.112    96.887     2.65    2.57
-185147.808    97.953     2.90    3.14
-184780.568    98.708     2.06    3.37
-184413.393    99.398     1.88    3.62
-184046.283   100.037     1.74    3.56
-183679.239   100.288     0.68    3.36
-183312.259   100.591     0.83    2.98
-182945.344   101.803     3.30    2.65
-182578.494   102.057     0.69    2.87
-182211.599   101.037    -2.78    3.76
-181831.334    99.290    -4.59    3.75
-181451.141    97.398    -4.98    2.87
-181071.017    96.374    -2.69    1.78
-180690.964    95.350    -2.70    1.53
-180310.982    94.966    -1.01    2.05
-179931.069    94.996     0.08    2.77
-179551.227    95.669     1.77    3.54
-179171.454    96.712     2.75    3.60
-178791.752    97.425     1.88    3.89
-178412.120    97.960     1.41    4.68
-178032.558    98.273     0.83    5.15
-177653.066    97.993    -0.74    4.84
-177273.644    97.557    -1.15    3.90
-176894.292    98.923     3.60    4.71
-176515.010   101.325     6.34    5.92
-176135.798   102.695     3.61    5.88
-175756.655   102.508    -0.49    5.75
-175377.582   102.251    -0.68    5.80
-174998.579   101.148    -2.91    5.34
-174619.646   100.156    -2.62    4.60
-174240.782    99.301    -2.26    4.21
-173861.988    98.124    -3.11    2.93
-173483.263    98.720     1.57    2.90
-173104.608   100.490     4.67    3.71
-172726.023   103.160     7.05    3.50
-172347.507   105.286     5.62    2.23
-171969.060   106.069     2.07    1.56
-171590.683   105.868    -0.53    1.71
-171212.375   105.230    -1.69    2.26
-170834.137   104.947    -0.75    2.60
-170455.967   106.045     2.90    3.40
-170077.867   108.460     6.39    4.32
-169699.836   110.679     5.87    3.92
-169321.874   112.555     4.96    3.24
-168943.982   113.069     1.36    3.05
-168566.158   112.206    -2.29    3.99
-168188.404   111.374    -2.20    4.45
-167810.718   109.755    -4.29    4.38
-167433.102   108.900    -2.27    3.76
-167055.554   109.362     1.22    3.21
-166678.075   110.490     2.99    2.95
-166300.665   112.326     4.87    2.98
-165923.324   114.118     4.75    2.49
-165546.052   115.204     2.88    2.64
-165168.849   116.105     2.39    3.46
-164791.714   116.268     0.43    3.45
-164414.648   115.572    -1.85    3.33
-164037.650   114.362    -3.21    3.51
-163660.721   113.411    -2.52    2.95
-163283.861   113.386    -0.07    2.92
-162907.069   114.078     1.84    3.04
-162530.345   115.658     4.20    2.13
-162153.690   116.960     3.46    1.49
-161777.104   117.606     1.72    1.34
-161400.586   118.008     1.07    1.18
-161024.136   118.174     0.44    1.23
-160647.754   118.337     0.43    1.49
-160271.441   117.905    -1.15    1.65
-159895.196   116.946    -2.55    1.98
-159519.019   116.053    -2.37    2.16
-159142.910   114.917    -3.02    1.96
-158766.869   114.487    -1.15    1.90
-158390.897   114.739     0.67    2.15
-158014.992   115.502     2.03    2.25
-157639.155   116.545     2.77    1.82
-157263.387   117.131     1.56    1.63
-156887.686   116.801    -0.88    1.66
-156512.053   116.015    -2.09    1.58
-156136.488   115.008    -2.68    1.39
-155760.991   114.085    -2.46    1.23
-155385.562   113.313    -2.06    1.43
-155010.200   112.592    -1.92    1.58
-154634.906   111.934    -1.75    1.67
-154259.680   111.336    -1.59    1.63
-153884.521   110.745    -1.58    1.60
-153509.430   110.103    -1.71    1.82
-153134.407   109.680    -1.13    2.05
-152759.451   109.164    -1.38    1.99
-152384.562   108.999    -0.44    1.84
-152009.741   108.862    -0.37    1.77
-151634.987   108.886     0.07    1.67
-151260.301   108.819    -0.18    1.66
-150885.682   108.794    -0.07    1.75
-150511.130   108.362    -1.15    1.68
-150136.646   107.704    -1.76    1.50
-149762.229   106.905    -2.13    1.34
-149387.879   106.362    -1.45    1.00
-149013.596   106.083    -0.75    0.64
-148639.380   106.078    -0.01    0.66
-148265.232   106.240     0.43    0.75
-147891.150   106.313     0.20    0.78
-147517.135   106.350     0.10    0.94
-147143.188   106.228    -0.33    1.11
-146769.307   105.825    -1.08    1.35
-146395.493   105.436    -1.04    1.20
-146021.746   105.194    -0.65    0.96
-145648.066   105.251     0.15    0.80
-145274.453   105.794     1.45    1.09
-144900.906   106.806     2.71    1.70
-144527.427   108.169     3.65    2.15
-144154.014   109.374     3.23    2.17
-143780.667   110.837     3.92    2.23
-143407.387   112.485     4.42    2.54
-143034.174   115.507     8.10    4.73
-142661.027   118.602     8.30    5.44
-142287.947   122.708    11.01    6.40
-141914.933   126.310     9.66    6.26
-141541.986   129.181     7.70    5.62
-141169.105   130.691     4.05    4.37
-140796.290   131.557     2.32    3.14
-140423.542   131.849     0.78    2.42
-140050.860   132.263     1.11    1.84
-139678.244   132.949     1.84    1.65
-139305.695   134.037     2.92    1.65
-138933.212   135.187     3.09    1.42
-138560.795   136.199     2.72    1.16
-138188.444   136.824     1.68    0.98
-137816.159   137.206     1.02    0.92
-137443.940   137.424     0.59    1.05
-137071.787   137.362    -0.17    1.04
-136699.700   137.118    -0.66    0.89
-136327.679   136.691    -1.15    0.83
-135955.724   136.108    -1.57    0.98
-135583.835   135.220    -2.39    1.18
-135212.011   134.400    -2.20    1.31
-134840.254   133.387    -2.73    1.45
-134468.562   132.399    -2.66    1.55
-134096.936   131.304    -2.95    1.75
-133725.376   130.078    -3.30    1.53
-133353.881   128.649    -3.85    1.46
-132982.452   127.549    -2.96    1.41
-132611.089   126.636    -2.46    1.46
-132239.791   126.476    -0.43    2.05
-131868.558   126.214    -0.71    2.19
-131497.391   125.969    -0.66    1.84
-131126.290   125.917    -0.14    1.30
-130755.254   125.640    -0.75    0.92
-130384.283   125.410    -0.62    1.05
-130013.378   125.237    -0.47    1.28
-129642.538   124.962    -0.74    1.55
-129271.763   124.782    -0.49    1.76
-128901.053   123.760    -2.76    2.33
-128530.409   122.437    -3.57    2.52
-128159.830   120.782    -4.47    1.97
-127789.316   119.799    -2.65    1.26
-127418.867   119.850     0.14    1.41
-127048.483   120.930     2.92    2.13
-126678.165   122.630     4.59    2.52
-126307.911   124.274     4.44    2.05
-125937.722   125.624     3.65    1.12
-125567.598   125.911     0.77    0.71
-125197.539   125.078    -2.25    1.51
-124827.545   123.630    -3.91    2.16
-124457.616   121.930    -4.60    2.49
-124087.751   120.137    -4.85    2.85
-123717.952   117.777    -6.38    3.03
-123348.217   115.572    -5.96    2.52
-122978.546   113.461    -5.71    2.21
-122608.941   112.004    -3.94    2.14
-122239.400   110.399    -4.34    2.16
-121869.923   109.145    -3.39    2.03
-121500.512   107.969    -3.18    1.92
-121131.164   107.045    -2.50    1.69
-120761.881   106.083    -2.60    1.22
-120392.663   105.461    -1.69    0.95
-120023.509   104.999    -1.25    0.64
-119654.419   105.017     0.05    0.90
-119285.394   105.159     0.38    1.19
-118916.433   104.874    -0.77    1.13
-118547.537   104.494    -1.03    1.27
-118178.704   103.732    -2.07    1.35
-117809.936   102.797    -2.54    1.21
-117441.232   102.276    -1.42    1.02
-117072.592   101.874    -1.09    0.90
-116704.017   101.277    -1.62    1.01
-116335.505   100.545    -1.98    1.14
-115967.057    99.904    -1.74    1.13
-115598.674    99.426    -1.30    0.87
-115230.354    99.087    -0.92    0.70
-114862.099    98.933    -0.42    0.80
-114493.907    98.868    -0.18    1.09
-114125.779    98.906     0.10    1.20
-113757.715    98.671    -0.64    1.17
-113389.715    98.237    -1.18    1.12
-113021.778    97.574    -1.80    1.01
-112653.906    97.140    -1.18    0.90
-112286.097    96.806    -0.91    0.74
-111918.352    96.777    -0.08    0.70
-111550.670    97.149     1.01    0.84
-111183.052    97.767     1.68    1.02
-110815.498    98.712     2.57    1.28
-110448.007    99.634     2.51    1.46
-110080.580   100.324     1.88    1.34
-109713.216   100.732     1.11    1.19
-109345.915   100.592    -0.38    1.04
-108978.678   100.313    -0.76    0.99
-108611.505    99.849    -1.26    0.96
-108244.394    99.411    -1.19    1.04
-107877.348    98.730    -1.86    1.03
-107510.364    98.021    -1.93    1.24
-107133.147    97.348    -1.78    1.14
-106753.097    96.422    -2.43    1.40
-106373.115    95.450    -2.56    1.62
-105993.202    94.572    -2.31    1.79
-105613.358    93.058    -3.99    2.20
-105233.582    91.671    -3.65    2.21
-104853.874    90.399    -3.35    2.03
-104474.234    89.137    -3.32    1.84
-104094.663    88.137    -2.63    1.74
-103715.160    87.115    -2.69    1.71
-103335.725    85.762    -3.57    2.22
-102956.358    84.506    -3.31    2.35
-102577.060    83.194    -3.46    2.51
-102197.829    82.269    -2.44    2.59
-101818.667    81.930    -0.89    2.56
-101439.572    81.309    -1.64    2.36
-101060.546    80.115    -3.15    2.33
-100681.587    78.665    -3.83    2.16
-100302.696    77.435    -3.25    1.51
 -99923.874    76.674    -2.01    0.58
 -99545.118    76.669    -0.01    0.72
 -99166.431    76.930     0.69    1.14
 -98787.812    76.962     0.08    1.29
 -98409.260    76.712    -0.66    0.98
 -98030.776    76.237    -1.25    0.57
 -97652.359    76.037    -0.53    0.84
 -97274.010    75.734    -0.80    1.22
 -96895.729    75.337    -1.05    1.55
 -96517.515    75.285    -0.14    1.65
 -96139.369    75.288     0.01    1.84
 -95761.290    75.045    -0.64    1.90
 -95383.278    74.699    -0.92    2.18
 -95005.334    74.449    -0.66    2.24
 -94627.458    73.228    -3.23    2.85
 -94249.648    72.212    -2.69    3.24
 -93871.906    70.995    -3.22    3.20
 -93494.231    69.182    -4.80    2.57
 -93116.623    67.942    -3.28    2.23
 -92739.083    66.033    -5.06    2.64
 -92361.609    64.187    -4.89    2.92
 -91984.203    62.074    -5.60    2.86
 -91606.864    60.297    -4.71    2.22
 -91229.591    59.137    -3.08    1.38
 -90852.386    58.577    -1.48    0.63
 -90475.248    58.996     1.11    1.65
 -90098.176    59.782     2.08    2.49
 -89721.172    61.251     3.90    3.36
 -89344.234    62.703     3.85    3.34
 -88967.363    63.947     3.30    2.85
 -88590.559    64.913     2.56    1.73
 -88213.822    65.374     1.23    1.23
 -87837.151    65.741     0.97    0.64
 -87460.547    65.524    -0.58    1.14
 -87084.010    64.699    -2.19    1.99
 -86707.539    63.251    -3.85    2.51
 -86331.135    61.276    -5.25    2.70
 -85954.797    59.277    -5.31    2.70
 -85578.526    57.539    -4.62    2.20
 -85202.321    56.361    -3.13    1.71
 -84826.183    54.969    -3.70    1.92
 -84450.111    53.612    -3.61    2.33
 -84074.105    51.720    -5.03    2.88
 -83698.166    49.733    -5.29    2.55
 -83322.293    48.024    -4.55    1.83
 -82946.486    46.972    -2.80    1.13
 -82570.745    46.277    -1.85    0.87
 -82195.071    45.751    -1.40    0.83
 -81819.463    45.201    -1.46    1.05
 -81443.921    45.874     1.79    3.10
 -81068.444    48.130     6.01    4.40
 -80693.034    50.320     5.83    4.28
 -80317.690    52.399     5.54    3.17
 -79942.412    53.664     3.37    2.06
 -79567.200    54.399     1.96    2.04
 -79192.054    55.063     1.77    1.87
 -78816.973    55.212     0.40    1.93
 -78441.958    55.166    -0.12    1.76
 -78067.010    55.325     0.42    1.30
 -77692.127    54.893    -1.15    1.65
 -77317.309    53.599    -3.45    2.66
 -76942.557    51.374    -5.94    3.51
 -76567.871    49.099    -6.07    3.16
 -76193.251    47.012    -5.57    2.00
 -75818.696    46.016    -2.66    1.42
 -75444.207    45.609    -1.09    0.87
 -75069.783    45.782     0.46    1.14
 -74695.425    46.324     1.45    1.68
 -74321.132    46.618     0.79    1.82
 -73946.904    46.856     0.64    1.78
 -73572.742    46.967     0.30    1.37
 -73198.645    47.757     2.11    1.84
 -72824.614    48.805     2.80    2.10
 -72450.647    49.824     2.73    2.21
 -72076.746    50.045     0.59    2.49
 -71702.911    50.053     0.02    2.71
 -71329.140    49.855    -0.53    2.61
 -70955.435    49.824    -0.08    2.18
 -70581.794    50.218     1.05    2.27
 -70208.219    51.124     2.42    2.44
 -69834.709    51.795     1.80    2.37
 -69461.263    52.062     0.71    2.65
 -69087.883    51.673    -1.04    3.17
 -68714.567    51.143    -1.42    3.23
 -68341.317    50.681    -1.24    2.88
 -67968.131    49.537    -3.07    2.31
 -67595.010    48.550    -2.64    1.72
 -67221.954    48.732     0.49    2.39
 -66848.963    49.985     3.36    3.61
 -66476.036    51.399     3.79    3.42
 -66103.174    52.226     2.22    2.97
 -65730.377    51.045    -3.17    2.96
 -65357.644    49.631    -3.79    2.29
 -64984.976    49.226    -1.09    1.64
 -64612.373    49.058    -0.45    1.47
 -64239.834    49.041    -0.05    1.75
 -63867.359    49.121     0.21    2.07
 -63494.949    49.004    -0.31    1.91
 -63122.604    48.901    -0.28    1.45
 -62750.322    49.387     1.30    1.22
 -62378.106    50.216     2.23    1.19
 -62005.953    50.935     1.93    1.38
 -61633.865    51.601     1.79    1.32
 -61261.841    51.924     0.87    1.12
 -60889.881    51.841    -0.22    1.06
 -60517.985    51.487    -0.95    0.97
 -60146.154    51.166    -0.86    0.69
 -59774.386    51.179     0.03    0.53
 -59402.683    51.556     1.01    0.70
 -59031.044    52.124     1.53    1.13
 -58659.469    52.940     2.20    1.49
 -58287.957    53.762     2.21    1.63
 -57916.510    54.517     2.03    1.43
 -57545.127    54.716     0.53    1.11
 -57173.807    54.348    -0.99    1.20
 -56802.551    53.499    -2.29    1.57
 -56431.360    52.558    -2.53    1.56
 -56060.231    51.924    -1.71    1.36
 -55689.167    51.452    -1.27    1.12
 -55318.167    51.533     0.22    1.08
 -54947.230    51.822     0.78    0.97
 -54576.356    52.237     1.12    0.99
 -54205.547    52.980     2.00    1.19
 -53834.801    53.912     2.51    1.48
 -53464.118    54.907     2.68    1.28
 -53093.499    55.674     2.07    1.04
 -52722.944    56.228     1.49    0.80
 -52352.452    56.562     0.90    0.71
 -51982.023    56.766     0.55    0.59
 -51611.658    56.930     0.44    0.52
 -51241.356    57.006     0.21    0.59
 -50871.117    57.287     0.76    0.98
 -50500.942    58.023     1.99    1.62
 -50130.830    59.612     4.29    2.57
 -49760.781    61.536     5.20    2.83
 -49390.796    63.004     3.97    2.61
 -49020.873    63.901     2.42    2.14
 -48651.014    63.612    -0.78    1.77
 -48281.218    62.631    -2.65    1.76
 -47911.485    61.137    -4.04    2.14
 -47541.814    59.442    -4.59    1.95
 -47172.207    58.024    -3.84    1.81
 -46802.663    56.808    -3.29    1.15
 -46433.182    56.169    -1.73    0.80
 -46063.764    55.726    -1.20    0.85
 -45694.408    55.572    -0.42    0.77
 -45325.115    55.454    -0.32    0.69
 -44955.886    55.337    -0.32    0.62
 -44586.719    55.098    -0.65    0.81
 -44217.614    54.849    -0.67    0.83
 -43848.573    54.554    -0.80    0.89
 -43479.594    54.099    -1.23    0.94
 -43110.677    53.651    -1.22    1.04
 -42741.824    53.112    -1.46    1.00
 -42373.032    52.504    -1.65    1.04
 -42004.304    51.912    -1.61    0.99
 -41635.638    51.362    -1.49    0.97
 -41267.034    50.762    -1.63    0.86
 -40898.493    50.270    -1.33    0.77
 -40530.014    49.724    -1.48    0.71
 -40161.598    49.286    -1.19    0.70
 -39793.244    48.887    -1.08    0.50
 -39424.952    48.646    -0.65    0.69
 -39056.723    48.474    -0.47    0.85
 -38688.556    48.463    -0.03    1.12
 -38320.451    48.686     0.61    1.38
 -37952.408    48.759     0.20    1.47
 -37584.428    48.823     0.17    1.34
 -37216.509    48.612    -0.57    1.09
 -36848.653    48.212    -1.09    0.96
 -36480.859    47.649    -1.53    0.94
 -36113.126    46.907    -2.02    0.99
 -35745.456    46.124    -2.13    1.07
 -35377.848    45.153    -2.64    1.11
 -35010.302    44.149    -2.73    1.23
 -34642.817    42.982    -3.18    1.27
 -34275.395    42.045    -2.55    1.37
 -33908.034    40.974    -2.92    1.33
 -33540.735    39.912    -2.89    1.34
 -33173.498    38.942    -2.64    1.29
 -32806.323    38.087    -2.33    1.28
 -32432.005    37.151    -2.50    1.20
 -32052.097    36.272    -2.31    1.15
 -31672.255    35.413    -2.26    1.05
 -31292.480    34.551    -2.27    1.09
 -30912.771    33.712    -2.21    1.06
 -30533.129    32.874    -2.21    1.05
 -30153.553    31.913    -2.53    1.07
 -29774.044    31.121    -2.09    0.98
 -29394.602    30.312    -2.13    0.92
 -29015.226    29.582    -1.92    0.89
 -28635.916    28.824    -2.00    0.87
 -28256.672    28.172    -1.72    0.76
 -27877.495    27.474    -1.84    0.85
 -27498.384    26.766    -1.87    0.92
 -27119.340    25.817    -2.50    1.23
 -26740.361    24.564    -3.31    1.49
 -26361.449    23.260    -3.44    1.61
 -25982.603    21.738    -4.02    1.64
 -25603.823    20.387    -3.57    1.68
 -25225.109    18.855    -4.04    1.66
 -24846.461    17.691    -3.08    1.36
 -24467.879    16.837    -2.26    1.02
 -24089.363    16.169    -1.76    0.86
 -23710.913    15.589    -1.53    0.89
 -23332.529    15.019    -1.51    0.92
 -22954.211    14.399    -1.64    0.87
 -22575.958    13.699    -1.85    0.80
 -22197.772    13.262    -1.16    0.71
 -21819.651    13.011    -0.66    0.51
 -21441.596    13.070     0.16    0.46
 -21063.606    13.256     0.49    0.33
 -20685.682    13.387     0.35    0.11
 -20307.824    13.400     0.04    0.16
 -19930.031    13.426     0.07    0.22
 -19552.304    13.549     0.33    0.50
 -19174.643    13.621     0.19    0.60
 -18797.047    13.624     0.01    0.65
 -18419.516    13.686     0.16    0.75
 -18042.051    13.724     0.10    0.93
 -17664.651    13.664    -0.16    0.96
 -17287.316    13.462    -0.54    0.86
 -16910.047    13.253    -0.55    0.74
 -16532.843    12.907    -0.92    0.77
 -16155.704    12.268    -1.69    0.91
 -15778.631    11.624    -1.71    1.08
 -15401.623    10.914    -1.88    1.11
 -15024.679    10.224    -1.83    1.18
 -14647.801     9.561    -1.76    1.17
 -14270.988     9.105    -1.21    1.04
 -13894.240     8.906    -0.53    0.89
 -13517.557     8.874    -0.08    0.66
 -13140.939     9.054     0.48    0.63
 -12764.386     9.208     0.41    0.69
 -12387.898     9.149    -0.15    0.90
 -12011.475     8.907    -0.64    1.02
 -11635.116     8.627    -0.74    0.98
 -11258.823     8.400    -0.60    0.72
 -10882.594     8.400     0.00    0.53
 -10506.429     8.550     0.40    0.48
 -10130.330     8.794     0.65    0.52
  -9754.295     9.087     0.78    0.56
  -9378.325     9.399     0.83    0.62
  -9002.419     9.699     0.80    0.60
  -8626.578     9.944     0.65    0.52
  -8250.802    10.231     0.77    0.64
  -7875.090    10.549     0.85    0.71
  -7499.442    11.006     1.22    1.11
  -7123.859    11.299     0.78    1.06
  -6748.340    11.695     1.05    1.03
  -6372.886    11.944     0.66    0.98
  -5997.496    12.285     0.91    1.15
  -5622.170    12.649     0.97    1.30
  -5246.909    13.099     1.20    1.36
  -4871.712    13.438     0.90    1.25
  -4496.579    13.785     0.92    1.16
  -4121.510    14.111     0.87    1.06
  -3746.505    14.488     1.01    1.07
  -3371.564    14.790     0.80    1.10
  -2996.688    14.944     0.41    0.94
  -2621.875    15.070     0.34    0.94
  -2247.127    15.248     0.47    1.00
  -1872.442    15.203    -0.12    1.53
  -1497.821    14.662    -1.45    2.92
  -1123.265    12.470    -5.85    5.54
   -748.772     9.462    -8.03    7.16
   -374.343     6.820    -7.05    7.61
      0.023     3.530    -8.79    6.42
    374.324     1.614    -5.12    5.13
    748.562    -0.360    -5.28    1.71
   1122.736    -0.626    -0.71    0.00
   1496.846    -0.626     0.00    0.00
   1870.893    -0.626     0.00    0.00
   2244.876    -0.626     0.00    0.00
   2618.796    -0.626     0.00    0.00
   2992.652    -0.158     1.25    1.74
   3366.444     0.797     2.56    2.74
   3740.173     2.054     3.36    3.52
   4113.839     4.296     6.00    4.12
   4487.441     6.587     6.13    4.03
   4860.980     9.414     7.57    3.10
   5234.456    11.465     5.49    2.24
   5607.868    13.287     4.88    2.03
   5981.217    14.662     3.68    1.60
   6354.502    15.969     3.50    1.30
   6727.725    16.985     2.72    1.11
   7100.884    17.977     2.66    1.12
   7473.980    18.624     1.74    1.03
   7847.013    18.843     0.59    0.81
   8219.983    18.836    -0.02    0.78
   8592.890    18.741    -0.25    0.74
   8965.734    18.579    -0.43    0.71
   9338.515    18.823     0.65    0.96
   9711.233    19.201     1.01    1.11
  10083.888    19.712     1.37    1.08
  10456.480    20.308     1.60    0.81
  10829.009    20.716     1.09    0.62
  11201.476    21.111     1.06    0.57
  11573.879    21.618     1.36    0.54
  11946.220    21.946     0.88    0.62
  12318.498    22.490     1.46    0.76
  12690.714    23.134     1.73    0.87
  13062.866    23.962     2.22    1.14
  13434.957    25.046     2.91    1.32
  13806.984    26.299     3.37    1.67
  14178.949    27.793     4.02    1.84
  14550.852    29.608     4.88    2.08
  14922.692    31.374     4.75    2.09
  15294.469    33.810     6.55    2.81
  15666.184    37.009     8.61    3.92
  16037.837    41.149    11.14    5.21
  16409.427    45.694    12.23    4.94
  16780.955    50.187    12.09    4.79
  17152.420    54.131    10.62    3.74
  17523.824    57.374     8.73    3.49
  17895.165    60.320     7.93    2.87
  18266.444    62.980     7.16    3.20
  18637.660    65.631     7.14    2.75
  19008.815    68.287     7.16    2.95
  19379.907    70.902     7.05    2.82
  19750.937    74.012     8.38    3.78
  20121.906    77.726    10.01    4.59
  20492.812    83.011    14.25    6.72
  20863.656    89.361    17.12    7.92
  21234.438    96.426    19.06    8.38
  21605.158   102.199    15.57    5.63
  21975.817   105.412     8.67    2.75
  22346.413   107.013     4.32    1.41
  22716.948   107.837     2.22    1.53
  23087.421   108.699     2.33    1.27
  23457.832   109.631     2.52    1.00
  23828.181   110.388     2.04    0.96
  24198.469   111.218     2.24    1.10
  24568.695   112.172     2.57    1.11
  24938.859   112.987     2.20    1.19
  25308.961   113.676     1.86    0.92
  25679.002   114.062     1.04    0.67
  26048.982   114.212     0.41    0.52
  26418.900   114.108    -0.28    0.57
  26788.756   113.689    -1.13    0.74
  27158.551   113.115    -1.55    0.80
  27528.285   112.552    -1.52    0.77
  27897.957   112.087    -1.26    0.80
  28267.568   111.712    -1.01    0.75
  28637.117   111.273    -1.19    0.86
  29006.605   110.763    -1.38    0.85
  29376.032   110.162    -1.63    1.06
  29745.398   109.320    -2.28    0.92
  30114.702   108.452    -2.35    1.02
  30483.945   107.610    -2.28    0.94
  30853.127   106.703    -2.46    1.14
  31222.248   105.631    -2.90    1.28
  31591.308   104.362    -3.44    1.64
  31960.306   102.860    -4.07    1.57
  32329.244   101.437    -3.86    1.66
  32698.121    99.942    -4.05    1.50
  33066.936    98.530    -3.83    1.66
  33435.691    97.174    -3.68    1.59
  33804.385    95.478    -4.60    2.02
  34173.018    93.761    -4.66    2.17
  34541.590    91.653    -5.72    2.50
  34910.101    89.628    -5.50    2.25
  35278.552    87.637    -5.40    2.12
  35646.942    85.455    -5.92    2.86
  36015.271    82.451    -8.16    3.83
  36383.539    79.972    -6.73    3.26
  36751.746    78.019    -5.30    1.61
  37119.893    77.374    -1.75    0.00
  37487.980    77.374     0.00    0.00
  37856.006    77.374     0.00    0.00
  38223.971    77.374     0.00    0.00
  38591.875    77.374     0.00    0.00
  38959.720    77.374     0.00    0.00
  39327.503    77.374     0.00    0.00
  39695.227    77.374     0.00    0.00
  40062.890    77.374     0.00    0.00
  40430.492    77.374     0.00    0.00
  40798.035    77.374     0.00    0.00
  41165.517    77.374     0.00    0.00
  41532.938    77.374     0.00    0.00
  41900.300    77.374     0.00    0.00
  42271.966    77.374     0.00    0.00
  42651.736    77.374     0.00    0.00
  43031.442    77.374     0.00    0.00
  43411.082    77.374     0.00    0.00
  43790.658    77.933     1.47    1.68
  44170.169    81.063     8.25    5.55
  44549.615    92.077    29.03   20.81
  44928.997   111.212    50.43   31.14
  45308.314   131.694    53.99   30.27
  45687.566   147.237    40.98   22.81
  46066.754   157.534    27.16    6.66
  46445.877   157.335    -0.52    3.49
  46824.935   153.615    -9.81    4.94
  47203.929   149.248   -11.52    6.49
  47582.859   143.874   -14.18    6.53
  47961.724   139.111   -12.57    5.65
  48340.524   134.843   -11.27    5.06
  48719.260   131.868    -7.85    4.83
  49097.932   129.674    -5.79    4.07
  49476.540   128.185    -3.93    3.87
  49855.083   127.849    -0.89    4.70
  50233.562   127.361    -1.29    5.97
  50611.976   125.166    -5.80    6.28
  50990.327   123.998    -3.09    5.91
  51368.613   124.231     0.62    5.14
  51746.835   126.164     5.11    5.69
  52124.993   130.854    12.40    6.20
  52503.087   136.759    15.62    5.94
  52881.117   141.322    12.07    6.12
  53259.083   146.323    13.23    6.92
  53636.986   149.519     8.46    6.05
  54014.824   150.940     3.76    4.48
  54392.598   151.050     0.29    3.12
  54770.308   150.453    -1.58    1.94
  55147.955   150.266    -0.50    1.21
  55525.537   150.741     1.26    1.04
  55903.056   151.521     2.06    1.01
  56280.512   152.399     2.33    1.08
  56657.903   153.269     2.30    1.05
  57035.231   153.660     1.04    1.06
  57412.495   153.592    -0.18    1.29
  57789.696   153.092    -1.33    1.53
  58166.833   152.336    -2.00    1.45
  58543.906   151.478    -2.28    1.26
  58920.916   150.515    -2.55    1.24
  59297.863   149.523    -2.63    1.19
  59674.746   148.312    -3.21    1.34
  60051.565   147.388    -2.45    1.66
  60428.322   147.187    -0.53    2.65
  60805.015   147.428     0.64    3.72
  61181.644   147.769     0.90    4.50
  61558.211   148.374     1.61    5.29
  61934.714   149.296     2.45    5.82
  62311.154   150.387     2.90    6.13
  62687.530   151.618     3.27    5.99
  63063.844   152.651     2.74    5.63
  63440.094   153.920     3.37    4.75
  63816.282   154.808     2.36    3.74
  64192.406   155.601     2.11    2.20
  64568.467   155.751     0.40    1.29
  64944.465   155.532    -0.58    1.50
  65320.401   155.203    -0.87    1.64
  65696.273   155.019    -0.49    1.79
  66072.082   155.164     0.39    1.72
  66447.829   156.063     2.39    2.21
  66823.513   157.887     4.85    3.00
  67199.134   160.069     5.81    2.55
  67574.692   161.425     3.61    1.21
  67950.187   161.846     1.12    0.60
  68325.620   161.425    -1.12    0.75
  68700.990   161.028    -1.06    0.63
  69076.298   160.835    -0.51    0.50
  69451.543   160.861     0.07    0.60
  69826.725   161.054     0.51    0.76
  70201.845   161.502     1.19    0.96
  70576.902   161.985     1.29    1.03
  70951.896   162.588     1.61    1.00
  71326.829   163.174     1.56    1.01
  71701.699   163.887     1.90    1.04
  72076.506   164.414     1.41    0.98
  72451.251   164.595     0.48    0.97
  72825.934   164.441    -0.41    1.03
  73200.554   164.205    -0.63    0.86
  73575.113   164.151    -0.15    0.64
  73949.609   164.335     0.49    0.58
  74324.042   164.699     0.97    0.55
  74698.414   165.050     0.94    0.57
  75072.723   165.552     1.34    0.61
  75446.971   165.944     1.05    0.52
  75821.156   166.360     1.11    0.62
  76195.279   166.691     0.88    0.59
  76569.341   166.936     0.66    0.75
  76943.340   167.231     0.79    0.74
  77317.277   167.496     0.71    0.74
  77691.153   167.842     0.93    0.74
  78064.966   168.121     0.75    0.66
  78438.718   168.452     0.89    0.70
  78812.408   168.921     1.25    0.68
  79186.036   169.272     0.94    0.78
  79559.602   169.668     1.06    0.75
  79933.107   169.913     0.66    0.57
  80306.549   170.094     0.49    0.45
  80679.931   170.283     0.51    0.40
  81053.250   170.374     0.24    0.43
  81426.508   170.374     0.00    0.51
  81799.704   170.387     0.03    0.57
  82172.839   170.413     0.07    0.61
  82545.912   170.387    -0.07    0.55
  82918.924   170.374    -0.04    0.43
  83291.875   170.156    -0.58    0.47
  83664.764   169.940    -0.58    0.55
  84037.591   169.551    -1.04    0.55
  84410.357   169.118    -1.16    0.57
  84783.062   168.695    -1.13    0.59
  85155.706   168.226    -1.26    0.63
  85528.288   167.721    -1.35    0.58
  85900.809   167.237    -1.30    0.63
  86273.269   166.738    -1.34    0.58
  86645.667   166.224    -1.38    0.62
  87018.005   165.769    -1.22    0.57
  87390.281   165.239    -1.42    0.63
  87762.497   164.762    -1.28    0.56
  88134.651   164.263    -1.34    0.62
  88506.744   163.797    -1.25    0.55
  88878.776   163.291    -1.36    0.64
  89250.748   162.720    -1.53    0.64
  89622.658   162.210    -1.37    0.67
  89994.507   161.716    -1.33    0.62
  90366.296   161.262    -1.22    0.55
  90738.024   160.874    -1.04    0.55
  91109.691   160.442    -1.16    0.63
  91481.297   159.980    -1.24    0.59
  91852.842   159.469    -1.37    0.62
  92224.327   159.002    -1.26    0.61
  92595.751   158.496    -1.36    0.70
  92967.114   157.987    -1.37    0.79
  93338.417   157.415    -1.54    0.80
  93709.659   156.887    -1.42    0.83
  94080.840   156.388    -1.35    0.78
  94451.961   156.024    -0.98    0.74
  94823.022   155.585    -1.18    0.79
  95194.022   155.104    -1.30    0.88
  95564.961   154.703    -1.08    0.97
  95935.840   154.387    -0.85    1.04
  96306.659   154.203    -0.50    1.20
  96677.417   153.964    -0.65    1.33
  97048.115   153.708    -0.69    1.40
  97418.753   153.246    -1.25    1.46
  97789.330   152.508    -1.99    1.47
  98159.848   151.452    -2.85    1.61
  98530.305   150.019    -3.87    1.94
  98900.701   148.414    -4.33    1.96
  99271.038   147.019    -3.77    1.40
  99641.315   146.548    -1.27    0.96
 100011.531   147.050     1.36    1.47
 100381.687   148.401     3.65    2.04
 100751.784   150.480     5.62    2.38
 101121.820   152.504     5.47    2.55
 101491.796   154.801     6.21    2.30
 101861.713   156.598     4.86    2.08
 102231.569   158.361     4.77    1.66
 102601.366   159.624     3.42    1.45
 102971.103   160.788     3.15    1.27
 103340.780   161.673     2.39    1.30
 103710.397   162.611     2.54    1.44
 104079.954   163.504     2.42    1.58
 104449.452   164.712     3.27    1.74
 104818.890   165.985     3.44    1.86
 105188.268   167.598     4.37    1.84
 105557.587   169.089     4.04    2.00
 105926.846   170.848     4.76    1.96
 106296.045   172.493     4.45    2.12
 106665.185   174.321     4.95    2.11
 107034.265   175.990     4.52    2.17
 107403.286   177.974     5.38    2.20
 107772.247   179.686     4.64    2.26
 108141.149   181.506     4.93    2.35
 108509.992   183.243     4.71    2.37
 108878.775   185.174     5.24    2.61
 109247.498   187.063     5.12    2.61
 109616.163   189.054     5.40    2.72
 109984.768   191.151     5.69    2.85
 110353.314   193.241     5.67    2.89
 110721.800   195.220     5.37    3.31
 111090.228   197.334     5.74    3.54
 111458.596   199.592     6.13    3.77
 111826.905   202.131     6.89    3.71
 112195.155   204.412     6.19    3.56
 112563.346   206.788     6.45    3.46
 112931.477   208.836     5.56    3.22
 113299.550   210.934     5.70    3.25
 113667.564   212.868     5.25    3.21
 114035.519   215.023     5.86    3.39
 114403.414   217.108     5.67    3.47
 114771.251   219.346     6.09    3.35
 115139.029   221.401     5.59    2.60
 115506.748   223.196     4.88    2.05
 115874.409   224.585     3.78    1.79
 116242.010   225.958     3.73    1.71
 116609.553   227.602     4.47    1.95
 116978.796   229.277     4.54    2.00
 117358.433   231.336     5.42    2.37
 117738.006   233.614     6.00    2.47
 118117.515   235.829     5.83    2.60
 118496.962   238.335     6.60    2.76
 118876.346   240.790     6.47    2.94
 119255.666   243.561     7.30    3.10
 119634.924   245.988     6.40    3.14
 120014.119   248.588     6.86    3.03
 120393.250   250.555     5.19    2.85
 120772.319   252.480     5.08    2.82
 121151.325   254.430     5.15    2.93
 121530.268   256.491     5.44    3.19
 121909.148   258.840     6.20    3.07
 122287.966   261.156     6.11    2.85
 122666.720   263.631     6.53    2.60
 123045.412   265.828     5.80    2.47
 123424.041   268.058     5.89    2.48
 123802.608   270.111     5.42    2.30
 124181.112   272.270     5.70    2.29
 124559.553   274.063     4.74    2.14
 124937.932   275.980     5.06    2.27
 125316.248   277.717     4.59    2.18
 125694.502   279.716     5.28    2.77
 126072.693   282.237     6.66    3.20
 126450.822   284.953     7.18    3.73
 126828.888   288.801    10.18    4.78
 127206.892   292.660    10.21    5.58
 127584.834   296.828    11.03    6.10
 127962.713   299.847     7.99    6.26
 128340.530   301.855     5.31    5.70
 128718.285   303.009     3.06    4.55
 129095.977   305.105     5.55    3.77
 129473.608   308.131     8.01    4.55
 129851.176   314.795    17.65    8.99
 130228.682   322.888    21.44   10.24
 130606.126   332.098    24.40   11.23
 130983.508   340.501    22.26    8.42
 131360.827   346.469    15.81    7.45
 131738.085   351.196    12.53    7.53
 132115.281   354.887     9.78    8.88
 132492.415   360.993    16.19   11.17
 132869.487   369.243    21.88   13.00
 133246.497   380.374    29.52   14.33
 133623.445   390.361    26.49   14.04
 134000.332   402.387    31.91   14.53
 134377.156   413.539    29.59   15.63
 134753.919   425.964    32.98   16.94
 135130.620   439.839    36.83   14.20
 135507.260   451.940    32.13   13.76
 135883.837   462.360    27.67   11.38
 136260.353   471.295    23.73   11.84
 136636.808   479.708    22.34   10.56
 137013.201   485.888    16.42    9.59
 137389.532   491.548    15.04    6.88
 137765.802   494.601     8.11    4.42
 138142.010   496.548     5.17    1.85
 138518.157   496.993     1.18    0.86
 138894.243   497.072     0.21    0.77
 139270.267   497.054    -0.05    0.74
 139646.230   497.452     1.06    1.07
 140022.131   497.955     1.34    1.31
 140397.971   498.720     2.04    1.40
 140773.750   499.333     1.63    1.26
 141149.468   499.829     1.32    1.09
 141525.124   500.249     1.12    0.89
 141900.719   500.295     0.12    0.69
 142276.253   500.471     0.47    0.59
 142651.726   500.282    -0.50    0.66
 143027.138   500.013    -0.72    0.79
 143402.489   499.689    -0.86    0.85
 143777.778   499.253    -1.16    1.01
 144153.007   498.874    -1.01    1.00
 144528.175   498.388    -1.30    0.88
 144903.282   498.058    -0.88    0.73
 145278.328   497.601    -1.22    0.65
 145653.313   497.134    -1.24    0.75
 146028.237   496.256    -2.34    1.23
 146403.100   495.172    -2.89    1.76
 146777.903   493.543    -4.34    2.24
 147152.645   491.867    -4.47    2.18
 147527.326   490.041    -4.87    2.31
 147901.946   488.319    -4.59    2.13
 148276.506   486.561    -4.69    2.22
 148651.005   484.833    -4.61    1.96
 149025.444   483.124    -4.56    2.31
 149399.822   481.231    -5.06    2.50
 149774.139   478.708    -6.74    3.37
 150148.396   475.614    -8.27    3.53
 150522.592   472.441    -8.48    3.95
 150896.728   468.699   -10.00    3.73
 151270.804   466.334    -6.32    3.39
 151644.819   464.172    -5.78    3.12
 152018.774   462.480    -4.52    3.62
 152392.668   460.281    -5.88    4.41
 152766.502   457.743    -6.79    4.93
 153140.276   454.901    -7.60    4.77
 153513.989   451.996    -7.77    4.41
 153887.643   449.469    -6.76    3.95
 154261.236   447.226    -6.00    3.49
 154634.769   444.920    -6.17    3.37
 155008.242   442.861    -5.51    3.04
 155381.654   442.063    -2.14    2.59
 155755.007   441.807    -0.69    2.60
 156128.300   441.601    -0.55    3.06
 156501.532   441.402    -0.53    3.32
 156874.705   439.321    -5.58    3.23
 157247.817   437.717    -4.30    2.38
 157620.870   436.654    -2.85    2.18
 157993.863   435.717    -2.51    1.96
 158366.796   435.282    -1.17    2.14
 158739.669   435.186    -0.26    2.43
 159112.482   435.282     0.26    2.75
 159485.236   435.402     0.32    2.83
 159857.930   435.769     0.98    2.49
 160230.564   435.429    -0.91    2.08
 160603.138   434.951    -1.28    2.15
 160975.653   433.985    -2.59    2.19
 161348.108   432.660    -3.56    1.85
 161720.504   431.703    -2.57    1.53
 162092.839   431.050    -1.75    1.56
 162465.116   430.624    -1.14    1.92
 162837.333   430.545    -0.21    2.93
 163209.490   430.814     0.72    3.93
 163581.588   431.308     1.33    5.43
 163953.626   432.281     2.61    6.65
 164325.605   433.188     2.44    7.54
 164697.525   435.468     6.13    8.89
 165069.386   437.254     4.80    9.47
 165441.187   440.601     9.00    9.60
 165812.928   443.241     7.10    9.65
 166184.611   446.664     9.21    9.11
 166556.234   449.801     8.44    8.51
 166927.798   452.151     6.32    7.55
 167299.303   452.848     1.88    8.17
 167670.749   450.179    -7.18    9.98
 168042.136   447.604    -6.93   10.55
 168413.463   443.179   -11.91   10.56
 168784.732   439.291   -10.47    9.84
 169155.941   435.335   -10.65    9.09
 169527.092   431.922    -9.19    7.44
 169898.183   429.246    -7.21    6.28
 170269.216   426.676    -6.93    4.77
 170640.189   424.534    -5.77    4.88
 171011.104   422.152    -6.42    5.14
 171381.960   419.428    -7.35    4.51
 171752.757   417.186    -6.04    3.59
 172123.496   415.801    -3.74    2.58
 172494.175   415.417    -1.04    2.32
 172864.796   414.854    -1.52    2.44
 173235.358   414.274    -1.56    3.12
 173605.862   413.348    -2.50    3.39
 173976.306   412.303    -2.82    3.16
 174346.692   411.228    -2.90    2.19
 174717.020   410.463    -2.07    0.33
 175087.289   410.506     0.12    0.62
 175457.499   410.531     0.07    0.69
 175827.651   410.387    -0.39    0.11
 176197.745   410.374    -0.04    0.00
 176567.780   410.374     0.00    0.00
 176937.756   410.374     0.00    0.00
 177307.674   410.374     0.00    0.00
 177677.534   410.374     0.00    0.00
 178047.336   410.374     0.00    0.00
 178417.079   410.374     0.00    0.00
 178786.764   410.374     0.00    0.00
 179156.390   410.374     0.00    0.00
 179525.959   410.374     0.00    0.00
 179895.469   410.374     0.00    0.00
 180264.921   410.374     0.00    0.00
 180634.314   410.374     0.00    0.00
 181003.650   410.374     0.00    0.00
 181372.928   410.374     0.00    0.00
 181742.147   410.374     0.00    0.00
 182111.309   410.374     0.00    0.00
 182480.412   410.374     0.00    0.00
 182849.458   410.374     0.00    0.00
 183218.445   410.374     0.00    0.00
 183587.375   410.374     0.00    0.00
 183956.247   410.374     0.00    0.00
 184325.061   410.374     0.00    0.00
 184693.817   410.374     0.00    0.00
 185062.515   410.374     0.00    0.00
 185431.155   410.374     0.00    0.00
 185799.738   410.374     0.00    0.00
 186168.263   410.374     0.00    0.00
 186536.730   410.374     0.00    0.00
 186905.140   410.374     0.00    0.00
 187273.492   410.374     0.00    0.00
 187641.786   410.374     0.00    0.00
 188010.023   410.374     0.00    0.00
 188378.202   410.374     0.00    0.00
 188746.324   410.374     0.00    0.00
 189114.388   410.374     0.00    0.00
 189482.395   410.374     0.00    0.00
 189850.344   410.374     0.00    0.00
 190218.236   410.374     0.00    0.00
 190586.070   410.374     0.00    0.00
 190953.847   410.689     0.85    1.77
 191321.567   413.428     7.45    4.70
 191689.229   416.031     7.08    4.95
 192068.115   417.561     4.04    4.01
 192447.558   418.694     2.98    3.28
 192826.939   418.744     0.13    3.64
 193206.258   419.402     1.73    3.58
 193585.517   420.536     2.99    3.07
 193964.714   420.969     1.14    2.43
 194343.849   421.717     1.97    2.26
 194722.923   423.068     3.56    2.49
 195101.936   424.930     4.91    2.98
 195480.888   428.161     8.52    4.30
 195859.778   432.515    11.49    4.76
 196238.607   437.148    12.23    5.67
 196617.375   442.991    15.42    6.33
 196996.082   449.011    15.89    7.11
 197374.728   456.266    19.16    8.06
 197753.313   463.523    19.16    9.07
 198131.837   472.712    24.27   12.01
 198510.299   483.699    29.02   15.75
 198888.701   497.712    37.03   18.62
 199267.042   509.689    31.65   15.13
 199645.321   519.041    24.72   10.70
 200023.540   527.166    21.48   10.08
 200401.698   538.388    29.67   17.75
 200779.795   552.360    36.95   21.00
 201157.832   564.628    32.44   19.01
 201535.807   576.785    32.16   12.99
 201913.722   583.928    18.90   11.77
 202291.576   591.454    19.91   11.50
 202669.370   595.712    11.27   11.18
 203047.102   598.826     8.24    9.55
 203424.775   600.055     3.25    8.54
 203802.386   599.036    -2.70    7.48
 204179.937   596.089    -7.81    7.19
 204557.427   590.908   -13.72    7.83
 204934.857   585.660   -13.90    8.53
 205312.227   581.523   -10.96    9.74
 205689.536   577.593   -10.41   11.89
 206066.784   575.922    -4.43   12.86
 206443.972   574.415    -4.00   12.53
 206821.100   572.199    -5.88   11.61
 207198.168   568.641    -9.43   12.46
 207575.175   563.753   -12.96   13.63
 207952.122   558.743   -13.29   14.09
 208329.008   553.415   -14.13   13.20
 208705.835   550.668    -7.29   12.34
 209082.601   547.064    -9.56   12.45
 209459.307   545.388    -4.45   11.74
 209835.953   540.569   -12.79   12.11
 210212.539   538.177    -6.35   11.79
 210589.065   534.539    -9.66   11.29
 210965.530   531.677    -7.60    9.76
 211341.936   529.590    -5.54    8.50
 211718.282   527.601    -5.29    7.39
 212094.568   525.807    -4.77    7.24
 212470.794   523.847    -5.21    7.03
 212846.960   522.212    -4.35    6.40
 213223.066   521.442    -2.05    5.73
 213599.112   520.598    -2.24    5.11
 213975.099   519.791    -2.15    5.50
 214351.025   518.281    -4.02    6.56
 214726.892   515.563    -7.23    8.37
 215102.699   510.703   -12.93    9.47
 215478.447   505.389   -14.14    9.27
 215854.135   499.982   -14.39    7.09
 216229.763   497.402    -6.87    4.96
 216605.332   496.361    -2.77    3.47
 216980.841   497.155     2.11    3.16
 217356.290   497.996     2.24    3.12
 217731.680   498.922     2.47    3.76
 218107.011   499.508     1.56    4.38
 218482.282   500.063     1.48    4.79
 218857.494   499.635    -1.14    5.17
 219232.646   498.100    -4.09    5.57
 219607.739   496.027    -5.53    5.86
 219982.772   494.265    -4.70    5.53
 220357.746   492.446    -4.85    5.11
 220732.661   490.948    -4.00    4.65
 221107.517   489.345    -4.27    4.67
 221482.314   487.841    -4.01    4.71
 221857.051   486.007    -4.89    4.20
 222231.729   484.739    -3.38    3.54
 222606.348   483.135    -4.28    3.19
 222980.908   482.090    -2.79    3.13
 223355.408   480.777    -3.51    2.54
 223729.850   480.148    -1.68    2.09
 224104.233   479.525    -1.66    1.55
 224478.556   479.174    -0.94    1.78
 224852.821   477.826    -3.60    2.68
 225227.027   476.265    -4.17    3.16
 225601.174   474.442    -4.87    2.93
 225975.261   472.658    -4.77    2.86
 226349.291   471.161    -4.00    2.91
 226723.261   468.777    -6.37    3.73
 227097.172   466.561    -5.93    3.90
 227471.025   464.525    -5.44    3.98
 227844.819   462.834    -4.52    3.80
 228218.554   461.166    -4.46    3.43
 228592.231   459.196    -5.27    3.33
 228965.848   457.902    -3.46    3.16
 229339.408   456.484    -3.80    2.52
 229712.908   456.276    -0.56    2.43
 230086.350   457.668     3.73    3.20
 230459.734   459.621     5.23    3.45
 230833.059   461.548     5.16    2.86
 231206.325   463.443     5.08    1.90
 231579.533   464.887     3.87    2.00
 231952.683   466.525     4.39    2.01
 232325.774   467.761     3.31    1.87
 232698.807   468.580     2.19    1.91
 233071.781   468.982     1.08    2.22
 233444.698   469.281     0.80    2.49
 233817.555   469.292     0.03    2.33
 234190.355   470.046     2.02    2.45
 234563.096   470.985     2.52    2.42
 234935.780   472.185     3.22    2.00
 235308.405   473.249     2.86    1.76
 235680.971   474.577     3.56    2.00
 236053.480   475.755     3.16    2.35
 236425.931   476.915     3.11    2.26
 236798.323   478.055     3.06    2.05
 237170.658   478.988     2.50    2.11
 237542.934   479.507     1.39    2.03
 237915.152   479.654     0.40    1.74
 238287.313   479.904     0.67    1.83
 238659.416   479.748    -0.42    2.07
 239031.460   480.142     1.06    2.09
 239403.447   480.388     0.66    1.95
 239775.376   480.874     1.31    1.62
 240147.247   480.888     0.04    1.54
 240519.060   480.586    -0.81    1.37
 240890.816   480.155    -1.16    1.68
 241262.514   479.219    -2.52    2.35
 241634.154   477.456    -4.74    3.73
 242005.736   473.980    -9.35    5.29
 242377.261   469.840   -11.14    6.07
 242748.728   463.777   -16.32    6.87
 243120.138   458.306   -14.73    7.32
 243491.490   451.388   -18.62    7.16
 243862.784   445.712   -15.28    6.70
 244234.021   439.004   -18.06    6.47
 244605.200   433.772   -14.09    6.99
 244976.322   425.813   -21.44    8.62
 245347.387   419.180   -17.87    8.99
 245718.394   410.780   -22.64    9.09
 246089.344   404.415   -17.15    7.63
 246460.236   398.023   -17.23    7.00
 246831.071   392.361   -15.27    6.51
 247201.849   386.158   -16.72    7.27
 247572.569   380.141   -16.23    7.41
 247943.232   373.155   -18.84    8.12
 248313.838   367.485   -15.30    7.07
 248684.387   361.996   -14.81    5.70
 249054.879   357.527   -12.06    5.20
 249425.313   353.388   -11.17    4.90
 249795.690   349.543   -10.38    4.72
 250166.011   345.212   -11.69    5.44
 250536.274   341.318   -10.52    6.18
 250906.480   336.496   -13.02    6.74
 251276.629   331.803   -12.68    6.46
 251646.722   327.308   -12.14    5.97
 252016.757   323.113   -11.33    4.86
 252386.735   320.908    -5.96    3.62
 252756.657   319.505    -3.79    3.24
 253126.521   318.374    -3.06    3.34
 253496.329   316.668    -4.61    4.63
 253866.080   315.428    -3.35    4.14
 254235.774   314.433    -2.69    3.73
 254605.411   312.455    -5.35    4.37
 254974.992   310.874    -4.28    4.87
 255344.516   306.955   -10.60    5.90
 255713.983   302.534   -11.96    5.14
 256083.394   299.239    -8.92    4.95
 256452.748   296.050    -8.63    3.63
 256822.045   294.601    -3.92    3.34
 257191.286   293.078    -4.12    3.60
 257560.470   290.734    -6.35    3.97
 257929.598   289.402    -3.61    4.50
 258298.669   286.214    -8.64    5.10
 258667.684   282.839    -9.14    5.01
 259036.642   280.955    -5.10    4.29
 259405.544   279.374    -4.28    3.50
 259774.390   278.402    -2.64    3.40
 260143.179   277.924    -1.30    3.53
 260511.911   276.155    -4.79    3.64
 260880.588   275.149    -2.73    4.07
 261249.208   274.265    -2.40    4.04
 261617.772   274.022    -0.66    3.92
 261986.280   273.251    -2.09    4.19
 262354.731   272.290    -2.61    3.72
 262723.127   270.785    -4.08    3.58
 263091.466   270.107    -1.84    3.01
 263459.749   269.018    -2.96    2.88
 263827.976   267.966    -2.86    3.21
 264196.147   266.306    -4.51    3.41
 264564.262   264.670    -4.44    3.07
 264932.321   264.292    -1.03    2.74
 265300.324   263.473    -2.23    3.90
 265668.271   261.374    -5.70    4.40
 266036.161   260.332    -2.83    4.18
 266403.997   259.485    -2.30    3.93
 266780.589   258.319    -3.10    4.89
 267159.903   257.894    -1.12    4.97
 267539.157   256.469    -3.76    4.13
 267918.351   255.265    -3.17    3.51
 268297.485   255.251    -0.04    3.43
 268676.560   255.077    -0.46    3.40
 269055.575   253.668    -3.72    3.28
 269434.530   251.958    -4.51    3.05
 269813.426   251.121    -2.21    3.60
 270192.262   250.670    -1.19    4.20
 270571.038   249.712    -2.53    4.06
 270949.754   249.819     0.28    3.59
 271328.412   250.001     0.48    3.02
 271707.009   249.128    -2.31    2.96
 272085.547   247.881    -3.29    3.58
 272464.026   246.455    -3.77    4.04
 272842.445   245.067    -3.67    3.72
 273220.805   243.991    -2.84    3.53
