# NaN NaN NaN ;Mean Elev.(m), Avg Gradient(m/km), RMS Gradient(m/km) - SRTM1     
#   11.142 -10.841  37.694 ;Mean Elev.(m), Avg Gradient(m/km), RMS Gradient(m/km) - ASTER GDEM
#   22.000  -9.778  37.256 ;Mean Elev.(m), Avg Gradient(m/km), RMS Gradient(m/km) - GMTED2010 
  7    28.361 52469.83425352 35.98 230.061879  66.756252 18.211
  7    26.570 52469.83425417 38.65 230.058499  66.753182 18.211
  7    25.226 52469.83425481 38.87 230.055119  66.750112 18.211
  7    26.780 52469.83425545 39.34 230.051749  66.747032 18.211
  7    28.226 52469.83425610 37.94 230.048369  66.743962 18.211
 10   181.712 52574.83426592  7.82 230.062751  66.754900  8.270
 10   179.346 52574.83426656  7.93 230.059371  66.751830  8.270
 10   176.991 52574.83426721  5.20 230.055991  66.748750  8.270
 10   173.647 52574.83426785  6.08 230.052611  66.745680  8.270
 11   182.740 52609.83422559  7.67 230.062605  66.758070  6.489
 11   180.750 52609.83422624  6.25 230.059225  66.755000  6.489
 11   178.452 52609.83422688  4.90 230.055855  66.751930  6.489
 11   175.966 52609.83422753  3.51 230.052475  66.748850  6.489
 11   172.811 52609.83422817  3.81 230.049098  66.745780  6.290
 12   179.964 52644.83421760  6.17 230.066870  66.751018  6.052
 12   177.093 52644.83421824  4.16 230.063490  66.747948  6.052
 12   174.549 52644.83421888  3.40 230.060110  66.744878  6.052
 15    42.950 52749.83426704  0.15 230.045012  66.755872  2.775
 15    53.759 52749.83426897  0.20 230.034887  66.746650  3.319
 18    39.519 52854.83433398 13.86 230.067753  66.748539  3.858
 18    39.332 52854.83433463 19.29 230.064373  66.745469  3.858
 20    53.427 52924.83432145  2.47 230.043043  66.748297  3.058
 20    50.279 52924.83432210  6.54 230.039670  66.745222  7.332
 21   179.647 52959.83428784  1.94 230.075391  66.747331  8.186
 21   177.101 52959.83428848  1.34 230.072021  66.744261  8.186
 22   179.034 52994.83432074  2.92 230.064976  66.750701  5.283
 22   176.254 52994.83432138  3.38 230.061602  66.747627  5.663
 22   173.905 52994.83432203  1.70 230.058222  66.744557  5.663
 23   180.307 53029.83428338  3.31 230.054946  66.757047  5.532
 23   177.994 53029.83428402  1.88 230.051566  66.753977  5.532
 23   175.430 53029.83428467  0.29 230.048196  66.750897  5.532
 23   172.842 53029.83428531  1.04 230.044820  66.747824  5.543
 24   180.089 53064.83429148  1.69 230.069539  66.750868  5.791
 24   177.674 53064.83429213  0.96 230.066159  66.747798  5.791
 24   174.793 53064.83429277  0.85 230.062778  66.744721  5.269
 28    22.345 53204.83436222 16.37 230.054900  66.746736  7.314
 28    21.033 53204.83436287 25.94 230.051520  66.743666  7.314
 31   181.885 53309.83434380  4.63 230.064566  66.754405  8.893
 31   180.219 53309.83434444  3.52 230.061186  66.751325  8.893
 31   177.286 53309.83434509  2.97 230.057806  66.748255  8.893
 31   174.504 53309.83434573  2.02 230.054426  66.745185  8.893
 32   183.421 53344.83430926  5.27 230.063884  66.758588  6.958
 32   181.050 53344.83430991  5.92 230.060514  66.755508  6.958
 32   178.741 53344.83431055  5.09 230.057134  66.752438  6.958
 32   175.994 53344.83431120  4.73 230.053754  66.749368  6.958
 32   173.274 53344.83431184  3.77 230.050384  66.746288  6.958
 33   185.857 53379.83426005  5.97 230.080939  66.748907  5.314
 33   183.756 53379.83426069  3.35 230.077559  66.745837  5.314
 33   175.505 53379.83426134  3.15 230.074185  66.742766  5.433
 34   179.833 53414.83428756  2.49 230.065483  66.751212  5.212
 34   176.565 53414.83428821  2.87 230.062103  66.748142  5.212
 34   176.246 53414.83428885  1.16 230.058723  66.745062  5.212
 35   177.214 53449.83428043  3.04 230.079985  66.748411  6.484
 35   175.041 53449.83428108  5.17 230.076605  66.745341  6.484
 35   172.329 53449.83428172  1.78 230.073228  66.742271  4.459
 40    18.819 53624.83430876 16.91 230.070384  66.749227  4.044
 40    18.506 53624.83430941 15.63 230.067004  66.746157  4.044
 40    17.751 53624.83431005 14.17 230.063631  66.743085  8.082
 44   180.597 53764.83419851  1.50 230.075131  66.748947  4.638
 44   175.063 53764.83419980  1.06 230.068384  66.742802  4.101
 45   179.726 53799.83420394  0.92 230.056349  66.753497  4.737
 45   173.675 53799.83420523  1.15 230.049599  66.747347  4.737
 45   170.598 53799.83420587  0.26 230.046225  66.744272  3.702
 46   179.996 53834.83420467  1.23 230.075425  66.747923  4.971
 46   177.696 53834.83420532  0.12 230.072045  66.744853  4.971
 51    15.041 54009.83428768 47.16 230.077770  66.749312 17.091
 51    15.336 54009.83428833 50.05 230.074390  66.746242 17.091
 51    15.248 54009.83428897 48.88 230.071010  66.743162 17.091
 52   181.957 54044.83430651  6.75 230.070081  66.748543 10.104
 52   177.061 54044.83430716  5.81 230.066701  66.745473 10.104
 53   182.831 54079.83429833  8.27 230.061867  66.758779  8.935
 53   180.734 54079.83429897  9.35 230.058487  66.755709  8.935
 53   178.025 54079.83429961  5.45 230.055107  66.752629  8.935
 53   175.657 54079.83430026  4.73 230.051737  66.749559  8.935
 53   173.180 54079.83430090  3.80 230.048357  66.746489  8.935
 54   179.493 54114.83423413  5.81 230.050710  66.757736  8.000
 54   176.966 54114.83423478  5.33 230.047330  66.754666  8.000
 54   174.593 54114.83423542  4.30 230.043950  66.751586  8.000
 54   171.691 54114.83423607  3.45 230.040580  66.748516  8.000
 56   180.316 54184.83422476  5.05 230.053423  66.758140  6.716
 56   177.650 54184.83422540  3.31 230.050046  66.755069  5.720
 56   175.258 54184.83422604  2.91 230.046676  66.751999  5.720
 56   172.805 54184.83422669  1.72 230.043296  66.748919  5.720
 56   169.815 54184.83422733  1.25 230.039926  66.745849  5.720
 57    16.600 54219.83425615 11.92 230.066662  66.750330  5.567
 57    16.477 54219.83425680 12.61 230.063282  66.747260  5.567
 57    16.513 54219.83425744 10.99 230.059902  66.744190  5.567
 62   181.224 54394.83422010  3.22 230.067363  66.753181  5.187
 62   177.098 54394.83422139  0.41 230.060603  66.747041  5.187
 63   182.402 54429.83418369  7.40 230.060824  66.757709  6.426
 63   180.252 54429.83418434  5.00 230.057444  66.754639  6.426
 63   177.852 54429.83418498  4.11 230.054064  66.751559  6.426
 63   175.358 54429.83418563  2.59 230.050684  66.748489  6.426
 63   172.482 54429.83418627  2.29 230.047314  66.745419  6.426
 64   179.719 54464.83420029  1.88 230.068345  66.749746  6.051
 64   177.208 54464.83420093  0.91 230.064975  66.746676  6.051
 64   174.011 54464.83420158  2.18 230.061595  66.743596  6.051
 65   181.764 54499.83419511  5.15 230.062472  66.756918  6.663
 65   179.763 54499.83419575  3.31 230.059092  66.753848  6.663
 65   176.337 54499.83419640  4.07 230.055712  66.750778  6.663
 65   174.557 54499.83419704  2.89 230.052332  66.747698  6.663
 65   171.548 54499.83419769  2.46 230.048963  66.744626  5.072
 66   182.030 54534.83421408  3.51 230.066687  66.753992  5.826
 66   178.878 54534.83421473  2.36 230.063304  66.750916  5.183
 66   176.132 54534.83421537  3.08 230.059934  66.747846  5.183
 66   173.233 54534.83421602  1.78 230.056554  66.744766  5.183
 67   181.254 54569.83419793  3.76 230.057734  66.759138  6.351
 67   179.172 54569.83419857  2.10 230.054364  66.756068  6.351
 67   177.048 54569.83419922  2.40 230.050984  66.752988  6.351
 67   174.857 54569.83419986  0.69 230.047605  66.749914  4.357
 67   171.629 54569.83420051  0.44 230.044235  66.746844  4.357
 72    20.660 54744.83418817 22.97 230.066017  66.752568 11.272
 72    19.903 54744.83418881 33.22 230.062635  66.749493 11.440
 72    19.813 54744.83418946 39.52 230.059255  66.746423 11.440
 72    14.015 54744.83419010 41.83 230.055885  66.743343 11.440
 73   183.105 54779.83416138  2.86 230.064767  66.756984  7.149
 73   180.739 54779.83416203  1.98 230.061387  66.753914  7.149
 73   178.637 54779.83416267  2.02 230.058001  66.750837  5.980
 73   175.403 54779.83416332  2.89 230.054631  66.747767  5.980
 74   178.957 54814.83418190  6.58 230.066509  66.749686  5.646
 74   176.893 54814.83418255  3.75 230.063129  66.746616  5.646
 74   176.281 54814.83418319  2.73 230.059749  66.743536  5.646
 75   183.425 54849.83415975  2.82 230.062918  66.758817  5.041
 75   180.786 54849.83416039  3.80 230.059538  66.755747  5.041
 75   178.787 54849.83416104  1.22 230.056158  66.752667  5.041
 75   175.424 54849.83416168  2.79 230.052786  66.749596  4.767
 75   173.149 54849.83416232  1.27 230.049406  66.746526  4.767
 76   179.595 54884.83418544  1.97 230.064109  66.751541  4.792
 76   177.450 54884.83418609  2.04 230.060729  66.748461  4.792
 76   173.950 54884.83418673  2.41 230.057349  66.745391  4.792
 77   179.716 54919.83416192  1.82 230.050922  66.758814  4.707
 77   177.862 54919.83416256  0.08 230.047542  66.755734  4.707
 77   175.565 54919.83416321  0.05 230.044160  66.752661  4.103
 77   168.294 54919.83416450  0.32 230.037410  66.746511  4.103
 83   181.591 55129.83413137  7.57 230.065979  66.753398  7.028
 83   179.523 55129.83413202  7.00 230.062596  66.750324  7.211
 83   176.947 55129.83413266  4.33 230.059226  66.747254  7.211
 83   173.937 55129.83413331  5.66 230.055846  66.744174  7.211
 84   182.443 55164.83410322  7.61 230.062633  66.756378 10.894
 84   180.222 55164.83410387  5.47 230.059253  66.753298 10.894
 84   177.486 55164.83410451  5.40 230.055871  66.750229  6.542
 84   174.975 55164.83410516  4.00 230.052501  66.747159  6.542
 84   171.553 55164.83410580  2.55 230.049121  66.744079  6.542
 85   181.072 55199.83412301  6.97 230.067056  66.752819  6.340
 85   178.725 55199.83412365  5.05 230.063678  66.749744  7.053
 85   175.609 55199.83412430  5.52 230.060298  66.746664  7.053
 85   173.103 55199.83412494  4.81 230.056918  66.743594  7.053
 86   180.595 55234.83410861  8.25 230.057495  66.757820  7.380
 86   178.298 55234.83410925  6.58 230.054115  66.754740  7.380
 86   176.209 55234.83410990  4.48 230.050743  66.751671  6.345
 86   173.889 55234.83411054  4.03 230.047363  66.748601  6.345
 86   170.903 55234.83411119  3.21 230.043993  66.745521  6.345
 87   181.242 55269.83411740  5.89 230.065486  66.754400  8.547
 87   179.896 55269.83411804  3.91 230.062102  66.751324  5.846
 87   177.190 55269.83411869  3.93 230.058732  66.748254  5.846
 87   173.890 55269.83411933  2.35 230.055352  66.745174  5.846
 91    20.303 55409.83410324 10.88 230.067592  66.752008  8.452
 91    20.592 55409.83410389 10.21 230.064209  66.748931 15.363
 91    19.623 55409.83410453 10.54 230.060839  66.745861 15.363
