# NaN NaN NaN ;Mean Elev.(m), Avg Gradient(m/km), RMS Gradient(m/km) - SRTM1     
#   39.116  -1.241  14.141 ;Mean Elev.(m), Avg Gradient(m/km), RMS Gradient(m/km) - ASTER GDEM
#   62.836  -0.326  11.658 ;Mean Elev.(m), Avg Gradient(m/km), RMS Gradient(m/km) - GMTED2010 
  7 234.618683  64.888243   107.471   106.376  5 52473.81668444 10.009
  8 234.618879  64.887681   107.404   109.850  6 52508.81665117  9.635
  9 234.639983  64.886447   110.019   111.564  5 52543.81664337 12.738
 10 234.622539  64.887068   102.190   100.967  6 52578.81668790 19.746
 11 234.612774  64.889449    98.849    98.305  6 52613.81665379 18.026
 12 234.630327  64.887397   102.136    99.685  5 52648.81663495 16.105
 13 234.623700  64.888694    99.818    99.714  6 52683.81661343 14.551
 14 234.624858  64.888552   100.189   100.277  6 52718.81666832 11.842
 16 234.637865  64.886746   106.906   106.579  4 52788.81663972 13.860
 17 234.634877  64.887478   111.640   111.596  5 52823.81671063  8.722
 18 234.634997  64.887200   109.731   111.478  5 52858.81675706  9.183
 19 234.620743  64.889169    48.696    48.231  6 52893.81678852 49.932
 20 234.606450  64.888381    88.983    87.568  5 52928.81673946 20.496
 21 234.640211  64.887123   102.947   100.389  5 52963.81672120 13.547
 22 234.618613  64.889177   103.103   103.286  6 52998.81675859 12.186
 23 234.609440  64.888936   101.258    98.461  6 53033.81671174 12.574
 24 234.626531  64.886641   101.999   100.890  6 53068.81672677 12.417
 25 234.605261  64.888918    98.432    98.514  5 53103.81671382  9.830
 26 234.632349  64.887322   110.222   111.460  6 53138.81673094 11.518
 27 234.626619  64.888968    91.854    91.563  4 53173.81677120 21.424
 28 234.620104  64.888611   108.321   107.451  6 53208.81678792  8.870
 29 234.620309  64.888747   107.555   107.635  6 53243.81675557 10.447
 30 234.636711  64.887119   111.076   111.481  5 53278.81673340 13.335
 31 234.625753  64.888786   100.101    99.940  6 53313.81675957 17.061
 32 234.623256  64.889202    99.881    99.603  6 53348.81672530 16.047
 33 234.637140  64.888268   101.426   100.549  6 53383.81669682 12.426
 34 234.631072  64.888031   101.278   100.268  6 53418.81670507 11.581
 35 234.641786  64.886440   101.938   101.034  6 53453.81671003  9.935
 36 234.619236  64.889229   108.137   108.483  6 53488.81679528  9.887
 37 234.626586  64.887743   111.069   111.155  6 53523.81678293 10.078
 38 234.613478  64.888122    51.242    49.647  6 53558.81680974 37.997
 39 234.621147  64.889036    90.819    90.503  4 53593.81674692 18.799
 40 234.634514  64.887166   110.032   111.220  6 53628.81673880  9.420
 41 234.623565  64.888659   102.230   102.903  6 53663.81676326 21.404
 42 234.618972  64.888470    99.598    99.690  5 53698.81672329 14.797
 43 234.613423  64.888080    98.508    98.050  5 53733.81664586 12.115
 44 234.634596  64.888475   101.190   101.094  6 53768.81662722 11.998
 45 234.617694  64.887981    99.286    98.993  6 53803.81662446 11.396
 46 234.633856  64.886066   100.929   101.019  6 53838.81664216  9.609
 47 234.626917  64.886705   111.475   111.505  6 53873.81668984 12.877
 48 234.622841  64.887757   110.365   110.434  5 53908.81673338  8.581
 49 234.609332  64.884474    69.147    69.599  4 53943.81675793 21.740
 50 234.611507  64.888825   104.885   104.978  6 53978.81670737 12.841
 51 234.640129  64.886632   110.190   111.334  6 54013.81671905  9.006
 52 234.631429  64.887201   100.771   100.367  6 54048.81672611 18.718
 54 234.606218  64.888405    97.919    97.675  6 54118.81664828 16.370
 55 234.623616  64.889171    99.877    99.551  6 54153.81667341 13.980
 56 234.610607  64.888423    98.279    97.676  5 54188.81664327 12.782
 57 234.631119  64.892066   112.943   113.444  4 54223.81668286 11.810
 58 234.624832  64.888943   111.336   111.262  6 54258.81670488 15.716
 59 234.624021  64.886657    85.515    72.144  3 54293.81670854 21.405
 60 234.621287  64.888689   105.986   108.733  6 54328.81670273 12.085
 61 234.609580  64.888772    84.370    76.719  5 54363.81665014 19.491
 62 234.628242  64.888800   100.456   100.483  6 54398.81664292 14.300
 63 234.613867  64.887821    99.056    98.764  6 54433.81660137 11.883
 64 234.633537  64.888006   104.472   104.816  6 54468.81662565 11.531
 65 234.616195  64.888971   104.611   105.520  6 54503.81661642 12.701
 66 234.625031  64.889052   101.894   100.416  6 54538.81664107 11.726
 67 234.613883  64.888594   101.479    98.966  5 54573.81661708  9.883
 68 234.623792  64.887694    87.999    77.159  5 54608.81663409 20.024
 69 234.620143  64.886941    85.623    80.942  5 54643.81664263 19.639
 70 234.621399  64.887243    60.791    51.014  6 54678.81664410 44.317
 71 234.610812  64.886924    69.531    69.626  4 54713.81659672 21.923
 72 234.627462  64.888099   104.986   107.281  6 54748.81661348 16.906
 73 234.618859  64.888201    99.679    99.210  5 54783.81658403 14.274
 74 234.627987  64.887102   100.778   100.832  6 54818.81660599 13.701
 75 234.617805  64.887533    99.458    99.515  6 54853.81658097 11.965
 76 234.621260  64.887717   100.614   100.028  6 54888.81661097 10.765
 77 234.607942  64.889599    99.188    98.895  6 54923.81658063  9.416
 78 234.626329  64.886651   111.556   111.728  6 54958.81660792 11.713
 79 234.620467  64.887986   111.078   110.834  6 54993.81663027 11.945
 80 234.621365  64.888701   110.905   110.788  6 55028.81662031 11.800
 81 234.622646  64.889197   108.045   107.689  6 55063.81661179 11.788
 82 234.606189  64.888120   102.524   101.384  6 55098.81655803  9.259
 83 234.625926  64.886639   108.571   109.925  6 55133.81655660 16.238
 84 234.618133  64.889150   101.177    99.328  6 55168.81652093 14.655
 85 234.626409  64.887379   101.686    99.899  6 55203.81654905 14.777
 86 234.612800  64.888059    98.230    98.218  5 55238.81652864 14.739
 87 234.620541  64.888267   100.996    98.452  5 55273.81654295 13.375
 88 234.612275  64.888886   106.036   103.387  5 55308.81651123 16.542
 89 234.625487  64.888923   111.389   111.416  6 55343.81651098 14.275
 90 234.618720  64.888839   109.053   109.986  6 55378.81650599 10.451
 91 234.629049  64.887499   111.054   111.114  5 55413.81653069  9.808
 92 234.619235  64.887860    78.591    80.765  5 55448.81651927 21.760
 93 234.607928  64.888444   107.385   108.471  6 55483.81644671 12.789
