# NaN NaN NaN ;Mean Elev.(m), Avg Gradient(m/km), RMS Gradient(m/km) - SRTM1     
#  104.470  -9.728  12.749 ;Mean Elev.(m), Avg Gradient(m/km), RMS Gradient(m/km) - ASTER GDEM
#  117.202  -9.569  11.701 ;Mean Elev.(m), Avg Gradient(m/km), RMS Gradient(m/km) - GMTED2010 
  7   112.012 52445.80328215 33.43 237.287325  62.162517 11.121
  7   111.358 52445.80328280 35.60 237.284845  62.159367 11.121
  7   112.178 52445.80328344 37.75 237.282360  62.156220 12.201
  7   112.541 52445.80328409 37.38 237.279880  62.153080 12.201
  8   129.775 52480.80327417 15.52 237.287803  62.160472  3.202
  8   130.518 52480.80327482 17.52 237.285323  62.157322  3.202
  8   130.824 52480.80327546 18.49 237.282844  62.154173  9.242
 15   108.383 52725.80325457 13.75 237.296066  62.159360  6.514
 15   108.176 52725.80325521 14.39 237.293586  62.156210  6.514
 15   107.886 52725.80325586 14.97 237.291106  62.153070  6.514
 19   108.777 52865.80333991 47.58 237.304757  62.156389 15.664
 19   110.169 52865.80334056 41.83 237.302277  62.153239 15.664
 23   109.583 53005.80334639 17.42 237.289729  62.164227  6.309
 23   109.032 53005.80334703 19.20 237.287249  62.161081  4.558
 24   108.709 53040.80329817 16.09 237.301947  62.157116  7.984
 24   108.203 53040.80329882 16.37 237.299467  62.153976  7.984
 26   145.409 53110.80330087  0.99 237.297913  62.157817  5.553
 26   144.408 53110.80330152  0.31 237.295433  62.154667  5.553
 27   204.579 53145.80334268  1.30 237.295332  62.160822  1.558
 27   210.538 53145.80334333  0.13 237.292852  62.157682  1.558
 29   109.393 53215.80337434 26.76 237.293873  62.162273  3.376
 29   107.167 53215.80337499 32.42 237.291385  62.159127 16.271
 29   109.054 53215.80337563 27.93 237.288905  62.155977 16.271
 29   111.030 53215.80337628 28.26 237.286435  62.152837 16.271
 30   107.106 53250.80335112 10.96 237.284299  62.164555 10.098
 30   108.859 53250.80335176 18.43 237.281819  62.161415 10.098
 30   107.794 53250.80335241 21.70 237.279339  62.158265 10.098
 30   108.739 53250.80335305 20.93 237.276859  62.155115 10.098
 30   107.094 53250.80335369 22.69 237.274379  62.151975 10.098
 31   146.757 53285.80334480  3.07 237.299048  62.160143  7.851
 31   144.918 53285.80334545  3.58 237.296568  62.156993  7.851
 31   150.474 53285.80334609  1.07 237.294088  62.153853  7.851
 32   108.331 53320.80332339 36.77 237.304288  62.159241 11.026
 32   108.809 53320.80332403 37.96 237.301808  62.156101 11.026
 32   109.184 53320.80332468 33.03 237.299328  62.152951 11.026
 34   146.360 53390.80330345  4.62 237.303496  62.159656  4.377
 34   145.274 53390.80330409  2.85 237.301016  62.156506  4.377
 37   201.029 53495.80339020  4.66 237.291479  62.162943  2.354
 37   199.397 53495.80339084  4.01 237.289001  62.159796  8.453
 37   195.128 53495.80339149  3.49 237.286521  62.156656  8.453
 37   212.320 53495.80339213  2.56 237.284041  62.153506  8.453
 39   110.761 53565.80339433 10.89 237.285740  62.163563  6.082
 39   112.474 53565.80339498 11.84 237.283261  62.160415  4.963
 39   110.907 53565.80339562 13.14 237.280781  62.157275  4.963
 39   111.465 53565.80339627 15.07 237.278301  62.154125  4.963
 41   109.368 53635.80333488 20.47 237.299154  62.159161  5.478
 41   109.091 53635.80333553 20.01 237.296664  62.156011  5.478
 43   146.158 53705.80328916  2.12 237.294607  62.160747  4.076
 43   145.305 53705.80328980  0.67 237.292123  62.157597  5.981
 44   109.774 53740.80320305 19.57 237.278189  62.157526  5.757
 44   109.354 53740.80320369 23.08 237.275709  62.154376  5.757
 44   109.340 53740.80320434 22.79 237.273229  62.151226  5.757
 45   146.484 53775.80322386  2.96 237.302753  62.159590  4.478
 45   108.839 53775.80322515 14.87 237.297793  62.153300  4.478
 46   144.747 53810.80320540  0.97 237.281996  62.158165  4.179
 46   108.801 53810.80320605 13.89 237.279515  62.155011  4.809
 46   108.598 53810.80320669 15.88 237.277045  62.151871  4.809
 48   208.265 53880.80327676  0.87 237.301322  62.157832  2.992
 48   213.151 53880.80327740  1.38 237.298842  62.154692  2.992
 50   110.714 53950.80334371  9.44 237.280565  62.157857  3.436
 50   109.859 53950.80334435 19.19 237.278087  62.154707  7.619
 50   110.847 53950.80334500 23.54 237.275607  62.151567  7.619
 55   145.797 54125.80322613  1.45 237.305145  62.156999  3.467
 55   144.385 54125.80322678  0.80 237.302661  62.153855  6.117
 57   107.256 54195.80322824  9.73 237.301643  62.156786  3.209
 57   107.105 54195.80322889 13.80 237.299153  62.153646  3.209
 58   198.031 54230.80327650  2.15 237.297292  62.160505  2.536
 58   207.438 54230.80327715  1.04 237.294812  62.157355  2.536
 58   212.572 54230.80327779  0.71 237.292332  62.154215  2.536
 60   110.619 54300.80329901 46.39 237.295145  62.159427 14.531
 60   111.327 54300.80329965 42.14 237.292665  62.156277 14.531
 60   111.600 54300.80330030 43.67 237.290185  62.153137 14.531
 61   112.039 54335.80328674 39.61 237.292871  62.163532 14.587
 61   108.116 54335.80328739 48.08 237.290391  62.160392 14.587
 61   111.270 54335.80328803 39.90 237.287911  62.157242 14.587
 61   110.908 54335.80328868 42.30 237.285431  62.154102 14.587
 63   145.460 54405.80323184  9.61 237.291749  62.161060  4.782
 63   145.672 54405.80323249  6.21 237.289269  62.157920  4.782
 63   128.135 54405.80323313 17.42 237.286789  62.154770  4.782
 71   109.685 54685.80322818 10.86 237.290459  62.162047  5.952
 71   110.498 54685.80322883 14.34 237.287979  62.158907  5.952
 73   110.603 54755.80320291 12.66 237.295054  62.161279  5.426
 73   110.084 54755.80320356 14.45 237.292574  62.158129  5.426
 73   111.375 54755.80320420 14.71 237.290094  62.154989  5.426
 75   145.958 54825.80319954  1.53 237.298021  62.159381  5.093
 75   144.574 54825.80320018  1.69 237.295541  62.156231  5.093
 75   142.865 54825.80320082  2.92 237.293051  62.153091  5.093
 79   198.309 54965.80320049  1.35 237.295379  62.161185  1.620
 79   195.515 54965.80320113  0.26 237.292899  62.158035  1.620
 82   109.492 55070.80319553 49.92 237.289020  62.161789 17.996
 82   109.843 55070.80319618 45.68 237.286540  62.158639 17.996
 85   110.061 55175.80310682 21.45 237.306717  62.157951 12.949
 85   110.845 55175.80310747 20.94 237.304237  62.154801 12.949
 86   109.328 55210.80313979 18.83 237.295654  62.160089  9.466
 86   109.611 55210.80314044 19.10 237.293174  62.156939  9.466
 86   109.385 55210.80314108 19.63 237.290694  62.153799  9.466
 87   109.942 55245.80311228 16.96 237.300674  62.158738 10.687
 87   109.724 55245.80311292 18.00 237.298194  62.155598 10.687
 87   109.569 55245.80311357 19.08 237.295714  62.152448 10.687
 89   199.819 55315.80309947  2.02 237.295881  62.161883  3.886
 89   206.293 55315.80310012  0.92 237.293401  62.158733  3.886
 89   211.944 55315.80310076  0.46 237.290921  62.155583  3.886
