# NaN NaN NaN ;Mean Elev.(m), Avg Gradient(m/km), RMS Gradient(m/km) - SRTM1     
#   20.000 -17.442  72.902 ;Mean Elev.(m), Avg Gradient(m/km), RMS Gradient(m/km) - ASTER GDEM
#   52.121 -10.321  68.200 ;Mean Elev.(m), Avg Gradient(m/km), RMS Gradient(m/km) - GMTED2010 
  8    40.344 52495.82255569 14.82 232.869270  65.302988 15.998
  8    40.844 52495.82255633 15.74 232.866230  65.299878 15.998
  8    40.332 52495.82255698 16.78 232.863190  65.296778 15.998
  8    41.606 52495.82255762 17.40 232.860150  65.293678 15.998
  9    46.091 52530.82254111 17.65 232.882521  65.301003 16.049
  9    48.134 52530.82254175 17.12 232.879481  65.297903 16.049
  9    47.088 52530.82254240 17.16 232.876441  65.294803 16.049
  9    48.360 52530.82254304 20.27 232.873401  65.291693 16.049
 10    39.825 52565.82256135 19.78 232.881048  65.299873 10.247
 10    39.385 52565.82256200 22.33 232.878008  65.296773 10.247
 10    39.002 52565.82256264 23.65 232.874968  65.293663 10.247
 12    40.309 52635.82254118 18.11 232.874604  65.300530  3.057
 12    40.390 52635.82254182 17.77 232.871564  65.297430  3.057
 12    40.473 52635.82254247 17.51 232.868524  65.294330  3.057
 13    39.634 52670.82254790 15.15 232.867024  65.304332  3.098
 13    40.652 52670.82254855 14.95 232.863978  65.301234  3.208
 13    40.981 52670.82254919 14.80 232.860948  65.298134  3.208
 13    41.004 52670.82254984 15.02 232.857908  65.295034  3.208
 14    39.706 52705.82254285 10.02 232.873929  65.296240  2.264
 14    40.145 52705.82254349  9.81 232.870889  65.293140  2.264
 15    55.009 52740.82257586  9.41 232.863045  65.303734  2.184
 15    38.868 52740.82257651  9.79 232.860005  65.300634  2.184
 15    39.890 52740.82257715  8.67 232.856965  65.297534  2.184
 17    43.924 52810.82259691 39.91 232.878203  65.302522 16.031
 17    42.641 52810.82259756 42.89 232.875153  65.299422 16.031
 17    42.958 52810.82259820 39.61 232.872113  65.296322 16.031
 17    43.468 52810.82259884 41.07 232.869073  65.293222 16.031
 18    42.402 52845.82265387 34.83 232.873285  65.295946 13.224
 18    43.485 52845.82265451 36.69 232.870245  65.292846 13.224
 19    48.655 52880.82268998 36.51 232.869148  65.303365 18.858
 19    47.510 52880.82269063 37.80 232.866108  65.300265 18.858
 19    48.050 52880.82269127 35.86 232.863068  65.297165 18.858
 19    47.998 52880.82269192 38.35 232.860038  65.294065 18.858
 20    44.122 52915.82264757 40.87 232.863592  65.303268 18.545
 20    40.831 52915.82264821 38.43 232.860552  65.300168 18.545
 20    42.845 52915.82264886 40.20 232.857512  65.297068 18.545
 23    54.973 53020.82261902 12.19 232.865681  65.303103  2.847
 23    39.722 53020.82261966 11.84 232.862643  65.300002  2.366
 24    59.872 53055.82260766  9.69 232.879013  65.299123  2.580
 24    41.909 53055.82260831  9.35 232.875973  65.296023  2.580
 24    40.280 53055.82260895  9.54 232.872933  65.292923  2.580
 25    73.807 53090.82264440  8.03 232.855472  65.308220  2.162
 25    71.925 53090.82264505  7.89 232.852435  65.305120  2.025
 25    69.825 53090.82264569  8.19 232.849395  65.302020  2.025
 25    67.256 53090.82264634  7.97 232.846355  65.298920  2.025
 25    64.746 53090.82264698  7.42 232.843325  65.295820  2.025
 29    44.355 53230.82265944 26.51 232.871005  65.301685 11.582
 29    48.534 53230.82266009 24.03 232.867972  65.298585 13.245
 29    47.547 53230.82266073 24.89 232.864932  65.295485 13.245
 30    40.338 53265.82262901 16.43 232.856234  65.307960 12.656
 30    40.864 53265.82262965 17.12 232.853194  65.304860 12.656
 30    40.373 53265.82263029 17.45 232.850156  65.301765  7.347
 30    40.595 53265.82263094 19.82 232.847116  65.298655  7.347
 30    41.073 53265.82263158 21.05 232.844076  65.295555  7.347
 32    41.024 53335.82264973 20.17 232.865970  65.301599  3.752
 32    40.602 53335.82265038 20.99 232.862930  65.298499  3.752
 33    39.823 53370.82258706 12.51 232.859265  65.305829  2.833
 33    39.951 53370.82258835 12.10 232.853189  65.299626  2.148
 33    40.247 53370.82258899 11.61 232.850159  65.296526  2.148
 34    55.233 53405.82262200 10.32 232.875617  65.301223  1.948
 34    69.359 53405.82262265 10.11 232.872577  65.298123  1.948
 34    39.800 53405.82262329 10.39 232.869537  65.295023  1.948
 35    75.052 53440.82260822  3.49 232.859953  65.306478  2.387
 35    71.467 53440.82260886  5.53 232.856909  65.303376  2.153
 35    52.954 53440.82260951  9.07 232.853879  65.300276  2.153
 35    39.297 53440.82261015  9.75 232.850839  65.297176  2.153
 36    57.327 53475.82267444  8.82 232.869393  65.301469  3.441
 36    40.904 53475.82267508  8.94 232.866353  65.298369  3.441
 36    39.593 53475.82267572  8.96 232.863313  65.295269  3.441
 37    54.395 53510.82268895 19.46 232.869717  65.302331  3.957
 37    53.251 53510.82268960 29.03 232.866678  65.299231 18.842
 37    47.491 53510.82269024 39.09 232.863638  65.296131 18.842
 39    47.608 53580.82268033 18.91 232.864282  65.304715  6.468
 39    40.890 53580.82268098 19.49 232.861247  65.301615  5.721
 39    41.463 53580.82268162 18.89 232.858207  65.298515  5.721
 40    62.560 53615.82263514 16.15 232.855145  65.305537 20.667
 40    41.841 53615.82263579 31.96 232.852105  65.302434 12.083
 40    42.107 53615.82263643 37.24 232.849065  65.299334 12.083
 40    40.991 53615.82263708 43.27 232.846035  65.296234 12.083
 41    46.323 53650.82264803 16.92 232.874954  65.300721 11.289
 41    46.465 53650.82264867 17.88 232.871904  65.297621 11.289
 41    46.337 53650.82264932 18.79 232.868874  65.294521 11.289
 42    41.590 53685.82265616 20.88 232.863399  65.303105  5.440
 42    41.546 53685.82265680 21.93 232.860359  65.299995  5.440
 43    39.693 53720.82258176 15.29 232.862502  65.305942  3.322
 43    40.207 53720.82258241 15.81 232.859459  65.302840  3.112
 43    41.002 53720.82258305 15.10 232.856429  65.299740  3.112
 43    40.977 53720.82258370 15.31 232.853389  65.296640  3.112
 44    40.106 53755.82250966 13.55 232.883368  65.298211  4.047
 44    40.210 53755.82251095 13.87 232.877283  65.292007  2.499
 45    40.082 53790.82253727 12.97 232.870167  65.302529  2.310
 45    39.866 53790.82253792 12.90 232.867127  65.299429  2.310
 45    39.756 53790.82253856 12.88 232.864087  65.296329  2.310
 45    40.609 53790.82253921 11.86 232.861047  65.293229  2.310
 46    70.310 53825.82249620  8.42 232.886921  65.298811  2.444
 46    56.120 53825.82249685  9.04 232.883877  65.295708  2.243
 46    55.803 53825.82249749  9.08 232.880837  65.292608  2.243
 48    44.360 53895.82260695 31.72 232.875415  65.302535  6.222
 48    43.639 53895.82260760 40.99 232.872375  65.299435  6.222
 48    40.560 53895.82260824 42.76 232.869335  65.296335  6.222
 49    49.347 53930.82265864 13.29 232.861612  65.306161  5.896
 49    49.297 53930.82265928 13.44 232.858572  65.303061  5.896
 49    41.073 53930.82265993 15.66 232.855532  65.299961  5.896
 49    41.270 53930.82266057 17.11 232.852490  65.296860  9.050
 50    42.479 53965.82263568 43.86 232.861278  65.306913 13.673
 50    42.258 53965.82263632 42.93 232.858238  65.303813 13.673
 50    42.930 53965.82263697 42.13 232.855198  65.300713 13.673
 50    40.167 53965.82263761 47.11 232.852157  65.297612 13.971
 51    57.652 54000.82259560 15.64 232.886958  65.298135 10.832
 51    40.341 54000.82259624 18.05 232.883918  65.295033  6.984
 51    40.243 54000.82259689 16.58 232.880878  65.291933  6.984
 53    39.303 54070.82263186 17.62 232.868575  65.301751  4.048
 53    39.743 54070.82263250 17.60 232.865539  65.298644  4.666
 53    39.646 54070.82263314 17.77 232.862499  65.295544  4.666
 54    71.750 54105.82258396 13.69 232.857646  65.307423  3.646
 54    38.482 54105.82258460 14.60 232.854606  65.304323  3.646
 54    39.369 54105.82258589 13.45 232.848529  65.298127  2.677
 56    55.752 54175.82256526 10.93 232.861044  65.303478  3.033
 56    38.511 54175.82256590 10.88 232.858004  65.300378  3.033
 56    38.457 54175.82256655 10.32 232.854964  65.297278  3.033
 57    38.681 54210.82257082  6.98 232.874029  65.302816  3.162
 57    39.188 54210.82257146  7.51 232.870989  65.299716  3.162
 58    64.925 54245.82260083 12.75 232.871327  65.302815 13.060
 58    61.183 54245.82260148 11.48 232.868287  65.299715 13.060
 58    49.883 54245.82260212 12.35 232.865247  65.296615 13.060
 58    51.220 54245.82260277 13.27 232.862207  65.293515 13.060
 59    42.311 54280.82261189 41.61 232.869990  65.302354 18.064
 59    42.032 54280.82261254 42.36 232.866950  65.299254 18.064
 59    42.786 54280.82261318 39.58 232.863910  65.296154 18.064
 60    41.534 54315.82261095 13.25 232.867870  65.302546  7.274
 60    41.662 54315.82261160 13.69 232.864830  65.299446  7.274
 62    43.115 54385.82254984 16.37 232.873525  65.301713  9.447
 62    41.044 54385.82255048 16.80 232.870485  65.298613  9.447
 62    39.467 54385.82255113 18.09 232.867445  65.295513  9.447
 64    40.683 54455.82252201 15.91 232.881437  65.301478  6.655
 64    42.252 54455.82252266 17.50 232.878387  65.298378  6.655
 64    41.980 54455.82252330 19.22 232.875347  65.295278  6.655
 65    55.663 54490.82252946 11.56 232.865582  65.303198  3.184
 65    40.448 54490.82253010 11.52 232.862552  65.300098  3.184
 65    41.251 54490.82253075 11.22 232.859512  65.296998  3.184
 65    41.714 54490.82253139 11.16 232.856472  65.293898  3.184
 66    56.632 54525.82253537  8.93 232.874040  65.300000  3.487
 66    55.021 54525.82253602  8.60 232.871000  65.296890  3.487
 66    41.625 54525.82253666  8.61 232.867960  65.293790  3.487
 67   107.505 54560.82253760  3.65 232.863614  65.305825  4.001
 67    60.630 54560.82253953  8.43 232.854504  65.296525  4.001
 69    61.884 54630.82254470  9.59 232.868705  65.303017  3.214
 69    60.697 54630.82254534  9.41 232.865665  65.299917  3.214
 69    59.458 54630.82254599 10.24 232.862625  65.296817  3.214
 71    50.272 54700.82252021 16.39 232.862116  65.304410  7.797
 71    42.149 54700.82252086 15.43 232.859076  65.301310  7.797
 71    43.530 54700.82252150 14.49 232.856036  65.298210  7.797
 71    43.567 54700.82252215 17.74 232.852996  65.295110  7.797
 72    49.697 54735.82251048 35.89 232.877432  65.301424 17.577
 72    42.222 54735.82251113 36.87 232.874392  65.298324 17.577
 72    46.436 54735.82251177 26.53 232.871352  65.295214 17.577
 72    48.789 54735.82251241 29.73 232.868312  65.292114 17.577
 74    41.211 54805.82250466 18.44 232.874210  65.300028  4.483
 74    41.184 54805.82250530 18.11 232.871170  65.296918  4.483
 75    40.749 54840.82249640 14.25 232.867984  65.302116  2.969
 75    40.249 54840.82249705 13.94 232.864944  65.299016  2.969
 75    40.910 54840.82249769 13.94 232.861904  65.295916  2.969
 76    56.580 54875.82250552  9.85 232.871123  65.301422  2.488
 76    40.226 54875.82250616 10.11 232.868083  65.298312  2.488
 76    54.492 54875.82250681  9.68 232.865043  65.295212  2.488
 77    56.470 54910.82250176  9.52 232.859441  65.305105  2.304
 77    54.149 54910.82250240  9.09 232.856411  65.302005  2.304
 77    39.885 54910.82250305  9.16 232.853371  65.298905  2.304
 77    40.692 54910.82250369  8.63 232.850331  65.295805  2.304
 78    39.822 54945.82249795  8.30 232.872670  65.301350  2.526
 78    40.248 54945.82249859  8.32 232.869630  65.298250  2.526
 78    40.191 54945.82249923  8.09 232.866590  65.295150  2.526
 79    49.932 54980.82252430 21.86 232.866921  65.302134 15.854
 79    50.588 54980.82252495 18.93 232.863881  65.299034 15.854
 79    48.315 54980.82252559 17.03 232.860841  65.295934 15.854
 80    62.587 55015.82252612 10.35 232.868777  65.302637  6.225
 80    44.075 55015.82252676 12.78 232.865737  65.299537  6.225
 80    44.614 55015.82252741 14.14 232.862697  65.296437  6.225
 80    45.012 55015.82252805 18.83 232.859667  65.293327  6.225
 81    42.955 55050.82252063 31.06 232.868049  65.301494 11.893
 81    42.126 55050.82252127 29.53 232.865009  65.298394 11.893
 81    42.267 55050.82252192 25.71 232.861969  65.295294 11.893
 82    42.476 55085.82248575 38.12 232.860000  65.306663 15.958
 82    40.974 55085.82248640 37.33 232.856960  65.303563 15.958
 82    43.322 55085.82248704 35.36 232.853920  65.300453 15.958
 82    41.159 55085.82248769 38.67 232.850880  65.297353 15.958
 83    36.493 55120.82245489 23.18 232.873404  65.297647  7.535
 83    37.934 55120.82245554 22.08 232.870364  65.294547  7.535
 85    40.839 55190.82244330 13.81 232.876987  65.301990  2.531
 85    39.926 55190.82244394 14.20 232.873947  65.298890  2.531
 85    39.803 55190.82244459 14.07 232.870907  65.295790  2.531
 86    71.914 55225.82244633 10.38 232.865632  65.304926  2.854
 86    55.969 55225.82244697 11.20 232.862592  65.301826  2.854
 86    55.301 55225.82244762 11.17 232.859562  65.298716  2.854
 86    55.468 55225.82244826 10.49 232.856522  65.295616  2.854
 87    71.158 55260.82243958 10.32 232.869510  65.300714  2.953
 87    60.457 55260.82244023 10.20 232.866470  65.297614  2.953
 87    58.094 55260.82244087  9.58 232.863430  65.294504  2.953
 88    71.102 55295.82243207  9.04 232.860211  65.303211  3.609
 88    54.859 55295.82243272  9.20 232.857171  65.300101  3.609
 88    67.303 55295.82243336  8.28 232.854131  65.297001  3.609
 91    41.392 55400.82242556 35.56 232.877569  65.302498 19.573
 91    40.758 55400.82242621 40.62 232.874529  65.299398 19.573
 92    42.787 55435.82243019 32.95 232.868911  65.303537  6.272
 92    39.788 55435.82243083 33.74 232.865871  65.300437  6.272
 92    39.953 55435.82243147 25.76 232.862841  65.297337  6.272
 93    37.962 55470.82238268 42.71 232.859239  65.305947  5.301
 93    41.365 55470.82238332 32.30 232.856199  65.302847  5.301
