# NaN NaN NaN ;Mean Elev.(m), Avg Gradient(m/km), RMS Gradient(m/km) - SRTM1     
#    8.082 -16.671  42.617 ;Mean Elev.(m), Avg Gradient(m/km), RMS Gradient(m/km) - ASTER GDEM
#   19.093 -16.451  42.340 ;Mean Elev.(m), Avg Gradient(m/km), RMS Gradient(m/km) - GMTED2010 
  6    71.135 52418.83614522 10.28 229.777380  67.137918  5.704
  6    70.788 52418.83614587 10.68 229.773900  67.134858  5.704
  6    70.255 52418.83614651 11.68 229.770420  67.131788  5.704
  6    23.807 52418.83615167  3.74 229.742620  67.107268  5.704
  6    24.488 52418.83615231  2.41 229.739152  67.104204 10.030
  6    24.185 52418.83615296  5.93 229.735682  67.101134 10.030
  6    30.418 52418.83615360  7.20 229.732212  67.098074 10.030
  7    21.577 52453.83616966 14.73 229.778206  67.145523 21.868
  7    22.320 52453.83617030 14.71 229.774726  67.142463 21.868
  7    22.177 52453.83617095 13.74 229.771246  67.139393 21.868
  7    20.913 52453.83617159 12.87 229.767766  67.136333 21.868
  7    22.273 52453.83617224 13.52 229.764296  67.133263 21.868
  7    21.797 52453.83617288 13.10 229.760809  67.130197 11.706
  7    22.310 52453.83617353 11.60 229.757339  67.127137 11.706
  7    21.532 52453.83617417 11.70 229.753859  67.124067 11.706
  7    60.540 52453.83617482 12.07 229.750389  67.121007 11.706
  7    58.586 52453.83617546 12.29 229.746909  67.117937 11.706
  7    67.912 52453.83617610 11.27 229.743439  67.114877 11.706
  7    62.473 52453.83617675 11.02 229.739969  67.111807 11.706
  7    72.965 52453.83617739 10.88 229.736499  67.108737 11.706
  7    20.154 52453.83617804 10.85 229.733029  67.105677 11.706
  7    77.995 52453.83617868  9.91 229.729549  67.102607 11.706
  9    16.628 52523.83612255 12.49 229.775650  67.148678  7.794
  9    16.888 52523.83612319 12.80 229.772170  67.145618  7.794
  9    16.735 52523.83612384 12.03 229.768690  67.142548  7.794
  9    17.328 52523.83612448 11.84 229.765210  67.139488  7.794
  9    17.274 52523.83612513 11.67 229.761730  67.136418  7.794
  9    18.057 52523.83612577 10.75 229.758250  67.133358  7.794
  9    18.109 52523.83612642 12.12 229.754780  67.130288  7.794
  9    17.885 52523.83612706 14.41 229.751300  67.127218  7.794
  9    17.879 52523.83612771 15.50 229.747830  67.124158  7.794
  9    17.789 52523.83612835 19.03 229.744360  67.121088  7.794
  9    16.257 52523.83612900 25.67 229.740880  67.118028  7.794
  9    17.446 52523.83612964 16.58 229.737410  67.114958  7.794
  9    15.606 52523.83613029 13.54 229.733940  67.111888  7.794
  9    15.751 52523.83613093 13.64 229.730470  67.108828  7.794
 10    67.849 52558.83617381 12.91 229.781490  67.140322  6.357
 10    67.972 52558.83617446 17.70 229.778010  67.137262  6.357
 10    68.359 52558.83617575 15.55 229.771050  67.131132  6.357
 10    68.147 52558.83617639 14.66 229.767570  67.128062  6.357
 10    68.747 52558.83617704 13.12 229.764090  67.125002  6.357
 10    66.434 52558.83617768 13.57 229.760620  67.121932  6.357
 10    66.212 52558.83617833 13.32 229.757140  67.118872  6.357
 10    67.860 52558.83617897 11.81 229.753670  67.115802  6.357
 10    64.487 52558.83617962 12.71 229.750190  67.112742  6.357
 10    63.948 52558.83618026 12.25 229.746720  67.109672  6.357
 10    70.550 52558.83618091 11.00 229.743250  67.106612  6.357
 10    70.188 52558.83618155 10.89 229.739780  67.103542  6.357
 10    74.239 52558.83618220 10.72 229.736310  67.100472  6.357
 10    76.702 52558.83618284 11.03 229.732840  67.097412  6.357
 10    78.557 52558.83618348 11.24 229.729370  67.094342  6.357
 10    79.545 52558.83618413 11.43 229.725900  67.091282  6.357
 11    67.881 52593.83617681 14.63 229.764571  67.135430 11.253
 11    15.484 52593.83617875 40.11 229.754141  67.126230 11.253
 11    15.524 52593.83617939 33.04 229.750661  67.123170 11.253
 11    17.033 52593.83618004 25.42 229.747191  67.120100 11.253
 11    17.545 52593.83618068 26.91 229.743711  67.117040 11.253
 11    18.386 52593.83618133 25.82 229.740241  67.113970 11.253
 11    18.841 52593.83618197 29.55 229.736771  67.110910 11.253
 11    17.185 52593.83618262 26.58 229.733301  67.107840 11.253
 11    18.725 52593.83618326 23.71 229.729831  67.104770 11.253
 12    65.562 52628.83610442 20.17 229.778939  67.124556  8.418
 12    17.040 52628.83610507 22.92 229.775469  67.121486  8.418
 12    17.171 52628.83610571 22.40 229.771989  67.118426  8.418
 12    17.983 52628.83610636 19.69 229.768519  67.115356  8.418
 12    18.739 52628.83610700 19.86 229.765039  67.112296  8.418
 12    18.469 52628.83610765 19.85 229.761569  67.109226  8.418
 12    19.258 52628.83610829 21.08 229.758089  67.106166  8.418
 12    15.505 52628.83610894 24.72 229.754619  67.103096  8.418
 12    17.712 52628.83610958 20.68 229.751149  67.100036  8.418
 12    17.920 52628.83611023 20.82 229.747679  67.096966  8.418
 12    17.399 52628.83611087 20.85 229.744209  67.093906  8.418
 12    17.082 52628.83611152 21.55 229.740739  67.090836  8.418
 12    17.571 52628.83611216 21.59 229.737270  67.087771  8.929
 12    17.262 52628.83611281 20.10 229.733810  67.084701  8.929
 12    17.493 52628.83611345 20.16 229.730340  67.081641  8.929
 13    67.278 52663.83613663 13.14 229.779630  67.144482  8.372
 13    14.903 52663.83613792 18.15 229.772680  67.138362  8.372
 13    14.332 52663.83613856 18.81 229.769200  67.135292  8.372
 13    15.929 52663.83613921 18.02 229.765720  67.132232  8.372
 13    16.954 52663.83613985 17.68 229.762240  67.129162  8.372
 13    15.969 52663.83614049 18.61 229.758770  67.126092  8.372
 13    17.063 52663.83614114 17.37 229.755290  67.123032  8.372
 13    17.380 52663.83614178 17.57 229.751820  67.119962  8.372
 13    17.366 52663.83614243 17.72 229.748340  67.116902  8.372
 13    16.650 52663.83614307 18.02 229.744870  67.113832  8.372
 13    16.622 52663.83614372 18.36 229.741400  67.110772  8.372
 13    16.315 52663.83614436 18.52 229.737930  67.107702  8.372
 13    16.125 52663.83614501 18.78 229.734460  67.104632  8.372
 13    16.037 52663.83614565 18.66 229.730990  67.101572  8.372
 14    15.797 52698.83611696 17.81 229.770581  67.114661  8.863
 14    15.935 52698.83611761 18.46 229.767111  67.111591  8.863
 14    16.465 52698.83611825 18.76 229.763631  67.108531  8.863
 14    15.984 52698.83611890 18.99 229.760161  67.105461  8.863
 14    15.978 52698.83611954 19.14 229.756691  67.102401  8.863
 14    16.061 52698.83612019 19.26 229.753221  67.099331  8.863
 14    16.089 52698.83612083 20.24 229.749751  67.096261  8.863
 14    15.771 52698.83612148 19.74 229.746281  67.093201  8.863
 14    15.804 52698.83612212 19.54 229.742811  67.090131  8.863
 14    15.233 52698.83612277 19.41 229.739341  67.087071  8.863
 14    14.987 52698.83612341 19.73 229.735871  67.084001  8.863
 14    14.875 52698.83612406 19.73 229.732401  67.080941  8.863
 15    68.221 52733.83613663  6.35 229.780907  67.139863  5.117
 15    67.630 52733.83613728  8.07 229.777427  67.136793  5.117
 15    67.223 52733.83613792  6.91 229.773947  67.133733  5.117
 15    66.597 52733.83613856  6.96 229.770467  67.130663  5.117
 15    66.032 52733.83613921  7.78 229.766997  67.127603  5.117
 15    64.437 52733.83613985  9.36 229.763517  67.124533  5.117
 15    62.654 52733.83614050 10.82 229.760049  67.121474  4.276
 15    12.742 52733.83614114 12.33 229.756569  67.118404  4.276
 15    16.998 52733.83614179 13.49 229.753099  67.115334  4.276
 15    13.536 52733.83614243 14.15 229.749629  67.112274  4.276
 15    12.726 52733.83614308 13.52 229.746159  67.109204  4.276
 15    12.853 52733.83614372 14.31 229.742689  67.106144  4.276
 15    13.375 52733.83614437 13.12 229.739219  67.103074  4.276
 15    13.943 52733.83614501 13.65 229.735749  67.100014  4.276
 15    12.558 52733.83614566 14.81 229.732279  67.096944  4.276
 15    12.814 52733.83614630 14.73 229.728809  67.093874  4.276
 15    13.247 52733.83614695 14.16 229.725349  67.090814  4.276
 16    19.182 52768.83613521 29.20 229.773731  67.152075  4.728
 16    20.372 52768.83613585 23.14 229.770246  67.149011 13.451
 16    21.239 52768.83613650 21.65 229.766766  67.145951 13.451
 16    20.508 52768.83613714 21.85 229.763286  67.142881 13.451
 16    19.598 52768.83613779 22.57 229.759816  67.139821 13.451
 16    19.235 52768.83613843 22.25 229.756336  67.136751 13.451
 16    19.108 52768.83613907 22.23 229.752856  67.133691 13.451
 16    19.766 52768.83613972 22.48 229.749386  67.130621 13.451
 16    20.228 52768.83614036 29.07 229.745906  67.127551 13.451
 16    20.961 52768.83614101 32.93 229.742436  67.124491 13.451
 16    18.893 52768.83614165 26.49 229.738966  67.121421 13.451
 16    18.871 52768.83614230 26.31 229.735486  67.118361 13.451
 16    19.479 52768.83614294 25.39 229.732016  67.115291 13.451
 16    18.434 52768.83614359 28.77 229.728546  67.112221 13.451
 17    70.808 52803.83616340 11.74 229.781828  67.129353  6.287
 17    19.623 52803.83616404 19.66 229.778358  67.126293  6.287
 17    67.080 52803.83616468 12.83 229.774878  67.123223  6.287
 17    69.692 52803.83616533  8.09 229.771398  67.120163  6.287
 17    68.909 52803.83616597  8.38 229.767928  67.117093  6.287
 17    68.134 52803.83616662  8.71 229.764448  67.114033  6.287
 17    67.696 52803.83616726  8.90 229.760968  67.110963  6.287
 17    69.405 52803.83616791  8.60 229.757498  67.107903  6.287
 17    70.232 52803.83616855  9.00 229.754028  67.104833  6.287
 17    70.721 52803.83616920  9.20 229.750558  67.101773  6.287
 17    62.653 52803.83616984 10.10 229.747078  67.098703  6.287
 17    75.015 52803.83617049  9.68 229.743608  67.095643  6.287
 17    76.289 52803.83617113  9.82 229.740138  67.092573  6.287
 17    58.830 52803.83617178 11.14 229.736670  67.089508  6.348
 17    78.736 52803.83617242  9.70 229.733210  67.086438  6.348
 17    24.840 52803.83617307 15.09 229.729740  67.083378  6.348
 18    70.598 52838.83622557 10.20 229.782678  67.133767  5.614
 18    69.405 52838.83622621 10.00 229.779198  67.130707  5.614
 18    66.860 52838.83622686 10.10 229.775718  67.127637  5.614
 18    66.225 52838.83622750 10.18 229.772238  67.124577  5.614
 18    65.482 52838.83622814  9.98 229.768768  67.121507  5.614
 18    65.925 52838.83622879 10.02 229.765288  67.118447  5.614
 18    63.639 52838.83622943 11.21 229.761818  67.115377  5.614
 18    63.928 52838.83623008 10.34 229.758338  67.112317  5.614
 18    62.074 52838.83623072 10.12 229.754868  67.109247  5.614
 18    62.109 52838.83623137 10.31 229.751398  67.106187  5.614
 18    59.441 52838.83623201 11.07 229.747928  67.103117  5.614
 18    58.969 52838.83623266 10.67 229.744458  67.100047  5.614
 18    17.622 52838.83623330 12.08 229.740988  67.096987  5.614
 18    17.070 52838.83623395 12.64 229.737518  67.093917  5.614
 18    17.876 52838.83623459 11.69 229.734048  67.090857  5.614
 18    17.779 52838.83623524 20.83 229.730577  67.087788  6.825
 19    18.218 52873.83626463 38.38 229.781669  67.137714 25.378
 19    14.584 52873.83626527 42.76 229.778189  67.134644 25.378
 19    16.932 52873.83626592 41.48 229.774709  67.131584 25.378
 19    16.091 52873.83626656 39.90 229.771229  67.128514 25.378
 19    17.421 52873.83626721 42.73 229.767749  67.125454 25.378
 19    17.070 52873.83626785 41.77 229.764279  67.122384 25.378
 19    17.015 52873.83626850 42.50 229.760799  67.119324 25.378
 19    17.271 52873.83626914 43.97 229.757329  67.116254 25.378
 19    18.100 52873.83626979 43.46 229.753849  67.113194 25.378
 19    16.282 52873.83627043 44.27 229.750379  67.110124 25.378
 19    15.703 52873.83627108 44.14 229.746909  67.107054 25.378
 19    16.757 52873.83627172 43.71 229.743439  67.103994 25.378
 19    14.952 52873.83627237 46.00 229.739969  67.100924 25.378
 19    15.084 52873.83627301 45.15 229.736499  67.097864 25.378
 19    15.428 52873.83627366 47.83 229.733029  67.094794 25.378
 19    15.811 52873.83627430 46.69 229.729559  67.091734 25.378
 19    15.327 52873.83627495 43.23 229.726097  67.088664 12.343
 20    13.668 52908.83624296 12.67 229.781234  67.145021 11.230
 20    14.957 52908.83624361 12.28 229.777754  67.141961 11.230
 20    16.611 52908.83624425 12.05 229.774274  67.138891 11.230
 20    16.416 52908.83624490 12.01 229.770804  67.135831 11.230
 20    16.402 52908.83624554 12.83 229.767324  67.132761 11.230
 20    16.269 52908.83624619 13.04 229.763844  67.129701 11.230
 20    16.029 52908.83624683 12.60 229.760374  67.126631 11.230
 20    16.316 52908.83624747 13.89 229.756894  67.123561 11.230
 20    16.270 52908.83624812 15.45 229.753424  67.120501 11.230
 20    17.436 52908.83624876 16.61 229.749954  67.117431 11.230
 20    16.553 52908.83624941 25.08 229.746474  67.114371 11.230
 20    16.721 52908.83625005 21.10 229.743004  67.111301 11.230
 20    16.381 52908.83625070 18.70 229.739534  67.108231 11.230
 20    15.907 52908.83625134 19.36 229.736064  67.105171 11.230
 20    15.147 52908.83625199 26.81 229.732594  67.102101 11.230
 20    16.926 52908.83625263 28.24 229.729134  67.099041 11.230
 22    70.366 52978.83623182  9.05 229.782851  67.135952  3.333
 22    69.383 52978.83623246 13.22 229.779364  67.132883  6.050
 22    68.124 52978.83623311 12.61 229.775884  67.129813  6.050
 22    67.626 52978.83623375 12.32 229.772414  67.126753  6.050
 22    67.144 52978.83623440 12.11 229.768934  67.123693  6.050
 22    66.117 52978.83623504 11.56 229.765454  67.120623  6.050
 22    65.308 52978.83623569 11.85 229.761984  67.117563  6.050
 22    64.876 52978.83623633 11.94 229.758504  67.114493  6.050
 22    63.550 52978.83623698 12.02 229.755034  67.111423  6.050
 22    60.201 52978.83623762 13.93 229.751564  67.108363  6.050
 22    60.478 52978.83623826 14.12 229.748094  67.105293  6.050
 22    15.676 52978.83623891 15.20 229.744624  67.102233  6.050
 22    15.627 52978.83623955 15.11 229.741144  67.099163  6.050
 22    14.839 52978.83624020 14.56 229.737674  67.096103  6.050
 22    14.589 52978.83624084 14.28 229.734214  67.093033  6.050
 22    14.024 52978.83624149 14.32 229.730744  67.089963  6.050
 22    14.138 52978.83624213 14.39 229.727274  67.086903  6.050
 23    68.856 53013.83622865  3.82 229.776588  67.146932  3.774
 23    68.212 53013.83622929  8.88 229.773108  67.143872  3.774
 23    67.547 53013.83622994  9.67 229.769628  67.140812  3.774
 23    68.088 53013.83623058  9.83 229.766158  67.137742  3.774
 23    67.222 53013.83623123  9.63 229.762678  67.134672  3.774
 23    66.154 53013.83623187  9.14 229.759198  67.131612  3.774
 23    66.743 53013.83623252  8.74 229.755728  67.128542  3.774
 23    65.864 53013.83623316  8.64 229.752248  67.125482  3.774
 23    66.555 53013.83623381  7.63 229.748778  67.122412  3.774
 23    65.832 53013.83623445  7.88 229.745298  67.119352  3.774
 23    68.239 53013.83623510  8.15 229.741828  67.116282  3.774
 23    67.463 53013.83623574  8.63 229.738358  67.113212  3.774
 23    68.416 53013.83623639  8.48 229.734888  67.110152  3.774
 23    66.755 53013.83623703  8.38 229.731418  67.107082  3.774
 24    69.313 53048.83620187  8.67 229.782031  67.133314  5.032
 24    68.828 53048.83620251  9.05 229.778561  67.130244  5.032
 24    69.169 53048.83620316  8.84 229.775081  67.127184  5.032
 24    68.147 53048.83620380  8.39 229.771601  67.124114  5.032
 24    66.642 53048.83620445  8.42 229.768121  67.121054  5.032
 24    66.718 53048.83620509  8.64 229.764651  67.117984  5.032
 24    65.159 53048.83620574  8.39 229.761171  67.114924  5.032
 24    62.167 53048.83620638  9.14 229.757701  67.111854  5.032
 24    62.672 53048.83620703  9.61 229.754231  67.108794  5.032
 24    60.478 53048.83620767  9.03 229.750751  67.105724  5.032
 24    59.071 53048.83620832  9.62 229.747281  67.102664  5.032
 24    16.146 53048.83620896 10.18 229.743811  67.099594  5.032
 24    15.171 53048.83620961 10.30 229.740341  67.096524  5.032
 24    14.039 53048.83621025 11.84 229.736871  67.093464  5.032
 24    14.494 53048.83621090 11.00 229.733401  67.090394  5.032
 24    13.957 53048.83621154 10.38 229.729941  67.087334  5.032
 25    64.407 53083.83623458  8.90 229.776548  67.150484  3.924
 25    63.611 53083.83623523  9.15 229.773058  67.147414  3.924
 25    66.206 53083.83623587  8.73 229.769578  67.144354  3.924
 25    61.863 53083.83623652  9.19 229.766108  67.141294  3.924
 25    65.484 53083.83623716  8.82 229.762628  67.138224  3.924
 25    63.308 53083.83623781  8.71 229.759148  67.135154  3.924
 25    65.335 53083.83623845  8.15 229.755668  67.132094  3.924
 25    65.901 53083.83623910  7.68 229.752198  67.129024  3.924
 25    64.131 53083.83623974  7.67 229.748718  67.125964  3.924
 25    64.380 53083.83624039  7.67 229.745248  67.122894  3.924
 25    67.588 53083.83624103  7.08 229.741768  67.119834  3.924
 25    66.962 53083.83624168  7.31 229.738298  67.116764  3.924
 25    67.773 53083.83624232  6.96 229.734828  67.113704  3.924
 25    71.978 53083.83624296  7.60 229.731358  67.110634  3.924
 26    70.134 53118.83620715  6.35 229.780035  67.136517  3.581
 26    69.118 53118.83620779  6.91 229.776555  67.133447  3.581
 26    68.258 53118.83620844  6.40 229.773075  67.130387  3.581
 26    68.623 53118.83620908  6.97 229.769595  67.127317  3.581
 26    67.944 53118.83620973  6.04 229.766115  67.124257  3.581
 26    67.651 53118.83621037  6.01 229.762645  67.121187  3.581
 26    67.966 53118.83621102  5.43 229.759165  67.118127  3.581
 26    68.301 53118.83621166  5.94 229.755695  67.115057  3.581
 26    68.238 53118.83621231  5.63 229.752215  67.111997  3.581
 26    67.493 53118.83621295  5.80 229.748745  67.108927  3.581
 26    72.823 53118.83621360  5.93 229.745275  67.105857  3.581
 26    71.805 53118.83621424  6.19 229.741805  67.102797  3.581
 26    74.831 53118.83621488  6.20 229.738335  67.099727  3.581
 26    62.438 53118.83621553  7.49 229.734865  67.096667  3.581
 26    57.407 53118.83621617  7.36 229.731395  67.093597  3.581
 26    58.687 53118.83621682  7.20 229.727925  67.090537  3.581
 27    24.063 53153.83625689 27.38 229.780594  67.143758 16.062
 27    23.861 53153.83625753 30.01 229.777114  67.140688 16.062
 27    23.552 53153.83625818 34.16 229.773634  67.137628 16.062
 27    24.117 53153.83625882 35.11 229.770154  67.134558 16.062
 27    24.624 53153.83625946 36.95 229.766674  67.131498 16.062
 27    24.384 53153.83626011 39.25 229.763194  67.128428 16.062
 27    23.450 53153.83626075 40.20 229.759714  67.125368 16.062
 27    23.090 53153.83626140 39.64 229.756244  67.122298 16.062
 27    22.832 53153.83626204 37.77 229.752764  67.119238 16.062
 27    23.203 53153.83626269 39.19 229.749294  67.116168 16.062
 27    22.957 53153.83626333 42.20 229.745814  67.113108 16.062
 27    23.052 53153.83626398 42.31 229.742344  67.110038 16.062
 27    23.524 53153.83626462 42.78 229.738874  67.106968 16.062
 27    21.427 53153.83626527 41.61 229.735404  67.103908 16.062
 27    21.430 53153.83626591 41.58 229.731934  67.100838 16.062
 28    71.936 53188.83624759  8.41 229.779594  67.133726  5.228
 28    69.048 53188.83624824  8.58 229.776124  67.130666  5.228
 28    68.185 53188.83624888  9.14 229.772644  67.127596  5.228
 28    66.852 53188.83624952  9.46 229.769164  67.124536  5.228
 28    65.649 53188.83625017 10.40 229.765694  67.121466  5.228
 28    19.036 53188.83625081 11.22 229.762214  67.118406  5.228
 28    18.833 53188.83625146 11.25 229.758744  67.115336  5.228
 28    18.735 53188.83625210 11.14 229.755274  67.112276  5.228
 28    62.085 53188.83625275 10.45 229.751794  67.109206  5.228
 28    61.663 53188.83625339  9.88 229.748324  67.106136  5.228
 28    57.452 53188.83625404 10.82 229.744854  67.103076  5.228
 28    17.060 53188.83625468 10.48 229.741384  67.100006  5.228
 28    16.138 53188.83625533 10.79 229.737914  67.096946  5.228
 28    16.746 53188.83625597 10.88 229.734454  67.093876  5.228
 28    76.876 53188.83625662 11.36 229.730984  67.090816  5.228
 28    78.276 53188.83625726 10.61 229.727517  67.087744  4.697
 29    15.627 53223.83626101 24.50 229.780973  67.145413 11.402
 29    14.774 53223.83626165 20.57 229.777493  67.142343 11.402
 29    14.981 53223.83626230 19.74 229.774013  67.139273 11.402
 29    14.994 53223.83626294 19.47 229.770543  67.136213 11.402
 29    15.296 53223.83626359 19.21 229.767063  67.133143 11.402
 29    15.324 53223.83626423 19.36 229.763583  67.130083 11.402
 29    15.708 53223.83626488 19.30 229.760113  67.127013 11.402
 29    16.434 53223.83626552 18.48 229.756633  67.123953 11.402
 29    16.907 53223.83626617 19.47 229.753163  67.120883 11.402
 29    17.204 53223.83626681 21.44 229.749683  67.117823 11.402
 29    16.980 53223.83626746 29.65 229.746213  67.114753 11.402
 29    16.961 53223.83626810 30.16 229.742743  67.111693 11.402
 29    17.581 53223.83626875 27.25 229.739273  67.108623 11.402
 29    17.183 53223.83626939 25.07 229.735803  67.105553 11.402
 29    16.578 53223.83627004 30.75 229.732333  67.102493 11.402
 30    16.569 53258.83623567 14.52 229.772701  67.150279 17.271
 30    15.614 53258.83623632 25.06 229.769221  67.147219 17.271
 30    16.379 53258.83623696 32.47 229.765741  67.144149 17.271
 30    15.108 53258.83623761 41.53 229.762261  67.141089 17.271
 30    15.590 53258.83623825 39.18 229.758781  67.138019 17.271
 30    15.841 53258.83623889 35.68 229.755311  67.134959 17.271
 30    16.811 53258.83623954 40.04 229.751831  67.131889 17.271
 30    15.251 53258.83624018 41.49 229.748361  67.128819 17.271
 30    14.853 53258.83624083 34.07 229.744881  67.125759 17.271
 30    16.856 53258.83624147 36.19 229.741411  67.122689 17.271
 30    15.973 53258.83624212 42.93 229.737931  67.119629 17.271
 30    15.978 53258.83624276 41.07 229.734461  67.116559 17.271
 30    15.344 53258.83624341 43.45 229.730991  67.113499 17.271
 31    15.281 53293.83626057 27.49 229.781636  67.141020  7.708
 31    11.595 53293.83626121 23.42 229.778156  67.137960  7.708
 31    69.305 53293.83626186 15.86 229.774676  67.134890  7.708
 31    65.621 53293.83626250 16.04 229.771196  67.131830  7.708
 31    65.443 53293.83626315 15.79 229.767716  67.128760  7.708
 31    22.082 53293.83626379 16.28 229.764246  67.125700  7.708
 31    14.985 53293.83626443 18.49 229.760766  67.122630  7.708
 31    15.148 53293.83626508 18.44 229.757286  67.119570  7.708
 31    15.550 53293.83626572 18.31 229.753816  67.116500  7.708
 31    15.550 53293.83626637 18.32 229.750336  67.113440  7.708
 31    14.652 53293.83626701 17.24 229.746866  67.110370  7.708
 31    14.732 53293.83626766 15.63 229.743396  67.107310  7.708
 31    14.164 53293.83626830 17.07 229.739916  67.104240  7.708
 31    13.735 53293.83626895 17.22 229.736446  67.101170  7.708
 31    13.307 53293.83626959 15.98 229.732976  67.098110  7.708
 31    12.252 53293.83627024 17.43 229.729506  67.095040  7.708
 31    12.781 53293.83627088 16.83 229.726036  67.091980  7.708
 32    15.111 53328.83623604 25.82 229.769062  67.132077 11.152
 32    14.968 53328.83623668 25.87 229.765582  67.129007 11.152
 32    15.517 53328.83623733 25.63 229.762102  67.125947 11.152
 32    15.791 53328.83623797 26.19 229.758632  67.122877 11.152
 32    16.817 53328.83623862 25.22 229.755152  67.119817 11.152
 32    17.209 53328.83623926 24.19 229.751682  67.116747 11.152
 32    17.088 53328.83623991 22.41 229.748212  67.113687 11.152
 32    17.127 53328.83624055 23.71 229.744732  67.110617 11.152
 32    17.103 53328.83624119 23.60 229.741262  67.107547 11.152
 32    16.754 53328.83624184 25.22 229.737792  67.104487 11.152
 32    16.423 53328.83624248 27.13 229.734322  67.101417 11.152
 32    15.969 53328.83624313 23.60 229.730852  67.098357 11.152
 33    14.269 53363.83618510 16.50 229.780315  67.148153  8.075
 33    14.964 53363.83618574 16.93 229.776835  67.145093  8.075
 33    14.881 53363.83618639 17.60 229.773355  67.142023  8.075
 33    15.462 53363.83618703 16.59 229.769875  67.138963  8.075
 33    16.097 53363.83618768 15.97 229.766395  67.135893  8.075
 33    16.081 53363.83618832 16.21 229.762915  67.132833  8.075
 33    15.898 53363.83618897 16.48 229.759445  67.129763  8.075
 33    16.085 53363.83618961 16.68 229.755965  67.126693  8.075
 33    16.009 53363.83619026 17.02 229.752495  67.123633  8.075
 33    16.216 53363.83619090 17.10 229.749025  67.120563  8.075
 33    16.020 53363.83619154 17.70 229.745545  67.117503  8.075
 33    16.121 53363.83619219 16.54 229.742075  67.114433  8.075
 33    15.546 53363.83619283 17.88 229.738605  67.111363  8.075
 33    16.287 53363.83619348 17.47 229.735135  67.108303  8.075
 33    15.752 53363.83619412 18.51 229.731665  67.105233  8.075
 34    94.364 53398.83621104 17.43 229.776648  67.133259  6.789
 34    12.720 53398.83621168 16.79 229.773168  67.130199  6.789
 34    12.921 53398.83621232 16.84 229.769688  67.127129  6.789
 34    13.959 53398.83621297 15.43 229.766208  67.124069  6.789
 34    14.506 53398.83621361 15.25 229.762738  67.120999  6.789
 34    14.623 53398.83621426 15.04 229.759258  67.117939  6.789
 34    15.523 53398.83621490 14.91 229.755788  67.114869  6.789
 34    15.713 53398.83621555 15.46 229.752308  67.111809  6.789
 34    15.882 53398.83621619 15.43 229.748838  67.108739  6.789
 34    15.055 53398.83621684 15.68 229.745368  67.105679  6.789
 34    14.801 53398.83621748 16.29 229.741898  67.102609  6.789
 34    14.643 53398.83621813 16.39 229.738428  67.099539  6.789
 34    14.864 53398.83621877 16.48 229.734958  67.096479  6.789
 34    14.963 53398.83621942 15.75 229.731488  67.093409  6.789
 34    14.942 53398.83622006 15.64 229.728018  67.090349  6.789
 35    14.164 53433.83619909 14.23 229.778960  67.147530  8.124
 35    13.746 53433.83619974 14.51 229.775480  67.144470  8.124
 35    14.722 53433.83620038 13.82 229.772000  67.141410  8.124
 35    14.321 53433.83620103 14.41 229.768520  67.138340  8.124
 35    14.629 53433.83620167 14.92 229.765050  67.135270  8.124
 35    14.690 53433.83620232 14.50 229.761570  67.132210  8.124
 35    14.782 53433.83620296 14.39 229.758100  67.129140  8.124
 35    14.952 53433.83620361 14.66 229.754620  67.126080  8.124
 35    14.593 53433.83620425 14.94 229.751150  67.123010  8.124
 35    14.974 53433.83620490 15.84 229.747670  67.119950  8.124
 35    14.713 53433.83620554 15.99 229.744200  67.116880  8.124
 35    14.679 53433.83620618 16.24 229.740730  67.113820  8.124
 35    14.546 53433.83620683 15.48 229.737260  67.110750  8.124
 35    13.216 53433.83620747 16.49 229.733790  67.107680  8.124
 35    14.833 53433.83620812 15.55 229.730320  67.104620  8.124
 36    14.422 53468.83624256 13.34 229.779633  67.132961  7.903
 36    15.169 53468.83624321 14.07 229.776153  67.129891  7.903
 36    14.892 53468.83624385 14.23 229.772683  67.126831  7.903
 36    14.033 53468.83624450 14.71 229.769203  67.123761  7.903
 36    14.530 53468.83624514 15.11 229.765723  67.120701  7.903
 36    14.481 53468.83624579 14.83 229.762253  67.117631  7.903
 36    14.853 53468.83624643 15.25 229.758773  67.114571  7.903
 36    14.607 53468.83624707 15.80 229.755303  67.111501  7.903
 36    14.704 53468.83624772 16.41 229.751823  67.108441  7.903
 36    14.801 53468.83624836 16.00 229.748353  67.105371  7.903
 36    13.732 53468.83624901 16.86 229.744883  67.102301  7.903
 36    14.371 53468.83624965 16.74 229.741413  67.099241  7.903
 36    13.834 53468.83625030 16.34 229.737943  67.096171  7.903
 36    13.614 53468.83625094 17.12 229.734473  67.093111  7.903
 36    13.430 53468.83625159 16.85 229.731008  67.090044  5.763
 36    13.149 53468.83625223 16.72 229.727538  67.086974  5.763
 37    21.885 53503.83628587 39.74 229.777908  67.145199 20.356
 37    17.175 53503.83628652 33.16 229.774428  67.142139 20.356
 37    23.164 53503.83628716 22.65 229.770948  67.139079 20.356
 37    23.337 53503.83628781 20.62 229.767468  67.136009 20.356
 37    23.413 53503.83628845 20.41 229.763988  67.132949 20.356
 37    23.299 53503.83628910 21.07 229.760508  67.129879 20.356
 37    23.361 53503.83628974 21.25 229.757038  67.126809 20.356
 37    23.305 53503.83629038 23.14 229.753558  67.123749 20.356
 37    22.282 53503.83629103 25.66 229.750088  67.120679 20.356
 37    21.634 53503.83629167 29.92 229.746608  67.117619 20.356
 37    29.105 53503.83629232 25.67 229.743138  67.114549 20.356
 37    21.107 53503.83629296 27.35 229.739668  67.111489 20.356
 37    21.328 53503.83629361 32.11 229.736198  67.108419 20.356
 37    23.309 53503.83629425 31.17 229.732728  67.105349 20.356
 37    21.361 53503.83629490 26.16 229.729258  67.102289 20.356
 38    71.987 53538.83628319  7.66 229.778324  67.142963  4.749
 38    71.388 53538.83628384  7.38 229.774844  67.139893  4.749
 38    70.672 53538.83628448  7.41 229.771364  67.136833  4.749
 38    70.236 53538.83628513  7.92 229.767884  67.133763  4.749
 38    69.372 53538.83628577  6.89 229.764404  67.130703  4.749
 38    68.653 53538.83628642  7.32 229.760934  67.127633  4.749
 38    67.841 53538.83628706  7.73 229.757454  67.124573  4.749
 38    67.603 53538.83628771  7.86 229.753984  67.121503  4.749
 38    66.395 53538.83628835  8.05 229.750504  67.118443  4.749
 38    69.722 53538.83628900  8.98 229.747034  67.115373  4.749
 38    72.121 53538.83628964  8.11 229.743564  67.112313  4.749
 38    72.506 53538.83629028  8.69 229.740094  67.109243  4.749
 38    73.800 53538.83629093  9.12 229.736624  67.106173  4.749
 38    77.300 53538.83629157  9.04 229.733154  67.103113  4.749
 38    78.355 53538.83629222  9.07 229.729684  67.100043  4.749
 39    69.289 53573.83628114  8.48 229.777945  67.148847  6.142
 39    68.654 53573.83628178  8.21 229.774465  67.145787  6.142
 39    65.877 53573.83628243  9.76 229.770985  67.142717  6.142
 39    67.053 53573.83628307  9.25 229.767505  67.139657  6.142
 39    66.787 53573.83628372  9.47 229.764035  67.136587  6.142
 39    65.473 53573.83628436  9.00 229.760555  67.133527  6.142
 39    63.357 53573.83628501  9.86 229.757075  67.130457  6.142
 39    18.644 53573.83628565 12.20 229.753605  67.127387  6.142
 39    18.259 53573.83628630 14.24 229.750125  67.124327  6.142
 39    16.870 53573.83628694 14.59 229.746655  67.121257  6.142
 39    17.084 53573.83628759 14.60 229.743175  67.118197  6.142
 39    16.580 53573.83628823 11.73 229.739705  67.115127  6.142
 39    16.364 53573.83628887 10.24 229.736235  67.112067  6.142
 39    16.561 53573.83628952  9.57 229.732765  67.108997  6.142
 39    73.037 53573.83629016  9.74 229.729295  67.105927  6.142
 40    66.577 53608.83623105  9.01 229.771328  67.149210  5.967
 40    64.998 53608.83623169  9.90 229.767848  67.146150  5.967
 40    65.329 53608.83623233  9.57 229.764368  67.143080  5.967
 40    62.630 53608.83623298  9.69 229.760888  67.140020  5.967
 40    58.825 53608.83623362 10.07 229.757418  67.136950  5.967
 40    62.505 53608.83623427 10.33 229.753938  67.133890  5.967
 40    62.648 53608.83623491 10.50 229.750468  67.130820  5.967
 40    17.622 53608.83623556 12.80 229.746988  67.127750  5.967
 40    16.993 53608.83623620 15.25 229.743518  67.124690  5.967
 40    17.171 53608.83623685 14.29 229.740048  67.121620  5.967
 40    16.206 53608.83623749 14.57 229.736568  67.118560  5.967
 40    15.904 53608.83623814 13.78 229.733098  67.115490  5.967
 40    14.790 53608.83623878 13.29 229.729628  67.112430  5.967
 41    67.709 53643.83623589 11.48 229.781516  67.131996  6.661
 41    70.866 53643.83623654 11.13 229.778036  67.128936  6.661
 41    65.408 53643.83623718 10.56 229.774556  67.125866  6.661
 41    18.041 53643.83623783 11.82 229.771076  67.122806  6.661
 41    19.369 53643.83623847 12.35 229.767606  67.119736  6.661
 41    18.200 53643.83623911 13.89 229.764126  67.116676  6.661
 41    16.397 53643.83623976 13.48 229.760656  67.113606  6.661
 41    16.922 53643.83624040 11.63 229.757176  67.110546  6.661
 41    15.617 53643.83624105 12.88 229.753706  67.107476  6.661
 41    15.189 53643.83624169 12.32 229.750236  67.104416  6.661
 41    15.090 53643.83624234 12.92 229.746766  67.101346  6.661
 41    15.437 53643.83624298 12.26 229.743296  67.098276  6.661
 41    15.466 53643.83624363 12.38 229.739816  67.095216  6.661
 41    14.789 53643.83624427 12.35 229.736356  67.092146  6.661
 41    14.694 53643.83624492 12.93 229.732886  67.089086  6.661
 41    14.334 53643.83624556 12.56 229.729415  67.086019  4.718
 42    16.936 53678.83625206  7.19 229.774786  67.144070 17.123
 42    17.323 53678.83625270 15.77 229.771306  67.141000 17.123
 42    16.143 53678.83625335 25.27 229.767826  67.137940 17.123
 42    15.179 53678.83625399 34.12 229.764346  67.134870 17.123
 42    15.843 53678.83625463 33.70 229.760866  67.131810 17.123
 42    15.724 53678.83625528 38.85 229.757396  67.128740 17.123
 42    17.041 53678.83625592 38.10 229.753916  67.125680 17.123
 42    14.951 53678.83625657 34.30 229.750446  67.122610 17.123
 42    16.601 53678.83625721 28.94 229.746966  67.119550 17.123
 42    16.336 53678.83625786 29.72 229.743496  67.116480 17.123
 42    17.282 53678.83625850 33.30 229.740026  67.113420 17.123
 42    17.389 53678.83625915 35.81 229.736556  67.110350 17.123
 42    16.790 53678.83625979 41.44 229.733086  67.107280 17.123
 42    16.758 53678.83626044 38.52 229.729606  67.104220 17.123
 43    15.771 53713.83617990 22.45 229.777308  67.146730 11.136
 43    15.593 53713.83618055 22.57 229.773828  67.143660 11.136
 43    16.144 53713.83618119 19.29 229.770348  67.140600 11.136
 43    16.782 53713.83618184 19.44 229.766868  67.137530 11.136
 43    17.169 53713.83618248 18.97 229.763398  67.134460 11.136
 43    15.822 53713.83618313 19.73 229.759918  67.131400 11.136
 43    16.245 53713.83618377 18.90 229.756438  67.128330 11.136
 43    17.161 53713.83618442 19.39 229.752968  67.125270 11.136
 43    15.997 53713.83618506 20.22 229.749498  67.122200 11.136
 43    15.663 53713.83618571 20.35 229.746018  67.119140 11.136
 43    15.694 53713.83618635 20.65 229.742548  67.116070 11.136
 43    16.008 53713.83618700 20.44 229.739078  67.113010 11.136
 43    16.147 53713.83618764 20.24 229.735608  67.109940 11.136
 43    15.351 53713.83618829 20.96 229.732138  67.106870 11.136
 45    15.688 53783.83612587 17.44 229.780302  67.141393  9.695
 45    15.592 53783.83612652 17.35 229.776822  67.138323  9.695
 45    16.989 53783.83612716 17.11 229.773352  67.135263  9.695
 45    16.633 53783.83612780 17.23 229.769872  67.132193  9.695
 45    16.914 53783.83612845 16.66 229.766392  67.129133  9.695
 45    15.409 53783.83612909 17.18 229.762922  67.126063  9.695
 45    16.651 53783.83612974 17.99 229.759442  67.123003  9.695
 45    16.573 53783.83613038 18.98 229.755972  67.119933  9.695
 45    16.497 53783.83613103 18.03 229.752492  67.116873  9.695
 45    15.468 53783.83613167 18.61 229.749022  67.113803  9.695
 45    15.475 53783.83613232 17.61 229.745552  67.110733  9.695
 45    15.845 53783.83613296 18.29 229.742082  67.107673  9.695
 45    15.979 53783.83613361 18.51 229.738612  67.104603  9.695
 45    14.535 53783.83613425 18.69 229.735142  67.101543  9.695
 45    15.257 53783.83613490 17.81 229.731672  67.098473  9.695
 46    14.365 53818.83608633 15.20 229.773805  67.150965  2.971
 46    14.649 53818.83608698 15.60 229.770325  67.147895  2.971
 46    15.271 53818.83608762 15.30 229.766845  67.144827  8.007
 46    14.553 53818.83608827 15.70 229.763375  67.141767  8.007
 46    15.780 53818.83608891 14.68 229.759895  67.138697  8.007
 46    15.758 53818.83608955 15.13 229.756415  67.135637  8.007
 46    15.055 53818.83609020 15.06 229.752945  67.132567  8.007
 46    15.129 53818.83609084 15.53 229.749465  67.129507  8.007
 46    14.718 53818.83609149 15.24 229.745995  67.126437  8.007
 46    15.129 53818.83609213 15.27 229.742525  67.123377  8.007
 46    15.377 53818.83609278 15.13 229.739055  67.120307  8.007
 46    14.596 53818.83609342 15.22 229.735585  67.117237  8.007
 46    14.606 53818.83609407 15.36 229.732105  67.114177  8.007
 46    14.118 53818.83609471 15.81 229.728645  67.111107  8.007
 47    70.378 53853.83616709  5.08 229.780667  67.138272  7.532
 47    69.526 53853.83616774  4.89 229.777187  67.135202  7.532
 47    67.927 53853.83616838  5.26 229.773707  67.132142  7.532
 47    66.319 53853.83616903  6.50 229.770227  67.129072  7.532
 47    65.276 53853.83616967  6.78 229.766757  67.126012  7.532
 47    66.183 53853.83617032  6.08 229.763277  67.122942  7.532
 47    66.065 53853.83617096  5.69 229.759797  67.119882  7.532
 47    63.287 53853.83617161  5.45 229.756327  67.116812  7.532
 47    13.568 53853.83617225  7.54 229.752847  67.113752  7.532
 47    13.833 53853.83617289  7.61 229.749377  67.110682  7.532
 47    13.907 53853.83617354  7.64 229.745907  67.107622  7.532
 47    14.118 53853.83617418  9.08 229.742427  67.104552  7.532
 47    14.132 53853.83617483  8.65 229.738957  67.101482  7.532
 47    13.338 53853.83617547  9.45 229.735487  67.098422  7.532
 47    13.269 53853.83617612  9.97 229.732017  67.095352  7.532
 47    13.293 53853.83617676 10.73 229.728557  67.092292  7.532
 48    74.623 53888.83617591 10.96 229.781310  67.134245  4.517
 48    74.266 53888.83617655 10.15 229.777830  67.131185  4.517
 48    73.640 53888.83617720 10.90 229.774350  67.128115  4.517
 48    74.050 53888.83617784 10.79 229.770870  67.125055  4.517
 48    71.935 53888.83617848 10.65 229.767400  67.121985  4.517
 48    72.366 53888.83617913 10.87 229.763920  67.118925  4.517
 48    71.974 53888.83617977 11.37 229.760450  67.115855  4.517
 48    73.302 53888.83618042 11.07 229.756980  67.112795  4.517
 48    73.556 53888.83618106 11.62 229.753500  67.109725  4.517
 48    75.408 53888.83618171 11.40 229.750030  67.106655  4.517
 48    74.849 53888.83618235 11.92 229.746560  67.103595  4.517
 48    76.123 53888.83618300 12.71 229.743090  67.100525  4.517
 48    77.355 53888.83618364 13.32 229.739620  67.097465  4.517
 48    79.126 53888.83618429 11.88 229.736150  67.094395  4.517
 48    79.400 53888.83618493 12.46 229.732690  67.091335  4.517
 48    80.904 53888.83618558 12.72 229.729220  67.088263  4.493
 49    70.009 53923.83624135  6.65 229.779398  67.147570  2.960
 49    70.197 53923.83624200  8.64 229.775914  67.144502  5.923
 49    70.906 53923.83624264  6.01 229.772434  67.141432  5.923
 49    70.098 53923.83624329  4.93 229.768954  67.138372  5.923
 49    70.333 53923.83624393  3.72 229.765474  67.135302  5.923
 49    70.810 53923.83624458  2.95 229.762004  67.132242  5.923
 49    69.160 53923.83624522  3.15 229.758524  67.129172  5.923
 49    16.504 53923.83624715 16.20 229.748094  67.119982  5.923
 49    15.898 53923.83624780 16.56 229.744624  67.116912  5.923
 49    16.753 53923.83624844 15.64 229.741144  67.113852  5.923
 49    17.349 53923.83624909 15.51 229.737674  67.110782  5.923
 49    17.579 53923.83624973 24.17 229.734204  67.107712  5.923
 49    16.886 53923.83625038 30.24 229.730734  67.104652  5.923
 50    67.806 53958.83623247  8.40 229.776427  67.150664  2.348
 50    66.879 53958.83623311 10.61 229.772947  67.147594  2.348
 50    65.544 53958.83623376 11.17 229.769460  67.144533  5.045
 50    64.659 53958.83623440 10.80 229.765980  67.141473  5.045
 50    65.198 53958.83623505 10.23 229.762500  67.138403  5.045
 50    16.045 53958.83623569 10.85 229.759030  67.135333  5.045
 50    58.822 53958.83623633 10.28 229.755550  67.132273  5.045
 50    61.194 53958.83623698 10.55 229.752070  67.129203  5.045
 50    17.299 53958.83623762 12.85 229.748600  67.126143  5.045
 50    16.438 53958.83623827 15.63 229.745120  67.123073  5.045
 50    16.720 53958.83623891 14.17 229.741650  67.120013  5.045
 50    17.429 53958.83623956 17.02 229.738180  67.116943  5.045
 50    15.618 53958.83624020 13.96 229.734710  67.113883  5.045
 52    69.954 54028.83622573 18.49 229.780089  67.129965 18.583
 52    15.076 54028.83622702 43.06 229.773129  67.123835 18.583
 52    15.088 54028.83622766 43.84 229.769659  67.120765 18.583
 52    16.395 54028.83622831 40.87 229.766179  67.117705 18.583
 52    16.886 54028.83622895 41.57 229.762709  67.114635 18.583
 52    16.833 54028.83622960 40.62 229.759229  67.111575 18.583
 52    17.857 54028.83623024 37.96 229.755759  67.108505 18.583
 52    17.852 54028.83623089 37.38 229.752289  67.105445 18.583
 52    16.571 54028.83623153 42.38 229.748819  67.102375 18.583
 52    17.750 54028.83623218 38.69 229.745349  67.099315 18.583
 52    17.750 54028.83623282 40.63 229.741879  67.096245 18.583
 52    17.583 54028.83623347 41.76 229.738409  67.093175 18.583
 52    16.114 54028.83623411 43.09 229.734939  67.090115 18.583
 52    17.258 54028.83623476 41.76 229.731469  67.087045 18.583
 52    17.605 54028.83623540 39.21 229.727999  67.083985 18.583
 53    13.671 54063.83621799 26.77 229.777803  67.139330 10.408
 53    13.708 54063.83621863 26.24 229.774323  67.136270 10.408
 53    14.459 54063.83621928 23.74 229.770843  67.133200 10.408
 53    15.305 54063.83621992 23.71 229.767373  67.130130 10.408
 53    15.840 54063.83622056 23.51 229.763893  67.127070 10.408
 53    15.894 54063.83622121 23.97 229.760413  67.124000 10.408
 53    16.163 54063.83622185 23.74 229.756943  67.120940 10.408
 53    15.321 54063.83622250 23.85 229.753473  67.117870 10.408
 53    15.224 54063.83622314 24.38 229.749993  67.114810 10.408
 53    14.915 54063.83622379 24.40 229.746523  67.111740 10.408
 53    14.824 54063.83622443 24.10 229.743053  67.108680 10.408
 53    15.038 54063.83622508 23.40 229.739583  67.105610 10.408
 53    14.831 54063.83622572 23.36 229.736113  67.102540 10.408
 53    14.887 54063.83622637 22.95 229.732643  67.099480 10.408
 53    13.759 54063.83622701 23.34 229.729173  67.096410 10.408
 54    67.103 54098.83618421 16.05 229.772098  67.145803 10.189
 54    14.728 54098.83618550 26.34 229.765138  67.139673 10.189
 54    13.645 54098.83618614 26.99 229.761658  67.136613 10.189
 54    15.246 54098.83618679 23.51 229.758188  67.133543 10.189
 54    15.670 54098.83618743 23.11 229.754708  67.130483 10.189
 54    16.776 54098.83618807 21.58 229.751238  67.127413 10.189
 54    16.676 54098.83618872 23.22 229.747758  67.124343 10.189
 54    16.680 54098.83618936 21.90 229.744288  67.121283 10.189
 54    16.445 54098.83619001 22.42 229.740818  67.118213 10.189
 54    16.956 54098.83619065 24.06 229.737338  67.115153 10.189
 54    16.685 54098.83619130 23.73 229.733868  67.112083 10.189
 54    16.187 54098.83619194 23.53 229.730398  67.109013 10.189
 55    13.398 54133.83614377 21.91 229.777351  67.128009  9.661
 55    13.860 54133.83614442 21.86 229.773881  67.124949  9.661
 55    13.960 54133.83614506 21.33 229.770401  67.121879  9.661
 55    15.167 54133.83614571 20.96 229.766921  67.118819  9.661
 55    15.994 54133.83614635 20.41 229.763451  67.115749  9.661
 55    15.956 54133.83614700 20.30 229.759971  67.112689  9.661
 55    15.641 54133.83614764 20.65 229.756501  67.109619  9.661
 55    15.993 54133.83614829 20.96 229.753031  67.106559  9.661
 55    15.440 54133.83614893 21.19 229.749551  67.103489  9.661
 55    15.055 54133.83614958 21.20 229.746081  67.100429  9.661
 55    14.860 54133.83615022 20.64 229.742611  67.097359  9.661
 55    14.816 54133.83615087 21.17 229.739141  67.094289  9.661
 55    15.302 54133.83615151 19.99 229.735671  67.091229  9.661
 55    14.844 54133.83615216 20.96 229.732211  67.088159  9.661
 55    14.390 54133.83615280 20.31 229.728741  67.085099  9.661
 57    14.752 54203.83614678 18.29 229.781689  67.133379  5.226
 57    15.471 54203.83614742 18.21 229.778209  67.130319  5.226
 57    14.581 54203.83614807 18.59 229.774729  67.127249  5.226
 57    15.726 54203.83614871 18.10 229.771249  67.124189  5.226
 57    15.232 54203.83614936 19.25 229.767776  67.121116 11.199
 57    14.863 54203.83615000 20.10 229.764296  67.118056 11.199
 57    15.034 54203.83615064 19.13 229.760826  67.114986 11.199
 57    15.233 54203.83615129 19.87 229.757346  67.111926 11.199
 57    15.174 54203.83615193 19.71 229.753876  67.108856 11.199
 57    15.355 54203.83615258 19.58 229.750406  67.105796 11.199
 57    14.916 54203.83615322 19.60 229.746926  67.102726 11.199
 57    14.203 54203.83615387 20.05 229.743456  67.099666 11.199
 57    14.337 54203.83615451 20.13 229.739986  67.096596 11.199
 57    13.968 54203.83615516 20.35 229.736516  67.093526 11.199
 57    13.939 54203.83615580 19.21 229.733056  67.090466 11.199
 57    12.958 54203.83615645 19.72 229.729586  67.087396 11.199
 58    19.509 54238.83618000 25.48 229.781938  67.141001 17.296
 58    19.532 54238.83618065 27.06 229.778458  67.137931 17.296
 58    20.090 54238.83618129 27.61 229.774978  67.134871 17.296
 58    19.626 54238.83618194 29.64 229.771498  67.131801 17.296
 58    19.512 54238.83618258 29.15 229.768028  67.128741 17.296
 58    19.694 54238.83618323 29.73 229.764548  67.125671 17.296
 58    18.744 54238.83618387 31.27 229.761074  67.122613 17.946
 58    18.679 54238.83618452 31.10 229.757594  67.119543 17.946
 58    18.814 54238.83618516 30.69 229.754124  67.116473 17.946
 58    18.937 54238.83618581 33.49 229.750654  67.113413 17.946
 58    18.842 54238.83618645 36.18 229.747174  67.110343 17.946
 58    18.826 54238.83618710 34.39 229.743704  67.107283 17.946
 58    18.813 54238.83618774 32.48 229.740234  67.104213 17.946
 58    18.953 54238.83618839 31.54 229.736764  67.101153 17.946
 58    18.983 54238.83618903 30.80 229.733294  67.098083 17.946
 58    18.939 54238.83618967 28.46 229.729824  67.095013 17.946
 58    19.080 54238.83619032 28.84 229.726364  67.091953 17.946
 59    71.853 54273.83619785  7.70 229.778487  67.140506  4.621
 59    70.074 54273.83619850  8.55 229.775007  67.137436  4.621
 59    69.220 54273.83619914  8.39 229.771527  67.134376  4.621
 59    69.214 54273.83619978  8.32 229.768057  67.131306  4.621
 59    68.324 54273.83620043  8.85 229.764577  67.128246  4.621
 59    65.943 54273.83620107  8.74 229.761107  67.125176  4.621
 59    66.029 54273.83620172  8.17 229.757624  67.122117  4.603
 59    65.569 54273.83620236  8.79 229.754154  67.119047  4.603
 59    65.090 54273.83620301  8.88 229.750684  67.115977  4.603
 59    62.356 54273.83620365  8.78 229.747204  67.112917  4.603
 59    61.645 54273.83620430  8.25 229.743734  67.109847  4.603
 59    17.818 54273.83620494  9.16 229.740264  67.106787  4.603
 59    71.754 54273.83620559  7.97 229.736794  67.103717  4.603
 59    55.315 54273.83620623  8.38 229.733324  67.100657  4.603
 59    76.867 54273.83620688  8.57 229.729854  67.097587  4.603
 60    19.800 54308.83619986 44.95 229.780152  67.139481 16.397
 60    19.801 54308.83620051 46.66 229.776672  67.136411 16.397
 60    19.400 54308.83620115 43.46 229.773192  67.133351 16.397
 60    19.279 54308.83620180 45.73 229.769722  67.130281 16.397
 60    19.532 54308.83620244 45.88 229.766242  67.127221 16.397
 60    18.849 54308.83620309 44.78 229.762762  67.124151 16.397
 60    17.841 54308.83620373 43.50 229.759287  67.121093 27.076
 60    18.301 54308.83620438 43.76 229.755817  67.118023 27.076
 60    19.130 54308.83620502 44.83 229.752347  67.114953 27.076
 60    18.062 54308.83620567 45.71 229.748867  67.111893 27.076
 60    17.786 54308.83620631 46.99 229.745397  67.108823 27.076
 60    17.720 54308.83620695 47.50 229.741927  67.105763 27.076
 60    17.668 54308.83620760 47.83 229.738457  67.102693 27.076
 60    18.474 54308.83620824 44.69 229.734987  67.099633 27.076
 60    18.044 54308.83620889 43.69 229.731517  67.096563 27.076
 60    17.925 54308.83620953 42.34 229.728047  67.093493 27.076
 61    67.368 54343.83617617  7.26 229.776297  67.147711  3.962
 61    68.760 54343.83617681  6.34 229.772817  67.144641  3.962
 61    68.675 54343.83617746  4.87 229.769337  67.141581  3.962
 61    69.566 54343.83617810  3.33 229.765857  67.138511  3.962
 61    68.297 54343.83617875  2.90 229.762377  67.135451  3.962
 61    68.080 54343.83617939  3.78 229.758907  67.132381  3.962
 61    15.866 54343.83618133 24.31 229.748481  67.123188  6.952
 61    16.161 54343.83618197 27.53 229.745011  67.120118  6.952
 61    15.357 54343.83618262 37.17 229.741541  67.117048  6.952
 61    11.127 54343.83618326 35.64 229.738061  67.113988  6.952
 61    16.463 54343.83618391 25.84 229.734591  67.110918  6.952
 63    69.226 54413.83612485 15.48 229.778030  67.143496  4.745
 63    20.221 54413.83612549 19.56 229.774550  67.140426  4.745
 63    19.353 54413.83612614 21.33 229.771070  67.137366  4.745
 63    65.927 54413.83612678 15.84 229.767600  67.134296  4.745
 63    63.711 54413.83612743 15.29 229.764120  67.131236  4.745
 63    20.658 54413.83612807 16.38 229.760640  67.128166  4.745
 63    20.637 54413.83612871 16.59 229.757162  67.125098  9.254
 63    21.268 54413.83612936 18.20 229.753692  67.122038  9.254
 63    20.380 54413.83613000 19.91 229.750222  67.118968  9.254
 63    20.010 54413.83613065 18.52 229.746742  67.115908  9.254
 63    19.214 54413.83613129 18.05 229.743272  67.112838  9.254
 63    19.121 54413.83613194 18.49 229.739802  67.109778  9.254
 63    18.103 54413.83613258 18.77 229.736332  67.106708  9.254
 63    18.105 54413.83613323 18.90 229.732862  67.103638  9.254
 63    18.190 54413.83613387 19.51 229.729392  67.100578  9.254
 64    70.595 54448.83610320 12.72 229.782469  67.133472  3.107
 64    70.091 54448.83610384 11.70 229.778989  67.130402  3.107
 64    69.575 54448.83610449 13.30 229.775509  67.127342  3.107
 64    67.158 54448.83610513 13.69 229.772029  67.124271  5.743
 64    65.118 54448.83610578 15.09 229.768559  67.121211  5.743
 64    17.903 54448.83610642 16.50 229.765079  67.118141  5.743
 64    15.629 54448.83610707 16.49 229.761609  67.115081  5.743
 64    17.022 54448.83610771 17.67 229.758129  67.112011  5.743
 64    15.177 54448.83610836 17.77 229.754659  67.108951  5.743
 64    14.391 54448.83610900 19.44 229.751189  67.105881  5.743
 64    14.072 54448.83610965 18.76 229.747719  67.102811  5.743
 65    17.906 54483.83611909 16.74 229.781746  67.140850  8.729
 65    16.870 54483.83611973 18.20 229.778266  67.137790  8.729
 65    17.350 54483.83612038 16.19 229.774786  67.134720  8.729
 65    66.945 54483.83612102 12.88 229.771306  67.131660  8.729
 65    66.872 54483.83612167 13.20 229.767836  67.128590  8.729
 65    63.518 54483.83612231 13.61 229.764356  67.125530  8.729
 65    20.145 54483.83612296 14.23 229.760876  67.122460  8.729
 65    17.647 54483.83612360 14.54 229.757406  67.119400  8.729
 65    16.757 54483.83612424 16.55 229.753936  67.116330  8.729
 65    17.501 54483.83612489 15.77 229.750456  67.113270  8.729
 65    15.581 54483.83612553 17.44 229.746986  67.110200  8.729
 65    15.696 54483.83612618 17.30 229.743516  67.107140  8.729
 65    15.496 54483.83612682 17.83 229.740046  67.104070  8.729
 65    14.973 54483.83612747 18.12 229.736576  67.101000  8.729
 65    14.626 54483.83612811 18.81 229.733106  67.097940  8.729
 65    14.529 54483.83612876 19.09 229.729636  67.094870  8.729
 65    13.879 54483.83612940 19.18 229.726176  67.091810  8.729
 66    70.293 54518.83611672  8.62 229.782446  67.134540  4.326
 66    69.798 54518.83611737  8.26 229.778966  67.131480  4.326
 66    69.797 54518.83611801  8.28 229.775486  67.128410  4.326
 66    67.873 54518.83611866  8.30 229.772006  67.125350  4.326
 66    67.379 54518.83611930  8.38 229.768536  67.122280  4.326
 66    66.485 54518.83611995  8.00 229.765056  67.119220  4.326
 66    64.171 54518.83612059  9.03 229.761576  67.116150  4.326
 66    63.001 54518.83612124  9.89 229.758106  67.113090  4.326
 66    60.222 54518.83612188 10.20 229.754636  67.110020  4.326
 66    17.710 54518.83612252 11.94 229.751166  67.106950  4.326
 66    15.556 54518.83612317 12.14 229.747686  67.103890  4.326
 66    15.533 54518.83612381 13.22 229.744216  67.100820  4.326
 66    15.547 54518.83612446 12.76 229.740746  67.097760  4.326
 66    14.089 54518.83612510 13.92 229.737282  67.094695  4.246
 66    14.677 54518.83612575 13.10 229.733812  67.091625  4.246
 66    14.247 54518.83612639 13.66 229.730342  67.088565  4.246
 67    66.778 54553.83613000  8.85 229.776325  67.146849  4.741
 67    67.808 54553.83613064  8.72 229.772845  67.143779  4.741
 67    66.599 54553.83613129  9.37 229.769365  67.140709  4.741
 67    67.807 54553.83613193  8.11 229.765895  67.137649  4.741
 67    67.617 54553.83613258  7.88 229.762415  67.134579  4.741
 67    66.084 54553.83613322  8.18 229.758935  67.131519  4.741
 67    65.062 54553.83613387  8.10 229.755465  67.128449  4.741
 67    63.814 54553.83613451  8.22 229.751985  67.125389  4.741
 67    63.284 54553.83613516  8.30 229.748515  67.122319  4.741
 67    62.305 54553.83613580  8.81 229.745045  67.119259  4.741
 67    61.393 54553.83613644  8.75 229.741565  67.116189  4.741
 67    59.459 54553.83613709  9.59 229.738095  67.113119  4.741
 67    15.524 54553.83613773 10.30 229.734625  67.110059  4.741
 67    14.708 54553.83613838 10.47 229.731155  67.106989  4.741
 68    69.340 54588.83611487  0.16 229.763925  67.123269  8.137
 68    69.687 54588.83611616  1.19 229.756975  67.117139  8.137
 68    60.694 54588.83611681  3.29 229.753505  67.114069  8.137
 68    15.863 54588.83611745  5.75 229.750025  67.111009  8.137
 68    15.279 54588.83611810 10.21 229.746555  67.107939  8.137
 68    15.001 54588.83611874 13.82 229.743085  67.104869  8.137
 68    16.202 54588.83611939 11.70 229.739615  67.101809  8.137
 68    14.425 54588.83612003 12.28 229.736145  67.098739  8.137
 68    14.144 54588.83612067  3.80 229.732675  67.095679  8.137
 69    73.105 54623.83612845 11.40 229.779750  67.143420  4.783
 69    72.348 54623.83612910 11.96 229.776270  67.140350  4.783
 69    71.943 54623.83612974 11.62 229.772790  67.137290  4.783
 69    70.685 54623.83613039 11.76 229.769310  67.134220  4.783
 69    69.935 54623.83613103 12.21 229.765830  67.131160  4.783
 69    68.788 54623.83613168 12.44 229.762360  67.128090  4.783
 69    69.711 54623.83613232 13.14 229.758880  67.125030  4.783
 69    67.915 54623.83613297 12.95 229.755410  67.121960  4.783
 69    72.237 54623.83613361 12.55 229.751930  67.118900  4.783
 69    71.180 54623.83613425 13.42 229.748460  67.115830  4.783
 69    72.774 54623.83613490 12.23 229.744990  67.112770  4.783
 69    73.297 54623.83613554 13.60 229.741520  67.109700  4.783
 69    74.634 54623.83613619 13.33 229.738050  67.106630  4.783
 69    76.435 54623.83613683 13.01 229.734580  67.103570  4.783
 69    78.351 54623.83613748 12.36 229.731110  67.100500  4.783
 70    70.481 54658.83613775  8.01 229.778180  67.141148  3.542
 70    69.811 54658.83613839  8.27 229.774700  67.138088  3.542
 70    69.752 54658.83613904  7.40 229.771220  67.135018  3.542
 70    67.665 54658.83613968  7.96 229.767740  67.131958  3.542
 70    66.442 54658.83614033  8.45 229.764260  67.128888  3.542
 70    67.164 54658.83614097  7.68 229.760790  67.125828  3.542
 70    66.725 54658.83614162  7.90 229.757310  67.122758  3.542
 70    63.603 54658.83614226  8.13 229.753840  67.119698  3.542
 70    64.840 54658.83614291  8.77 229.750360  67.116628  3.542
 70    61.706 54658.83614355  8.87 229.746889  67.113567  4.560
 70    71.371 54658.83614419  7.77 229.743419  67.110497  4.560
 70    71.362 54658.83614484  8.24 229.739949  67.107437  4.560
 70    75.826 54658.83614548  8.51 229.736479  67.104367  4.560
 70    77.164 54658.83614613  8.42 229.733009  67.101297  4.560
 70    77.917 54658.83614677  8.30 229.729539  67.098237  4.560
 71    69.741 54693.83611759  9.05 229.779625  67.146034 12.281
 71    66.718 54693.83611823  9.65 229.776145  67.142974 12.281
 71    65.930 54693.83611888 10.47 229.772665  67.139904 12.281
 71    65.546 54693.83611952 11.02 229.769185  67.136834 12.281
 71    15.996 54693.83612017 15.43 229.765705  67.133774 12.281
 71    62.148 54693.83612081 11.45 229.762235  67.130704 12.281
 71    17.257 54693.83612146 11.91 229.758755  67.127644 12.281
 71    16.533 54693.83612210 16.06 229.755285  67.124574 12.281
 71    17.356 54693.83612275 19.13 229.751805  67.121514 12.281
 71    16.542 54693.83612339 28.09 229.748335  67.118444 12.281
 71    16.868 54693.83612404 27.35 229.744865  67.115384 12.281
 71    13.986 54693.83612468 29.49 229.741385  67.112314 12.281
 71    15.425 54693.83612533 20.18 229.737915  67.109244 12.281
 71    14.279 54693.83612597 18.07 229.734445  67.106184 12.281
 71    14.372 54693.83612662 14.35 229.730975  67.103114 12.281
 72    17.202 54728.83609269 19.96 229.781738  67.135151 10.150
 72    17.265 54728.83609334 14.71 229.778258  67.132081 10.150
 72    16.169 54728.83609398 15.48 229.774778  67.129021 10.150
 72    17.226 54728.83609463 15.28 229.771308  67.125951 10.150
 72    16.686 54728.83609527 13.90 229.767828  67.122891 10.150
 72    17.064 54728.83609592 14.84 229.764358  67.119821 10.150
 72    16.731 54728.83609656 16.42 229.760878  67.116761 10.150
 72    17.226 54728.83609720 18.86 229.757408  67.113691 10.150
 72    17.071 54728.83609785 21.62 229.753928  67.110621 10.150
 72    16.550 54728.83609849 25.09 229.750458  67.107561 10.150
 72    17.338 54728.83609914 23.33 229.746988  67.104491 10.150
 72    15.081 54728.83609978 18.74 229.743518  67.101431 10.150
 72    15.442 54728.83610043 14.73 229.740048  67.098361 10.150
 72    15.536 54728.83610107 12.29 229.736578  67.095301 10.150
 72    14.709 54728.83610172 12.94 229.733108  67.092233  8.673
 72    13.409 54728.83610236 13.54 229.729638  67.089163  8.673
 73    16.617 54763.83609647 33.11 229.778935  67.141368 15.753
 73    17.512 54763.83609711 33.83 229.775455  67.138308 15.753
 73    16.654 54763.83609776 30.42 229.771975  67.135238 15.753
 73    16.413 54763.83609840 31.78 229.768495  67.132178 15.753
 73    16.357 54763.83609905 32.44 229.765025  67.129108 15.753
 73    16.361 54763.83609969 32.00 229.761545  67.126048 15.753
 73    17.057 54763.83610034 31.65 229.758075  67.122978 15.753
 73    15.007 54763.83610098 34.93 229.754595  67.119918 15.753
 73    16.402 54763.83610163 30.77 229.751125  67.116848 15.753
 73    16.937 54763.83610227 28.15 229.747645  67.113788 15.753
 73    15.940 54763.83610292 26.75 229.744175  67.110718 15.753
 73    15.544 54763.83610356 28.42 229.740705  67.107648 15.753
 73    14.949 54763.83610421 34.33 229.737235  67.104588 15.753
 73    17.753 54763.83610485 29.58 229.733765  67.101518 15.753
 73    14.863 54763.83610550 30.55 229.730295  67.098458 15.753
 74    16.341 54798.83608685 18.26 229.780872  67.131748  7.608
 74    17.505 54798.83608750 17.30 229.777392  67.128678  7.608
 74    16.881 54798.83608814 17.73 229.773912  67.125618  7.608
 74    17.798 54798.83608879 16.95 229.770432  67.122548  7.608
 74    18.214 54798.83608943 16.87 229.766962  67.119488  7.608
 74    18.048 54798.83609008 19.11 229.763482  67.116418  7.608
 74    18.823 54798.83609072 18.97 229.760012  67.113358  7.608
 74    18.526 54798.83609137 20.07 229.756532  67.110288  7.608
 74    18.210 54798.83609201 22.53 229.753062  67.107228  7.608
 74    16.614 54798.83609266 22.55 229.749592  67.104158  7.608
 74    16.748 54798.83609330 21.16 229.746122  67.101098  7.608
 74    16.215 54798.83609395 19.52 229.742652  67.098028  7.608
 74    16.174 54798.83609459 19.72 229.739177  67.094965  8.381
 74    15.534 54798.83609523 19.78 229.735707  67.091895  8.381
 74    15.352 54798.83609588 19.34 229.732237  67.088835  8.381
 74    14.845 54798.83609652 20.03 229.728777  67.085765  8.381
 76    69.009 54868.83608364 10.76 229.780093  67.130384  4.587
 76    67.216 54868.83608429 11.04 229.776613  67.127314  4.587
 76    66.790 54868.83608493 10.46 229.773133  67.124254  4.587
 76    66.477 54868.83608558 10.04 229.769653  67.121184  4.587
 76    66.409 54868.83608622  9.91 229.766183  67.118124  4.587
 76    65.577 54868.83608687  9.88 229.762703  67.115054  4.587
 76    64.014 54868.83608751 10.07 229.759233  67.111994  4.587
 76    61.596 54868.83608816 10.31 229.755763  67.108924  4.587
 76    61.718 54868.83608880 10.42 229.752283  67.105864  4.587
 76    59.799 54868.83608945 11.50 229.748813  67.102794  4.587
 76    16.086 54868.83609009 12.15 229.745343  67.099734  4.587
 76    14.811 54868.83609074 12.54 229.741873  67.096664  4.587
 76    14.393 54868.83609138 12.11 229.738407  67.093601  4.630
 76    14.299 54868.83609202 11.84 229.734937  67.090531  4.630
 76    13.487 54868.83609267 12.50 229.731467  67.087461  4.630
 76    14.161 54868.83609331 11.89 229.728007  67.084401  4.630
 77    66.583 54903.83609633  3.34 229.769693  67.143527  3.241
 77    65.418 54903.83609697  7.75 229.766213  67.140467  3.241
 77    65.229 54903.83609762  9.24 229.762733  67.137397  3.241
 77    64.098 54903.83609826 10.15 229.759253  67.134337  3.241
 77    63.462 54903.83609891  9.56 229.755783  67.131267  3.241
 77    64.329 54903.83609955  8.24 229.752303  67.128207  3.241
 77    65.347 54903.83610020  8.29 229.748833  67.125137  3.241
 77    63.341 54903.83610084  8.04 229.745353  67.122077  3.241
 77    64.160 54903.83610149  7.53 229.741883  67.119007  3.241
 77    65.380 54903.83610213  7.56 229.738413  67.115947  3.241
 77    66.700 54903.83610277  7.80 229.734943  67.112877  3.241
 77    63.301 54903.83610342  8.23 229.731473  67.109807  3.241
 78    69.282 54938.83607357  8.07 229.779649  67.135020  3.478
 78    68.787 54938.83607422  7.59 229.776169  67.131960  3.478
 78    67.330 54938.83607486  6.96 229.772689  67.128890  3.478
 78    66.217 54938.83607550  7.40 229.769219  67.125830  3.478
 78    65.839 54938.83607615  7.72 229.765739  67.122760  3.478
 78    65.876 54938.83607679  7.95 229.762259  67.119700  3.478
 78    64.781 54938.83607744  7.50 229.758789  67.116630  3.478
 78    63.856 54938.83607808  7.21 229.755319  67.113570  3.478
 78    59.950 54938.83607873  8.73 229.751839  67.110500  3.478
 78    61.356 54938.83607937  8.11 229.748371  67.107437  4.512
 78    59.259 54938.83608002  8.07 229.744891  67.104367  4.512
 78    15.819 54938.83608066  9.47 229.741421  67.101307  4.512
 78    15.989 54938.83608131  8.66 229.737961  67.098237  4.512
 78    15.175 54938.83608195  8.92 229.734491  67.095167  4.512
 78    13.621 54938.83608260  9.66 229.731021  67.092107  4.512
 78    13.153 54938.83608324  9.76 229.727551  67.089037  4.512
 79    25.809 54973.83610397 25.89 229.780128  67.139256 11.977
 79    26.166 54973.83610462 35.03 229.776648  67.136196 11.977
 79    26.349 54973.83610526 28.59 229.773168  67.133126 11.977
 79    24.468 54973.83610591 25.25 229.769688  67.130066 11.977
 79    25.159 54973.83610655 22.54 229.766218  67.126996 11.977
 79    25.435 54973.83610720 22.78 229.762738  67.123936 11.977
 79    26.105 54973.83610784 24.02 229.759268  67.120866 11.977
 79    25.391 54973.83610848 27.82 229.755788  67.117806 11.977
 79    25.059 54973.83610913 31.81 229.752318  67.114736 11.977
 79    24.927 54973.83610977 29.77 229.748838  67.111666 11.977
 79    24.996 54973.83611042 24.82 229.745368  67.108606 11.977
 79    23.570 54973.83611106 22.66 229.741898  67.105536 11.977
 79    23.803 54973.83611171 22.21 229.738428  67.102476 11.977
 79    25.064 54973.83611235 24.00 229.734958  67.099406 11.977
 79    27.058 54973.83611300 27.56 229.731488  67.096346 11.977
 79    22.689 54973.83611364 28.69 229.728017  67.093276  9.805
 80    21.248 55008.83611776 39.11 229.777837  67.143719 15.333
 80    20.948 55008.83611841 37.87 229.774357  67.140649 15.333
 80    21.909 55008.83611905 31.40 229.770877  67.137589 15.333
 80    20.148 55008.83611970 38.19 229.767397  67.134519 15.333
 80    21.385 55008.83612034 33.98 229.763917  67.131459 15.333
 80    18.959 55008.83612099 35.25 229.760447  67.128389 15.333
 80    19.198 55008.83612163 28.83 229.756967  67.125329 15.333
 80    21.535 55008.83612228 22.81 229.753497  67.122259 15.333
 80    20.754 55008.83612292 27.49 229.750017  67.119199 15.333
 80    21.264 55008.83612356 31.47 229.746547  67.116129 15.333
 80    22.033 55008.83612421 31.01 229.743077  67.113059 15.333
 80    19.740 55008.83612485 32.74 229.739607  67.109999 15.333
 80    18.117 55008.83612550 32.68 229.736137  67.106929 15.333
 80    18.071 55008.83612614 27.90 229.732667  67.103869 15.333
 80    18.065 55008.83612679 22.07 229.729197  67.100799 15.333
 81    17.244 55043.83610819 40.32 229.779133  67.139198 19.965
 81    19.087 55043.83610884 41.45 229.775653  67.136138 19.965
 81    17.790 55043.83610948 44.26 229.772173  67.133068 19.965
 81    18.592 55043.83611012 42.18 229.768703  67.130008 19.965
 81    18.585 55043.83611077 41.16 229.765223  67.126938 19.965
 81    18.593 55043.83611141 41.89 229.761743  67.123878 19.965
 81    18.967 55043.83611206 43.23 229.758273  67.120808 19.965
 81    17.717 55043.83611270 45.14 229.754793  67.117748 19.965
 81    17.829 55043.83611335 43.45 229.751323  67.114678 19.965
 81    18.220 55043.83611399 43.75 229.747853  67.111608 19.965
 81    18.074 55043.83611464 40.86 229.744383  67.108548 19.965
 81    17.106 55043.83611528 44.82 229.740903  67.105478 19.965
 81    16.671 55043.83611593 45.20 229.737433  67.102418 19.965
 81    18.562 55043.83611657 43.83 229.733963  67.099348 19.965
 81    16.207 55043.83611722 42.87 229.730503  67.096288 19.965
 81    17.024 55043.83611786 36.82 229.727028  67.093217 11.628
 82    71.107 55078.83608381  8.57 229.778430  67.148252  6.855
 82    70.597 55078.83608445  8.29 229.774950  67.145192  6.855
 82    71.272 55078.83608510  8.18 229.771470  67.142122  6.855
 82    69.110 55078.83608574  8.77 229.767990  67.139052  6.855
 82    69.172 55078.83608639  8.42 229.764520  67.135992  6.855
 82    68.192 55078.83608703  8.88 229.761040  67.132922  6.855
 82    64.814 55078.83608768 10.02 229.757560  67.129862  6.855
 82    64.408 55078.83608832 11.44 229.754090  67.126792  6.855
 82    17.662 55078.83608896 12.68 229.750610  67.123732  6.855
 82    17.660 55078.83608961 16.26 229.747140  67.120662  6.855
 82    16.729 55078.83609025 21.66 229.743670  67.117602  6.855
 82    17.761 55078.83609090 15.13 229.740200  67.114532  6.855
 82    15.709 55078.83609154 14.28 229.736720  67.111462  6.855
 82    70.515 55078.83609219 10.96 229.733250  67.108402  6.855
 82    75.824 55078.83609283  8.50 229.729780  67.105332  6.855
 83    71.701 55113.83604109 14.94 229.781029  67.136610  6.290
 83    70.840 55113.83604174 15.30 229.777549  67.133550  6.290
 83    70.886 55113.83604238 14.60 229.774069  67.130480  6.290
 83    69.523 55113.83604303 14.71 229.770589  67.127420  6.290
 83    68.397 55113.83604367 14.18 229.767119  67.124350  6.290
 83    68.571 55113.83604432 13.94 229.763639  67.121290  6.290
 83    67.168 55113.83604496 13.73 229.760169  67.118220  6.290
 83    65.986 55113.83604561 14.21 229.756689  67.115160  6.290
 83    58.010 55113.83604625 19.36 229.753219  67.112090  6.290
 83    60.249 55113.83604690 19.50 229.749749  67.109030  6.290
 83    16.959 55113.83604754 19.83 229.746279  67.105960  6.290
 83    62.880 55113.83604819 14.46 229.742799  67.102900  6.290
 83    63.125 55113.83604883 13.28 229.739329  67.099830  6.290
 83    75.292 55113.83604947 11.81 229.735859  67.096760  6.290
 83    77.231 55113.83605012 12.39 229.732399  67.093700  6.290
 83    79.406 55113.83605076 11.86 229.728926  67.090633  5.278
 84    69.810 55148.83604009 16.64 229.781183  67.144703 10.977
 84    16.528 55148.83604138 22.35 229.774223  67.138573 10.977
 84    17.096 55148.83604202 23.79 229.770743  67.135503 10.977
 84    18.159 55148.83604267 24.92 229.767273  67.132443 10.977
 84    18.098 55148.83604331 23.82 229.763793  67.129373 10.977
 84    18.439 55148.83604396 22.60 229.760313  67.126313 10.977
 84    19.297 55148.83604460 21.84 229.756843  67.123243 10.977
 84    18.285 55148.83604525 26.95 229.753363  67.120183 10.977
 84    19.509 55148.83604589 23.82 229.749893  67.117113 10.977
 84    16.307 55148.83604654 26.75 229.746423  67.114053 10.977
 84    18.373 55148.83604718 27.81 229.742943  67.110983 10.977
 84    17.352 55148.83604783 25.01 229.739473  67.107913 10.977
 84    16.964 55148.83604847 23.46 229.736003  67.104853 10.977
 84    16.824 55148.83604912 20.90 229.732533  67.101783 10.977
 84    17.810 55148.83604976 21.46 229.729063  67.098723 10.977
 85    70.926 55183.83602386 14.78 229.782387  67.133607  6.396
 85    68.942 55183.83602451 15.82 229.778907  67.130547  6.396
 85    68.159 55183.83602515 15.62 229.775427  67.127477  6.396
 85    66.657 55183.83602580 15.89 229.771947  67.124417  6.396
 85    65.842 55183.83602644 16.28 229.768467  67.121347  6.396
 85    67.038 55183.83602708 14.98 229.764997  67.118287  6.396
 85    63.001 55183.83602773 16.88 229.761517  67.115217  6.396
 85    63.874 55183.83602837 15.50 229.758047  67.112157  6.396
 85    63.041 55183.83602902 14.96 229.754577  67.109087  6.396
 85    59.910 55183.83602966 16.87 229.751097  67.106027  6.396
 85    57.902 55183.83603031 17.15 229.747627  67.102957  6.396
 85    16.576 55183.83603095 18.35 229.744157  67.099897  6.396
 85    15.279 55183.83603160 19.42 229.740687  67.096827  6.396
 85    16.446 55183.83603224 17.59 229.737220  67.093762  6.058
 85    15.531 55183.83603289 18.14 229.733750  67.090692  6.058
 85    14.705 55183.83603353 17.56 229.730280  67.087632  6.058
 86    68.346 55218.83603744 13.55 229.780370  67.146867  5.123
 86    67.028 55218.83603808 15.40 229.776890  67.143807  5.123
 86    67.161 55218.83603873 14.19 229.773410  67.140737  5.123
 86    67.746 55218.83603937 13.76 229.769930  67.137677  5.123
 86    67.574 55218.83604001 13.46 229.766450  67.134607  5.123
 86    66.982 55218.83604066 14.17 229.762970  67.131547  5.123
 86    66.227 55218.83604130 13.27 229.759500  67.128477  5.123
 86    63.401 55218.83604195 13.73 229.756020  67.125417  5.123
 86    63.202 55218.83604259 13.55 229.752550  67.122347  5.123
 86    61.658 55218.83604324 14.25 229.749070  67.119287  5.123
 86    62.833 55218.83604388 13.83 229.745600  67.116217  5.123
 86    63.156 55218.83604453 13.53 229.742130  67.113147  5.123
 86    64.594 55218.83604517 13.34 229.738660  67.110087  5.123
 86    66.142 55218.83604582 13.34 229.735190  67.107017  5.123
 86    65.775 55218.83604646 13.58 229.731720  67.103957  5.123
 87    70.455 55253.83602027 10.90 229.780231  67.132770  4.586
 87    69.525 55253.83602092 11.51 229.776751  67.129700  4.586
 87    69.444 55253.83602156 11.85 229.773271  67.126640  4.586
 87    67.796 55253.83602220 11.53 229.769801  67.123570  4.586
 87    66.131 55253.83602285 11.88 229.766321  67.120510  4.586
 87    66.495 55253.83602349 11.17 229.762841  67.117440  4.586
 87    65.300 55253.83602414 11.40 229.759371  67.114380  4.586
 87    63.694 55253.83602478 12.03 229.755901  67.111310  4.586
 87    62.711 55253.83602543 11.97 229.752421  67.108250  4.586
 87    60.659 55253.83602607 12.67 229.748951  67.105180  4.586
 87    60.894 55253.83602672 12.73 229.745481  67.102120  4.586
 87    60.466 55253.83602736 13.15 229.742011  67.099050  4.586
 87    14.246 55253.83602801 15.05 229.738543  67.095987  5.226
 87    58.072 55253.83602865 13.93 229.735073  67.092917  5.226
 87    13.779 55253.83602930 14.48 229.731603  67.089857  5.226
 87    59.930 55253.83602994 14.12 229.728133  67.086787  5.226
 88    66.090 55288.83602685 10.94 229.776751  67.149609  5.112
 88    65.636 55288.83602750 10.90 229.773271  67.146549  5.112
 88    64.623 55288.83602814 11.41 229.769791  67.143479  5.112
 88    66.253 55288.83602878 11.53 229.766311  67.140419  5.112
 88    62.792 55288.83602943 11.15 229.762841  67.137349  5.112
 88    17.072 55288.83603007 11.88 229.759361  67.134279  5.112
 88    63.433 55288.83603072 11.19 229.755881  67.131219  5.112
 88    64.353 55288.83603136 10.33 229.752411  67.128149  5.112
 88    62.869 55288.83603201 10.96 229.748931  67.125089  5.112
 88    63.240 55288.83603265 10.80 229.745461  67.122019  5.112
 88    63.243 55288.83603330 10.62 229.741991  67.118959  5.112
 88    64.734 55288.83603394 10.38 229.738511  67.115889  5.112
 88    65.124 55288.83603459 10.01 229.735041  67.112819  5.112
 88    65.592 55288.83603523 10.66 229.731571  67.109759  5.112
 89    21.609 55323.83600581 18.60 229.778195  67.141716 13.449
 89    21.814 55323.83600645 18.41 229.774715  67.138646 13.449
 89    21.510 55323.83600710 19.98 229.771235  67.135586 13.449
 89    21.978 55323.83600774 18.52 229.767755  67.132516 13.449
 89    20.540 55323.83600839 18.86 229.764275  67.129456 13.449
 89    20.648 55323.83600903 16.70 229.760805  67.126386 13.449
 89    20.703 55323.83600968 17.06 229.757325  67.123326 13.449
 89    19.673 55323.83601032 18.39 229.753855  67.120256 13.449
 89    18.980 55323.83601097 18.56 229.750375  67.117196 13.449
 89    18.576 55323.83601161 19.86 229.746905  67.114126 13.449
 89    18.895 55323.83601226 18.83 229.743435  67.111056 13.449
 89    18.870 55323.83601290 20.51 229.739965  67.107996 13.449
 89    18.885 55323.83601354 20.74 229.736495  67.104926 13.449
 89    19.128 55323.83601419 22.73 229.733025  67.101866 13.449
 89    19.220 55323.83601483 21.90 229.729555  67.098796 13.449
 90    16.148 55358.83600402 43.26 229.778701  67.143515 18.840
 90    18.506 55358.83600467 41.64 229.775221  67.140445 18.840
 90    18.779 55358.83600531 41.59 229.771741  67.137385 18.840
 90    18.630 55358.83600596 39.42 229.768261  67.134315 18.840
 90    20.322 55358.83600660 36.72 229.764781  67.131255 18.840
 90    19.329 55358.83600725 39.35 229.761311  67.128185 18.840
 90    19.448 55358.83600789 42.66 229.757831  67.125125 18.840
 90    17.894 55358.83600854 43.99 229.754361  67.122055 18.840
 90    18.577 55358.83600918 41.57 229.750881  67.118995 18.840
 90    18.548 55358.83600982 43.31 229.747411  67.115925 18.840
 90    18.250 55358.83601047 43.51 229.743941  67.112855 18.840
 90    17.791 55358.83601111 45.33 229.740471  67.109795 18.840
 90    17.580 55358.83601176 44.34 229.737001  67.106725 18.840
 90    16.822 55358.83601240 45.09 229.733531  67.103665 18.840
 90    19.085 55358.83601305 41.51 229.730061  67.100595 18.840
 92    70.653 55428.83602010  9.66 229.781794  67.141185  7.226
 92    68.888 55428.83602074 10.88 229.778314  67.138115  7.226
 92    16.986 55428.83602139 14.38 229.774834  67.135055  7.226
 92    14.295 55428.83602203 20.88 229.771354  67.131985  7.226
 92    15.066 55428.83602268 16.46 229.767874  67.128925  7.226
 92    16.304 55428.83602332 14.51 229.764404  67.125855  7.226
 92    16.164 55428.83602397 13.90 229.760924  67.122795  7.226
 92    16.955 55428.83602461 17.33 229.757454  67.119725  7.226
 92    16.579 55428.83602526 18.71 229.753974  67.116665  7.226
 93    18.044 55463.83598213 38.63 229.777833  67.148960 20.089
 93    15.968 55463.83598277 41.72 229.774353  67.145900 20.089
 93    18.192 55463.83598342 40.49 229.770873  67.142830 20.089
 93    16.936 55463.83598406 39.38 229.767393  67.139760 20.089
 93    12.056 55463.83598471 38.59 229.763913  67.136700 20.089
 93    17.880 55463.83598535 37.33 229.760443  67.133630 20.089
 93    16.161 55463.83598600 36.97 229.756963  67.130570 20.089
 93    18.314 55463.83598664 32.74 229.753493  67.127500 20.089
 93    17.920 55463.83598729 35.63 229.750013  67.124440 20.089
 93    17.146 55463.83598793 37.49 229.746543  67.121370 20.089
 93    17.721 55463.83598858 38.17 229.743073  67.118300 20.089
 93    16.403 55463.83598922 44.59 229.739603  67.115240 20.089
 93    16.301 55463.83598987 43.26 229.736133  67.112170 20.089
 93    15.978 55463.83599051 40.63 229.732663  67.109110 20.089
 93    15.383 55463.83599116 39.76 229.729193  67.106040 20.089
