# NaN NaN NaN ;Mean Elev.(m), Avg Gradient(m/km), RMS Gradient(m/km) - SRTM1     
#   17.001  -3.038  26.056 ;Mean Elev.(m), Avg Gradient(m/km), RMS Gradient(m/km) - ASTER GDEM
#   30.129  -3.020  25.364 ;Mean Elev.(m), Avg Gradient(m/km), RMS Gradient(m/km) - GMTED2010 
  7 231.184390  65.781029     7.496     7.412  3 52447.82848185 25.247
  8 231.188519  65.784931    29.605    29.783  5 52482.82847000 27.236
  9 231.187923  65.786144    34.655    30.463  5 52517.82842661 20.758
 10 231.189692  65.773040    30.103    28.332  8 52552.82847848 28.370
 11 231.189193  65.779089    28.543    28.627  6 52587.82845659 41.835
 12 231.187849  65.787672    60.178    65.383  3 52622.82841440 19.254
 13 231.189646  65.773992    66.176    66.168  7 52657.82842945 11.465
 15 231.189372  65.774984    67.636    67.412  7 52727.82845225  6.258
 16 231.182600  65.794490    40.405    30.853  3 52762.82846240 19.905
 19 231.199939  65.777934    28.852    28.994  4 52867.82854634 34.839
 20 231.187793  65.782207    28.457    28.506  6 52902.82856339 26.762
 21 231.185407  65.791680    27.754    27.736  4 52937.82850000 29.106
 22 231.194066  65.778570    61.079    65.211  6 52972.82853465 14.034
 23 231.188814  65.784826    66.731    66.152  5 53007.82854330  8.529
 24 231.197131  65.775735    68.417    67.470  4 53042.82850056  7.394
 25 231.187475  65.785904    65.488    65.463  4 53077.82853230  8.397
 26 231.190777  65.772712    68.496    68.696  7 53112.82850489  5.354
 27 231.194076  65.784131    31.728    31.661  4 53147.82854701 39.221
 28 231.197858  65.780375    29.223    29.433  4 53182.82854825 23.366
 29 231.188911  65.780312    28.668    28.806  6 53217.82857258 25.174
 30 231.185564  65.791851    44.988    48.084  4 53252.82854847 14.315
 31 231.199174  65.781608    69.449    69.449  2 53287.82854964 13.759
 32 231.196651  65.778123    66.131    66.849  5 53322.82852633 11.641
 33 231.189583  65.783703    65.206    65.600  4 53357.82849082 12.221
 34 231.198490  65.776573    68.000    68.534  4 53392.82850706  5.273
 35 231.188465  65.781405    68.526    68.270  6 53427.82850133  5.511
 36 231.202421  65.776371    69.855    69.855  2 53462.82851956  5.025
 37 231.189066  65.783311    32.786    32.918  6 53497.82859066 32.897
 38 231.189016  65.778634    31.148    31.138  7 53532.82857302 23.342
 40 231.186709  65.785996    28.614    28.688  5 53602.82853671 23.201
 41 231.188349  65.769920    33.261    28.269  6 53637.82853751 22.062
 42 231.184789  65.776990    27.592    27.633  3 53672.82855701 46.045
 43 231.192856  65.786690    67.290    67.290  2 53707.82848659  6.915
 44 231.184308  65.790976    65.585    65.977  3 53742.82839740  9.834
 45 231.190880  65.772313    68.175    68.694  7 53777.82842683  7.720
 46 231.184294  65.788603    65.596    66.005  4 53812.82840001  8.490
 47 231.190202  65.772462    68.092    68.031  8 53847.82845739  5.869
 49 231.186743  65.783874    37.472    30.069  5 53917.82853716 24.870
 50 231.187460  65.787878    29.042    29.064  4 53952.82854014 21.992
 52 231.198748  65.776740    27.673    27.648  4 54022.82852113 31.970
 53 231.200745  65.780355    66.979    67.040  3 54057.82851292 13.296
 54 231.188938  65.789545    66.191    66.551  4 54092.82849295 12.185
 55 231.204440  65.777282    71.970    71.970  2 54127.82843071  8.839
 56 231.193667  65.787186    66.887    66.887  2 54162.82846242  9.355
 57 231.196553  65.775462    66.997    66.989  5 54197.82843375  5.233
 58 231.191488  65.775888    37.224    37.365  7 54232.82847777 28.600
 59 231.187358  65.775434    41.855    42.670  6 54267.82849656 18.027
 60 231.191281  65.779184    31.332    29.694  6 54302.82849988 19.052
 61 231.188622  65.782476    28.989    28.921  5 54337.82848524 39.035
 62 231.189481  65.770717    39.157    38.216  8 54372.82843454 16.095
 63 231.183092  65.775392    27.754    27.754  2 54407.82843211 47.410
 65 231.195126  65.782698    67.363    66.106  3 54477.82841945  9.827
 66 231.203494  65.777633    72.961    72.961  2 54512.82840850  5.279
 67 231.189203  65.783274    65.680    65.238  5 54547.82843332  8.193
 68 231.189598  65.774789    68.449    68.176  7 54582.82840489  4.024
 69 231.190742  65.777846    37.851    33.839  7 54617.82842502 20.219
 70 231.186272  65.776465    36.055    32.859  5 54652.82843752 16.783
 72 231.204521  65.778376    36.272    36.272  2 54722.82838375 16.481
 73 231.189803  65.781327    27.850    27.770  6 54757.82840208 40.900
 74 231.203458  65.778570    67.254    67.254  2 54792.82837736 10.674
 75 231.188842  65.775031    67.759    68.006  7 54827.82840113  8.381
 76 231.201746  65.778915    67.339    66.819  3 54862.82837129  6.687
 77 231.188912  65.783219    66.754    66.110  6 54897.82839987  5.556
 78 231.192195  65.773897    67.948    67.721  8 54932.82836761  4.054
 79 231.190229  65.778350    33.549    33.613  6 54967.82840139 43.100
 80 231.189839  65.780727    31.300    31.285  6 55002.82842101 24.310
 81 231.190802  65.778384    34.896    30.101  7 55037.82840796 18.821
 82 231.187449  65.783931    40.840    39.698  5 55072.82839307 18.412
 83 231.198912  65.777045    48.407    48.861  4 55107.82834033 16.723
 84 231.189700  65.783034    28.461    28.424  6 55142.82834448 36.731
 85 231.204849  65.777247    69.725    69.725  2 55177.82831183 11.105
 86 231.188995  65.778800    64.692    65.117  7 55212.82833979 12.421
 87 231.193193  65.773266    67.744    67.851  7 55247.82831436  7.647
 88 231.188303  65.783256    67.002    68.031  5 55282.82833274  9.317
 89 231.190330  65.780993    31.150    31.154  5 55317.82830233 31.723
 90 231.189007  65.781842    29.503    29.578  5 55352.82830545 30.394
 91 231.193590  65.773240    29.928    29.748  6 55387.82830369 20.544
 92 231.190113  65.778761    35.447    35.344  6 55422.82832367 16.826
 93 231.187209  65.783932    41.572    39.722  5 55457.82829562 19.968
