# NaN NaN NaN ;Mean Elev.(m), Avg Gradient(m/km), RMS Gradient(m/km) - SRTM1     
#   20.000 -17.442  72.902 ;Mean Elev.(m), Avg Gradient(m/km), RMS Gradient(m/km) - ASTER GDEM
#   52.121 -10.321  68.200 ;Mean Elev.(m), Avg Gradient(m/km), RMS Gradient(m/km) - GMTED2010 
  8 232.864710  65.298331    40.782    40.594  4 52495.82255665 16.295
  9 232.877961  65.296351    47.418    47.611  4 52530.82254208 18.263
 10 232.878008  65.296770    39.404    39.385  3 52565.82256200 22.199
 12 232.871564  65.297430    40.391    40.390  3 52635.82254182 17.804
 13 232.862464  65.299684    40.567    40.816  4 52670.82254887 14.982
 14 232.872409  65.294690    39.925    39.925  2 52705.82254317  9.916
 15 232.860005  65.300634    44.589    39.890  3 52740.82257651  9.315
 17 232.873636  65.297872    43.248    43.213  4 52810.82259788 41.071
 18 232.871765  65.294396    42.943    42.943  2 52845.82265419 35.859
 19 232.864591  65.298715    48.053    48.024  4 52880.82269095 37.242
 20 232.860552  65.300168    42.599    42.845  3 52915.82264821 39.950
 23 232.864162  65.301552    47.347    47.347  2 53020.82261934 12.019
 24 232.875973  65.296023    47.354    41.909  3 53055.82260831  9.529
 25 232.849397  65.302020    69.512    69.591  5 53090.82264569  7.908
 29 232.867970  65.298585    46.812    47.547  3 53230.82266009 25.268
 30 232.850155  65.301758    40.648    40.510  5 53265.82263029 18.743
 32 232.864450  65.300049    40.813    40.813  2 53335.82265005 20.599
 33 232.854204  65.300660    40.007    39.951  3 53370.82258813 12.089
 34 232.872577  65.298123    54.797    55.233  3 53405.82262265 10.275
 35 232.855395  65.301826    59.693    62.211  4 53440.82260919  7.657
 36 232.866353  65.298369    45.942    40.904  3 53475.82267508  8.907
 37 232.866678  65.299231    51.712    53.251  3 53510.82268960 34.770
 39 232.861245  65.301615    43.321    41.463  3 53580.82268098 19.106
 40 232.850588  65.300885    46.875    41.974  4 53615.82263611 38.473
 41 232.871911  65.297621    46.375    46.337  3 53650.82264867 17.930
 42 232.861879  65.301550    41.568    41.568  2 53685.82265648 21.437
 43 232.857945  65.301290    40.470    40.592  4 53720.82258273 15.386
 44 232.880325  65.295109    40.158    40.158  2 53755.82251031 13.713
 45 232.865607  65.297879    40.078    39.974  4 53790.82253824 12.676
 46 232.883878  65.295709    60.745    56.120  3 53825.82249685  8.857
 48 232.872375  65.299435    42.853    43.639  3 53895.82260760 40.404
 49 232.857051  65.301511    45.247    45.284  4 53930.82265960 15.173
 50 232.856718  65.302263    41.959    42.369  4 53965.82263665 44.460
 51 232.883918  65.295034    46.079    40.341  3 54000.82259624 16.871
 53 232.865538  65.298646    39.564    39.646  3 54070.82263250 17.664
 54 232.853594  65.303291    49.867    39.369  3 54105.82258482 13.942
 56 232.858004  65.300378    44.240    38.511  3 54175.82256590 10.719
 57 232.872509  65.301266    38.934    38.934  2 54210.82257114  7.253
 58 232.866767  65.298165    56.803    56.202  4 54245.82260180 12.511
 59 232.866950  65.299254    42.376    42.311  3 54280.82261254 41.334
 60 232.866350  65.300996    41.598    41.598  2 54315.82261127 13.476
 62 232.870485  65.298613    41.209    41.044  3 54385.82255048 17.150
 64 232.878390  65.298378    41.638    41.980  3 54455.82252266 17.752
 65 232.861029  65.298548    44.769    41.482  4 54490.82253042 11.369
 66 232.871000  65.296893    51.093    55.021  3 54525.82253602  8.716
 67 232.859059  65.301175    84.067    84.067  2 54560.82253856  6.667
 69 232.865665  65.299917    60.680    60.697  3 54630.82254534  9.762
 71 232.857556  65.299760    44.879    43.548  4 54700.82252118 16.181
 72 232.872872  65.296769    46.786    47.612  4 54735.82251145 34.038
 74 232.872690  65.298473    41.198    41.198  2 54805.82250498 18.278
 75 232.864944  65.299016    40.636    40.749  3 54840.82249705 14.046
 76 232.868083  65.298315    50.433    54.492  3 54875.82250616  9.884
 77 232.854888  65.300455    47.799    47.421  4 54910.82250273  9.111
 78 232.869630  65.298250    40.087    40.191  3 54945.82249859  8.238
 79 232.863881  65.299034    49.612    49.932  3 54980.82252495 19.733
 80 232.864219  65.297984    49.072    44.813  4 55015.82252709 15.189
 81 232.865009  65.298394    42.449    42.267  3 55050.82252127 29.288
 82 232.855440  65.302008    41.983    41.818  4 55085.82248672 37.538
 83 232.871884  65.296097    37.213    37.213  2 55120.82245521 22.665
 85 232.873947  65.298890    40.190    39.926  3 55190.82244394 14.030
 86 232.861077  65.300271    59.663    55.718  4 55225.82244729 10.826
 87 232.866470  65.297611    63.236    60.457  3 55260.82244023 10.045
 88 232.857171  65.300104    64.421    67.303  3 55295.82243272  8.858
 91 232.876049  65.300948    41.075    41.075  2 55400.82242588 38.789
 92 232.865874  65.300437    40.843    39.953  3 55435.82243083 31.964
 93 232.857719  65.304397    39.663    39.663  2 55470.82238300 40.078
