# NaN NaN NaN ;Mean Elev.(m), Avg Gradient(m/km), RMS Gradient(m/km) - SRTM1     
#  134.052  -0.483   3.453 ;Mean Elev.(m), Avg Gradient(m/km), RMS Gradient(m/km) - ASTER GDEM
#  143.000  -0.764   2.118 ;Mean Elev.(m), Avg Gradient(m/km), RMS Gradient(m/km) - GMTED2010 
  6   142.238 52437.19994241 49.73 242.129015  61.401868 34.878
  6   142.158 52437.19994305 49.37 242.126645  61.405028 34.878
  6   142.160 52437.19994370 50.19 242.124275  61.408178 34.878
  6   142.189 52437.19994434 47.82 242.121895  61.411338 34.878
  6   142.240 52437.19994499 50.16 242.119525  61.414488 34.878
  6   142.145 52437.19994563 51.43 242.117145  61.417648 34.878
  6   142.290 52437.19994628 50.87 242.114775  61.420798 34.878
  6   142.212 52437.19994692 49.18 242.112395  61.423958 34.878
  7   145.659 52472.19994266 24.27 242.139897  61.398308 20.679
  7   142.225 52472.19994331 23.59 242.137517  61.401468 20.679
  7   142.251 52472.19994395 22.21 242.135147  61.404618 20.679
  7   142.381 52472.19994460 22.55 242.132777  61.407778 20.679
  7   142.348 52472.19994524 23.00 242.130397  61.410928 20.679
  7   142.398 52472.19994589 24.10 242.128027  61.414088 20.679
  7   142.424 52472.19994653 24.39 242.125657  61.417238 20.679
  8   134.466 52507.19991716 31.06 242.147587  61.396391 14.173
  8   134.166 52507.19991780 30.50 242.145217  61.399551 14.173
  8   133.948 52507.19991845 28.63 242.142847  61.402701 14.173
  8   133.645 52507.19991909 25.62 242.140467  61.405861 14.173
  8   132.923 52507.19991974 23.63 242.138097  61.409011 14.173
  8   134.020 52507.19992038 21.84 242.135727  61.412171 14.173
  8   140.051 52507.19992103 19.57 242.133357  61.415321 14.173
  9   140.859 52542.19990065 24.81 242.136084  61.401142 17.961
  9   140.900 52542.19990129 23.81 242.133714  61.404292 17.961
  9   140.791 52542.19990194 21.14 242.131334  61.407452 17.961
  9   141.004 52542.19990258 19.75 242.128964  61.410602 17.961
  9   147.384 52542.19990323 17.82 242.126584  61.413762 17.961
  9   147.456 52542.19990387 16.32 242.124214  61.416912 17.961
  9   147.178 52542.19990452 15.76 242.121834  61.420072 17.961
 10   141.844 52577.19995055 48.21 242.134656  61.400429 24.350
 10   141.748 52577.19995120 49.53 242.132276  61.403579 24.350
 10   141.869 52577.19995184 47.91 242.129906  61.406739 24.350
 10   141.792 52577.19995248 46.55 242.127536  61.409889 24.350
 10   141.797 52577.19995313 45.49 242.125156  61.413049 24.350
 10   141.863 52577.19995377 44.89 242.122786  61.416199 24.350
 10   141.740 52577.19995442 49.58 242.120406  61.419359 24.350
 11   141.754 52612.19991353 42.08 242.145590  61.398803 22.616
 11   141.725 52612.19991417 45.74 242.143220  61.401953 22.616
 11   141.696 52612.19991482 45.53 242.140840  61.405113 22.616
 11   141.669 52612.19991546 44.98 242.138470  61.408263 22.616
 11   141.673 52612.19991611 43.37 242.136100  61.411423 22.616
 11   141.547 52612.19991675 37.07 242.133730  61.414573 22.616
 12   142.838 52647.19989874 17.64 242.137892  61.399695  9.611
 12   142.674 52647.19989939 19.91 242.135522  61.402855  9.611
 12   142.368 52647.19990003 19.04 242.133152  61.406005  9.611
 12   142.302 52647.19990068 21.61 242.130772  61.409165  9.611
 12   142.497 52647.19990132 21.27 242.128402  61.412315  9.611
 12   142.559 52647.19990197 24.42 242.126022  61.415475  9.611
 12   142.556 52647.19990261 27.45 242.123652  61.418625  9.611
 13   142.817 52682.19986813 16.57 242.157833  61.396225  5.677
 13   142.577 52682.19986878 15.49 242.155453  61.399375  5.677
 13   142.579 52682.19986942 14.42 242.153083  61.402535  5.677
 13   142.134 52682.19987007 14.88 242.150713  61.405685  5.677
 14   144.258 52717.19992873 10.41 242.133139  61.401242  2.813
 14   143.159 52717.19992938 11.91 242.130769  61.404402  2.813
 14   141.801 52717.19993002 12.34 242.128389  61.407552  2.813
 14   141.749 52717.19993067 13.52 242.126019  61.410712  2.813
 14   141.884 52717.19993131 13.22 242.123639  61.413862  2.813
 14   141.958 52717.19993196 13.52 242.121269  61.417022  2.813
 14   141.994 52717.19993260 13.52 242.118889  61.420172  2.813
 15   142.393 52752.19995374 32.45 242.136587  61.401042 25.303
 15   142.428 52752.19995439 36.47 242.134217  61.404202 25.303
 15   142.185 52752.19995503 36.42 242.131847  61.407352 25.303
 15   142.046 52752.19995568 31.71 242.129477  61.410512 25.303
 15   142.158 52752.19995632 33.43 242.127097  61.413662 25.303
 15   142.111 52752.19995697 34.42 242.124727  61.416822 25.303
 15   141.962 52752.19995761 36.24 242.122357  61.419972 25.303
 16   143.160 52787.19989933 50.09 242.123826  61.401866 30.451
 16   143.080 52787.19989997 51.60 242.121456  61.405026 30.451
 16   143.135 52787.19990062 48.90 242.119076  61.408176 30.451
 16   143.122 52787.19990126 45.35 242.116706  61.411326 30.451
 16   143.122 52787.19990190 44.03 242.114326  61.414486 30.451
 16   142.822 52787.19990255 35.99 242.111956  61.417636 30.451
 16   142.695 52787.19990319 30.40 242.109576  61.420796 30.451
 16   142.995 52787.19990384 27.33 242.107196  61.423946 30.451
 17   142.919 52822.19997173 50.36 242.129597  61.401638 12.539
 17   142.808 52822.19997237 50.72 242.127223  61.404798 34.815
 17   142.956 52822.19997301 48.99 242.124853  61.407948 34.815
 17   142.921 52822.19997366 48.43 242.122473  61.411108 34.815
 17   142.843 52822.19997430 50.44 242.120103  61.414258 34.815
 17   142.793 52822.19997495 49.24 242.117723  61.417418 34.815
 17   142.900 52822.19997559 51.41 242.115353  61.420568 34.815
 17   142.936 52822.19997624 49.20 242.112973  61.423728 34.815
 18   142.446 52857.20001826 51.94 242.137209  61.399875 18.120
 18   142.404 52857.20001890 50.23 242.134829  61.403025 18.120
 18   142.285 52857.20001955 52.19 242.132459  61.406185 32.869
 18   142.464 52857.20002019 51.51 242.130089  61.409335 32.869
 18   142.437 52857.20002084 52.17 242.127709  61.412495 32.869
 18   142.392 52857.20002148 52.14 242.125339  61.415645 32.869
 18   142.351 52857.20002213 51.83 242.122959  61.418805 32.869
 19   142.231 52892.20005051 51.87 242.136627  61.400409 14.738
 19   142.112 52892.20005115 49.68 242.134257  61.403569 14.738
 19   142.232 52892.20005180 50.32 242.131881  61.406721 26.371
 19   142.190 52892.20005244 52.10 242.129511  61.409871 26.371
 19   142.109 52892.20005309 52.36 242.127141  61.413031 26.371
 19   142.177 52892.20005373 52.23 242.124761  61.416181 26.371
 19   142.243 52892.20005438 51.19 242.122391  61.419341 26.371
 20   141.928 52927.20000089 47.13 242.154197  61.395358 18.190
 20   141.901 52927.20000154 46.85 242.151827  61.398508 18.190
 20   141.956 52927.20000218 45.78 242.149457  61.401668 18.190
 20   141.951 52927.20000282 48.48 242.147087  61.404818 18.190
 20   141.841 52927.20000476 42.21 242.139971  61.414285 13.971
 21   141.560 52962.19997192 47.73 242.138192  61.400189 20.867
 21   141.586 52962.19997256 47.18 242.135822  61.403339 20.867
 21   141.598 52962.19997321 49.20 242.133442  61.406499 20.867
 21   141.516 52962.19997385 46.22 242.131072  61.409649 20.867
 21   141.576 52962.19997450 44.29 242.128692  61.412809 20.867
 21   141.350 52962.19997514 37.60 242.126322  61.415959 20.867
 21   141.369 52962.19997579 33.74 242.123942  61.419119 20.867
 22   142.785 52997.20001358 19.72 242.137975  61.398513  6.448
 22   142.825 52997.20001423 18.79 242.135605  61.401673  6.448
 22   142.460 52997.20001487 19.51 242.133235  61.404823  6.448
 22   142.387 52997.20001552 20.17 242.130865  61.407983  6.448
 22   142.424 52997.20001616 27.00 242.128485  61.411133  6.448
 22   142.250 52997.20001681 23.60 242.126115  61.414293  6.448
 22   142.095 52997.20001745 21.16 242.123735  61.417443  6.448
 22   142.121 52997.20001810 19.00 242.121365  61.420603  6.448
 23   144.070 53032.19997112 16.56 242.153472  61.395690  6.260
 23   143.240 53032.19997176 15.73 242.151112  61.398850  6.260
 23   142.647 53032.19997241 15.12 242.148732  61.402000  6.260
 23   142.400 53032.19997305 15.58 242.146362  61.405160  6.260
 23   142.230 53032.19997434 14.56 242.141622  61.411470  6.260
 24   143.061 53067.19998233 13.09 242.141901  61.398282  4.999
 24   142.659 53067.19998297 13.51 242.139531  61.401432  4.999
 24   142.213 53067.19998361 15.98 242.137161  61.404592  4.999
 24   142.105 53067.19998426 16.17 242.134791  61.407742  4.999
 24   142.247 53067.19998490 15.81 242.132411  61.410902  4.999
 24   142.311 53067.19998555 16.13 242.130041  61.414052  4.999
 24   142.241 53067.19998619 15.59 242.127661  61.417212  4.999
 25   142.769 53102.19997560 16.17 242.152577  61.396122 14.391
 25   142.557 53102.19997625 15.93 242.150207  61.399282 14.391
 25   142.460 53102.19997689 13.58 242.147837  61.402432 14.391
 25   142.491 53102.19997754 13.02 242.145467  61.405592 14.391
 25   142.235 53102.19997818 12.26 242.143097  61.408742 14.391
 25   142.550 53102.19997883 13.48 242.140727  61.411902 14.391
 26   145.685 53137.19998513 24.39 242.141648  61.397855 20.692
 26   143.548 53137.19998577 24.05 242.139278  61.401015 20.692
 26   143.393 53137.19998642 22.67 242.136908  61.404165 20.692
 26   143.318 53137.19998706 24.50 242.134528  61.407325 20.692
 26   143.371 53137.19998771 25.34 242.132158  61.410475 20.692
 26   143.400 53137.19998835 26.06 242.129778  61.413635 20.692
 26   143.441 53137.19998900 29.50 242.127408  61.416785 20.692
 27   142.002 53172.20003345 50.03 242.135015  61.400326 26.246
 27   141.879 53172.20003409 50.28 242.132645  61.403476 26.246
 27   141.916 53172.20003473 50.00 242.130265  61.406636 26.246
 27   142.018 53172.20003538 47.98 242.127895  61.409786 26.246
 27   141.866 53172.20003602 47.94 242.125525  61.412946 26.246
 27   141.984 53172.20003667 42.58 242.123145  61.416096 26.246
 27   141.838 53172.20003731 36.93 242.120775  61.419256 26.246
 28   142.111 53207.20004708 49.33 242.142287  61.397434 28.475
 28   141.970 53207.20004773 49.85 242.139917  61.400584 28.475
 28   142.032 53207.20004837 51.41 242.137537  61.403744 28.475
 28   142.014 53207.20004902 50.68 242.135167  61.406894 28.475
 28   141.942 53207.20004966 52.45 242.132797  61.410054 28.475
 28   141.888 53207.20005031 52.33 242.130417  61.413204 28.475
 28   141.927 53207.20005095 52.97 242.128047  61.416364 28.475
 29   141.355 53242.20001409 35.55 242.153319  61.395671 23.023
 29   141.453 53242.20001473 34.02 242.150949  61.398831 23.023
 29   141.591 53242.20001538 34.78 242.148579  61.401981 23.023
 29   141.722 53242.20001602 39.02 242.146199  61.405141 23.023
 29   141.704 53242.20001731 46.13 242.141459  61.411451 23.023
 29   141.657 53242.20001796 45.62 242.139089  61.414601 23.023
 30   141.211 53277.19998894 39.15 242.125810  61.402121 18.894
 30   141.076 53277.19998958 30.67 242.123430  61.405281 18.894
 30   140.908 53277.19999023 29.76 242.121060  61.408431 18.894
 30   140.689 53277.19999087 29.44 242.118680  61.411591 18.894
 30   140.365 53277.19999152 28.84 242.116310  61.414741 18.894
 30   140.790 53277.19999216 26.22 242.113930  61.417901 18.894
 30   141.301 53277.19999281 25.32 242.111550  61.421051 18.894
 30   141.474 53277.19999345 41.29 242.109180  61.424211 18.894
 31   141.672 53312.20002440 53.26 242.135133  61.401398 26.041
 31   141.797 53312.20002505 49.85 242.132763  61.404558 26.041
 31   141.754 53312.20002569 48.62 242.130393  61.407708 26.041
 31   141.724 53312.20002634 49.02 242.128013  61.410868 26.041
 31   141.698 53312.20002698 50.24 242.125643  61.414018 26.041
 31   141.694 53312.20002763 47.85 242.123273  61.417178 26.041
 31   141.702 53312.20002827 41.20 242.120893  61.420328 26.041
 32   144.732 53347.19998911 12.16 242.147946  61.397540  5.961
 32   144.267 53347.19998975 12.88 242.145576  61.400700  5.961
 32   143.836 53347.19999040 14.02 242.143206  61.403850  5.961
 32   143.636 53347.19999104 15.28 242.140836  61.407010  5.961
 32   143.705 53347.19999169 16.26 242.138466  61.410160  5.961
 32   143.804 53347.19999233 16.70 242.136086  61.413320  5.961
 32   143.802 53347.19999298 17.70 242.133716  61.416470  5.961
 33   144.025 53382.19995320 13.10 242.129397  61.401267  3.099
 33   143.693 53382.19995384 12.92 242.127017  61.404417  3.099
 33   143.537 53382.19995449 13.61 242.124647  61.407577  3.099
 33   143.464 53382.19995513 14.87 242.122267  61.410727  3.099
 33   143.446 53382.19995578 14.67 242.119897  61.413887  3.099
 33   143.522 53382.19995642 15.14 242.117517  61.417037  3.099
 33   143.601 53382.19995706 15.17 242.115147  61.420197  3.099
 33   143.663 53382.19995771 16.44 242.112767  61.423347  3.099
 34   145.613 53417.19996761 10.63 242.150939  61.397274  5.452
 34   144.280 53417.19996825 10.26 242.148559  61.400434  5.452
 34   143.613 53417.19996890 11.19 242.146189  61.403584  5.452
 34   143.227 53417.19996954 11.56 242.143819  61.406744  5.452
 34   143.433 53417.19997019 11.61 242.141449  61.409894  5.452
 34   143.373 53417.19997083 12.08 242.139069  61.413054  5.452
 35   143.548 53452.19996945 13.21 242.125096  61.403037  6.103
 35   143.242 53452.19997010 15.84 242.122716  61.406197  6.103
 35   143.104 53452.19997074 16.15 242.120346  61.409347  6.103
 35   142.854 53452.19997139 18.05 242.117966  61.412507  6.103
 35   143.120 53452.19997203 18.32 242.115596  61.415657  6.103
 35   143.266 53452.19997268 21.95 242.113216  61.418817  6.103
 35   143.249 53452.19997332 21.77 242.110836  61.421967  6.103
 35   143.213 53452.19997397 20.48 242.108466  61.425117  6.103
 36   144.505 53487.20005466 22.47 242.128207  61.402812 23.826
 36   144.039 53487.20005531 23.05 242.125837  61.405972 23.826
 36   143.747 53487.20005595 23.07 242.123457  61.409122 23.826
 36   143.736 53487.20005660 21.69 242.121087  61.412282 23.826
 36   143.949 53487.20005724 24.16 242.118717  61.415432 23.826
 36   143.931 53487.20005789 24.65 242.116337  61.418592 23.826
 36   143.887 53487.20005853 31.91 242.113967  61.421742 23.826
 37   142.261 53522.20004466 48.42 242.145119  61.398342 31.871
 37   142.206 53522.20004530 50.45 242.142749  61.401492 31.871
 37   142.225 53522.20004595 51.57 242.140379  61.404652 31.871
 37   142.275 53522.20004659 50.09 242.138009  61.407802 31.871
 37   142.132 53522.20004724 52.54 242.135629  61.410962 31.871
 37   142.323 53522.20004788 51.27 242.133259  61.414112 31.871
 37   142.222 53522.20004853 47.63 242.130889  61.417272 31.871
 38   142.713 53557.20007044 40.13 242.134256  61.401511 17.387
 38   142.657 53557.20007109 38.03 242.131876  61.404671 17.387
 38   142.525 53557.20007173 37.87 242.129506  61.407821 17.387
 38   142.560 53557.20007238 40.01 242.127136  61.410981 17.387
 38   142.678 53557.20007302 37.58 242.124756  61.414131 17.387
 38   142.524 53557.20007367 28.44 242.122386  61.417291 17.387
 38   142.655 53557.20007431 28.80 242.120016  61.420441 17.387
 39   142.535 53592.20000489 45.19 242.162655  61.392883 17.549
 39   142.459 53592.20000553 44.33 242.160285  61.396043 17.549
 39   142.443 53592.20000618 45.16 242.157915  61.399203 17.549
 39   142.331 53592.20000682 44.73 242.155545  61.402353 17.549
 39   142.289 53592.20000747 42.32 242.153165  61.405513 17.549
 40   142.297 53627.19999870 48.11 242.115841  61.405050 27.475
 40   142.309 53627.19999934 49.51 242.113461  61.408200 27.475
 40   142.392 53627.19999999 49.30 242.111091  61.411360 27.475
 40   142.223 53627.20000063 40.78 242.108711  61.414510 27.475
 40   142.312 53627.20000128 34.31 242.106331  61.417670 27.475
 40   142.139 53627.20000192 29.59 242.103961  61.420820 27.475
 40   142.237 53627.20000257 25.18 242.101581  61.423980 27.475
 40   142.236 53627.20000321 28.91 242.099201  61.427130 27.475
 41   142.206 53662.20002258 50.96 242.134285  61.400525 26.591
 41   142.220 53662.20002323 48.30 242.131905  61.403685 26.591
 41   142.256 53662.20002387 45.23 242.129535  61.406835 26.591
 41   142.157 53662.20002452 40.17 242.127165  61.409995 26.591
 41   142.244 53662.20002516 33.94 242.124785  61.413145 26.591
 41   142.182 53662.20002581 34.25 242.122415  61.416305 26.591
 41   142.381 53662.20002645 38.07 242.120035  61.419455 26.591
 42   142.254 53697.19998709 41.28 242.150704  61.395370 20.300
 42   142.194 53697.19998773 45.41 242.148334  61.398520 20.300
 42   142.160 53697.19998838 48.37 242.145964  61.401680 20.300
 42   142.189 53697.19998902 46.98 242.143594  61.404830 20.300
 42   142.140 53697.19998967 48.98 242.141224  61.407990 20.300
 42   142.111 53697.19999031 48.27 242.138854  61.411140 20.300
 42   141.999 53697.19999096 36.62 242.136474  61.414300 20.300
 43   144.239 53732.19990929 20.98 242.161341  61.394651  9.544
 43   144.123 53732.19990994 19.54 242.158971  61.397811  9.544
 43   144.135 53732.19991058 20.94 242.156601  61.400961  9.544
 43   144.051 53732.19991122 22.09 242.154231  61.404121  9.544
 44   143.915 53767.19988580 14.57 242.143036  61.399104  4.122
 44   143.655 53767.19988644 15.71 242.140656  61.402264  4.122
 44   143.454 53767.19988709 13.80 242.138286  61.405414  4.122
 44   143.069 53767.19988773 13.58 242.135916  61.408574  4.122
 44   142.722 53767.19988838 14.19 242.133536  61.411724  4.122
 44   142.768 53767.19988902 14.28 242.131166  61.414884  4.122
 44   142.913 53767.19988967 14.60 242.128786  61.418034  4.122
 45   143.811 53802.19988478 15.13 242.158112  61.394479  4.298
 45   143.666 53802.19988543 14.34 242.155742  61.397639  4.298
 45   143.723 53802.19988607 13.45 242.153372  61.400789  4.298
 45   143.635 53802.19988672 13.30 242.151002  61.403949  4.298
 46   143.525 53837.19989783  7.77 242.127987  61.401324  7.704
 46   143.429 53837.19989847  8.43 242.125617  61.404474  7.704
 46   143.252 53837.19989911  6.81 242.123237  61.407634  7.704
 46   142.853 53837.19989976  8.34 242.120867  61.410784  7.704
 46   142.802 53837.19990040  8.53 242.118487  61.413944  7.704
 46   143.041 53837.19990105  6.74 242.116117  61.417094  7.704
 46   143.033 53837.19990169  5.99 242.113737  61.420254  7.704
 46   142.822 53837.19990234  7.49 242.111357  61.423404  7.704
 47   143.051 53872.19995016 51.58 242.138856  61.398821 33.114
 47   142.967 53872.19995080 50.90 242.136486  61.401971 33.114
 47   142.960 53872.19995145 51.16 242.134106  61.405131 33.114
 47   143.094 53872.19995209 51.57 242.131736  61.408281 33.114
 47   143.013 53872.19995274 52.23 242.129366  61.411441 33.114
 47   143.014 53872.19995338 51.22 242.126986  61.414591 33.114
 47   142.995 53872.19995403 52.56 242.124616  61.417751 33.114
 48   142.956 53907.19999079 49.07 242.134137  61.399679 26.607
 48   142.876 53907.19999144 49.97 242.131767  61.402829 26.607
 48   142.787 53907.19999208 50.43 242.129397  61.405989 26.607
 48   142.893 53907.19999273 49.26 242.127017  61.409139 26.607
 48   142.944 53907.19999337 46.80 242.124647  61.412299 26.607
 48   142.849 53907.19999402 45.15 242.122267  61.415449 26.607
 48   142.711 53907.19999466 35.84 242.119897  61.418609 26.607
 48   142.825 53907.19999530 39.14 242.117517  61.421759 26.607
 49   142.370 53942.20001852 52.04 242.129830  61.402372 40.982
 49   142.341 53942.20001917 48.91 242.127460  61.405532 40.982
 49   142.322 53942.20001981 49.42 242.125080  61.408682 40.982
 49   142.437 53942.20002046 50.83 242.122710  61.411842 40.982
 49   142.440 53942.20002110 44.64 242.120340  61.414992 40.982
 49   142.298 53942.20002175 34.80 242.117960  61.418152 40.982
 49   142.420 53942.20002239 43.74 242.115590  61.421302 40.982
 50   142.058 53977.19997070 44.70 242.149713  61.397997 13.366
 50   142.198 53977.19997134 44.65 242.147337  61.401155 28.596
 50   142.046 53977.19997199 47.41 242.144967  61.404305 28.596
 50   142.090 53977.19997263 48.34 242.142597  61.407465 28.596
 50   142.062 53977.19997327 47.26 242.140227  61.410615 28.596
 50   142.143 53977.19997392 49.78 242.137857  61.413775 28.596
 51   141.679 54012.19997780 53.77 242.126551  61.402777 36.637
 51   141.516 54012.19997845 50.82 242.124171  61.405937 36.637
 51   141.590 54012.19997909 50.17 242.121801  61.409087 36.637
 51   141.665 54012.19997974 50.77 242.119421  61.412247 36.637
 51   141.598 54012.19998038 52.29 242.117051  61.415397 36.637
 51   141.538 54012.19998102 52.65 242.114671  61.418557 36.637
 51   141.624 54012.19998167 51.29 242.112291  61.421707 36.637
 51   141.658 54012.19998231 47.87 242.109921  61.424867 36.637
 52   141.179 54047.19998764 39.88 242.147439  61.397438 21.610
 52   141.261 54047.19998829 42.43 242.145069  61.400588 21.610
 52   141.168 54047.19998893 49.22 242.142699  61.403748 21.610
 52   141.179 54047.19998958 48.57 242.140319  61.406898 21.610
 52   141.150 54047.19999022 49.34 242.137949  61.410058 21.610
 52   141.101 54047.19999087 49.37 242.135579  61.413208 21.610
 52   140.917 54047.19999151 37.46 242.133199  61.416368 21.610
 54   142.681 54117.19991129 15.98 242.160114  61.394063  3.728
 54   142.662 54117.19991194 14.66 242.157744  61.397213  3.728
 54   142.830 54117.19991258 12.63 242.155374  61.400373  3.728
 54   142.677 54117.19991323 11.98 242.153004  61.403522  2.780
 55   145.905 54152.19993271  9.71 242.141545  61.397370  3.350
 55   145.038 54152.19993335  9.79 242.139175  61.400530  3.350
 55   142.675 54152.19993400 10.55 242.136805  61.403680  3.350
 55   142.284 54152.19993464 12.78 242.134435  61.406840  3.350
 55   142.098 54152.19993529 15.69 242.132055  61.409990  3.350
 55   142.151 54152.19993593 14.69 242.129685  61.413150  3.350
 55   142.050 54152.19993658 12.89 242.127315  61.416300  3.350
 55   141.938 54152.19993722 11.54 242.124935  61.419460  3.350
 56   143.952 54187.19990447 13.24 242.157871  61.393937  2.493
 56   143.860 54187.19990511 12.78 242.155503  61.397085  4.464
 56   143.812 54187.19990576 13.02 242.153123  61.400245  4.464
 56   143.526 54187.19990640 13.59 242.150753  61.403405  4.464
 56   143.132 54187.19990705 14.52 242.148383  61.406555  4.464
 57   143.867 54222.19994342 31.92 242.134209  61.401080 33.482
 57   143.951 54222.19994407 29.94 242.131829  61.404230 33.482
 57   143.796 54222.19994471 30.24 242.129459  61.407390 33.482
 57   143.633 54222.19994536 30.40 242.127089  61.410540 33.482
 57   143.452 54222.19994600 27.63 242.124709  61.413700 33.482
 57   143.522 54222.19994665 29.22 242.122339  61.416850 33.482
 57   143.488 54222.19994729 35.38 242.119959  61.420010 33.482
 58   142.861 54257.19996540 51.55 242.142086  61.399293 35.642
 58   142.889 54257.19996604 51.52 242.139706  61.402453 35.642
 58   142.922 54257.19996669 51.71 242.137336  61.405603 35.642
 58   142.948 54257.19996733 50.89 242.134966  61.408763 35.642
 58   142.910 54257.19996798 52.87 242.132586  61.411913 35.642
 58   142.937 54257.19996862 51.55 242.130216  61.415073 35.642
 58   142.831 54257.19996927 50.09 242.127846  61.418223 35.642
 59   142.808 54292.19996747 37.24 242.143011  61.399560 27.558
 59   142.666 54292.19996812 38.71 242.140641  61.402720 27.558
 59   142.765 54292.19996876 39.65 242.138261  61.405870 27.558
 59   142.615 54292.19996940 36.91 242.135891  61.409030 27.558
 59   142.763 54292.19997005 35.94 242.133521  61.412180 27.558
 59   142.630 54292.19997069 24.84 242.131141  61.415340 27.558
 60   142.222 54327.19996311 50.71 242.149544  61.396399 34.304
 60   142.263 54327.19996375 49.49 242.147174  61.399549 34.304
 60   142.357 54327.19996439 49.13 242.144804  61.402709 34.304
 60   142.289 54327.19996504 50.49 242.142434  61.405859 34.304
 60   142.220 54327.19996568 52.34 242.140064  61.409019 34.304
 60   142.164 54327.19996633 52.52 242.137684  61.412169 34.304
 60   142.131 54327.19996697 52.95 242.135314  61.415329 34.304
 61   142.475 54362.19991254 48.39 242.159032  61.395148 12.865
 61   142.426 54362.19991319 48.98 242.156664  61.398298 21.813
 61   142.489 54362.19991383 49.72 242.154284  61.401458 21.813
 61   142.464 54362.19991448 50.71 242.151924  61.404608 21.813
 62   142.093 54397.19990346 49.26 242.141772  61.398404 32.701
 62   141.992 54397.19990411 48.27 242.139402  61.401564 32.701
 62   142.126 54397.19990475 52.15 242.137022  61.404714 32.701
 62   142.040 54397.19990540 50.78 242.134652  61.407874 32.701
 62   141.934 54397.19990604 52.33 242.132282  61.411024 32.701
 62   141.861 54397.19990669 48.04 242.129902  61.414184 32.701
 62   142.012 54397.19990733 50.43 242.127532  61.417334 32.701
 63   141.997 54432.19986234 46.69 242.155765  61.395352 17.627
 63   141.889 54432.19986299 45.81 242.153395  61.398512 17.627
 63   141.852 54432.19986363 41.12 242.151025  61.401662 17.627
 63   141.795 54432.19986428 37.99 242.148655  61.404822 17.627
 64   142.675 54467.19988498 19.17 242.138851  61.398144  6.543
 64   142.612 54467.19988562 21.95 242.136481  61.401304  6.543
 64   142.490 54467.19988627 22.33 242.134111  61.404454  6.543
 64   142.355 54467.19988691 23.88 242.131731  61.407614  6.543
 64   142.272 54467.19988756 25.31 242.129361  61.410764  6.543
 64   142.197 54467.19988820 25.75 242.126981  61.413924  6.543
 64   142.259 54467.19988885 23.68 242.124611  61.417074  6.543
 64   142.360 54467.19988949 22.42 242.122231  61.420234  6.543
 65   143.285 54502.19987756 12.67 242.150727  61.397486  3.583
 65   143.057 54502.19987821 13.85 242.148357  61.400636  3.583
 65   142.879 54502.19987885 15.11 242.145987  61.403796  3.583
 65   142.744 54502.19987950 15.98 242.143617  61.406946  3.583
 65   142.664 54502.19988014 15.52 242.141237  61.410106  3.583
 65   142.747 54502.19988079 16.17 242.138867  61.413256  3.583
 66   142.900 54537.19990005 12.02 242.145946  61.397400  4.110
 66   142.733 54537.19990070 13.14 242.143576  61.400550  4.110
 66   142.483 54537.19990134 15.14 242.141206  61.403710  4.110
 66   142.453 54537.19990199 15.97 242.138836  61.406860  4.110
 66   142.565 54537.19990263 16.45 242.136456  61.410020  4.110
 66   142.638 54537.19990328 17.16 242.134086  61.413170  4.110
 66   142.537 54537.19990392 16.38 242.131716  61.416330  4.110
 67   143.147 54572.19987894 16.36 242.155678  61.395762 10.164
 67   143.043 54572.19987958 18.22 242.153308  61.398922 10.164
 67   143.019 54572.19988023 17.86 242.150928  61.402072 10.164
 67   143.134 54572.19988087 16.69 242.148558  61.405232 10.164
 68   143.039 54607.19989410 51.75 242.141440  61.398611 29.716
 68   143.075 54607.19989474 50.13 242.139070  61.401761 29.716
 68   143.081 54607.19989538 52.09 242.136700  61.404921 29.716
 68   142.997 54607.19989603 53.10 242.134330  61.408071 29.716
 68   143.076 54607.19989667 52.07 242.131950  61.411231 29.716
 68   143.013 54607.19989732 51.01 242.129580  61.414381 29.716
 68   142.885 54607.19989796 52.72 242.127200  61.417541 29.716
 69   142.936 54642.19990242 53.77 242.146022  61.397020 26.825
 69   142.899 54642.19990307 52.32 242.143642  61.400180 26.825
 69   142.892 54642.19990371 51.96 242.141272  61.403330 26.825
 69   142.915 54642.19990436 49.19 242.138902  61.406490 26.825
 69   142.997 54642.19990500 50.28 242.136532  61.409640 26.825
 69   142.899 54642.19990565 51.59 242.134152  61.412800 26.825
 69   142.790 54642.19990629 52.84 242.131782  61.415950 26.825
 70   142.264 54677.19990514 50.74 242.140539  61.400140 26.252
 70   142.209 54677.19990579 47.81 242.138169  61.403290 26.252
 70   142.183 54677.19990643 52.69 242.135799  61.406450 26.252
 70   142.204 54677.19990708 51.58 242.133429  61.409600 26.252
 70   142.310 54677.19990772 50.73 242.131049  61.412760 26.252
 70   142.326 54677.19990837 48.85 242.128679  61.415910 26.252
 70   142.329 54677.19990901 48.76 242.126299  61.419070 26.252
 71   141.700 54712.19985766 37.84 242.159602  61.393549 20.438
 71   141.850 54712.19985831 39.44 242.157232  61.396709 20.438
 71   141.774 54712.19985895 44.12 242.154862  61.399859 20.438
 71   141.823 54712.19985959 42.38 242.152492  61.403019 20.438
 71   141.736 54712.19986024 41.28 242.150122  61.406169 20.438
 72   141.418 54747.19987320 25.55 242.139505  61.398065 17.113
 72   141.752 54747.19987385 24.04 242.137135  61.401215 17.113
 72   141.831 54747.19987449 26.45 242.134765  61.404375 17.113
 72   141.754 54747.19987513 26.17 242.132395  61.407525 17.113
 72   141.596 54747.19987578 25.79 242.130015  61.410685 17.113
 72   141.708 54747.19987642 24.16 242.127645  61.413835 17.113
 72   141.772 54747.19987707 37.14 242.125265  61.416995 17.113
 72   141.741 54747.19987771 45.35 242.122895  61.420145 17.113
 73   141.748 54782.19984460 45.84 242.148356  61.397996 24.417
 73   141.656 54782.19984525 45.54 242.145986  61.401156 24.417
 73   141.580 54782.19984589 47.44 242.143616  61.404306 24.417
 73   141.558 54782.19984653 47.90 242.141246  61.407466 24.417
 73   141.590 54782.19984718 48.18 242.138876  61.410616 24.417
 73   141.565 54782.19984782 42.49 242.136496  61.413776 24.417
 74   142.178 54817.19986613 18.07 242.139145  61.398371  5.602
 74   142.170 54817.19986678 20.91 242.136775  61.401521  5.602
 74   142.086 54817.19986742 16.91 242.134405  61.404681  5.602
 74   142.023 54817.19986807 17.48 242.132025  61.407831  5.602
 74   141.891 54817.19986871 19.01 242.129655  61.410991  5.602
 74   141.916 54817.19986936 19.53 242.127285  61.414141  5.602
 74   141.842 54817.19987000 19.71 242.124905  61.417301  5.602
 74   141.956 54817.19987065 18.57 242.122535  61.420451  5.602
 75   142.119 54852.19984216 14.68 242.149986  61.397153  3.625
 75   142.147 54852.19984281 13.87 242.147616  61.400303  3.625
 75   142.111 54852.19984345 14.37 242.145236  61.403463  3.625
 75   141.917 54852.19984410 14.28 242.142866  61.406613  3.625
 75   141.846 54852.19984474 14.27 242.140496  61.409773  3.625
 75   141.795 54852.19984539 14.67 242.138126  61.412923  3.625
 76   141.866 54887.19987017 11.90 242.140894  61.397710  3.350
 76   141.903 54887.19987081 12.13 242.138524  61.400860  3.350
 76   141.866 54887.19987146 12.79 242.136154  61.404020  3.350
 76   141.694 54887.19987210 13.25 242.133784  61.407170  3.350
 76   141.697 54887.19987275 13.67 242.131404  61.410330  3.350
 76   141.689 54887.19987339 14.58 242.129034  61.413480  3.350
 76   141.633 54887.19987404 14.28 242.126664  61.416640  3.350
 76   141.568 54887.19987468 13.91 242.124284  61.419790  3.350
 77   141.956 54922.19984217 15.32 242.157185  61.395089  5.094
 77   141.871 54922.19984282 18.54 242.154815  61.398249  5.094
 77   141.924 54922.19984346 17.69 242.152445  61.401399  5.094
 77   141.891 54922.19984411 17.59 242.150075  61.404559  5.094
 78   145.641 54957.19986722 27.56 242.136308  61.399267 24.374
 78   143.775 54957.19986786 31.27 242.133938  61.402427 24.374
 78   143.659 54957.19986851 34.20 242.131568  61.405577 24.374
 78   143.480 54957.19986915 32.41 242.129188  61.408737 24.374
 78   147.245 54957.19986980 27.33 242.126818  61.411887 24.374
 78   147.833 54957.19987044 23.90 242.124438  61.415047 24.374
 78   148.008 54957.19987108 23.66 242.122068  61.418197 24.374
 78   143.507 54957.19987173 37.71 242.119688  61.421357 24.374
 79   142.309 54992.19988966 51.42 242.140435  61.397884 27.253
 79   142.215 54992.19989030 49.23 242.138065  61.401034 27.253
 79   142.149 54992.19989095 50.95 242.135695  61.404194 27.253
 79   142.170 54992.19989159 48.95 242.133325  61.407344 27.253
 79   142.257 54992.19989224 50.53 242.130945  61.410504 27.253
 79   142.271 54992.19989288 50.30 242.128575  61.413654 27.253
 79   142.246 54992.19989353 51.94 242.126205  61.416814 27.253
 79   142.027 54992.19989417 50.16 242.123825  61.419964 27.253
 80   142.831 55027.19987966 50.11 242.148633  61.396297 25.056
 80   142.726 55027.19988030 50.25 242.146253  61.399457 25.056
 80   142.634 55027.19988095 50.10 242.143883  61.402607 25.056
 80   142.633 55027.19988159 49.40 242.141513  61.405767 25.056
 80   142.757 55027.19988224 50.22 242.139143  61.408917 25.056
 80   142.739 55027.19988288 49.51 242.136773  61.412077 25.056
 80   142.758 55027.19988353 46.53 242.134393  61.415227 25.056
 81   142.258 55062.19987294 53.52 242.145306  61.397761 29.174
 81   142.203 55062.19987359 50.60 242.142926  61.400921 29.174
 81   142.257 55062.19987423 52.20 242.140556  61.404071 29.174
 81   142.191 55062.19987488 50.87 242.138186  61.407231 29.174
 81   142.111 55062.19987552 52.19 242.135816  61.410381 29.174
 81   142.242 55062.19987617 51.70 242.133436  61.413541 29.174
 81   142.257 55062.19987681 50.52 242.131066  61.416691 29.174
 82   142.207 55097.19982021 46.38 242.158748  61.395113 21.753
 82   142.227 55097.19982086 45.70 242.156378  61.398273 21.753
 82   142.228 55097.19982150 51.20 242.154008  61.401433 21.753
 82   142.182 55097.19982215 49.39 242.151628  61.404583 21.753
 84   141.549 55167.19978274 44.12 242.151719  61.396128 21.845
 84   141.571 55167.19978339 44.59 242.149349  61.399288 21.845
 84   141.628 55167.19978403 46.18 242.146979  61.402438 21.845
 84   141.592 55167.19978468 44.80 242.144599  61.405598 21.845
 84   141.505 55167.19978532 45.67 242.142229  61.408748 21.845
 84   141.486 55167.19978597 37.92 242.139859  61.411908 21.845
 84   141.297 55167.19978661 34.84 242.137489  61.415058 21.845
 85   142.871 55202.19980852 15.20 242.139645  61.397969  4.043
 85   142.775 55202.19980916 13.49 242.137275  61.401119  4.043
 85   142.576 55202.19980981 15.85 242.134905  61.404279  4.043
 85   142.312 55202.19981045 15.57 242.132535  61.407429  4.043
 85   142.355 55202.19981109 15.41 242.130155  61.410589  4.043
 85   142.456 55202.19981174 16.29 242.127785  61.413739  4.043
 85   142.365 55202.19981238 16.37 242.125405  61.416899  4.043
 85   142.347 55202.19981303 16.38 242.123035  61.420049  4.043
 86   142.657 55237.19978942 14.92 242.153475  61.394685  5.030
 86   142.597 55237.19979006 14.40 242.151105  61.397845  5.030
 86   142.471 55237.19979071 13.95 242.148735  61.400995  5.030
 86   142.298 55237.19979135 13.64 242.146365  61.404155  5.030
 86   142.099 55237.19979200 14.64 242.143985  61.407305  5.030
 86   142.188 55237.19979264 14.55 242.141615  61.410465  5.030
 86   142.280 55237.19979329 17.11 242.139245  61.413615  5.030
 87   142.446 55272.19980253  9.14 242.144155  61.398056  4.607
 87   142.461 55272.19980317  8.38 242.141775  61.401206  4.607
 87   142.242 55272.19980382  8.24 242.139405  61.404366  4.607
 87   141.971 55272.19980446 10.08 242.137035  61.407516  4.607
 87   142.161 55272.19980511 11.77 242.134665  61.410676  4.607
 87   142.070 55272.19980575 11.28 242.132285  61.413826  4.607
 87   142.106 55272.19980640 11.99 242.129915  61.416986  4.607
 88   143.326 55307.19977151 32.42 242.159093  61.393949 24.596
 88   143.140 55307.19977216 28.99 242.156723  61.397109 24.596
 88   143.299 55307.19977280 28.19 242.154353  61.400259 24.596
 88   143.205 55307.19977345 31.86 242.151973  61.403419 24.596
 88   143.143 55307.19977409 32.85 242.149603  61.406569 24.596
 89   141.692 55342.19977257 47.49 242.143471  61.398404 30.080
 89   141.722 55342.19977321 49.44 242.141091  61.401564 30.080
 89   141.735 55342.19977386 49.41 242.138721  61.404714 30.080
 89   141.678 55342.19977450 51.86 242.136351  61.407874 30.080
 89   141.745 55342.19977515 50.98 242.133971  61.411024 30.080
 89   141.540 55342.19977579 51.88 242.131601  61.414184 30.080
 89   141.557 55342.19977644 52.40 242.129231  61.417334 30.080
 90   142.222 55377.19976555 38.95 242.149802  61.396514 13.616
 90   142.033 55377.19976619 29.89 242.147432  61.399674 13.616
 90   141.876 55377.19976684 24.57 242.145062  61.402824 13.616
 90   141.621 55377.19976748 23.88 242.142692  61.405984 13.616
 90   141.666 55377.19976813 24.00 242.140322  61.409134 13.616
 90   142.062 55377.19976877 24.18 242.137952  61.412294 13.616
 90   141.919 55377.19976942 23.93 242.135572  61.415444 13.616
 91   141.778 55412.19978970 41.69 242.140656  61.397623 21.088
 91   141.597 55412.19979035 33.74 242.138286  61.400773 21.088
 91   141.623 55412.19979099 30.23 242.135916  61.403933 21.088
 91   141.652 55412.19979164 32.54 242.133546  61.407083 21.088
 91   141.670 55412.19979228 35.39 242.131166  61.410243 21.088
 91   141.699 55412.19979293 42.62 242.128796  61.413393 21.088
 91   141.592 55412.19979357 37.72 242.126416  61.416553 21.088
 91   141.525 55412.19979422 34.22 242.124046  61.419703 21.088
 92   141.565 55447.19978039 49.75 242.148429  61.396697 24.977
 92   141.593 55447.19978103 43.09 242.146059  61.399847 24.977
 92   141.585 55447.19978168 41.72 242.143679  61.403007 24.977
 92   141.572 55447.19978232 41.39 242.141309  61.406157 24.977
 92   141.603 55447.19978297 47.68 242.138939  61.409317 24.977
 92   141.552 55447.19978361 50.65 242.136569  61.412467 24.977
 92   141.481 55447.19978426 51.08 242.134189  61.415627 24.977
 93   141.284 55482.19970998 35.56 242.162605  61.394686 23.868
 93   141.415 55482.19971063 36.87 242.160235  61.397846 23.868
 93   141.292 55482.19971127 33.18 242.157865  61.400996 23.868
 93   141.335 55482.19971192 30.41 242.155495  61.404156 23.868
