-193410.929   533.944     0.00    2.92
-193036.668   531.292    -7.08    6.01
-192662.348   529.077    -5.92    6.79
-192287.969   526.785    -6.12    7.00
-191913.530   525.316    -3.92    6.22
-191539.032   526.702     3.70    5.55
-191164.474   529.093     6.38    2.97
-190789.857   531.195     5.61    3.75
-190415.180   535.279    10.90    6.61
-190040.443   537.542     6.04    6.25
-189665.647   536.591    -2.54    8.77
-189290.791   532.737   -10.28   11.68
-188915.876   537.162    11.80   17.59
-188540.901   547.354    27.18   21.82
-188165.866   564.341    45.29   20.46
-187790.772   579.582    40.63   14.87
-187415.617   591.222    31.02   13.29
-187040.403   598.760    20.09   10.01
-186665.129   603.422    12.42    6.45
-186289.795   603.787     0.97    5.43
-185914.401   599.682   -10.93    8.36
-185538.948   593.545   -16.34    9.48
-185163.434   589.211   -11.54    7.48
-184787.860   587.658    -4.14    5.63
-184412.226   587.665     0.02    6.64
-184036.533   587.908     0.65    7.55
-183660.779   587.604    -0.81    7.67
-183284.965   587.134    -1.25    6.69
-182909.091   587.593     1.22    4.78
-182533.157   586.949    -1.71    3.91
-182157.162   584.008    -7.82    6.23
-181781.108   578.341   -15.07    7.78
-181404.993   572.543   -15.41    7.08
-181028.817   566.080   -17.18    6.41
-180652.582   560.600   -14.56    6.30
-180276.286   554.298   -16.74    6.70
-179899.930   548.686   -14.91    6.35
-179523.513   543.022   -15.04    6.49
-179147.036   537.393   -14.95    6.92
-178770.499   532.368   -13.34    7.54
-178393.900   528.036   -11.50    6.49
-178017.242   524.062   -10.55    4.99
-177640.523   520.490    -9.48    4.38
-177263.743   518.956    -4.07    4.85
-176886.903   517.216    -4.62    4.80
-176510.002   516.290    -2.46    4.53
-176133.040   516.138    -0.40    4.82
-175756.018   516.124    -0.04    4.90
-175378.935   517.315     3.16    5.66
-175001.791   518.597     3.40    7.07
-174624.587   520.331     4.59    7.00
-174247.321   522.052     4.56    6.06
-173869.995   523.281     3.26    5.64
-173492.608   524.616     3.54    6.11
-173115.160   526.565     5.16    8.64
-172737.651   527.559     2.63   12.00
-172360.081   527.240    -0.84   13.64
-171982.450   524.648    -6.86   13.30
-171604.758   523.462    -3.14   10.45
-171227.005   522.342    -2.96    7.78
-170849.191   523.048     1.87    7.11
-170471.315   524.179     2.99    6.41
-170093.379   524.545     0.97    6.37
-169715.381   525.030     1.28    7.07
-169337.323   525.465     1.15    8.23
-168959.203   526.715     3.31    8.70
-168581.021   528.593     4.97    9.47
-168202.779   529.462     2.30    9.43
-167824.475   529.764     0.80    9.55
-167446.109   529.868     0.27    9.47
-167067.683   529.902     0.09    9.42
-166689.194   531.302     3.70   10.28
-166310.645   535.395    10.81   11.19
-165932.034   539.782    11.58   10.87
-165553.361   542.006     5.87   10.21
-165174.627   545.983    10.50   10.37
-164795.831   549.123     8.29   11.10
-164416.974   553.505    11.56   11.16
-164038.055   557.973    11.79    9.89
-163659.075   559.052     2.85   10.00
-163280.032   558.422    -1.66   10.09
-162900.928   556.382    -5.38   10.03
-162521.762   552.315   -10.72   11.89
-162142.535   544.567   -20.43   14.99
-161763.245   537.679   -18.16   11.94
-161383.894   535.342    -6.16    8.71
-161004.481   537.679     6.16   10.11
-160625.006   538.782     2.91   10.21
-160256.149   536.879    -5.16   10.22
-159888.540   530.968   -16.08    9.69
-159520.873   525.736   -14.23    6.31
-159153.148   524.542    -3.25    8.84
-158785.366   525.001     1.25   11.35
-158417.525   524.115    -2.41   12.42
-158049.627   523.353    -2.07   12.53
-157681.671   521.102    -6.12   10.87
-157313.658   521.144     0.11   10.58
-156945.586   519.909    -3.36    9.26
-156577.457   519.011    -2.44    8.52
-156209.269   515.614    -9.22    7.78
-155841.024   512.354    -8.85    6.31
-155472.720   511.460    -2.43    5.59
-155104.359   512.518     2.87    6.91
-154735.939   515.565     8.27    7.64
-154367.462   518.394     7.68    7.48
-153998.926   521.142     7.45    7.68
-153630.332   521.805     1.80    8.28
-153261.680   522.302     1.35    7.71
-152892.970   522.271    -0.08    7.36
-152524.201   521.584    -1.86    6.79
-152155.374   521.627     0.12    6.77
-151786.489   521.435    -0.52    6.59
-151417.546   521.819     1.04    6.82
-151048.545   521.462    -0.97    7.43
-150679.485   521.124    -0.91    8.50
-150310.366   518.728    -6.49    9.97
-149941.189   517.128    -4.33   10.90
-149571.954   513.915    -8.70   10.91
-149202.660   512.394    -4.12    9.48
-148833.308   512.396     0.00    8.23
-148463.897   514.148     4.74    7.80
-148094.428   518.123    10.76    8.37
-147724.900   520.477     6.37    6.61
-147355.313   521.153     1.83    5.25
-146985.668   521.257     0.28    5.58
-146615.964   520.526    -1.98    5.17
-146246.202   519.868    -1.78    6.58
-145876.380   513.622   -16.89   13.06
-145506.500   502.366   -30.43   19.48
-145136.561   483.800   -50.18   24.05
-144766.564   465.112   -50.50   20.06
-144396.507   450.475   -39.55   13.09
-144026.392   441.915   -23.13    6.54
-143656.217   437.955   -10.70    4.04
-143285.984   435.602    -6.35    2.77
-142915.692   434.102    -4.05    2.16
-142545.341   433.186    -2.47    1.28
-142174.930   432.830    -0.96    0.84
-141804.461   432.838     0.02    0.76
-141433.933   433.042     0.55    0.67
-141063.345   433.436     1.06    0.49
-140692.699   434.283     2.28    1.35
-140321.993   435.727     3.90    2.20
-139951.228   438.248     6.80    3.21
-139580.404   441.158     7.84    3.33
-139209.520   444.448     8.87    3.73
-138838.577   447.479     8.17    3.29
-138467.575   450.382     7.82    3.75
-138096.514   452.907     6.80    3.67
-137725.393   455.448     6.85    4.26
-137354.213   458.836     9.13    4.89
-136982.974   462.961    11.11    6.08
-136611.675   467.520    12.28    5.78
-136240.316   471.755    11.40    5.54
-135868.898   476.476    12.71    4.11
-135497.420   479.941     9.33    4.03
-135125.883   483.422     9.37    3.62
-134754.287   486.588     8.52    3.72
-134382.630   489.519     7.88    3.32
-134010.914   491.526     5.40    3.44
-133639.139   493.962     6.55    3.78
-133267.303   496.217     6.06    3.94
-132895.408   498.662     6.57    3.13
-132523.453   500.659     5.37    1.85
-132151.438   502.142     3.99    1.64
-131779.364   503.168     2.76    1.82
-131407.229   504.409     3.33    1.94
-131035.035   505.582     3.15    2.33
-130662.781   507.514     5.19    3.11
-130290.466   509.682     5.82    3.78
-129918.092   513.264     9.62    4.29
-129545.658   516.715     9.27    4.39
-129173.164   519.772     8.21    3.66
-128800.610   521.862     5.61    3.11
-128427.995   522.500     1.71    2.91
-128055.321   521.165    -3.58    3.70
-127682.586   516.993   -11.19    6.04
-127309.791   512.124   -13.06    7.46
-126936.936   506.755   -14.40    6.46
-126564.021   502.584   -11.18    3.77
-126191.045   500.235    -6.30    1.43
-125818.009   498.298    -5.19    2.93
-125444.913   494.159   -11.09    6.36
-125071.756   487.979   -16.56    8.78
-124698.539   477.968   -26.82   13.90
-124325.262   464.965   -34.83   17.36
-123951.924   448.803   -43.28   20.71
-123578.525   430.700   -48.48   17.94
-123205.067   413.580   -45.84   19.16
-122831.547   397.052   -44.24   17.14
-122457.967   383.922   -35.14   15.23
-122084.326   371.367   -33.60   10.99
-121710.625   361.922   -25.27    9.63
-121336.863   354.179   -20.71    8.50
-120963.041   347.781   -17.11    8.54
-120589.157   340.856   -18.52    8.41
-120215.213   334.303   -17.52    8.04
-119841.208   327.201   -18.99    7.61
-119467.142   321.889   -14.20    6.31
-119093.016   316.888   -13.37    5.37
-118718.829   313.128   -10.05    5.22
-118344.580   309.595    -9.44    5.08
-117970.271   307.097    -6.67    4.32
-117595.901   304.097    -8.01    3.69
-117221.469   301.638    -6.57    3.79
-116846.977   298.640    -8.01    4.49
-116472.424   295.144    -9.33    4.04
-116097.809   292.372    -7.40    4.36
-115723.134   289.533    -7.58    3.83
-115348.397   287.245    -6.11    3.60
-114973.599   285.311    -5.16    3.16
-114598.740   283.808    -4.01    3.04
-114223.820   281.881    -5.14    2.91
-113848.838   280.222    -4.43    2.86
-113473.796   277.755    -6.58    2.94
-113098.691   275.545    -5.89    3.04
-112723.526   272.555    -7.97    3.22
-112348.299   269.895    -7.09    3.45
-111973.010   266.591    -8.81    3.35
-111597.661   263.862    -7.27    3.45
-111222.249   260.935    -7.80    3.36
-110846.776   257.976    -7.88    3.83
-110471.242   254.665    -8.81    4.18
-110095.646   251.778    -7.69    3.88
-109719.989   249.268    -6.68    3.36
-109344.269   247.298    -5.24    2.38
-108968.489   245.843    -3.87    2.12
-108592.646   244.922    -2.45    2.25
-108216.742   243.817    -2.94    2.43
-107840.776   242.450    -3.63    2.26
-107464.748   240.742    -4.54    2.48
-107088.658   238.528    -5.88    2.46
-106712.507   236.448    -5.53    2.76
-106336.293   233.988    -6.54    2.77
-105960.018   231.902    -5.54    2.71
-105583.681   229.542    -6.27    2.68
-105207.281   227.502    -5.42    2.55
-104830.820   225.344    -5.73    2.54
-104454.297   223.542    -4.79    2.38
-104077.711   221.512    -5.39    2.27
-103701.064   219.976    -4.08    2.15
-103324.354   218.075    -5.05    2.29
-102947.583   216.196    -4.99    2.22
-102570.749   214.262    -5.13    2.59
-102193.852   212.250    -5.34    2.36
-101816.894   210.119    -5.65    2.69
-101439.873   207.733    -6.33    2.67
-101062.790   205.526    -5.85    2.95
-100685.645   202.935    -6.87    2.98
-100308.437   200.811    -5.63    3.00
 -99931.167   198.368    -6.48    2.68
 -99553.834   196.355    -5.33    2.46
 -99176.439   194.303    -5.44    2.27
 -98798.981   192.672    -4.32    2.19
 -98421.461   190.850    -4.82    2.05
 -98043.878   189.448    -3.71    1.76
 -97666.233   187.974    -3.90    1.73
 -97288.525   186.665    -3.47    1.57
 -96910.754   185.343    -3.50    1.76
 -96532.921   183.737    -4.25    1.82
 -96155.025   181.948    -4.73    2.25
 -95777.066   179.995    -5.17    2.23
 -95399.044   178.627    -3.62    1.85
 -95020.960   177.368    -3.33    1.46
 -94642.812   176.528    -2.22    1.47
 -94264.602   175.659    -2.30    1.56
 -93886.329   174.593    -2.82    1.61
 -93507.993   173.201    -3.68    1.70
 -93129.594   171.835    -3.61    1.64
 -92751.132   170.317    -4.01    1.69
 -92372.607   168.865    -3.84    1.52
 -91994.018   167.474    -3.67    1.68
 -91615.367   166.003    -3.89    1.49
 -91236.653   164.772    -3.25    1.49
 -90857.875   163.408    -3.60    1.48
 -90479.034   162.217    -3.15    1.54
 -90100.130   160.835    -3.65    1.54
 -89721.163   159.702    -2.99    1.60
 -89342.132   158.422    -3.38    1.78
 -88963.038   157.248    -3.09    1.81
 -88583.881   156.027    -3.22    1.63
 -88204.660   155.052    -2.57    1.11
 -87825.376   154.382    -1.77    0.77
 -87446.028   154.050    -0.88    0.49
 -87066.617   153.961    -0.23    0.50
 -86687.142   153.795    -0.44    0.49
 -86307.604   153.837     0.11    0.50
 -85928.002   154.008     0.45    0.50
 -85556.256   154.172     0.44    0.44
 -85188.828   154.368     0.53    0.28
 -84821.342   154.567     0.54    0.35
 -84453.795   154.790     0.61    0.49
 -84086.190   155.006     0.59    0.50
 -83718.526   155.195     0.51    0.42
 -83350.802   155.356     0.44    0.25
 -82983.019   155.462     0.29    0.20
 -82615.177   155.652     0.52    0.42
 -82247.275   155.895     0.66    0.50
 -81879.314   156.088     0.52    0.47
 -81511.293   156.275     0.51    0.36
 -81143.213   156.574     0.81    0.46
 -80775.074   156.854     0.76    0.50
 -80406.875   157.143     0.79    0.48
 -80038.617   157.557     1.12    0.42
 -79670.299   157.871     0.85    0.50
 -79301.922   158.192     0.87    0.51
 -78933.485   158.632     1.19    0.52
 -78564.988   158.985     0.96    0.50
 -78196.432   159.382     1.08    0.60
 -77827.816   159.860     1.30    0.53
 -77459.140   160.305     1.21    0.69
 -77090.404   160.833     1.43    0.60
 -76721.609   161.371     1.46    0.70
 -76352.754   161.894     1.42    0.71
 -75983.839   162.498     1.64    0.81
 -75614.864   163.175     1.84    1.00
 -75245.829   164.395     3.31    1.99
 -74876.735   165.983     4.30    2.59
 -74507.580   168.698     7.35    3.52
 -74138.366   171.822     8.46    3.33
 -73769.091   174.909     8.36    3.44
 -73399.756   177.778     7.77    2.87
 -73030.362   180.369     7.01    3.20
 -72660.907   182.838     6.68    2.90
 -72291.392   185.358     6.82    3.03
 -71921.817   187.700     6.33    2.70
 -71552.181   189.972     6.15    2.74
 -71182.486   192.016     5.53    2.27
 -70812.730   193.619     4.33    2.09
 -70442.914   195.005     3.75    1.60
 -70073.038   196.264     3.40    1.63
 -69703.101   197.380     3.02    1.41
 -69333.104   198.409     2.78    1.39
 -68963.046   199.287     2.37    1.10
 -68592.928   200.022     1.99    1.05
 -68222.750   200.727     1.91    0.88
 -67852.511   201.306     1.56    0.87
 -67482.211   201.811     1.36    0.74
 -67111.851   202.259     1.21    0.70
 -66741.431   202.584     0.88    0.66
 -66370.950   202.803     0.59    0.61
 -66000.408   202.999     0.53    0.50
 -65629.805   203.132     0.36    0.51
 -65259.142   203.298     0.45    0.47
 -64888.418   203.435     0.37    0.42
 -64517.633   203.600     0.44    0.39
 -64146.788   203.759     0.43    0.48
 -63775.882   203.908     0.40    0.50
 -63404.914   204.109     0.54    0.52
 -63033.886   204.340     0.62    0.52
 -62662.797   204.487     0.40    0.50
 -62291.647   204.584     0.26    0.37
 -61920.436   204.513    -0.19    0.29
 -61549.164   204.340    -0.47    0.32
 -61177.831   204.008    -0.89    0.66
 -60806.437   203.475    -1.44    0.97
 -60434.982   202.789    -1.85    1.19
 -60063.466   201.955    -2.24    1.21
 -59691.888   201.184    -2.07    1.28
 -59320.250   200.368    -2.20    1.05
 -58948.550   199.768    -1.61    0.85
 -58576.789   199.409    -0.97    0.50
 -58204.966   199.330    -0.21    0.29
 -57833.083   199.396     0.18    0.16
 -57461.137   199.448     0.14    0.16
 -57089.131   199.248    -0.54    0.55
 -56717.063   198.772    -1.28    0.91
 -56344.934   198.001    -2.07    1.18
 -55972.743   197.229    -2.07    1.14
 -55600.491   196.595    -1.70    0.86
 -55228.177   196.305    -0.78    0.63
 -54855.802   196.136    -0.45    0.56
 -54483.365   196.178     0.11    0.67
 -54110.866   196.191     0.03    0.87
 -53738.306   196.140    -0.14    1.03
 -53365.684   195.960    -0.48    1.17
 -52993.000   195.785    -0.47    1.23
 -52620.255   195.526    -0.70    1.22
 -52247.448   195.355    -0.46    1.07
 -51874.579   195.055    -0.81    0.92
 -51501.648   194.803    -0.67    0.78
 -51128.655   194.383    -1.13    0.67
 -50755.601   193.922    -1.24    0.74
 -50382.484   193.248    -1.80    0.91
 -50009.306   192.501    -2.00    0.96
 -49636.065   191.632    -2.33    1.04
 -49262.762   190.760    -2.34    1.01
 -48889.398   189.852    -2.43    1.03
 -48515.971   188.936    -2.45    0.96
 -48142.482   188.122    -2.18    1.04
 -47768.931   187.230    -2.39    1.01
 -47395.318   186.397    -2.23    1.06
 -47021.643   185.531    -2.32    0.94
 -46647.905   184.698    -2.23    1.01
 -46274.105   183.805    -2.39    1.01
 -45900.243   182.988    -2.19    1.01
 -45526.319   182.062    -2.48    0.98
 -45152.332   181.219    -2.25    1.00
 -44778.282   180.368    -2.27    1.01
 -44404.171   179.498    -2.33    1.06
 -44029.996   178.540    -2.56    1.06
 -43655.760   177.707    -2.22    1.09
 -43281.460   176.720    -2.64    1.12
 -42907.099   175.819    -2.41    1.18
 -42532.674   174.953    -2.31    1.08
 -42158.187   174.242    -1.90    0.98
 -41783.637   173.565    -1.81    0.82
 -41409.025   173.027    -1.44    0.91
 -41034.350   172.333    -1.85    0.91
 -40659.612   171.711    -1.66    0.83
 -40284.811   171.042    -1.79    0.85
 -39909.948   170.527    -1.37    0.84
 -39535.021   169.988    -1.44    0.96
 -39160.032   169.568    -1.12    1.05
 -38784.980   169.093    -1.27    1.09
 -38409.865   168.682    -1.10    1.04
 -38034.687   168.147    -1.43    1.04
 -37659.446   167.519    -1.67    1.02
 -37284.142   166.672    -2.26    1.12
 -36908.774   165.881    -2.11    1.00
 -36533.344   165.050    -2.21    1.11
 -36157.851   164.172    -2.34    1.03
 -35782.294   163.240    -2.48    1.39
 -35406.674   162.006    -3.28    1.76
 -35030.991   160.617    -3.70    2.05
 -34655.245   158.850    -4.70    2.29
 -34279.435   157.344    -4.01    2.26
 -33903.562   155.711    -4.34    2.14
 -33527.626   154.515    -3.18    2.09
 -33151.626   153.242    -3.39    1.99
 -32775.563   152.264    -2.60    1.79
 -32399.436   151.240    -2.72    1.72
 -32023.246   150.396    -2.24    1.64
 -31646.992   149.317    -2.87    1.44
 -31270.675   148.230    -2.89    1.29
 -30894.294   146.922    -3.48    1.62
 -30517.850   145.422    -3.98    1.91
 -30141.342   143.897    -4.05    1.86
 -29764.770   142.516    -3.67    1.47
 -29388.135   141.281    -3.28    1.33
 -29011.435   140.240    -2.76    1.24
 -28634.672   139.292    -2.52    1.18
 -28257.845   138.435    -2.28    1.13
 -27880.955   137.733    -1.86    1.25
 -27504.000   138.027     0.78    1.83
 -27126.982   138.172     0.38    2.01
 -26749.899   138.219     0.13    2.04
 -26372.753   137.948    -0.72    2.08
 -25995.542   136.947    -2.65    1.97
 -25618.268   135.848    -2.91    1.52
 -25240.929   134.785    -2.82    1.06
 -24863.526   134.203    -1.54    0.73
 -24486.059   133.759    -1.17    0.62
 -24108.528   133.408    -0.93    0.56
 -23730.933   133.147    -0.69    0.55
 -23353.273   132.928    -0.58    0.50
 -22975.549   132.726    -0.54    0.56
 -22597.761   132.371    -0.94    0.64
 -22219.909   132.012    -0.95    0.59
 -21841.992   131.523    -1.29    0.67
 -21464.011   131.143    -1.00    0.66
 -21085.965   130.682    -1.22    0.62
 -20707.855   130.251    -1.14    0.64
 -20329.680   129.772    -1.27    0.62
 -19951.441   129.422    -0.93    0.64
 -19573.137   129.022    -1.06    0.54
 -19194.768   128.706    -0.84    0.56
 -18816.335   128.409    -0.78    0.62
 -18437.837   128.048    -0.95    0.51
 -18059.275   127.889    -0.42    0.50
 -17680.647   127.648    -0.64    0.65
 -17301.955   127.536    -0.30    0.77
 -16923.198   127.488    -0.13    0.87
 -16544.377   127.565     0.20    0.85
 -16165.490   127.604     0.10    0.66
 -15786.539   127.617     0.03    0.46
 -15407.522   127.422    -0.51    0.40
 -15028.441   127.185    -0.62    0.43
 -14649.294   126.947    -0.63    0.50
 -14270.082   126.652    -0.78    0.56
 -13890.806   126.134    -1.36    0.90
 -13511.464   125.488    -1.70    1.13
 -13132.057   124.675    -2.14    1.37
 -12752.585   123.733    -2.48    1.48
 -12373.048   122.903    -2.19    1.46
 -11993.445   121.928    -2.57    1.45
 -11613.777   121.181    -1.97    1.33
 -11234.044   120.550    -1.66    1.32
 -10859.155   120.198    -0.94    1.67
 -10491.916   118.122    -5.65    5.37
 -10124.617   113.395   -12.87    9.94
  -9757.257   105.188   -22.34   13.03
  -9389.836    96.118   -24.69   12.32
  -9022.354    86.245   -26.87    8.36
  -8654.812    79.772   -17.61    6.81
  -8287.208    73.909   -15.95    5.62
  -7919.544    69.858   -11.02    4.93
  -7551.820    65.238   -12.56    4.39
  -7184.034    60.999   -11.53    5.14
  -6816.188    56.058   -13.43    5.71
  -6448.280    51.902   -11.30    5.34
  -6080.312    48.024   -10.54    3.61
  -5712.283    45.076    -8.01    3.31
  -5344.192    41.902    -8.62    4.58
  -4976.041    38.485    -9.28    5.27
  -4607.828    34.305   -11.35    5.08
  -4239.555    30.847    -9.39    4.44
  -3871.220    27.435    -9.26    3.92
  -3502.824    23.614   -10.37    5.28
  -3134.367    19.331   -11.62    5.94
  -2765.849    15.076   -11.55    5.79
  -2397.270    10.611   -12.11    3.81
  -2028.629     8.172    -6.62    2.61
  -1659.927     6.778    -3.78    1.61
  -1291.163     5.484    -3.51    2.40
   -922.338     3.976    -4.09    3.35
   -553.452     1.941    -5.52    3.31
   -184.505     0.128    -4.91    1.89
    184.505     1.162     2.80    2.47
    553.575     2.841     4.55    2.65
    922.707     4.284     3.91    1.96
   1291.901     5.158     2.37    0.44
   1661.156     5.322     0.44    0.30
   2030.473     5.422     0.27    0.64
   2399.852     5.460     0.10    0.94
   2769.292     5.675     0.58    1.26
   3138.794     6.201     1.42    1.59
   3508.358     7.152     2.57    1.56
   3877.984     8.647     4.05    1.93
   4247.671    10.381     4.69    2.16
   4617.420    12.909     6.84    3.36
   4987.231    15.962     8.26    3.53
   5357.104    18.662     7.30    3.29
   5727.039    21.264     7.03    2.17
   6097.036    23.268     5.42    2.21
   6467.095    25.128     5.03    2.01
   6837.216    27.059     5.22    2.35
   7207.399    29.179     5.72    2.33
   7577.644    31.347     5.86    2.62
   7947.951    33.715     6.40    2.48
   8318.321    35.966     6.08    2.79
   8688.752    38.058     5.65    2.65
   9059.246    40.548     6.72    3.11
   9429.802    42.915     6.39    3.05
   9800.421    45.047     5.75    3.15
  10171.101    46.555     4.07    2.77
  10541.844    47.009     1.23    2.58
  10912.650    46.624    -1.04    2.42
  11283.517    45.909    -1.93    2.04
  11654.448    45.552    -0.96    1.49
  12025.440    45.510    -0.11    0.98
  12396.496    46.088     1.56    1.18
  12767.613    47.009     2.48    1.36
  13138.794    48.079     2.88    1.25
  13510.037    49.122     2.81    1.21
  13881.342    49.942     2.21    1.04
  14252.711    50.682     1.99    0.92
  14624.141    51.312     1.70    0.79
  14995.635    51.972     1.78    0.86
  15367.192    52.570     1.61    0.75
  15738.811    53.134     1.52    0.86
  16110.493    53.719     1.57    0.77
  16482.238    54.397     1.82    0.83
  16854.046    54.982     1.57    0.87
  17225.917    55.759     2.09    0.98
  17597.850    56.489     1.96    0.96
  17969.847    57.347     2.30    1.09
  18341.907    58.353     2.71    1.17
  18714.030    59.334     2.64    1.34
  19086.215    60.354     2.74    1.25
  19458.464    61.422     2.87    1.39
  19830.777    62.343     2.47    1.32
  20203.152    63.284     2.53    1.42
  20575.590    64.152     2.33    1.29
  20948.092    65.022     2.34    1.23
  21320.657    65.778     2.03    0.99
  21693.286    66.434     1.76    0.88
  22065.978    66.928     1.33    0.72
  22438.733    67.204     0.74    0.71
  22811.551    67.473     0.72    0.66
  23184.433    67.650     0.47    0.60
  23557.379    67.902     0.68    0.50
  23930.388    68.109     0.56    0.47
  24303.460    68.368     0.69    0.43
  24676.596    68.742     1.00    0.47
  25049.796    69.055     0.84    0.49
  25423.059    69.434     1.02    0.54
  25796.386    69.845     1.10    0.50
  26169.777    70.105     0.70    0.47
  26543.232    70.553     1.20    0.47
  26916.750    70.871     0.85    0.50
  27290.332    71.181     0.83    0.49
  27663.978    71.572     1.05    0.48
  28037.687    71.934     0.97    0.62
  28411.461    72.447     1.37    0.91
  28785.299    73.358     2.44    1.28
  29159.200    74.067     1.90    1.42
  29533.166    75.245     3.15    1.60
  29907.196    76.255     2.70    1.64
  30281.289    77.434     3.15    1.74
  30655.447    78.548     2.98    1.60
  31029.669    79.509     2.57    1.28
  31403.955    80.119     1.63    0.75
  31778.305    80.197     0.21    0.62
  32152.720    80.080    -0.31    0.58
  32527.199    80.022    -0.15    0.61
  32901.742    80.235     0.57    0.71
  33276.349    80.578     0.91    0.69
  33651.021    80.949     0.99    0.55
  34025.757    81.309     0.96    0.60
  34400.558    81.733     1.13    0.57
  34775.423    82.109     1.00    0.54
  35150.353    82.542     1.15    0.52
  35525.347    82.865     0.86    0.50
  35900.406    83.219     0.95    0.63
  36275.529    83.534     0.84    0.71
  36650.717    83.782     0.66    0.82
  37025.970    83.922     0.37    0.89
  37401.287    84.136     0.57    0.72
  37776.669    83.890    -0.66    0.98
  38152.116    83.348    -1.44    1.34
  38527.628    82.747    -1.60    1.40
  38903.204    82.101    -1.72    1.27
  39278.846    81.524    -1.54    1.20
  39654.552    81.034    -1.30    1.01
  40030.323    80.640    -1.05    0.86
  40406.159    80.295    -0.92    0.72
  40782.061    79.890    -1.08    0.66
  41158.027    79.372    -1.38    0.74
  41534.058    78.672    -1.86    1.05
  41910.155    77.709    -2.56    1.29
  42286.316    76.665    -2.78    1.25
  42662.543    75.747    -2.44    1.22
  43038.835    75.303    -1.18    1.47
  43415.193    75.149    -0.41    1.80
  43791.615    75.248     0.26    2.09
  44168.103    75.397     0.39    1.99
  44544.656    75.145    -0.67    1.81
  44921.275    74.684    -1.22    2.10
  45297.959    74.024    -1.75    2.50
  45674.708    73.222    -2.13    2.65
  46051.523    72.138    -2.88    2.80
  46428.404    70.772    -3.62    2.82
  46805.350    68.781    -5.28    3.08
  47182.362    66.785    -5.29    3.09
  47559.439    64.118    -7.07    3.11
  47936.582    62.140    -5.25    2.56
  48313.790    60.722    -3.76    1.44
  48691.065    60.331    -1.04    0.80
  49068.405    60.953     1.65    1.15
  49445.811    62.003     2.78    1.22
  49823.283    63.072     2.83    1.39
  50200.820    64.233     3.07    1.39
  50578.424    65.609     3.65    1.57
  50956.093    67.017     3.73    1.65
  51333.829    68.397     3.65    1.96
  51711.630    70.306     5.05    2.49
  52089.498    72.122     4.80    3.03
  52467.431    74.742     6.93    3.21
  52845.431    76.947     5.83    3.17
  53223.497    79.348     6.35    3.04
  53601.629    81.612     5.99    3.03
  53979.827    84.257     7.00    3.11
  54358.091    86.501     5.93    2.66
  54736.422    88.184     4.45    1.79
  55114.819    89.192     2.66    0.63
  55493.283    89.247     0.14    0.38
  55871.812    89.001    -0.65    0.50
  56250.409    88.508    -1.30    0.69
  56629.071    87.876    -1.67    0.66
  57007.801    87.334    -1.43    0.77
  57386.596    86.640    -1.83    0.68
  57765.459    86.072    -1.50    0.71
  58144.388    85.459    -1.62    0.75
  58523.383    84.922    -1.42    0.73
  58902.445    84.283    -1.69    0.69
  59281.574    83.781    -1.32    0.68
  59660.770    83.209    -1.51    0.90
  60040.032    82.567    -1.69    0.93
  60419.362    82.422    -0.38    0.93
  60798.758    82.527     0.28    1.08
  61178.221    83.234     1.86    1.24
  61557.751    84.115     2.32    1.10
  61937.348    84.934     2.16    1.22
  62317.012    85.811     2.31    1.23
  62696.742    86.834     2.69    1.39
  63076.540    88.125     3.40    1.56
  63456.405    89.521     3.67    2.02
  63834.726    91.586     5.46    2.60
  64201.772    93.409     4.97    2.72
  64568.880    95.738     6.35    2.50
  64936.050    97.509     4.82    1.94
  65303.283    98.928     3.86    1.39
  65670.577    99.809     2.40    1.13
  66037.934   100.653     2.30    0.97
  66405.353   101.247     1.62    1.02
  66772.834   102.063     2.22    1.06
  67140.378   102.784     1.96    1.12
  67507.984   103.574     2.15    1.18
  67875.652   104.222     1.76    1.18
  68243.383   104.882     1.80    1.25
  68611.177   105.572     1.87    1.36
  68979.032   106.260     1.87    1.33
  69346.951   107.039     2.12    1.45
  69714.932   107.948     2.47    1.43
  70082.975   108.965     2.76    1.71
  70451.081   110.138     3.19    1.75
  70819.250   111.347     3.28    2.05
  71187.482   112.895     4.20    2.05
  71555.776   114.619     4.68    2.46
  71924.133   116.279     4.51    2.46
  72292.553   118.496     6.02    2.94
  72661.036   120.593     5.69    3.09
  73029.581   122.959     6.42    3.55
  73398.189   125.253     6.22    3.33
  73766.861   127.334     5.65    2.85
  74135.595   128.979     4.46    2.23
  74504.392   130.447     3.98    1.65
  74873.252   131.485     2.82    1.37
  75242.176   132.697     3.28    1.33
  75611.162   133.675     2.65    1.36
  75980.212   134.928     3.40    1.52
  76349.324   136.237     3.55    1.64
  76718.500   138.101     5.05    2.40
  77087.739   140.409     6.25    3.33
  77457.041   144.034     9.82    4.25
  77826.407   146.827     7.56    3.81
  78195.836   149.809     8.07    2.55
  78565.328   151.767     5.30    1.80
  78934.884   153.384     4.38    1.83
  79304.503   154.845     3.95    1.84
  79674.185   156.704     5.03    1.91
  80043.931   158.499     4.85    2.32
  80413.741   160.997     6.76    2.85
  80783.614   163.545     6.89    3.07
  81153.550   166.586     8.22    3.51
  81523.550   170.209     9.79    4.72
  81893.614   175.512    14.33    6.62
  82263.742   182.222    18.13    9.39
  82633.933   197.181    40.41   20.23
  83004.188   220.088    61.87   32.05
  83374.506   250.979    83.42   41.06
  83744.889   286.509    95.94   46.58
  84115.335   334.017   128.25   51.93
  84485.846   378.234   119.35   54.89
  84856.420   431.991   145.07   53.59
  85227.058   476.780   120.85   49.76
  85597.760   517.396   109.57   39.20
  85968.526   546.459    78.39   29.37
  86339.356   570.037    63.59   20.55
  86710.250   584.897    40.07   14.98
  87081.208   596.321    30.80    9.94
  87452.231   602.347    16.24    6.12
  87823.317   605.255     7.84    4.35
  88194.468   606.484     3.31    3.54
  88565.683   606.563     0.21    2.96
  88936.963   605.847    -1.93    3.43
  89308.306   604.586    -3.39    3.20
  89679.714   604.084    -1.35    3.06
  90051.187   605.576     4.01    4.05
  90422.723   607.409     4.94    4.23
  90794.324   610.561     8.48    5.09
  91165.990   613.879     8.93    5.33
  91537.720   618.371    12.09    6.58
  91909.515   623.829    14.68    8.57
  92281.374   630.076    16.80    9.69
  92653.298   636.459    17.17    8.75
  93025.287   643.422    18.72    7.21
  93397.340   648.482    13.60    7.45
  93769.458   653.966    14.74    7.96
  94141.641   659.928    16.02    7.40
  94513.888   665.268    14.35    5.68
  94886.201   668.360     8.31    4.67
  95258.578   670.840     6.66    3.49
  95631.020   671.212     1.00    2.91
  96003.527   670.802    -1.10    3.24
  96376.099   669.797    -2.70    3.65
  96748.736   667.776    -5.42    4.11
  97121.437   665.372    -6.45    4.98
  97494.204   661.534   -10.30    6.04
  97867.036   657.434   -11.00    6.65
  98239.934   653.047   -11.77    6.88
  98612.896   649.859    -8.55    6.30
  98985.924   647.852    -5.38    6.17
  99359.016   646.434    -3.80    6.40
  99732.174   645.459    -2.61    5.71
 100105.398   644.125    -3.57    4.62
 100478.686   642.473    -4.43    3.50
 100852.040   640.781    -4.53    3.31
 101225.460   640.212    -1.52    3.85
 101598.944   640.335     0.33    3.65
 101972.495   640.669     0.89    2.79
 102346.111   639.509    -3.10    4.54
 102719.792   635.622   -10.40    7.06
 103093.539   632.159    -9.27    7.50
 103467.351   629.605    -6.83    6.54
 103841.230   628.080    -4.08    5.00
 104215.173   627.459    -1.66    3.86
 104589.183   627.080    -1.01    2.84
 104963.258   626.159    -2.46    2.07
 105337.399   625.498    -1.77    1.42
 105711.606   625.759     0.70    1.84
 106085.879   625.953     0.52    2.47
 106460.217   626.385     1.15    2.95
 106834.622   626.729     0.92    3.35
 107209.093   626.788     0.16    3.40
 107583.629   626.486    -0.81    3.59
 107958.232   625.521    -2.58    3.68
 108332.900   624.882    -1.70    3.54
 108707.635   624.056    -2.21    2.94
 109082.436   624.435     1.01    2.56
 109457.302   624.422    -0.04    2.57
 109832.236   623.058    -3.64    2.90
 110207.235   621.446    -4.30    3.00
 110582.301   619.888    -4.15    2.29
 110957.433   619.022    -2.31    0.99
 111332.631   618.903    -0.32    0.80
 111707.896   619.578     1.80    1.46
 112083.227   620.207     1.67    1.95
 112458.624   620.101    -0.28    2.03
 112834.088   619.764    -0.90    1.65
 113209.619   619.422    -0.91    1.28
 113585.216   619.747     0.87    0.92
 113960.880   620.653     2.41    1.71
 114336.610   622.607     5.20    3.14
 114712.407   624.665     5.48    3.45
 115088.271   626.879     5.89    3.13
 115464.201   628.200     3.51    2.98
 115840.198   629.990     4.76    2.95
 116216.262   631.184     3.18    3.88
 116592.393   632.497     3.49    4.99
 116968.591   633.178     1.81    5.22
 117344.855   632.336    -2.24    5.62
 117721.187   629.037    -8.77    6.99
 118097.585   622.568   -17.19    8.38
 118474.051   615.685   -18.29    9.10
 118850.583   607.928   -20.60   11.00
 119227.183   597.422   -27.90   14.30
 119603.850   582.976   -38.36   19.95
 119980.584   569.264   -36.40   18.71
 120357.385   559.113   -26.94   13.25
 120734.254   556.759    -6.25   10.78
 121111.189   560.335     9.49   12.07
 121488.192   566.890    17.39   11.48
 121865.262   571.843    13.14    9.73
 122242.400   575.397     9.42    8.09
 122619.605   578.647     8.62    7.13
 122996.878   583.484    12.82    6.29
 123374.218   587.027     9.39    5.80
 123751.625   589.763     7.25    4.92
 124129.101   591.434     4.43    4.09
 124506.643   592.159     1.92    4.08
 124884.254   594.237     5.50    7.51
 125261.932   598.831    12.17   12.13
 125639.677   604.640    15.38   14.07
 126017.491   610.385    15.21   12.30
 126395.372   614.106     9.85    9.81
 126773.321   617.459     8.87    6.53
 127151.338   620.863     9.01    5.39
 127529.423   624.711    10.18    5.04
 127907.576   626.986     6.02    4.62
 128285.796   629.797     7.43    4.61
 128664.085   633.272     9.19    4.77
 129042.442   636.483     8.49    5.13
 129420.867   640.311    10.12    4.77
 129799.360   643.372     8.09    4.65
 130177.921   645.972     6.87    4.44
 130556.550   648.047     5.48    4.31
 130935.247   649.361     3.47    4.53
 131314.013   650.852     3.94    5.29
 131692.847   653.039     5.77    5.50
 132071.749   654.114     2.84    5.47
 132450.720   653.458    -1.73    5.49
 132829.759   651.941    -4.00    6.85
 133208.867   647.496   -11.73    9.88
 133588.043   639.954   -19.89   13.17
 133967.287   626.284   -36.05   19.84
 134346.600   608.484   -46.93   21.18
 134725.982   591.494   -44.79   19.96
 135105.432   574.097   -45.85   16.95
 135484.951   559.298   -39.00   16.88
 135864.539   544.722   -38.41   13.31
 136244.195   535.051   -25.47   10.21
 136623.920   525.824   -24.30    9.02
 137003.714   519.169   -17.53    9.17
 137383.577   511.916   -19.10    8.55
 137763.509   506.014   -15.54    7.45
 138143.510   507.274     3.32    9.08
 138523.579   510.691     8.99   10.04
 138892.395   515.163    12.13    8.28
 139259.305   519.224    11.07    1.49
 139626.277   517.263    -5.34    4.95
 139993.314   509.986   -19.83   13.07
 140360.414   493.807   -44.08   24.34
 140727.578   474.496   -52.60   28.02
 141094.806   450.595   -65.09   25.42
 141462.098   430.879   -53.69   23.11
 141829.454   411.590   -52.51   20.48
 142196.874   398.298   -36.18   16.25
 142564.357   390.056   -22.43    7.45
 142931.905   389.434    -1.69    5.89
 143299.516   387.212    -6.05    9.30
 143667.192   379.263   -21.62   17.45
 144034.932   365.237   -38.15   22.13
 144402.736   349.849   -41.84   20.02
 144770.604   332.984   -45.85   15.53
 145138.536   320.891   -32.87   14.41
 145506.532   308.738   -33.03   10.43
 145874.593   300.946   -21.17    7.93
 146242.718   294.257   -18.17    5.94
 146610.907   288.322   -16.12    6.65
 146979.161   282.604   -15.53    6.42
 147347.479   276.910   -15.46    6.58
 147715.862   271.567   -14.51    5.02
 148084.309   266.880   -12.72    5.23
 148452.820   262.251   -12.56    4.91
 148821.396   256.706   -15.05    6.89
 149190.037   249.742   -18.89    8.55
 149558.742   241.385   -22.67   10.45
 149927.512   232.896   -23.02    9.59
 150296.346   224.804   -21.94    8.46
 150665.246   218.284   -17.68    7.08
 151034.209   211.759   -17.69    6.83
 151403.238   206.002   -15.60    6.92
 151772.332   199.047   -18.85    7.76
 152141.490   192.532   -17.65    8.09
 152510.713   185.007   -20.38    8.64
 152880.001   176.977   -21.75    9.29
 153249.354   167.582   -25.44    9.76
 153618.773   160.422   -19.39    8.64
 153988.256   153.580   -18.52    6.52
 154357.804   148.545   -13.63    5.27
 154727.417   144.093   -12.05    4.28
 155097.095   140.656    -9.30    3.93
 155466.839   136.508   -11.22    4.14
 155836.647   133.166    -9.04    4.24
 156206.521   129.641    -9.53    4.10
 156576.460   126.807    -7.66    3.66
 156946.465   123.607    -8.65    3.76
 157316.534   121.205    -6.49    3.84
 157686.670   118.650    -6.90    2.76
 158056.870   116.976    -4.52    1.80
 158427.136   115.693    -3.46    1.52
 158797.467   114.656    -2.80    2.09
 159167.864   113.109    -4.18    2.48
 159538.327   111.528    -4.27    2.30
 159908.854   110.014    -4.08    1.88
 160279.448   108.772    -3.35    1.91
 160650.107   107.547    -3.31    2.12
 161020.832   106.328    -3.29    2.37
 161391.623   104.574    -4.73    2.33
 161762.479   103.002    -4.24    2.25
 162133.401   101.485    -4.09    1.89
 162504.389   100.289    -3.22    1.83
 162875.443    98.967    -3.56    1.65
 163246.562    97.714    -3.38    1.89
 163617.748    96.224    -4.01    1.92
 163989.000    94.471    -4.72    2.18
 164360.317    92.604    -5.03    2.07
 164731.701    90.946    -4.47    1.82
 165103.150    89.563    -3.72    1.28
 165474.666    88.434    -3.04    1.01
 165846.248    87.604    -2.24    0.85
 166217.896    86.928    -1.82    0.87
 166589.610    86.318    -1.64    0.75
 166961.390    85.615    -1.89    0.86
 167333.237    84.845    -2.07    0.97
 167705.150    84.077    -2.07    1.05
 168077.129    83.448    -1.69    0.87
 168449.175    83.044    -1.09    0.98
 168821.287    82.501    -1.46    1.15
 169193.466    81.903    -1.61    1.21
 169565.711    81.165    -1.98    1.05
 169938.022    80.080    -2.91    1.48
 170310.400    79.145    -2.51    1.66
 170682.845    78.702    -1.19    1.74
 171055.356    78.499    -0.55    1.77
 171427.934    78.362    -0.37    2.17
 171800.579    76.986    -3.69    4.11
 172173.291    74.593    -6.42    4.35
 172546.069    73.707    -2.37    3.64
 172918.914    75.081     3.68    4.11
 173291.826    78.006     7.85    3.42
 173664.804    80.048     5.48    1.98
 174037.850    81.162     2.99    0.59
 174410.963    81.386     0.60    0.24
 174784.142    81.435     0.13    0.11
 175157.389    81.361    -0.20    0.36
 175530.703    81.191    -0.45    0.51
 175904.084    80.904    -0.77    0.61
 176277.531    80.729    -0.47    0.65
 176651.047    80.666    -0.17    0.79
 177024.629    80.764     0.26    0.86
 177398.278    80.767     0.01    0.96
 177771.995    80.624    -0.38    1.05
 178145.779    80.303    -0.86    1.26
 178519.631    79.883    -1.12    1.29
 178893.550    79.409    -1.27    1.26
 179267.536    78.840    -1.52    1.03
 179641.590    78.723    -0.31    0.87
 180015.711    78.854     0.35    1.06
 180389.900    79.224     0.99    1.22
 180764.156    79.847     1.66    1.10
 181138.480    80.109     0.70    1.07
 181512.872    80.105    -0.01    1.06
 181887.331    79.767    -0.90    1.16
 182261.858    79.422    -0.92    1.07
 182636.453    79.253    -0.45    0.84
 183011.115    79.237    -0.04    0.78
 183385.846    79.202    -0.09    0.80
 183760.644    79.227     0.07    0.92
 184135.510    79.153    -0.20    0.99
 184510.444    79.044    -0.29    0.98
 184885.446    78.916    -0.34    0.88
 185260.516    78.812    -0.28    0.78
 185635.654    78.629    -0.49    0.72
 186010.860    78.373    -0.68    0.78
 186386.135    78.263    -0.29    0.88
 186761.477    78.372     0.29    0.97
 187136.888    78.693     0.86    0.94
 187512.367    79.065     0.99    0.83
 187887.914    79.446     1.02    0.61
 188263.530    79.879     1.15    0.67
 188639.213    80.249     0.99    0.77
 189014.966    80.724     1.26    0.90
 189390.786    81.334     1.62    1.01
 189766.675    81.958     1.66    1.18
 190142.633    82.434     1.27    1.28
 190518.659    82.551     0.31    1.35
 190894.754    82.332    -0.58    1.43
 191270.917    81.675    -1.75    1.49
 191647.149    81.088    -1.56    1.32
 192023.450    81.139     0.14    1.10
 192399.819    81.537     1.06    0.93
 192776.257    81.861     0.86    0.70
 193152.764    81.965     0.28    0.55
 193529.340    81.986     0.06    0.50
 193905.984    82.059     0.19    0.51
 194282.698    82.190     0.35    0.48
 194659.480    82.362     0.46    0.24
 195036.332    82.494     0.35    0.26
 195413.252    82.641     0.39    0.42
 195790.242    82.868     0.60    0.52
 196167.301    83.288     1.11    0.64
 196544.428    83.617     0.87    0.62
 196921.625    83.759     0.38    0.65
 197298.891    83.593    -0.44    0.77
 197676.227    83.519    -0.19    0.87
 198053.632    83.767     0.66    1.10
 198431.106    84.457     1.83    1.34
 198808.649    85.209     1.99    1.10
 199186.262    85.593     1.02    0.86
 199563.944    85.832     0.63    0.89
 199941.696    86.198     0.97    0.93
 200319.517    86.601     1.07    0.95
 200697.408    87.041     1.16    0.90
 201075.368    87.700     1.74    0.77
 201453.398    88.363     1.75    0.90
 201831.498    89.084     1.91    1.02
 202209.667    89.946     2.28    1.19
 202587.907    90.916     2.56    1.43
 202966.216    91.957     2.75    1.56
 203344.594    93.261     3.45    1.40
 203723.043    94.362     2.91    1.43
 204101.562    95.819     3.85    1.49
 204480.150    97.080     3.33    1.60
 204858.808    98.904     4.82    2.15
 205237.537   100.940     5.38    2.67
 205616.336   103.663     7.19    3.07
 205995.204   106.172     6.62    2.94
 206374.143   109.139     7.83    3.08
 206753.152   111.960     7.44    2.96
 207132.231   114.605     6.98    3.32
 207511.380   117.165     6.75    2.46
 207890.600   118.975     4.77    1.97
 208269.890   120.396     3.75    1.47
 208649.251   121.678     3.38    1.54
 209028.681   122.997     3.48    1.61
 209408.183   124.077     2.85    1.70
 209787.755   125.053     2.57    2.02
 210167.397   125.928     2.31    2.17
 210547.110   126.556     1.65    2.23
