-145432.834   270.493     0.00   17.85
-145051.385   282.297    30.95   17.77
-144670.024   290.441    21.36   14.60
-144288.750   295.193    12.46   12.57
-143907.564   297.629     6.39   11.97
-143526.464   296.613    -2.67   10.21
-143145.451   290.699   -15.52   19.11
-142764.525   280.774   -26.06   24.61
-142383.686   273.064   -20.25   24.15
-142002.934   267.023   -15.87   21.27
-141622.269   265.157    -4.90   17.00
-141241.691   268.080     7.68   17.77
-140861.199   275.010    18.21   17.63
-140480.794   282.473    19.62   10.68
-140100.475   282.210    -0.69    9.98
-139720.243   279.093    -8.20    9.45
-139340.097   275.401    -9.71    6.91
-138960.037   274.703    -1.84    5.30
-138580.064   274.710     0.02    7.58
-138200.177   277.703     7.88   12.45
-137820.377   279.434     4.56   17.58
-137440.662   281.583     5.66   22.98
-137061.034   280.949    -1.67   29.50
-136681.491   276.983   -10.45   37.50
-136302.035   271.836   -13.57   43.90
-135922.664   260.116   -30.89   48.60
-135543.379   251.105   -23.76   47.20
-135164.180   245.463   -14.88   43.54
-134785.067   246.245     2.06   42.47
-134406.040   257.490    29.67   45.32
-134027.098   273.456    42.14   42.61
-133648.241   292.703    50.81   27.69
-133269.471   303.701    29.04    8.30
-132890.785   304.742     2.75    3.46
-132512.185   301.092    -9.64    6.50
-132133.670   293.503   -20.05   10.28
-131755.241   287.985   -14.58    8.87
-131376.897   285.854    -5.63    7.12
-130998.638   286.605     1.99    8.04
-130620.464   286.563    -0.11    8.73
-130242.375   280.313   -16.53   12.75
-129864.371   267.741   -33.26   15.33
-129486.453   256.460   -29.85   16.59
-129108.619   243.523   -34.24   13.87
-128730.869   234.343   -24.30   13.16
-128353.205   226.199   -21.57   11.96
-127975.625   220.599   -14.83   12.11
-127598.130   215.191   -14.33   12.38
-127220.720   209.033   -16.32   13.18
-126843.394   200.509   -22.59   16.37
-126466.152   190.430   -26.72   17.07
-126088.995   183.484   -18.42   14.42
-125711.923   182.248    -3.28   13.87
-125334.935   185.208     7.85   13.91
-124958.031   188.593     8.98   14.72
-124581.211   185.314    -8.70   22.05
-124204.475   175.613   -25.75   29.38
-123827.824   159.772   -42.06   32.56
-123451.256   142.433   -46.05   25.21
-123074.773   128.793   -36.23   14.69
-122698.373   121.642   -19.00    9.34
-122322.057   118.298    -8.89    6.26
-121945.826   116.724    -4.18    3.61
-121569.677   117.385     1.76    3.32
-121193.613   119.177     4.77    3.47
-120817.632   120.926     4.65    2.93
-120441.735   122.742     4.83    1.60
-120065.922   123.692     2.53    1.55
-119690.192   124.689     2.65    1.68
-119314.545   125.308     1.65    1.99
-118938.982   125.671     0.96    2.37
-118563.502   125.201    -1.25    2.83
-118188.105   124.855    -0.92    3.00
-117812.792   124.743    -0.30    2.63
-117437.561   125.314     1.52    2.44
-117062.414   126.703     3.70    2.86
-116687.350   128.341     4.37    2.70
-116312.369   129.583     3.31    3.28
-115937.471   129.975     1.05    4.29
-115562.655   129.893    -0.22    5.12
-115187.923   128.980    -2.44    5.64
-114813.273   127.103    -5.01    5.71
-114438.706   124.979    -5.67    4.78
-114064.222   123.369    -4.30    3.54
-113689.821   122.480    -2.37    2.30
-113315.501   122.453    -0.07    1.43
-112941.265   123.334     2.35    1.99
-112567.111   125.589     6.03    3.26
-112193.039   128.595     8.04    4.53
-111819.050   132.504    10.45    5.50
-111445.143   136.096     9.61    6.34
-111071.318   138.695     6.95    7.52
-110697.575   140.395     4.55    9.36
-110323.915   140.239    -0.42   10.47
-109950.337   139.193    -2.80    9.33
-109576.840   139.356     0.44    7.73
-109203.426   141.076     4.61    7.22
-108830.093   145.551    11.99    9.06
-108456.843   154.500    23.98   12.35
-108083.674   162.995    22.77   12.94
-107710.587   172.793    26.26   13.75
-107337.582   179.120    16.96   13.98
-106964.658   186.701    20.33   14.97
-106591.816   194.528    20.99   17.06
-106219.056   205.963    30.68   18.69
-105846.377   218.453    33.52   17.80
-105473.779   229.423    29.44   13.04
-105101.263   235.683    16.81    5.00
-104728.829   235.405    -0.75    4.86
-104356.475   231.723    -9.89    6.98
-103984.203   229.185    -6.82    7.58
-103612.012   226.662    -6.78    8.51
-103239.902   226.007    -1.76    9.27
-102867.873   223.613    -6.44    9.14
-102495.925   218.201   -14.55   10.60
-102124.058   209.803   -22.58   10.75
-101752.272   205.093   -12.67    7.93
-101380.567   203.370    -4.64    5.67
-101008.943   205.633     6.09    7.13
-100637.400   210.140    12.13    7.67
-100265.937   214.824    12.61    8.40
 -99894.555   220.053    14.08    8.45
 -99523.253   226.601    17.64    7.40
 -99152.032   231.334    12.75    6.85
 -98780.892   236.844    14.85    7.48
 -98409.832   240.638    10.23    7.74
 -98038.853   243.753     8.40    7.77
 -97667.953   246.364     7.04    7.24
 -97297.134   247.900     4.14    7.39
 -96926.396   248.823     2.49    7.37
 -96555.737   250.651     4.93    7.26
 -96185.159   252.923     6.13    8.50
 -95814.661   257.750    13.03    9.36
 -95444.243   262.329    12.36    7.98
 -95073.904   264.690     6.38    6.53
 -94703.646   266.987     6.20    6.95
 -94333.468   267.446     1.24    9.30
 -93963.369   268.071     1.69   10.71
 -93593.351   267.793    -0.75   10.58
 -93223.412   265.677    -5.72   11.72
 -92853.552   262.865    -7.60   12.44
 -92483.773   257.238   -15.22   14.86
 -92114.073   250.783   -17.46   15.57
 -91744.452   242.676   -21.94   18.49
 -91374.911   234.385   -22.44   20.41
 -91005.449   226.689   -20.83   21.06
 -90636.067   220.099   -17.84   19.23
 -90266.764   214.875   -14.15   18.80
 -89897.540   210.309   -12.37   19.10
 -89528.396   205.591   -12.78   18.90
 -89159.331   200.608   -13.50   18.22
 -88790.345   196.238   -11.84   16.07
 -88421.438   192.835    -9.22   13.89
 -88052.609   190.945    -5.13   10.61
 -87683.860   190.522    -1.15    9.67
 -87315.190   190.484    -0.10    9.38
 -86946.599   190.538     0.15   10.23
 -86578.087   189.656    -2.39    9.70
 -86209.653   189.566    -0.24    9.50
 -85841.298   189.162    -1.10    8.48
 -85473.022   186.599    -6.96    7.39
 -85104.824   182.935    -9.95    6.59
 -84736.705   179.743    -8.67    5.03
 -84368.665   177.195    -6.92    4.17
 -84000.703   175.085    -5.74    4.24
 -83632.819   172.232    -7.75    5.06
 -83265.014   167.009   -14.20    7.09
 -82897.287   161.181   -15.85    8.60
 -82529.638   155.923   -14.30    8.21
 -82162.068   151.157   -12.97    7.46
 -81794.576   147.119   -10.99    7.35
 -81427.162   143.446   -10.00    8.37
 -81059.826   138.591   -13.22    9.67
 -80692.568   131.074   -20.47    9.66
 -80325.388   122.730   -22.73   10.55
 -79958.286   114.866   -21.42   10.40
 -79591.261   109.507   -14.60    9.00
 -79224.315   104.977   -12.35    5.88
 -78857.446   102.773    -6.01    2.88
 -78490.656   102.185    -1.60    1.52
 -78123.942   101.834    -0.96    0.17
 -77757.307   101.803    -0.08    0.00
 -77390.749   101.803     0.00    0.00
 -77024.269   101.803     0.00    0.00
 -76657.866   101.803     0.00    0.00
 -76291.540   101.813     0.03    0.10
 -75925.292   102.868     2.88    3.19
 -75559.122   106.252     9.24    7.72
 -75193.028   112.436    16.89   13.66
 -74827.012   121.418    24.54   18.12
 -74461.073   131.579    27.77   20.28
 -74095.211   142.771    30.59   20.69
 -73729.427   151.359    23.48   18.54
 -73363.719   157.640    17.18   16.75
 -72998.088   162.955    14.54   14.96
 -72632.535   165.203     6.15   13.51
 -72267.058   166.456     3.43   11.84
 -71901.658   168.130     4.58   11.27
 -71536.335   171.032     7.95   10.53
 -71171.089   175.763    12.95   10.31
 -70794.558   181.542    15.35   12.79
 -70413.276   187.824    16.48   15.06
 -70032.079   195.640    20.51   17.33
 -69650.966   205.432    25.69   17.61
 -69269.939   217.292    31.13   17.98
 -68888.996   229.621    32.37   19.26
 -68508.138   242.575    34.01   20.45
 -68127.365   256.401    36.31   18.71
 -67746.677   268.159    30.89   14.87
 -67366.073   275.456    19.17    9.32
 -66985.554   278.075     6.88    5.46
 -66605.119   277.197    -2.31    4.64
 -66224.768   273.760    -9.04    5.52
 -65844.502   270.854    -7.64    4.47
 -65464.320   269.148    -4.49    2.89
 -65084.223   268.436    -1.87    3.25
 -64704.210   267.229    -3.18    4.31
 -64324.280   264.691    -6.68    5.29
 -63944.435   260.879   -10.04    6.36
 -63564.674   256.936   -10.38    5.44
 -63184.997   254.459    -6.52    3.99
 -62805.404   254.354    -0.28    4.40
 -62425.895   255.276     2.43    5.30
 -62046.470   255.028    -0.66    5.78
 -61667.128   253.532    -3.94    6.25
 -61287.870   251.620    -5.04    6.05
 -60908.696   249.125    -6.58    3.88
 -60529.605   247.722    -3.70    2.08
 -60150.598   247.368    -0.93    2.20
 -59771.675   247.621     0.67    2.42
 -59392.835   249.485     4.92    4.83
 -59014.078   254.473    13.17    8.12
 -58635.405   260.981    17.19   10.12
 -58256.814   270.113    24.12   14.53
 -57878.308   279.347    24.40   15.64
 -57499.884   292.783    35.51   17.30
 -57121.543   303.955    29.53   14.34
 -56743.286   312.637    22.95   13.76
 -56365.111   321.715    24.01   13.25
 -55987.020   327.370    14.96   13.89
 -55609.011   331.673    11.38   12.17
 -55231.085   328.116    -9.41   14.30
 -54853.242   322.879   -13.86   15.31
 -54475.482   316.298   -17.42   11.65
 -54097.804   310.681   -14.87    5.90
 -53720.209   308.752    -5.11    5.81
 -53342.697   307.016    -4.60    6.84
 -52965.267   306.241    -2.05    7.59
 -52587.919   306.495     0.67    6.71
 -52210.654   303.652    -7.54    8.27
 -51833.472   296.040   -20.18   11.84
 -51456.372   287.181   -23.49   13.10
 -51079.353   279.119   -21.38   12.32
 -50702.418   272.376   -17.89   10.41
 -50325.564   269.453    -7.76   11.40
 -49948.792   266.109    -8.87   13.43
 -49572.103   263.445    -7.07   14.81
 -49195.495   255.467   -21.19   13.90
 -48818.970   246.835   -22.93   15.10
 -48442.526   236.918   -26.34   18.38
 -48066.164   226.875   -26.69   19.45
 -47689.884   215.224   -30.96   18.22
 -47313.686   202.991   -32.52   18.80
 -46937.569   193.989   -23.93   17.88
 -46561.534   188.980   -13.32   17.17
 -46185.581   181.782   -19.15   10.66
 -45809.709   179.350    -6.47    4.51
 -45433.918   179.438     0.23    7.28
 -45058.209   184.621    13.80   15.81
 -44682.582   196.356    31.24   26.41
 -44307.035   214.866    49.29   32.20
 -43931.570   234.738    52.93   29.07
 -43556.186   253.350    49.58   15.83
 -43180.883   261.759    22.41   11.56
 -42805.662   263.186     3.80   12.14
 -42430.521   262.703    -1.29   13.76
 -42055.462   259.082    -9.66   14.17
 -41680.483   254.129   -13.21   11.12
 -41305.585   253.174    -2.55    8.79
 -40930.768   253.879     1.88    7.62
 -40556.032   255.917     5.44    8.55
 -40181.377   258.495     6.88    7.93
 -39806.802   260.082     4.24    6.89
 -39432.308   261.491     3.76    6.38
 -39057.895   262.989     4.00    5.48
 -38683.562   264.940     5.21    5.97
 -38309.310   266.710     4.73    5.56
 -37935.138   267.618     2.43    5.03
 -37561.046   268.137     1.39    4.88
 -37187.035   268.680     1.45    4.93
 -36813.104   270.108     3.82    5.22
 -36439.253   272.157     5.48    5.30
 -36065.483   274.133     5.29    4.76
 -35691.792   275.937     4.83    3.60
 -35318.182   277.999     5.52    4.81
 -34944.652   279.126     3.02    6.99
 -34571.201   280.881     4.70    9.32
 -34197.831   281.277     1.06    8.73
 -33824.540   281.488     0.56    7.62
 -33451.330   282.546     2.83    7.01
 -33078.199   284.319     4.75    6.30
 -32705.148   286.189     5.01    5.75
 -32332.176   286.803     1.65    4.39
 -31959.284   286.585    -0.59    4.00
 -31586.472   285.487    -2.94    4.97
 -31213.739   283.224    -6.07    5.88
 -30841.086   280.293    -7.87    6.34
 -30468.512   277.730    -6.88    5.31
 -30096.017   275.905    -4.90    2.83
 -29723.602   275.792    -0.30    2.38
 -29351.266   277.095     3.50    2.91
 -28979.009   278.203     2.98    2.94
 -28606.832   277.956    -0.66    2.71
 -28234.733   276.064    -5.09    3.22
 -27862.714   273.979    -5.61    3.26
 -27490.773   271.999    -5.32    2.67
 -27118.912   270.074    -5.18    2.13
 -26747.130   269.066    -2.71    2.07
 -26375.426   267.887    -3.17    1.86
 -26003.801   267.229    -1.77    1.76
 -25632.255   266.740    -1.32    1.91
 -25260.788   266.530    -0.57    2.27
 -24889.399   266.008    -1.41    2.46
 -24518.089   265.319    -1.86    2.39
 -24146.858   263.846    -3.97    2.61
 -23775.705   261.430    -6.51    4.42
 -23404.631   258.281    -8.48    5.23
 -23033.635   254.422   -10.40    6.08
 -22662.717   250.760    -9.87    5.87
 -22291.878   246.512   -11.46    4.77
 -21921.117   243.760    -7.42    3.01
 -21550.434   241.963    -4.85    1.58
 -21179.830   241.043    -2.48    1.12
 -20809.303   240.203    -2.27    1.04
 -20438.855   239.566    -1.72    1.05
 -20068.484   238.760    -2.18    1.04
 -19698.192   237.939    -2.22    1.26
 -19327.978   237.032    -2.45    1.62
 -18957.841   236.133    -2.43    1.93
 -18587.783   235.037    -2.96    2.10
 -18217.802   233.876    -3.14    2.01
 -17847.899   232.760    -3.02    1.47
 -17478.073   231.855    -2.45    1.06
 -17108.325   231.356    -1.35    0.91
 -16738.655   230.116    -3.36    2.43
 -16369.062   228.197    -5.19    4.10
 -15999.547   223.771   -11.98    6.60
 -15630.110   218.022   -15.56    8.74
 -15260.749   210.223   -21.12    9.85
 -14891.466   201.783   -22.85   10.81
 -14522.261   192.738   -24.50    9.33
 -14153.132   184.501   -22.31    9.39
 -13784.081   176.379   -22.01    9.78
 -13415.107   167.214   -24.84   10.79
 -13046.210   158.530   -23.54   11.35
 -12677.391   147.287   -30.48   11.76
 -12308.648   138.793   -23.04   11.02
 -11939.982   131.943   -18.58    7.96
 -11571.393   127.491   -12.08    7.93
 -11202.881   123.678   -10.35    9.98
 -10834.446   123.189    -1.33   12.28
 -10466.088   123.337     0.40   13.96
 -10097.806   123.845     1.38   15.58
  -9729.601   124.580     1.99   15.84
  -9361.473   125.203     1.69   14.30
  -8993.421   117.569   -20.74   19.87
  -8625.446   107.559   -27.20   22.83
  -8257.547    96.340   -30.49   22.86
  -7889.725    89.545   -18.47   18.53
  -7521.979    87.657    -5.13   17.23
  -7154.310    92.178    12.30   20.50
  -6786.716    99.140    18.94   20.57
  -6419.200   105.771    18.04   20.82
  -6051.759   110.918    14.01   16.49
  -5684.394   112.825     5.19   16.71
  -5317.106   117.782    13.50   15.59
  -4949.894   122.761    13.56   12.55
  -4582.757   129.053    17.14   11.04
  -4215.697   137.376    22.67   14.03
  -3848.713   145.814    22.99   16.37
  -3481.804   152.089    17.10   15.03
  -3114.971   153.943     5.05   15.35
  -2748.215   147.678   -17.08   17.69
  -2381.533   138.080   -26.18   17.12
  -2014.928   126.793   -30.79   13.29
  -1648.398   121.035   -15.71   10.45
  -1281.944   110.016   -30.07   19.63
   -915.566    81.157   -78.77   48.97
   -549.262    45.625   -97.00   53.22
   -183.035    14.982   -83.67   39.90
    183.117    -4.856   -54.18    6.88
    549.194    -6.155    -3.55    0.20
    915.196    -6.154     0.00    0.20
   1281.122    -5.963     0.52    0.66
   1646.973    -4.491     4.02    3.39
   2012.748    -1.109     9.25    5.93
   2378.449     2.633    10.23    6.38
   2744.075     7.208    12.51    4.44
   3109.625    10.241     8.30    2.37
   3475.101    12.080     5.03    2.42
   3846.780    14.814     7.36    3.65
   4227.897    18.176     8.82    4.25
   4608.931    21.382     8.42    3.84
   4989.883    24.384     7.88    2.86
   5370.752    26.814     6.38    2.06
   5751.538    28.605     4.71    2.39
   6132.241    31.487     7.57    3.46
   6512.862    34.792     8.68    4.60
   6893.401    39.793    13.14    5.47
   7273.857    44.973    13.62    5.69
   7654.231    49.624    12.23    4.92
   8034.523    53.412     9.96    3.65
   8414.732    56.137     7.17    2.63
   8794.859    58.103     5.17    2.15
   9174.904    59.940     4.83    1.98
   9554.867    61.455     3.99    1.65
   9934.748    62.856     3.69    1.55
  10314.547    64.258     3.69    1.84
  10694.264    65.224     2.55    2.14
  11073.899    65.959     1.93    2.18
  11453.453    66.150     0.50    1.91
  11832.924    66.118    -0.08    1.58
  12212.314    68.113     5.26    3.81
  12591.622    72.359    11.19    7.19
  12970.849    79.622    19.15   10.07
  13349.994    87.258    20.14    8.63
  13729.058    91.761    11.88    6.31
  14108.040    94.654     7.63    5.21
  14486.940    97.642     7.89    6.80
  14865.760   101.859    11.13    8.46
  15244.498   106.391    11.97    8.30
  15623.154   110.370    10.51    7.35
  16001.730   114.207    10.14    5.40
  16380.224   117.503     8.71    3.09
  16758.638   119.690     5.78    2.26
  17136.970   121.121     3.78    2.01
  17515.221   122.233     2.94    1.08
  17893.392   122.687     1.20    0.36
  18271.481   122.537    -0.40    0.71
  18649.490   122.269    -0.71    1.11
  19027.418   122.061    -0.55    1.34
  19405.265   122.192     0.35    1.37
  19783.031   121.979    -0.57    1.31
  20160.717   121.803    -0.46    1.49
  20538.322   121.834     0.08    1.63
  20915.847   122.048     0.57    1.81
  21293.291   122.553     1.34    1.49
  21670.655   122.590     0.10    1.56
  22047.938   122.186    -1.07    1.85
  22425.141   121.964    -0.59    1.90
  22802.264   122.037     0.19    1.78
  23179.306   121.803    -0.62    1.70
  23556.269   120.473    -3.53    2.69
  23933.151   117.914    -6.79    3.72
  24309.953   113.835   -10.83    4.77
  24686.675   109.695   -10.99    4.67
  25063.317   105.772   -10.42    3.88
  25439.879   102.466    -8.78    2.88
  25816.362    99.293    -8.43    3.74
  26192.764    95.836    -9.18    4.39
  26569.087    91.835   -10.63    4.79
  26945.330    88.045   -10.07    3.97
  27321.493    84.624    -9.09    3.68
  27697.577    81.771    -7.59    3.12
  28073.581    78.868    -7.72    2.95
  28449.506    76.303    -6.82    3.05
  28825.351    73.561    -7.30    3.15
  29201.117    71.534    -5.39    2.51
  29576.803    69.582    -5.20    1.50
  29952.410    68.564    -2.71    1.02
  30327.938    67.856    -1.88    0.99
  30703.386    67.250    -1.62    0.92
  31078.756    66.900    -0.93    0.79
  31454.046    66.463    -1.16    0.86
  31829.257    65.717    -1.99    1.24
  32204.389    64.972    -1.99    1.59
  32579.442    64.221    -2.00    1.63
  32954.416    63.814    -1.09    1.44
  33329.312    63.608    -0.55    1.18
  33704.128    63.395    -0.57    0.92
  34078.866    63.034    -0.96    0.84
  34453.525    62.633    -1.07    0.89
  34828.105    62.287    -0.92    0.74
  35202.607    61.995    -0.78    0.45
  35577.030    61.849    -0.39    0.21
  35951.374    61.846    -0.01    0.20
  36325.640    61.724    -0.33    0.27
  36699.828    61.298    -1.14    0.83
  37073.937    60.759    -1.44    0.99
  37447.968    60.066    -1.85    1.00
  37821.920    59.365    -1.88    0.66
  38195.795    59.056    -0.83    0.46
  38569.591    58.682    -1.00    0.53
  38943.309    58.255    -1.14    0.60
  39316.948    57.858    -1.06    0.69
  39690.510    57.330    -1.41    0.69
  40063.994    56.931    -1.07    0.69
  40437.400    56.448    -1.29    0.69
  40810.728    56.051    -1.07    0.65
  41183.978    55.673    -1.01    0.68
  41557.150    55.325    -0.93    0.68
  41930.245    54.803    -1.40    0.71
  42303.261    54.319    -1.30    0.82
  42676.200    53.653    -1.79    0.81
  43049.062    53.037    -1.65    0.89
  43421.846    52.276    -2.04    0.81
  43794.552    51.668    -1.63    0.83
  44167.181    50.962    -1.89    0.73
  44539.733    50.255    -1.90    0.95
  44912.207    49.565    -1.85    1.02
  45284.604    48.910    -1.76    1.08
  45656.923    48.365    -1.46    1.35
  46029.165    47.899    -1.25    1.50
  46401.330    47.059    -2.26    1.81
  46773.418    46.224    -2.24    1.70
  47145.429    45.870    -0.95    1.32
  47517.363    45.644    -0.61    1.18
  47889.220    45.889     0.66    0.94
  48261.000    45.973     0.23    0.84
  48632.702    45.952    -0.06    0.72
  49004.329    45.814    -0.37    0.68
  49375.878    45.666    -0.40    0.72
  49747.350    45.737     0.19    0.92
  50118.746    46.035     0.80    0.98
  50490.065    46.100     0.18    1.19
  50861.308    45.719    -1.03    1.60
  51232.474    44.981    -1.99    1.82
  51603.563    44.686    -0.79    1.85
  51974.576    44.826     0.38    1.67
  52345.512    45.293     1.26    1.33
  52716.372    45.714     1.14    0.91
  53087.156    45.952     0.64    0.36
  53457.864    45.782    -0.46    0.39
  53828.495    45.352    -1.16    0.73
  54199.050    45.008    -0.93    0.83
  54569.529    44.532    -1.28    0.77
  54939.931    44.172    -0.97    0.70
  55310.258    43.771    -1.08    0.69
  55680.509    43.434    -0.91    0.67
  56050.683    42.927    -1.37    0.70
  56420.782    42.410    -1.40    0.83
  56790.805    41.699    -1.92    0.75
  57160.752    41.051    -1.75    0.79
  57530.623    40.326    -1.96    1.36
  57900.419    39.593    -1.98    1.69
  58270.139    38.693    -2.43    2.43
  58639.783    37.782    -2.47    2.88
  59009.351    37.516    -0.72    2.92
  59378.844    37.314    -0.55    2.97
  59748.262    37.771     1.24    2.78
  60117.604    38.653     2.39    2.59
  60486.871    39.708     2.86    2.16
  60856.062    41.375     4.52    1.78
  61225.178    42.825     3.93    2.44
  61594.219    44.454     4.42    2.14
  61963.184    45.481     2.78    1.24
  62332.074    45.996     1.40    0.56
  62700.889    46.137     0.38    0.61
  63069.629    46.233     0.26    0.52
  63438.294    46.379     0.40    0.50
  63806.884    46.685     0.83    0.62
  64175.399    47.186     1.36    0.91
  64543.839    47.651     1.26    0.96
  64912.205    48.199     1.49    0.85
  65280.495    48.686     1.32    0.75
  65648.711    49.164     1.30    0.63
  66016.851    49.674     1.39    0.70
  66384.918    50.206     1.44    0.67
  66752.909    50.644     1.19    0.59
  67120.826    50.913     0.73    0.43
  67488.668    51.129     0.59    0.47
  67856.436    51.319     0.52    0.52
  68224.130    51.749     1.17    0.85
  68591.749    52.205     1.24    0.93
  68959.293    52.759     1.51    0.94
  69326.764    53.293     1.45    0.85
  69694.160    53.665     1.01    0.61
  70061.481    53.803     0.38    0.42
  70428.729    53.792    -0.03    0.19
  70795.902    53.771    -0.06    0.27
  71163.002    53.629    -0.39    0.51
  71530.027    53.640     0.03    0.54
  71896.978    53.782     0.39    0.57
  72263.855    53.990     0.57    0.51
  72630.659    54.201     0.58    0.49
  72997.388    54.548     0.95    0.84
  73364.044    55.442     2.44    1.63
  73730.625    56.792     3.68    2.16
  74097.133    58.399     4.38    2.53
  74463.568    60.348     5.32    3.48
  74829.928    61.912     4.27    3.93
  75196.216    63.911     5.46    4.40
  75562.429    65.559     4.50    4.00
  75928.569    67.180     4.43    3.84
  76294.635    68.815     4.47    3.66
  76660.628    69.631     2.23    4.22
  77026.548    69.883     0.69    4.36
  77392.394    69.867    -0.04    3.97
  77758.167    69.320    -1.50    3.34
  78123.867    69.911     1.62    3.10
  78491.072    70.474     1.53    3.11
  78872.025    71.556     2.84    3.24
  79252.898    72.129     1.51    3.32
  79633.690    72.847     1.88    3.40
  80014.402    73.148     0.79    3.27
  80395.033    73.532     1.01    3.09
  80775.584    73.692     0.42    2.78
  81156.054    74.059     0.96    2.44
  81536.444    74.235     0.46    2.00
  81916.754    74.298     0.17    1.56
  82296.984    74.082    -0.57    1.50
  82677.134    73.890    -0.51    1.52
  83057.203    73.501    -1.02    1.85
  83437.193    72.684    -2.15    1.92
  83817.102    71.710    -2.56    1.64
  84196.932    71.180    -1.40    1.22
  84576.681    71.733     1.46    1.99
  84956.351    73.954     5.85    4.04
  85335.941    77.884    10.35    5.75
  85715.451    83.218    14.06    7.01
  86094.882    88.667    14.36    6.95
  86474.233    93.388    12.45    6.18
  86853.504    97.062     9.68    4.43
  87232.696    99.140     5.48    2.62
  87611.808    99.970     2.19    1.42
  87990.841   100.347     0.99    0.73
  88369.794   100.692     0.91    0.95
  88748.668   101.673     2.59    1.67
  89127.463   103.825     5.68    3.04
  89506.179   106.534     7.15    4.26
  89884.815   109.916     8.93    4.45
  90263.372   112.527     6.90    3.80
  90641.850   114.553     5.35    2.40
  91020.249   115.309     2.00    1.47
  91398.569   115.246    -0.16    1.35
  91776.810   114.502    -1.97    1.79
  92154.973   113.303    -3.17    1.83
  92533.056   112.169    -3.00    1.67
  92911.060   111.269    -2.38    1.07
  93288.986   111.911     1.70    1.97
  93666.833   114.587     7.08    4.50
  94044.601   118.943    11.53    6.53
  94422.291   125.326    16.90    7.18
  94799.902   131.108    15.31    7.03
  95177.435   136.904    15.35    5.98
  95554.889   140.771    10.24    4.43
  95932.265   143.981     8.51    3.18
  96309.562   145.559     4.18    2.60
  96686.781   146.859     3.45    2.10
  97063.922   148.239     3.66    2.27
  97440.985   150.303     5.47    3.36
  97817.969   152.966     7.06    4.64
  98194.875   156.583     9.60    5.64
  98571.703   160.466    10.30    6.18
  98948.454   163.924     9.18    5.51
  99325.126   166.629     7.18    4.39
  99701.720   168.869     5.95    3.36
 100078.236   170.575     4.53    2.16
 100454.675   171.693     2.97    1.11
 100831.035   172.184     1.30    0.63
 101207.318   172.151    -0.09    0.60
 101583.523   171.477    -1.79    1.46
 101959.651   169.671    -4.80    3.12
 102335.701   166.499    -8.44    5.03
 102711.673   162.177   -11.49    6.02
 103087.568   158.868    -8.80    4.91
 103463.385   157.836    -2.75    4.35
 103839.125   160.911     8.18    6.82
 104214.788   166.276    14.28    8.30
 104590.373   171.803    14.72    7.31
 104965.881   176.925    13.64    4.91
 105341.312   179.760     7.55    4.49
 105716.666   184.748    13.29    6.71
 106091.942   191.184    17.15    9.88
 106467.142   200.237    24.13   12.25
 106842.264   211.282    29.44   14.56
 107217.309   225.444    37.76   16.11
 107592.278   239.005    36.16   18.01
 107967.169   253.042    37.44   16.09
 108341.984   264.330    30.11   14.99
 108716.722   273.675    24.94   10.07
 109091.383   278.705    13.42    7.10
 109465.967   277.292    -3.77   17.21
 109840.475   274.368    -7.80   23.09
 110214.906   265.745   -23.03   30.97
 110589.260   255.205   -28.15   33.32
 110963.538   246.780   -22.51   29.57
 111337.740   249.151     6.34   29.24
 111711.865   264.596    41.28   38.41
 112085.913   296.545    85.41   46.69
 112459.886   331.309    92.95   49.20
 112833.782   381.438   134.06   63.75
 113207.602   433.425   139.06   69.98
 113581.345   486.287   141.43   69.06
 113955.013   532.525   123.73   59.61
 114328.604   562.726    80.83   42.69
 114702.119   576.727    37.48   26.22
 115075.558   573.748    -7.98   23.65
 115448.922   560.094   -36.57   28.86
 115822.209   538.292   -58.40   35.27
 116195.420   520.704   -47.12   34.42
 116568.556   501.605   -51.18   28.20
 116941.616   490.023   -31.04   26.05
 117314.600   474.603   -41.34   24.56
 117687.508   462.010   -33.77   21.73
 118060.341   450.455   -30.99   18.69
 118433.098   442.673   -20.88   19.08
 118805.780   432.548   -27.17   18.78
 119178.386   423.379   -24.60   18.42
 119550.916   412.576   -29.00   13.91
 119923.371   408.205   -11.73   10.74
 120295.751   410.571     6.35   13.65
 120668.056   420.564    26.84   20.16
 121040.285   434.194    36.61   23.38
 121412.439   441.911    20.73   22.17
 121784.517   448.125    16.70   19.92
 122156.521   452.330    11.30   16.40
 122528.449   454.099     4.75   13.06
 122900.303   458.705    12.39   10.55
 123272.081   463.470    12.81    8.92
 123643.784   468.474    13.46    7.63
 124015.413   473.572    13.72    6.04
 124386.967   477.968    11.83    5.88
 124758.445   482.466    12.11    7.05
 125129.849   487.403    13.29    8.19
 125501.178   492.684    14.22    7.74
 125872.433   496.421    10.07    6.19
 126243.613   493.502    -7.86   19.86
 126614.718   484.542   -24.14   32.86
 126985.749   476.618   -21.35   38.63
 127356.705   471.954   -12.57   36.50
 127727.586   465.572   -17.21   34.27
 128098.394   454.001   -31.20   32.60
 128469.126   444.287   -26.20   34.06
 128839.785   440.478   -10.28   33.94
 129210.369   443.503     8.16   33.20
 129580.879   456.946    36.28   27.98
 129951.315   466.199    24.98   22.45
 130321.676   470.678    12.09   20.13
 130691.963   471.155     1.29   19.83
 131062.177   471.542     1.05   21.51
 131432.316   463.441   -21.88   26.99
 131802.381   458.994   -12.01   28.51
 132172.373   454.648   -11.75   28.56
 132542.290   453.618    -2.78   26.99
 132912.134   455.292     4.52   24.22
 133281.903   457.423     5.76   20.94
 133651.599   460.485     8.28   19.25
 134021.222   464.455    10.74   19.07
 134390.770   469.015    12.34   21.40
 134760.245   473.847    13.08   22.75
 135129.646   478.874    13.61   23.15
 135498.974   483.496    12.51   24.78
 135868.228   488.164    12.64   22.70
 136237.409   492.748    12.42   20.83
 136606.516   496.758    10.86   17.68
 136975.550   505.362    23.31   17.78
 137344.511   513.114    21.01   18.04
 137713.398   522.545    25.56   18.09
 138082.212   530.481    21.52   18.42
 138450.953   539.032    23.19   18.96
 138819.621   546.023    18.96   18.61
 139188.215   554.039    21.75   17.61
 139556.737   560.075    16.38   16.30
 139925.185   567.129    19.14   13.33
 140293.561   571.616    12.18    9.88
 140661.863   574.443     7.67    7.53
 141030.093   575.684     3.37    6.12
 141398.250   577.303     4.40    4.36
 141766.334   579.892     7.03    4.53
 142134.345   583.680    10.29    5.97
 142502.283   591.188    20.40   10.25
 142870.149   597.892    18.22   10.73
 143237.942   600.605     7.38   11.00
 143605.663   598.638    -5.35   12.26
 143973.310   594.861   -10.27   12.28
 144340.886   592.521    -6.37   10.05
 144708.389   594.513     5.42   10.21
 145075.819   601.771    19.75   13.08
 145443.177   609.781    21.80   15.76
 145810.463   620.485    29.14   17.92
 146177.676   629.470    24.47   16.67
 146544.818   638.452    24.46   16.29
 146911.887   644.441    16.31   15.20
 147278.883   648.406    10.80   14.60
 147645.808   649.441     2.82   14.91
 148012.660   649.534     0.25   15.21
 148379.441   648.375    -3.16   15.48
 148746.149   646.071    -6.28   16.14
 149112.786   641.684   -11.96   14.55
 149479.350   638.206    -9.49   13.00
 149845.843   635.542    -7.27   11.14
 150212.264   635.954     1.12   10.04
 150578.613   641.048    13.90   11.34
 150944.890   649.441    22.91   14.64
 151311.096   663.735    39.03   19.64
 151677.229   679.111    41.99   26.08
 152043.292   696.183    46.63   32.17
 152409.282   709.534    36.48   36.55
 152775.201   719.208    26.43   37.38
 153141.049   721.496     6.25   32.30
 153519.054   725.245     9.92   26.23
 153899.767   733.184    20.85   22.93
 154280.402   740.908    20.29   24.66
 154660.958   751.347    27.43   22.78
 155041.436   762.466    29.22   21.80
 155421.836   774.977    32.89   24.04
 155802.158   791.700    43.96   20.95
 156182.401   807.452    41.42   20.53
 156562.566   823.039    41.00   22.67
 156942.654   836.397    35.14   27.22
 157322.663   853.099    43.95   33.37
 157702.594   862.265    24.12   52.73
 158082.447   871.068    23.17   72.54
 158462.222   860.025   -29.07   78.14
 158841.920   844.477   -40.94   67.87
 159221.540   833.281   -29.49   52.58
 159601.082   836.181     7.64   50.44
 159980.546   846.651    27.59   54.97
 160359.932   852.814    16.24   42.27
 160739.241   861.221    22.16   38.51
 161118.473   872.144    28.80   39.05
 161497.626   888.573    43.33   45.45
 161876.703   908.073    51.43   65.15
 162255.702   918.746    28.16   73.74
 162634.623   920.902     5.69   68.01
 163013.467   919.884    -2.69   53.11
 163392.234   929.903    26.45   56.19
 163770.924   948.931    50.24   65.60
 164149.537   962.354    35.45   58.89
 164528.072   974.861    33.04   57.42
 164906.530   990.448    41.18   61.69
 165284.911  1014.650    63.96   84.05
 165663.216  1035.608    55.39  101.29
 166041.443  1038.970     8.89  102.45
 166419.593  1027.616   -30.02   84.86
 166797.667  1010.991   -43.97   41.04
 167175.663  1030.390    51.31   39.05
 167553.583  1054.920    64.90   41.60
 167931.427  1088.205    88.08   62.06
 168309.193  1122.338    90.34   73.25
 168686.883  1169.955   126.06   95.90
 169064.496  1216.827   124.11  101.83
 169442.033  1244.386    72.99  100.07
 169819.493  1269.191    65.71   96.48
 170196.877  1279.441    27.15   85.03
 170574.184  1299.684    53.65   79.74
 170951.415  1323.017    61.84   85.70
 171328.570  1361.586   102.25   98.11
 171705.648  1398.893    98.92  103.19
 172082.650  1435.652    97.49  102.90
 172459.577  1488.637   140.55  114.12
 172836.426  1560.513   190.70  130.75
 173213.200  1626.221   174.37  115.32
 173589.898  1639.091    34.16  111.75
 173966.520  1610.979   -74.63  138.94
 174343.066  1513.178  -259.70  160.35
 174719.536  1409.551  -275.23  158.66
 175095.930  1307.983  -269.81  147.73
 175472.248  1233.292  -198.45   96.15
 175848.490  1219.174   -37.52   83.12
 176224.657  1272.715   142.32  138.09
 176600.748  1353.042   213.55  163.87
 176976.764  1431.237   207.93  146.16
 177352.704  1488.082   151.19  116.80
 177728.568  1518.309    80.41  108.68
 178104.357  1534.262    42.45  136.31
 178480.070  1550.331    42.76  144.29
 178855.708  1564.215    36.96  130.08
 179231.271  1567.881     9.76  111.10
 179606.758  1548.001   -52.94  107.07
 179982.170  1496.913  -136.07  132.00
 180357.507  1427.435  -185.08  140.95
 180732.769  1356.155  -189.92  109.25
 181107.955  1310.849  -120.74   69.81
 181483.067  1320.945    26.91  100.27
 181858.103  1370.559   132.27  140.18
 182233.065  1459.430   236.98  183.61
 182607.951  1542.462   221.46  178.61
 182982.763  1606.759   171.52  145.16
 183357.499  1629.410    60.44  119.17
 183732.161  1615.062   -38.29   87.08
 184106.748  1577.598  -100.00   91.55
 184481.261  1498.668  -210.73  113.45
 184855.698  1403.598  -253.87   95.21
 185230.061  1329.410  -198.15   87.06
 185604.350  1271.077  -155.83   75.57
 185978.563  1214.525  -151.10   90.06
 186352.703  1158.827  -148.85  110.98
 186726.767  1079.695  -211.52  125.76
 187100.758  1015.908  -170.53   97.75
 187474.674   991.423   -65.47   92.09
 187848.516   982.172   -24.74  118.84
 188222.283   967.089   -40.35  121.73
 188595.976   923.398  -116.90  126.99
 188969.595   858.590  -173.44   86.76
 189343.140   821.733   -98.65   47.66
 189716.611   846.444    66.15   82.19
 190090.007   914.803   183.05  133.15
 190463.330  1007.601   248.54  171.14
 190836.578  1090.722   222.66  189.67
 191209.753  1142.081   137.61  203.36
 191582.854  1188.930   125.55  211.90
 191955.881  1214.159    67.62  212.98
 192328.834  1253.103   104.41  216.99
 192701.713  1278.914    69.21  213.40
 193074.519  1296.880    48.18  216.69
 193447.251  1294.281    -6.97  197.45
 193819.909  1270.269   -64.42  168.72
 194192.493  1274.792    12.14  129.10
 194565.005  1282.208    19.90   93.58
 194937.442  1315.025    88.10   83.98
 195309.806  1344.648    79.54   84.99
 195682.097  1366.715    59.27  102.88
 196054.314  1386.259    52.50  118.10
 196426.458  1413.022    71.90  120.30
 196798.529  1472.737   160.47  118.47
 197170.527  1543.447   190.05  106.01
 197542.451  1599.635   151.05  112.38
 197914.302  1629.244    79.61  101.77
 198286.080  1606.848   -60.23  114.41
 198657.785  1549.559  -154.10  142.14
 199029.417  1454.860  -254.78  149.85
 199400.975  1361.268  -251.85  120.52
 199772.461  1260.913  -270.10  139.32
 200143.874  1157.687  -277.89  135.73
 200515.214  1072.314  -229.87  127.31
 200886.482   993.029  -213.52   75.16
 201257.676   937.243  -150.27   57.75
 201628.798   900.873   -97.98   42.95
 201999.847   890.343   -28.38   42.04
 202370.824   921.332    83.52   85.26
 202741.728  1003.961   222.74  121.18
 203112.559  1101.757   263.68  130.30
 203483.318  1207.388   284.86  109.75
 203854.004  1284.167   207.10  100.95
 204224.618  1368.365   227.15  106.30
 204595.159  1455.859   236.09  136.06
 204965.628  1568.871   305.00  149.54
 205336.025  1634.927   178.31  117.48
 205706.349  1657.550    61.08  111.21
 206076.602  1618.614  -105.14  129.06
 206446.782  1516.435  -275.98  152.37
 206816.889  1403.414  -305.33  180.15
 207186.925  1267.861  -366.27  165.14
 207556.889  1222.693  -122.07  128.49
 207926.781  1215.125   -20.46  130.16
 208296.600  1269.181   146.15  147.95
 208666.348  1299.900    83.07  146.04
 209036.024  1244.553  -149.69  161.16
 209405.628  1186.148  -158.00  120.34
 209775.160  1183.241    -7.87  100.62
 210144.621  1254.941   194.04  160.83
 210514.010  1409.107   417.29  211.95
 210883.327  1537.042   346.36  176.09
 211252.572  1598.522   166.48  131.83
 211621.746  1592.194   -17.14  143.91
 211990.848  1563.631   -77.37  137.72
 212359.879  1550.253   -36.25   97.47
 212728.838  1562.435    33.01   87.87
 213097.726  1599.892   101.52   90.56
 213466.542  1662.478   169.67  110.27
 213835.287  1773.012   299.71  159.00
 214203.961  1866.601   253.81  130.12
 214572.563  1893.737    73.61  102.08
 214941.095  1865.406   -76.86  127.22
 215309.555  1773.906  -248.29  136.95
 215677.943  1683.351  -245.77  119.47
 216046.261  1590.174  -252.94  131.80
 216414.508  1509.309  -219.56  135.43
 216782.684  1428.837  -218.53  125.51
 217150.788  1377.519  -139.39  133.68
 217518.822  1331.894  -123.95  153.98
 217886.785  1274.590  -155.71  171.84
 218254.677  1192.608  -222.81  171.04
 218622.498  1094.224  -267.43  133.07
 218990.248  1006.978  -237.20   93.73
 219357.928   956.078  -138.41   66.98
 219725.537   918.756  -101.51   54.12
 220093.075   911.390   -20.04   45.77
 220460.542   923.422    32.74   54.37
 220827.939   958.625    95.80   72.75
 221195.266  1023.699   177.12   97.47
 221562.522  1121.746   266.93  132.49
 221929.707  1210.229   240.93  149.69
 222296.823  1320.631   300.68  148.93
 222663.867  1381.983   167.12  121.54
 223030.842  1410.516    77.74  117.58
 223397.746  1405.031   -14.95  115.44
 223764.580  1387.410   -48.02   84.80
 224131.343  1403.534    43.95   68.89
 224498.037  1457.181   146.28   85.97
 224864.660  1549.542   251.88  130.22
 225231.213  1666.956   320.27  171.98
 225597.696  1794.298   347.41  176.09
 225964.109  1876.047   223.07  127.68
 226330.453  1878.309     6.17  120.85
 226696.726  1828.292  -136.53  147.77
 227062.929  1728.076  -273.62  149.71
 227429.063  1633.118  -259.31  153.55
 227795.126  1518.710  -312.48  176.66
 228168.945  1382.178  -365.17  189.51
 228549.500  1251.964  -342.11  162.56
 228929.978  1131.927  -315.44  145.15
 229310.381  1021.309  -290.74  127.34
 229690.706   938.631  -217.35  102.63
 230070.956   865.095  -193.35   71.65
 230451.129   819.826  -119.05   53.88
 230831.227   783.365   -95.91   45.67
 231211.248   760.596   -59.90   29.58
 231591.193   749.174   -30.06   14.14
 231971.063   749.385     0.55    9.81
 232350.856   757.859    22.31   11.92
 232730.573   767.250    24.73   10.90
 233110.215   775.045    20.53   10.98
 233489.781   785.900    28.59   17.72
 233869.271   809.625    62.51   37.37
 234248.685   843.827    90.13   51.96
 234628.024   893.201   130.13   64.22
 235007.287   970.218   203.03  112.47
 235386.474  1110.826   370.75  211.44
 235765.586  1265.380   407.60  217.95
 236144.622  1380.567   303.84  141.82
 236523.583  1412.152    83.33   96.72
 236902.469  1358.974  -140.33  125.57
 237281.279  1289.356  -183.75  110.21
 237660.014  1258.928   -80.33   75.54
 238038.674  1270.229    29.84   91.07
 238417.258  1308.401   100.81  105.87
 238795.767  1338.640    79.88  101.86
 239174.201  1318.309   -53.72   97.88
 239552.560  1304.042   -37.70   83.51
 239930.844  1289.587   -38.20   63.52
 240309.053  1277.710   -31.40   43.15
 240687.187  1288.826    29.39   60.64
 241065.246  1325.212    96.23  100.98
 241443.231  1359.079    89.58  112.60
 241821.140  1394.508    93.73  108.30
 242198.975  1398.815    11.40   87.96
 242576.734  1433.303    91.28   96.91
 242954.420  1501.664   180.97  132.90
 243332.030  1605.496   274.92  173.19
 243709.566  1672.427   177.25  167.40
 244087.027  1709.383    97.89  172.12
 244464.414  1726.565    45.52  158.15
 244841.727  1770.573   116.61  146.56
 245218.965  1796.391    68.43  112.54
 245596.128  1779.303   -45.30  113.26
 245973.217  1746.101   -88.03  142.92
 246350.232  1699.837  -122.69  174.07
 246727.173  1660.535  -104.25  178.23
 247104.039  1584.803  -200.91  177.71
 247480.832  1468.986  -307.32  172.91
 247857.550  1324.269  -384.08  193.43
 248234.194  1173.387  -400.52  153.98
 248610.764  1074.803  -261.74  122.11
 248987.260  1007.889  -177.70   60.47
 249363.682   976.425   -83.57   52.04
 249740.030   956.498   -52.94   54.87
 250116.305   940.539   -42.41   51.57
 250492.505   925.401   -40.23   37.64
 250868.632   930.474    13.48   36.97
 251244.685   946.876    43.61   50.22
 251620.664   983.185    96.55   64.10
 251996.570  1034.876   137.48   72.65
 252372.402  1114.425   211.62  120.36
 252748.160  1216.101   270.54  167.27
 253123.845  1353.678   366.13  211.69
 253499.457  1501.541   393.58  192.70
 253874.995  1599.576   261.00  154.11
 254250.459  1669.208   185.42  127.00
 254625.851  1706.803   100.13  133.63
 255001.169  1730.029    61.87  129.20
 255376.413  1725.370   -12.41  133.99
 255751.585  1689.415   -95.82  163.20
 256126.683  1659.553   -79.60  171.25
 256501.708  1582.601  -205.15  178.87
 256876.660  1495.275  -232.85  174.22
 257251.540  1423.053  -192.61  157.03
 257626.346  1353.940  -184.36  113.61
 258001.079  1300.059  -143.76  100.41
 258375.739  1267.107   -87.94   97.87
 258750.326  1236.827   -80.82   82.11
 259124.840  1230.031   -18.14   69.85
 259499.282  1270.672   108.52  117.51
 259873.651  1350.724   213.79  168.17
 260247.947  1428.268   207.13  153.51
 260622.170  1457.474    78.03  110.93
 260996.321  1452.050   -14.49   85.57
 261370.400  1426.137   -69.26   75.71
 261744.405  1409.541   -44.36   69.87
 262118.338  1400.171   -25.05   66.02
 262492.199  1396.852    -8.88   66.86
 262865.987  1390.144   -17.94   63.26
 263239.703  1382.742   -19.80   55.03
 263613.347  1377.803   -13.22   42.15
 263986.918  1378.213     1.10   34.16
 264360.417  1386.337    21.75   44.25
 264733.844  1400.586    38.15   64.03
 265107.199  1449.246   130.31  120.11
 265480.481  1490.657   110.91  130.05
 265853.692  1503.368    34.05  111.62
 266226.830  1503.962     1.59   91.00
 266599.897  1470.690   -89.17   63.53
 266972.891  1447.827   -61.28   36.09
 267345.814  1459.859    32.26   44.10
 267718.664  1499.339   105.87   58.42
 268091.443  1523.125    63.79   66.41
 268464.150  1560.519   100.31   74.70
 268836.785  1590.550    80.57   70.70
 269209.349  1611.364    55.86   67.28
 269581.841  1636.872    68.47   68.10
 269954.261  1657.803    56.19   72.09
 270326.610  1677.974    54.16   67.58
 270698.887  1682.327    11.69   62.69
 271071.092  1667.519   -39.77   76.46
 271443.226  1642.443   -67.37   87.08
 271815.289  1597.281  -121.36   86.09
 272187.280  1563.539   -90.69   81.14
 272559.200  1526.315  -100.07   72.73
 272931.049  1482.660  -117.37   63.11
 273302.826  1440.746  -112.72   70.43
 273674.532  1392.235  -130.48   65.51
 274046.167  1336.591  -149.70   52.59
 274417.731  1295.389  -110.86   48.27
 274789.224  1261.109   -92.26   33.39
 275160.646  1254.024   -19.07   31.74
 275531.996  1288.872    93.82   83.47
 275903.276  1378.662   241.79  162.59
 276274.485  1533.366   416.67  215.60
 276645.622  1662.519   347.92  201.43
 277016.689  1779.153   314.25  140.34
 277387.685  1801.690    60.73  106.63
 277758.611  1755.873  -123.49  143.82
 278129.466  1655.121  -271.62  164.69
 278500.249  1510.315  -390.46  158.93
 278870.963  1388.906  -327.43  156.67
 279241.605  1277.454  -300.63  111.04
 279612.177  1210.814  -179.79   70.71
 279982.679  1174.767   -97.27   24.89
 280353.110  1167.871   -18.61   15.29
 280723.471  1168.706     2.25    9.77
 281093.761  1169.470     2.06    4.01
 281463.981  1172.593     8.43   11.31
 281834.130  1192.160    52.85   32.70
 282204.209  1220.506    76.58   49.97
 282574.218  1255.183    93.70   52.59
 282944.157  1288.470    89.96   47.98
 283314.025  1315.240    72.36   51.12
 283683.824  1337.140    59.21   67.57
 284053.552  1365.315    76.19   76.17
 284423.210  1397.114    86.00   78.89
 284792.799  1423.144    70.42   80.24
 285162.317  1461.268   103.15  101.29
 285531.765  1530.298   186.81  136.55
 285901.143  1591.803   166.48  154.30
 286270.452  1637.104   122.64  160.79
 286639.691  1662.531    68.85  169.43
 287008.860  1655.672   -18.57  152.34
 287377.959  1667.712    32.61  149.04
 287746.988  1711.706   119.19  166.42
 288115.948  1742.999    84.80  173.12
 288484.838  1751.541    23.15  180.39
 288853.659  1740.167   -30.83  186.30
 289222.410  1701.816  -103.98  169.75
 289591.092  1665.527   -98.41  131.36
 289959.704  1634.470   -84.24   92.57
 290328.246  1635.723     3.40   86.79
 290696.720  1637.332     4.37  103.20
 291065.124  1621.190   -43.81  123.42
 291433.458  1554.357  -181.40  155.71
 291801.724  1411.747  -387.16  190.27
 292169.920  1265.826  -396.23  182.77
 292538.047  1154.912  -301.23  104.95
 292906.104  1126.599   -76.91   71.77
 293274.093  1150.332    64.48   74.37
 293642.013  1200.849   137.27   61.22
 294009.863  1251.303   137.13   61.34
 294377.645  1306.412   149.81   97.65
 294745.357  1366.569   163.56  129.94
 295113.001  1426.826   163.86  159.45
 295480.576  1464.903   103.57  162.76
 295848.082  1478.068    35.81  159.19
 296215.519  1478.672     1.65  144.48
 296582.887  1483.769    13.87  133.64
 296950.187  1482.268    -4.09  126.10
 297317.418  1487.953    15.48  123.26
 297684.580  1469.731   -49.62  102.94
 298051.674  1463.309   -17.49   84.26
 298418.699  1442.553   -56.54   92.87
 298785.655  1405.852   -99.99  118.24
 299152.543  1368.489  -101.81  105.59
 299519.363  1368.623     0.36  115.49
 299886.114  1425.516   155.09  173.61
 300252.797  1544.050   323.19  194.50
 300619.411  1619.917   206.89  144.34
 300985.958  1619.706    -0.58  130.49
 301352.435  1565.608  -147.58  138.72
 301718.845  1497.184  -186.70  100.34
 302085.187  1503.826    18.13  108.93
 302451.460  1543.664   108.74  118.22
 302821.415  1533.710   -26.90  129.41
 303201.816  1479.470  -142.55  158.24
 303582.144  1342.059  -361.21  182.79
 303962.397  1199.756  -374.15  175.08
 304342.575  1069.121  -343.53  153.53
 304722.680   974.254  -249.52   92.20
 305102.710   919.585  -143.82   50.60
 305482.667   888.903   -80.73   29.24
 305862.549   871.633   -45.45   24.94
 306242.357   854.964   -43.88   11.53
 306622.092   847.275   -20.24    7.92
 307001.752   840.398   -18.11   10.55
 307381.338   830.757   -25.39   16.31
 307760.851   822.089   -22.84   16.45
 308140.290   820.240    -4.87   17.97
 308519.655   824.970    12.46   21.71
 308898.946   833.861    23.44   21.74
 309278.163   844.435    27.88   17.01
 309657.307   853.339    23.48   17.29
 310036.378   870.338    44.83   38.00
 310415.375   892.699    58.98   58.19
 310794.298   927.792    92.59   76.13
 311173.148   955.838    74.01   84.21
 311551.924   989.662    89.28   84.99
 311930.627  1014.466    65.48   74.82
 312309.257  1045.513    81.98   69.73
 312687.813  1083.742   100.96   85.10
 313066.296  1157.757   195.51  128.17
 313444.706  1230.096   191.12  127.62
 313823.043  1297.121   177.12  116.99
 314201.306  1366.840   184.27  120.10
 314579.497  1430.428   168.10  143.52
 314957.614  1484.198   142.17  137.45
 315335.659  1482.033    -5.73  136.25
 315713.630  1416.960  -172.12  154.15
 316091.529  1355.536  -162.50  126.66
 316469.355  1334.731   -55.05  108.81
