-131722.940   116.631     0.00    2.04
-131350.138   117.515     2.37    2.26
-130977.410   119.189     4.49    1.75
-130604.755   120.709     4.08    1.96
-130232.173   122.398     4.53    1.88
-129859.665   124.433     5.46    2.35
-129487.231   126.784     6.31    2.74
-129114.869   130.007     8.66    4.26
-128742.581   134.297    11.53    5.23
-128370.366   139.569    14.16    6.37
-127998.224   144.820    14.11    5.25
-127626.156   148.798    10.69    3.88
-127254.160   151.600     7.53    2.35
-126882.238   153.653     5.52    1.84
-126510.388   154.926     3.42    1.66
-126138.612   156.114     3.19    1.78
-125766.908   156.901     2.12    1.83
-125395.278   157.765     2.32    1.91
-125023.720   158.060     0.79    1.86
-124652.235   158.563     1.35    1.63
-124280.823   158.878     0.85    1.55
-123909.483   159.555     1.82    1.76
-123538.217   160.458     2.43    2.08
-123167.023   162.003     4.16    2.56
-122795.901   163.526     4.10    2.76
-122424.852   165.200     4.51    2.68
-122053.876   166.394     3.22    2.47
-121682.972   167.105     1.92    2.29
-121312.140   167.222     0.31    2.12
-120941.381   167.251     0.08    1.94
-120570.694   167.071    -0.48    1.65
-120200.080   167.193     0.33    1.45
-119829.537   167.878     1.85    1.66
-119459.067   168.915     2.80    1.70
-119088.669   170.046     3.05    1.51
-118718.344   170.915     2.35    1.20
-118348.090   171.266     0.95    1.25
-117977.908   171.269     0.01    1.24
-117607.799   170.956    -0.85    1.27
-117237.761   170.242    -1.93    1.49
-116867.795   169.484    -2.05    1.50
-116497.901   169.071    -1.12    1.42
-116128.079   168.742    -0.89    1.58
-115758.329   168.630    -0.30    1.71
-115388.651   167.477    -3.12    2.66
-115019.044   166.066    -3.82    2.91
-114649.509   164.708    -3.68    2.50
-114280.046   163.366    -3.63    2.01
-113910.654   162.716    -1.76    1.95
-113541.334   161.923    -2.15    1.61
-113172.085   160.661    -3.42    1.80
-112802.908   159.035    -4.40    2.55
-112433.802   157.076    -5.31    2.86
-112064.767   155.338    -4.71    2.39
-111695.804   154.065    -3.45    1.66
-111326.912   153.091    -2.64    1.08
-110958.092   152.373    -1.95    1.00
-110589.342   151.664    -1.92    1.24
-110220.664   150.708    -2.59    1.44
-109852.057   149.014    -4.59    2.43
-109483.521   147.159    -5.04    2.69
-109115.056   146.988    -0.46    4.24
-108746.662   147.722     1.99    6.43
-108378.340   148.430     1.92    7.10
-108010.088   146.878    -4.22    6.21
-107641.907   144.618    -6.14    5.28
-107273.796   144.102    -1.40    4.95
-106905.757   144.415     0.85    5.05
-106537.788   145.384     2.63    4.59
-106169.890   146.820     3.90    3.33
-105802.063   146.866     0.12    2.07
-105434.307   146.740    -0.34    1.42
-105066.621   147.099     0.98    1.38
-104699.005   148.014     2.49    1.46
-104331.461   149.264     3.40    1.17
-103963.986   149.934     1.82    1.04
-103596.582   150.580     1.76    0.52
-103229.249   150.764     0.50    0.31
-102861.986   150.844     0.22    0.26
-102494.793   151.026     0.50    0.42
-102127.670   151.368     0.93    0.71
-101760.618   151.742     1.02    0.76
-101393.636   152.015     0.74    0.66
-101026.724   152.094     0.22    0.61
-100659.882   152.274     0.49    0.64
-100293.111   152.901     1.71    1.09
 -99926.409   153.764     2.36    1.42
 -99559.777   154.833     2.91    1.38
 -99193.216   155.740     2.48    1.29
 -98826.724   156.545     2.20    1.00
 -98460.302   157.077     1.45    0.96
 -98093.950   157.565     1.33    1.04
 -97727.668   158.044     1.31    1.10
 -97361.455   158.546     1.37    1.10
 -96995.313   158.956     1.12    1.00
 -96616.992   158.978     0.06    1.18
 -96236.374   157.980    -2.62    1.98
 -95855.832   156.624    -3.56    2.20
 -95475.367   155.719    -2.38    2.35
 -95094.978   155.809     0.24    2.73
 -94714.664   157.099     3.39    2.95
 -94334.427   158.993     4.98    2.38
 -93954.266   160.389     3.67    2.19
 -93574.181   162.189     4.73    2.62
 -93194.172   164.446     5.94    3.33
 -92814.238   167.571     8.23    3.92
 -92434.381   170.425     7.51    4.00
 -92054.599   173.046     6.90    3.55
 -91674.893   174.855     4.76    3.14
 -91295.263   176.696     4.85    3.67
 -90915.708   177.947     3.30    4.84
 -90536.229   177.969     0.06    6.86
 -90156.825   178.821     2.25    8.09
 -89777.497   180.412     4.20   10.01
 -89398.245   183.292     7.59   11.69
 -89019.068   186.541     8.57   13.41
 -88639.966   192.266    15.10   14.15
 -88260.940   196.152    10.25   14.26
 -87881.989   199.193     8.03   14.62
 -87503.113   202.117     7.72   14.45
 -87124.312   204.893     7.33   13.99
 -86745.587   209.154    11.25   11.29
 -86366.936   213.832    12.35    7.53
 -85988.361   217.787    10.45    4.89
 -85609.861   220.891     8.20    3.94
 -85231.435   222.999     5.57    3.46
 -84853.085   223.821     2.17    3.22
 -84474.810   223.732    -0.24    2.83
 -84096.609   223.507    -0.59    2.17
 -83718.483   224.730     3.24    3.10
 -83340.432   227.588     7.56    5.37
 -82962.456   231.923    11.47    7.01
 -82584.554   238.786    18.16    7.32
 -82206.727   245.203    16.99    7.72
 -81828.975   252.555    19.46    8.08
 -81451.297   260.237    20.34   10.15
 -81073.694   272.276    31.88   16.30
 -80696.165   284.204    31.60   17.00
 -80318.710   289.473    13.96   13.07
 -79941.330   289.267    -0.55   13.63
 -79564.024   287.743    -4.04   14.81
 -79186.793   289.753     5.33   17.59
 -78809.635   300.553    28.64   17.58
 -78432.552   313.751    35.00   12.81
 -78055.543   325.097    30.10   12.49
 -77678.608   332.947    20.83    9.11
 -77301.748   337.389    11.79    3.63
 -76924.961   338.286     2.38    2.61
 -76548.248   338.242    -0.12    2.28
 -76171.609   338.982     1.97    2.04
 -75795.044   341.685     7.18    3.72
 -75418.553   344.274     6.88    4.42
 -75042.136   346.662     6.34    3.48
 -74665.792   347.565     2.40    2.02
 -74289.522   346.776    -2.10    1.90
 -73913.326   345.209    -4.17    1.86
 -73537.204   343.605    -4.26    2.30
 -73161.155   341.530    -5.52    2.59
 -72785.179   338.980    -6.78    2.97
 -72409.277   336.594    -6.35    2.76
 -72033.449   333.526    -8.16    3.40
 -71657.694   331.439    -5.55    3.05
 -71282.012   332.889     3.86    5.04
 -70906.404   335.606     7.23    5.98
 -70530.869   338.755     8.39    4.40
 -70155.407   340.225     3.91    1.63
 -69780.019   338.154    -5.52    3.40
 -69404.703   335.392    -7.36    4.52
 -69029.461   331.230   -11.09    5.22
 -68654.292   327.198   -10.75    4.19
 -68279.196   323.717    -9.28    3.84
 -67904.172   320.737    -7.95    3.20
 -67529.222   318.499    -5.97    2.84
 -67154.345   316.701    -4.80    2.43
 -66779.541   314.614    -5.57    2.85
 -66404.809   312.723    -5.05    2.58
 -66030.150   311.389    -3.56    2.07
 -65655.564   310.771    -1.65    2.01
 -65281.051   310.729    -0.11    2.02
 -64906.610   310.630    -0.27    1.69
 -64532.242   310.577    -0.14    1.21
 -64157.946   310.153    -1.13    1.18
 -63783.723   309.003    -3.07    2.11
 -63409.572   307.796    -3.23    2.92
 -63035.494   304.958    -7.59    4.29
 -62661.489   302.261    -7.21    4.10
 -62287.555   300.412    -4.94    2.42
 -61913.694   299.950    -1.24    1.37
 -61539.906   300.798     2.27    1.62
 -61166.189   302.135     3.58    1.54
 -60792.545   303.423     3.45    1.62
 -60418.973   304.679     3.36    1.40
 -60045.473   306.139     3.91    1.46
 -59672.045   307.344     3.23    1.54
 -59298.689   308.867     4.08    1.86
 -58925.405   310.832     5.27    2.60
 -58552.193   313.060     5.97    3.18
 -58179.053   315.430     6.35    3.59
 -57805.984   318.901     9.30    4.45
 -57432.988   322.344     9.23    4.98
 -57060.063   326.740    11.79    5.35
 -56687.211   331.292    12.21    5.67
 -56314.429   335.765    12.00    5.59
 -55941.720   339.735    10.65    5.00
 -55569.082   344.507    12.80    4.94
 -55196.516   348.696    11.25    5.76
 -54824.021   355.011    16.95    9.14
 -54451.597   361.378    17.10   10.03
 -54079.246   369.304    21.29   10.41
 -53706.965   377.138    21.05   10.43
 -53334.756   384.042    18.55    8.68
 -52962.618   388.902    13.06    8.17
 -52590.552   394.959    16.28    8.35
 -52218.557   400.310    14.39    8.22
 -51846.633   405.772    14.69    5.50
 -51474.780   406.003     0.62    5.75
 -51102.998   406.626     1.67    6.19
 -50731.288   408.039     3.80    7.00
 -50359.648   411.091     8.21    7.77
 -49988.079   416.446    14.41    7.98
 -49616.582   422.987    17.61    7.38
 -49245.155   429.444    17.39    9.86
 -48873.799   438.097    23.30   12.21
 -48502.514   448.315    27.52   17.46
 -48131.300   461.980    36.81   28.45
 -47760.157   475.950    37.64   41.77
 -47389.084   483.881    21.37   40.48
 -47018.082   483.571    -0.83   28.96
 -46647.151   484.344     2.08   18.18
 -46276.290   486.287     5.24   13.57
 -45905.500   491.987    15.37   10.86
 -45534.780   497.730    15.49   10.27
 -45164.131   502.665    13.32    9.08
 -44793.553   508.162    14.83    8.84
 -44423.044   513.856    15.37    9.36
 -44052.606   521.672    21.10   10.86
 -43682.239   529.750    21.81   11.63
 -43311.941   543.177    36.26   18.51
 -42941.714   557.729    39.31   23.70
 -42571.557   576.546    50.84   26.10
 -42201.470   598.687    59.83   34.61
 -41831.454   616.628    48.49   32.60
 -41461.507   637.185    55.57   31.02
 -41091.631   683.542   125.33   66.11
 -40721.824   744.425   164.64   95.24
 -40352.088   787.975   117.79   82.41
 -39982.421   796.476    23.00   70.23
 -39612.824   766.165   -82.01   69.21
 -39243.298   737.798   -76.77   54.89
 -38873.840   721.173   -45.00   54.23
 -38504.453   714.258   -18.72   59.70
 -38135.136   698.649   -42.27   66.83
 -37765.888   663.571   -95.00   51.33
 -37396.709   627.685   -97.21   43.87
 -37027.601   598.131   -80.07   40.49
 -36658.562   588.479   -26.16   39.53
 -36289.592   599.637    30.24   49.74
 -35920.692   627.786    76.31   60.13
 -35551.862   667.085   106.55   52.66
 -35183.100   691.591    66.46   43.60
 -34814.409   718.435    72.81   43.25
 -34445.786   731.925    36.60   45.26
 -34077.233   764.133    87.39   52.79
 -33708.749   799.534    96.07   44.04
 -33340.334   813.279    37.31   37.92
 -32971.989   799.810   -36.57   51.93
 -32603.713   774.380   -69.05   49.93
 -32235.505   763.545   -29.43   36.80
 -31867.367   779.375    43.00   42.53
 -31499.298   816.321   100.38   44.48
 -31131.298   842.498    71.13   32.23
 -30763.367   854.740    33.27   21.19
 -30395.504   860.165    14.75   17.58
 -30027.711   856.832    -9.06   22.34
 -29659.986   858.507     4.55   25.29
 -29292.330   863.333    13.13   24.87
 -28924.743   870.868    20.50   20.54
 -28557.225   878.105    19.69   12.32
 -28189.775   880.462     6.41    9.02
 -27822.394   880.482     0.06   13.17
 -27455.082   876.568   -10.66   18.98
 -27087.838   869.256   -19.91   24.63
 -26720.662   860.706   -23.29   25.71
 -26353.556   851.320   -25.57   24.96
 -25986.517   837.787   -36.87   23.39
 -25619.547   826.807   -29.92   22.33
 -25252.645   811.890   -40.66   22.57
 -24885.812   791.478   -55.64   30.31
 -24519.047   765.039   -72.09   36.45
 -24152.350   742.169   -62.37   34.18
 -23785.722   716.297   -70.57   31.37
 -23419.161   691.475   -67.72   38.21
 -23052.669   659.310   -87.77   46.48
 -22686.245   631.076   -77.05   50.13
 -22319.889   605.689   -69.30   45.32
 -21945.515   603.298    -6.39   54.71
 -21565.051   606.706     8.96   58.48
 -21184.661   609.879     8.34   52.06
 -20804.346   599.117   -28.30   48.92
 -20424.104   560.126  -102.54   63.16
 -20043.937   503.821  -148.11   67.92
 -19663.844   478.239   -67.30   54.56
 -19283.825   473.534   -12.38   43.59
 -18903.879   482.988    24.89   37.27
 -18524.008   488.924    15.63   25.32
 -18144.210   467.708   -55.86   31.18
 -17764.487   438.855   -75.98   35.14
 -17384.837   409.381   -77.64   32.02
 -17005.261   375.553   -89.12   45.45
 -16625.758   334.128  -109.16   52.70
 -16246.330   291.465  -112.44   52.75
 -15866.974   263.808   -72.90   38.86
 -15487.693   253.775   -26.45   34.18
 -15108.485   240.100   -36.06   39.14
 -14729.350   219.007   -55.64   45.42
 -14350.289   203.693   -40.40   45.12
 -13971.301   196.446   -19.12   39.72
 -13592.387   186.567   -26.07   40.32
 -13213.546   187.200     1.67   41.25
 -12834.778   186.014    -3.13   43.94
 -12456.084   185.302    -1.88   46.59
 -12077.462   186.425     2.97   52.70
 -11698.914   197.367    28.91   63.23
 -11320.439   199.465     5.54   76.13
 -10942.037   198.856    -1.61   78.75
 -10563.708   189.449   -24.87   71.46
 -10185.452   177.076   -32.71   61.43
  -9807.269   164.763   -32.56   56.15
  -9429.159   154.066   -28.29   62.39
  -9051.121   144.193   -26.12   62.82
  -8673.157   141.734    -6.50   56.63
  -8295.265   127.751   -37.00   33.24
  -7917.446   116.523   -29.72   14.43
  -7539.700   104.430   -32.01   13.60
  -7162.026    88.251   -42.84   23.33
  -6784.425    68.005   -53.62   32.04
  -6406.897    47.759   -53.63   31.65
  -6029.441    41.809   -15.76   28.39
  -5652.057    47.519    15.13   30.33
  -5274.746    58.402    28.84   29.93
  -4897.507    70.449    31.93   23.91
  -4520.341    71.503     2.79   26.12
  -4143.247    72.030     1.40   27.92
  -3766.225    77.742    15.15   26.23
  -3389.276    81.422     9.76   22.99
  -3012.399    74.903   -17.30   29.43
  -2635.594    56.637   -48.48   33.47
  -2258.861    38.499   -48.15   24.15
  -1882.200    26.927   -30.72    5.09
  -1505.611    24.135    -7.42    6.98
  -1129.094    19.142   -13.26   11.48
   -752.649    13.531   -14.90   12.68
   -376.276     6.458   -18.79   10.49
      0.026     1.570   -12.99    5.24
    376.255    12.491    29.03   26.47
    752.413    30.972    49.13   38.18
   1128.499    53.588    60.14   38.04
   1504.513    73.807    53.77   28.31
   1880.455    88.749    39.74   13.16
   2256.326    94.687    15.80    7.26
   2632.126    99.453    12.68    5.10
   3007.854   103.761    11.46    5.11
   3383.510   112.228    22.54   13.68
   3759.095   126.856    38.95   27.76
   4134.608   149.100    59.24   38.86
   4510.050   163.735    38.98   37.78
   4885.421   166.809     8.19   29.03
   5260.720   165.137    -4.46   19.06
   5635.949   165.135    -0.01   12.41
   6011.106   172.288    19.07   12.77
   6386.192   180.635    22.25   11.84
   6761.206   188.313    20.47    7.31
   7136.150   192.995    12.49    5.64
   7511.022   196.519     9.40    5.11
   7885.824   200.181     9.77    5.62
   8260.554   203.894     9.91    5.22
   8635.214   206.614     7.26    5.50
   9009.803   208.919     6.15    4.89
   9384.321   211.297     6.35    4.95
   9758.768   214.781     9.30    5.82
  10133.144   220.987    16.58    9.55
  10507.450   228.494    20.06    9.95
  10881.685   236.315    20.90   10.31
  11255.849   243.194    18.39    8.57
  11629.943   248.628    14.53    9.17
  12003.966   253.219    12.27    8.60
  12377.918   257.321    10.97    9.33
  12751.800   261.527    11.25    9.67
  13125.612   265.715    11.20    9.39
  13499.353   271.588    15.71    8.60
  13873.024   279.902    22.25   11.57
  14246.624   291.056    29.86   13.43
  14620.155   303.821    34.17   16.73
  14993.614   316.581    34.17   14.50
  15367.004   328.679    32.40   13.44
  15740.324   338.344    25.89   12.84
  16113.573   347.118    23.51   14.18
  16486.753   355.794    23.25   12.54
  16859.862   364.158    22.42   13.10
  17232.901   371.081    18.56   12.46
  17605.870   376.062    13.35   13.14
  17978.770   381.581    14.80   11.89
  18351.599   387.437    15.71   12.10
  18724.359   394.970    20.21   13.20
  19097.048   404.576    25.77   15.08
  19469.668   414.980    27.92   12.18
  19842.219   424.704    26.10   10.37
  20214.699   430.955    16.78    7.80
  20587.110   433.146     5.88    7.84
  20959.451   431.410    -4.66   10.93
  21331.723   424.855   -17.61   14.83
  21703.925   416.116   -23.48   17.81
  22076.058   405.434   -28.70   18.08
  22448.121   395.820   -25.84   17.03
  22820.114   386.844   -24.13   14.92
  23192.039   379.409   -19.99   12.31
  23563.894   373.542   -15.78    9.24
  23935.679   369.502   -10.86    7.06
  24307.396   366.272    -8.69    5.43
  24679.043   363.856    -6.50    4.13
  25050.621   361.338    -6.78    3.27
  25422.129   359.432    -5.13    2.78
  25793.569   357.437    -5.37    2.75
  26164.940   356.037    -3.77    2.83
  26536.241   354.385    -4.45    3.01
  26907.474   353.309    -2.90    3.38
  27278.637   352.082    -3.31    3.50
  27649.732   350.928    -3.11    3.48
  28020.758   349.646    -3.46    3.76
  28391.714   348.534    -3.00    3.96
  28762.602   347.025    -4.07    4.60
  29133.422   346.585    -1.19    7.37
  29504.172   345.444    -3.08    8.86
  29874.854   343.385    -5.55    7.09
  30245.467   341.651    -4.68    6.23
  30616.012   341.011    -1.73    5.84
  30986.488   340.523    -1.32    5.77
  31356.895   340.611     0.24    5.40
  31727.234   340.630     0.05    5.09
  32097.504   341.538     2.45    5.32
  32467.706   344.031     6.74    7.32
  32837.840   348.856    13.03    9.93
  33207.905   355.944    19.15   11.58
  33577.902   362.797    18.52   11.74
  33947.831   369.681    18.61   12.70
  34317.691   377.856    22.10   13.28
  34687.483   385.631    21.03   12.99
  35057.207   392.042    17.34   10.19
  35426.863   394.969     7.92    6.09
  35796.451   392.573    -6.48    8.26
  36165.971   386.210   -17.22   11.98
  36535.422   377.356   -23.96   13.26
  36904.806   368.820   -23.11   11.63
  37274.122   360.005   -23.87    9.70
  37643.370   353.495   -17.63    7.77
  38012.550   346.367   -19.31    9.23
  38381.662   338.133   -22.31   11.39
  38750.706   325.737   -33.59   14.89
  39119.683   314.264   -31.09   16.55
  39488.592   299.964   -38.76   16.74
  39857.433   286.386   -36.81   16.70
  40226.207   271.832   -39.46   15.80
  40594.913   260.009   -32.07   12.76
  40963.551   250.198   -26.61    7.67
  41332.122   244.809   -14.62    5.28
  41700.625   240.579   -11.48    3.14
  42069.061   237.983    -7.04    2.95
  42437.429   235.669    -6.28    2.63
  42805.731   233.368    -6.25    3.04
  43173.964   230.581    -7.57    4.56
  43542.131   223.550   -19.10   11.19
  43910.230   218.236   -14.43   10.84
  44278.262   219.308     2.91   12.23
  44646.226   225.486    16.79   15.22
  45014.124   240.356    40.42   19.42
  45381.954   253.751    36.42   18.71
  45749.718   266.750    35.34   18.89
  46117.414   274.940    22.27   16.89
  46485.043   280.985    16.44   14.19
  46852.605   280.665    -0.87   14.18
  47220.101   276.591   -11.09   15.38
  47587.529   268.820   -21.15   16.21
  47954.891   258.181   -28.96   14.39
  48322.185   250.483   -20.96    8.75
  48689.413   245.856   -12.60    3.55
  49056.574   245.296    -1.53    3.14
  49423.669   247.236     5.28    5.66
  49790.696   251.715    12.20    9.20
  50157.658   259.544    21.33   13.87
  50524.552   274.725    41.38   21.57
  50891.380   293.231    50.45   25.49
  51258.141   316.693    63.97   28.14
  51624.836   338.150    58.51   24.89
  51991.464   359.927    59.40   24.22
  52358.026   374.374    39.41   20.43
  52728.755   385.951    31.23   14.99
  53109.071   389.444     9.18   13.62
  53489.315   389.763     0.84   13.24
  53869.486   388.696    -2.81   11.94
  54249.585   387.222    -3.88    9.87
  54629.612   386.844    -0.99    7.68
  55009.567   385.620    -3.22    8.78
  55389.450   382.768    -7.51   14.15
  55769.260   373.892   -23.37   22.21
  56148.999   361.224   -33.36   25.30
  56528.666   350.126   -29.23   22.00
  56908.261   341.609   -22.44   11.79
  57287.784   342.642     2.72    9.22
  57667.236   349.868    19.04   12.20
  58046.616   361.272    30.06   18.60
  58425.924   380.146    49.76   25.39
  58805.160   397.880    46.76   25.09
  59184.324   407.999    26.69   17.95
  59563.418   407.362    -1.68   16.65
  59942.439   393.987   -35.29   22.87
  60321.389   375.671   -48.33   22.33
  60700.267   353.373   -58.85   22.64
  61079.075   334.193   -50.63   22.10
  61457.810   319.867   -37.82   17.22
  61836.475   313.256   -17.46   10.79
  62215.068   321.380    21.46   17.51
  62593.589   337.705    43.13   20.18
  62972.040   359.491    57.56   28.81
  63350.419   385.116    67.72   32.62
  63728.727   406.527    56.59   32.74
  64106.964   420.745    37.59   27.12
  64485.130   424.204     9.15   24.14
  64863.225   419.020   -13.71   22.59
  65241.249   405.373   -36.10   21.80
  65619.202   387.109   -48.32   21.35
  65997.084   372.398   -38.93   18.84
  66374.895   356.867   -41.11   14.84
  66752.636   345.624   -29.76   11.83
  67130.305   335.482   -26.85   11.59
  67507.904   327.772   -20.42   10.70
  67885.432   324.451    -8.80    7.93
  68262.890   328.140     9.77   12.16
  68640.276   342.181    37.20   20.54
  69017.593   359.588    46.13   20.69
  69394.838   375.630    42.52   16.59
  69772.013   384.110    22.48   13.01
  70149.118   381.762    -6.23   15.58
  70526.152   378.769    -7.94   17.64
  70903.116   384.162    14.30   24.60
  71280.009   390.690    17.32   27.37
  71656.832   396.999    16.74   22.74
  72033.585   396.934    -0.17   19.07
  72410.268   392.239   -12.46   25.03
  72786.880   386.894   -14.19   29.48
  73163.422   387.893     2.65   27.50
  73539.894   396.671    23.32   28.46
  73916.296   413.798    45.50   31.87
  74292.628   432.563    49.86   28.27
  74668.890   436.025     9.20   22.63
  75045.082   422.771   -35.23   27.91
  75421.204   410.162   -33.52   26.47
  75797.256   413.142     7.92   37.21
  76173.239   421.725    22.83   41.85
  76549.151   435.543    36.76   36.52
  76924.994   455.964    54.33   36.80
  77300.767   470.716    39.25   41.45
  77676.470   486.458    41.90   34.79
  78052.104   503.495    45.35   32.45
  78427.668   517.928    38.43   41.93
  78803.162   530.618    33.79   44.38
  79178.587   536.646    16.06   49.82
  79553.942   510.663   -69.22   63.69
  79929.228   467.290  -115.57   53.02
  80304.445   443.308   -63.91   35.71
  80679.592   435.931   -19.66   19.77
  81054.670   447.091    29.75   24.39
  81429.678   464.296    45.88   25.98
  81804.617   480.832    44.10   26.08
  82179.487   490.244    25.11   26.78
  82554.288   506.844    44.29   32.79
  82929.019   522.941    42.95   36.62
  83303.682   540.844    47.78   36.95
  83678.275   560.019    51.19   35.24
  84052.799   585.570    68.22   38.59
  84427.255   606.214    55.13   31.82
  84801.641   618.373    32.48   27.18
  85175.958   622.793    11.81   30.56
  85550.207   607.222   -41.60   36.58
  85924.386   588.254   -50.69   32.12
  86298.497   583.065   -13.87   26.41
  86672.539   583.844     2.08   32.61
  87046.513   600.856    45.49   44.26
  87420.417   612.958    32.36   42.63
  87794.253   620.185    19.33   34.75
  88168.020   632.553    33.09   32.41
  88541.719   656.225    63.34   49.27
  88915.349   692.312    96.58   61.00
  89288.911   739.444   126.16   94.92
  89662.404   800.446   163.32  126.56
  90035.829   874.606   198.58  145.10
  90409.185   943.019   183.22  139.00
  90782.473   977.115    91.33  113.93
  91155.693   985.216    21.70   94.69
  91528.844   973.463   -31.49   91.80
  91901.927   909.381  -171.75   93.74
  92274.942   848.067  -164.36   85.58
  92647.889   804.921  -115.68   72.06
  93020.767   768.386   -97.97   47.03
  93393.578   744.408   -64.31   25.00
  93766.320   735.644   -23.51   21.79
  94138.995   728.036   -20.41   26.00
  94511.601   714.386   -36.63   27.76
  94884.140   706.972   -19.90   23.73
  95256.610   709.677     7.26   19.24
  95629.013   718.523    23.75   25.06
  96001.348   747.893    78.87   47.42
  96373.615   805.600   155.00   92.25
  96745.814   866.927   164.76  108.90
  97117.945   913.619   125.46   95.71
  97490.009   929.915    43.80   77.45
  97862.005   937.254    19.73   69.42
  98233.934   942.073    12.95   73.96
  98605.795   943.793     4.63   70.04
  98977.588   965.126    57.37   62.40
  99349.314   954.203   -29.38   84.88
  99720.972   914.302  -107.35   91.16
 100092.563   877.664   -98.59   87.79
 100464.087   857.350   -54.67   94.32
 100835.543   860.464     8.38  103.37
 101206.932   858.109    -6.34   97.83
 101578.254   816.856  -111.09   97.26
 101949.508   760.009  -153.11  104.65
 102320.695   702.044  -156.15  105.02
 102691.815   643.254  -158.40   88.76
 103062.868   598.708  -120.04   68.24
 103433.854   569.985   -77.42   44.21
 103804.772   552.338   -47.57   25.30
 104175.624   547.061   -14.23   17.40
 104546.408   542.097   -13.39   12.38
 104917.126   533.926   -22.04   15.47
 105287.777   524.356   -25.82   18.14
 105658.361   511.555   -34.54   20.96
 106028.878   502.567   -24.26   23.36
 106399.328   493.478   -24.53   25.24
 106769.711   484.307   -24.76   28.49
 107140.028   474.594   -26.23   27.08
 107510.278   466.013   -23.18   22.97
 107880.461   452.868   -35.50   22.19
 108250.578   433.734   -51.69   31.78
 108620.628   407.350   -71.29   39.98
 108990.611   391.987   -41.52   33.72
 109360.528   388.332    -9.88   30.25
 109730.379   397.576    24.99   31.51
 110100.163   413.576    43.26   21.95
 110469.880   421.283    20.84    9.07
 110839.531   417.004   -11.57    9.61
 111209.116   404.809   -33.00   20.17
 111578.635   381.624   -62.74   34.20
 111948.087   355.511   -70.68   36.56
 112317.473   330.560   -67.54   22.75
 112686.793   319.997   -28.60    9.38
 113056.046   316.733    -8.84    2.66
 113425.234   318.307     4.26    4.27
 113794.355   323.434    13.89    9.69
 114163.411   337.679    38.60   21.72
 114532.400   356.626    51.34   26.66
 114901.323   380.350    64.30   31.57
 115270.181   404.909    66.57   28.72
 115638.972   430.103    68.31   27.78
 116007.698   454.667    66.61   26.61
 116376.357   480.325    69.59   41.90
 116744.951   508.506    76.45   53.42
 117113.479   524.658    43.82   49.87
 117481.942   525.770     3.02   44.60
 117850.338   520.066   -15.48   39.61
 118218.669   513.646   -17.43   35.78
 118586.935   506.266   -20.04   28.13
 118955.134   519.103    34.86   37.47
 119323.269   564.618   123.62   81.83
 119691.337   626.734   168.75  132.85
 120059.340   678.169   139.75  147.23
 120427.278   702.796    66.93  143.70
 120795.150   722.892    54.62  122.45
 121162.957   738.201    41.62   95.49
 121530.699   726.034   -33.08   76.90
 121898.375   702.097   -65.10   83.91
 122265.986   666.730   -96.20   74.05
 122633.531   655.137   -31.54   78.50
 123001.012   673.293    49.40   90.26
 123368.427   720.880   129.51   95.46
 123735.777   747.946    73.67   83.64
 124103.062   752.246    11.71   78.55
 124470.282   741.688   -28.75   66.38
 124837.437   731.879   -26.71   44.74
 125204.527   726.955   -13.41   30.64
 125571.552   729.523     7.00   27.87
 125938.511   729.131    -1.07   21.40
 126305.406   735.603    17.64   26.67
 126672.237   758.502    62.42   50.41
 127039.002   797.808   107.16   77.65
 127406.396   844.185   126.22   97.80
 127786.562   885.783   109.41   81.21
 128166.658   887.734     5.13   76.92
 128546.683   838.918  -128.44  120.49
 128926.638   738.782  -263.52  134.41
 129306.523   662.415  -201.01   93.80
 129686.337   634.148   -74.42   57.98
 130066.082   661.082    70.92   74.65
 130445.756   692.600    83.01   82.90
 130825.361   697.715    13.47  110.65
 131204.895   674.919   -60.06  142.52
 131584.359   622.066  -139.27  136.36
 131963.754   570.710  -135.35   96.63
 132343.078   542.100   -75.41   56.53
 132722.333   530.832   -29.71   31.45
 133101.518   531.490     1.74   28.57
 133480.633   541.302    25.88   32.05
 133859.678   552.066    28.40   35.69
 134238.654   564.594    33.05   36.52
 134617.559   579.239    38.65   32.62
 134996.396   594.387    39.98   27.78
 135375.162   600.958    17.35   30.09
 135753.860   612.620    30.79   31.10
 136132.487   624.011    30.08   31.11
 136511.045   637.749    36.29   29.28
 136889.534   646.688    23.62   23.64
 137267.953   646.479    -0.55   28.42
 137646.303   644.943    -4.06   30.35
 138024.584   644.486    -1.21   28.11
 138402.795   649.502    13.26   24.14
 138780.937   657.954    22.35   27.26
 139159.010   676.405    48.80   44.32
 139537.014   702.929    70.16   72.51
 139914.948   739.454    96.63   91.12
 140292.814   772.185    86.61  106.09
 140670.610   822.976   134.43  131.72
 141048.337   881.088   153.83  135.17
 141425.996   953.832   192.60  107.24
 141803.585   981.720    73.85   99.68
 142181.106   997.432    41.61   92.85
 142558.557   986.895   -27.91   85.61
 142935.940   953.539   -88.38   78.36
 143313.254   954.446     2.40   96.15
 143690.499   948.675   -15.30  105.13
 144067.676   939.523   -24.26   99.35
 144444.784   932.746   -17.97   91.07
 144821.823   948.049    40.58   99.14
 145198.794   997.070   130.02  119.67
 145575.696  1043.135   122.21  128.93
 145952.529  1068.169    66.43  127.91
 146329.294  1082.576    38.23  119.28
 146705.991  1111.978    78.04  115.58
 147082.619  1154.076   111.76  107.77
 147459.178  1165.307    29.82  101.87
 147835.670  1143.356   -58.30  126.26
 148212.093  1087.478  -148.43  133.87
 148588.448  1032.478  -146.12  112.20
 148964.734  1008.671   -63.26  122.00
 149340.953   977.511   -82.82  121.28
 149717.103   955.486   -58.55  109.64
 150093.185   969.076    36.13  123.41
 150469.199   992.540    62.40  117.54
 150845.145  1010.106    46.72   89.68
 151221.023   981.206   -76.88   89.94
 151596.833   945.177   -95.86   73.52
 151972.575   901.588  -116.00   69.44
 152348.249   860.606  -109.08   69.33
 152723.855   840.558   -53.37   61.46
 153099.393   855.234    39.07   76.85
 153474.864   883.075    74.14   94.93
 153850.267   915.432    86.18   93.10
 154225.602   945.324    79.63   98.63
 154600.869   945.112    -0.57   92.04
 154976.069   952.948    20.88   76.56
 155351.202   979.451    70.64   98.54
 155726.266  1021.467   112.01  121.57
 156101.263  1063.137   111.11  139.55
 156476.193  1098.729    94.92  154.74
 156851.055  1104.301    14.86  145.59
 157225.850  1115.477    29.82  128.43
 157600.577  1141.675    69.90  126.46
 157975.237  1169.671    74.71  123.71
 158349.830  1204.350    92.57  122.29
 158724.355  1209.264    13.12  137.25
 159098.813  1172.278   -98.76  152.81
 159473.204  1120.696  -137.76  156.90
 159847.528  1060.967  -159.54  121.23
 160221.784  1032.969   -74.80   81.56
 160595.974  1045.173    32.61   85.98
 160970.096  1085.246   107.10  107.74
 161344.152  1146.165   162.84  129.31
 161718.140  1241.606   255.17  143.46
 162092.062  1318.856   206.57  157.86
 162465.916  1361.039   112.82  139.77
 162839.704  1377.283    43.45  115.04
 163213.425  1352.041   -67.53  127.76
 163587.079  1261.535  -242.19  154.49
 163960.666  1169.405  -246.58  119.20
 164334.187  1121.696  -127.71   76.93
 164707.640  1118.651    -8.15   68.80
 165081.027  1168.206   132.70   77.91
 165454.348  1217.527   132.10   71.28
 165827.602  1212.679   -12.99   78.00
 166200.789  1221.326    23.17   82.03
 166573.910  1214.708   -17.73   82.10
 166946.964  1214.369    -0.91   76.99
 167319.952  1252.844   103.14   94.07
 167692.874  1246.844   -16.09  103.15
 168065.729  1279.756    88.26   94.78
 168438.517  1299.622    53.28   92.68
 168811.240  1283.331   -43.70   95.77
 169183.896  1302.579    51.64   95.12
 169556.486  1300.819    -4.72   97.32
 169929.010  1318.576    47.66  102.67
 170301.467  1376.280   154.91   90.78
 170673.859  1403.572    73.28   86.20
 171046.184  1394.325   -24.83   93.97
 171418.443  1364.952   -78.89  111.47
 171790.636  1336.671   -75.97  118.46
 172162.763  1295.456  -110.74  125.02
 172534.825  1273.782   -58.25  134.83
 172906.820  1284.350    28.40  139.28
 173278.749  1244.224  -107.87  148.62
 173650.613  1167.844  -205.37  160.75
 174022.411  1093.511  -199.90  144.96
 174394.143  1015.696  -209.30   85.60
 174765.809   980.717   -94.10   53.04
 175137.410   968.844   -31.95   64.76
 175508.944   952.793   -43.20   59.41
 175880.414   962.733    26.76   80.09
 176251.817   998.214    95.52  121.48
 176623.155  1072.067   198.86  154.25
 176994.428  1165.967   252.88  163.47
 177365.635  1248.906   223.40  142.67
 177736.776  1279.656    82.84  107.19
 178107.852  1268.259   -30.71  113.63
 178478.863  1215.895  -141.12  126.72
 178849.808  1142.905  -196.74   76.36
 179220.688  1126.439   -44.39   69.67
 179591.503  1179.955   144.30  112.85
 179962.252  1274.869   255.97  155.61
 180332.937  1354.259   214.14  151.08
 180703.556  1398.619   119.68  113.50
 181074.109  1410.756    32.75   90.25
 181444.598  1407.094    -9.88   96.71
 181815.022  1421.466    38.79  116.96
 182185.380  1466.313   121.07  100.11
 182555.674  1499.173    88.73   89.51
 182925.903  1528.506    79.22   92.40
 183296.066  1533.622    13.82   87.27
 183666.165  1527.066   -17.71   88.63
 184036.199  1497.600   -79.62  104.33
 184406.168  1453.659  -118.75  100.36
 184776.072  1382.996  -191.00  101.29
 185145.911  1290.054  -251.27  144.93
 185515.686  1153.350  -369.64  199.90
 185885.396  1005.746  -399.18  197.17
 186255.041   880.694  -338.25  141.00
 186624.622   813.756  -181.09   63.44
 186994.138   799.535   -38.48   25.85
 187363.589   817.381    48.29   25.53
 187732.976   836.869    52.75   19.97
 188102.299   852.511    42.35   18.78
 188471.557   874.034    58.28   27.62
 188840.750   916.474   114.94   77.16
 189209.879  1015.452   268.10  149.93
 189578.944  1116.070   272.59  162.96
 189947.944  1214.818   267.57  119.11
 190316.880  1286.419   194.04   90.47
 190685.752  1294.597    22.17   83.98
 191054.560  1242.217  -142.00  113.03
 191423.303  1177.000  -176.84  150.47
 191791.982  1071.649  -285.71  157.29
 192160.597   981.107  -245.59  122.97
 192529.148   928.412  -142.96   80.66
 192897.635   900.441   -75.89   35.35
 193266.058   902.276     4.98   26.48
 193634.417   915.475    35.83   28.03
 194002.712   931.106    42.43   27.53
 194370.943   948.679    47.72   32.91
 194739.110   964.784    43.73   38.10
 195107.213   990.806    70.68   52.43
 195475.253  1020.004    79.32   81.39
 195843.228  1038.575    50.46   93.00
 196211.140  1042.338    10.23   92.64
 196578.988  1040.819    -4.13   85.04
 196946.772  1036.685   -11.24   78.32
 197314.493  1033.219    -9.43   75.82
 197682.150  1024.426   -23.91   60.25
 198049.744  1039.906    42.10   76.12
 198417.274  1073.930    92.56  106.42
 198784.740  1104.054    81.96  117.85
 199152.143  1131.606    74.98  111.96
 199519.482  1136.231    12.59   99.36
 199886.758  1152.781    45.05   93.06
 200253.971  1201.412   132.41  112.19
 200621.120  1271.629   191.22  133.09
 200988.206  1309.283   102.56  132.11
 201355.229  1347.071   102.94  115.22
 201722.188  1323.251   -64.90  107.73
 202089.084  1275.607  -129.84   82.91
 202466.531  1227.350  -127.83   69.96
 202846.483  1202.338   -65.82   61.12
 203226.368  1205.424     8.12   62.01
 203606.184  1219.350    36.66   65.04
 203985.931  1244.807    67.02   68.36
 204365.610  1265.437    54.33   58.07
 204745.221  1282.449    44.81   52.14
 205124.764  1316.486    89.66   64.40
 205504.238  1318.498     5.30   65.40
 205883.645  1307.881   -27.98   82.95
 206262.983  1316.613    23.02   79.70
 206642.253  1348.441    83.91  104.46
 207021.455  1387.791   103.75  115.88
 207400.589  1457.429   183.65  121.60
 207779.655  1497.737   106.32  119.17
 208158.653  1467.393   -80.05  136.69
 208537.584  1396.996  -185.75  150.34
 208916.446  1322.369  -196.94  131.83
 209295.240  1247.519  -197.57   92.46
 209673.967  1222.944   -64.88   71.11
 210052.626  1238.301    40.55   85.19
 210431.217  1262.683    64.39   94.96
 210809.741  1290.295    72.93   90.89
 211188.197  1313.269    60.69   92.32
 211566.585  1332.656    51.23  102.48
 211944.906  1352.100    51.39  117.81
 212323.159  1364.806    33.59  120.27
 212701.344  1361.545    -8.62   95.51
 213079.463  1376.412    39.31   83.59
 213457.513  1419.949   115.14   98.76
 213835.497  1464.539   117.95  103.57
 214213.413  1521.768   151.41   96.07
 214591.261  1558.266    96.58   89.91
 214969.043  1567.312    23.94  103.54
 215346.757  1546.244   -55.77  122.43
 215724.404  1519.998   -69.49  127.69
 216101.983  1517.967    -5.38  130.99
 216479.496  1558.116   106.33  151.53
 216856.941  1571.054    34.27  142.49
 217234.320  1560.406   -28.21  129.57
 217611.631  1544.716   -41.58  126.86
 217988.875  1561.276    43.89  138.06
 218366.053  1629.578   181.06  143.97
 218743.163  1626.673    -7.70  159.49
 219120.207  1557.765  -182.73  150.75
 219497.183  1507.474  -133.38  136.54
 219874.093  1459.331  -127.71  111.52
 220250.936  1467.659    22.10  126.32
 220627.712  1466.415    -3.30  137.45
 221004.422  1492.081    68.12  151.16
 221381.065  1516.298    64.29  135.51
 221757.641  1506.819   -25.17  125.81
 222134.151  1446.414  -160.41  153.73
 222510.594  1351.051  -253.28  150.21
 222886.970  1289.194  -164.32  120.50
 223263.280  1254.498   -92.18   96.43
 223639.524  1209.113  -120.60   89.21
 224015.701  1179.000   -80.04   75.31
 224391.812  1183.930    13.11   93.20
 224767.856  1236.535   139.86  142.51
 225143.834  1353.585   311.26  180.73
 225519.746  1455.144   270.12  168.26
 225895.591  1496.119   109.00  122.82
 226271.371  1466.549   -78.67  133.43
 226647.084  1372.597  -250.02  120.02
 227022.731  1326.987  -121.40   81.48
 227398.311  1345.424    49.08   81.04
 227773.826  1379.668    91.18   74.28
 228149.275  1384.103    11.81   79.29
 228524.657  1355.276   -76.78   85.47
 228899.974  1306.251  -130.60   87.24
 229275.225  1262.584  -116.35   74.74
 229650.410  1236.671   -69.05   60.20
 230025.529  1197.054  -105.59   49.29
 230400.582  1163.244   -90.13   59.65
 230775.569  1121.597  -111.04   70.97
 231150.491  1085.978   -94.99   84.84
 231525.346  1040.439  -121.46   93.10
 231900.136   992.694  -127.37   81.83
 232274.861   948.241  -118.60   61.28
 232649.520   911.769   -97.33   47.48
 233024.113   878.350   -89.20   37.23
 233398.641   865.202   -35.10   32.18
 233773.103   859.338   -15.66   31.87
 234147.499   864.414    13.55   38.89
 234521.831   871.023    17.65   44.84
 234896.096   881.370    27.64   45.89
 235270.297   893.585    32.64   49.92
 235644.432   910.214    44.44   65.92
 236018.502   938.585    75.83   82.93
 236392.506   976.173   100.48   88.02
 236766.445  1020.006   117.20   70.76
 237140.319  1042.376    59.82   41.20
 237514.128  1036.387   -16.02   39.02
 237887.872  1005.831   -81.74   69.13
 238261.550   950.519  -147.99   95.61
 238635.164   886.792  -170.54  116.45
 239008.712   829.131  -154.33  116.37
 239382.195   773.712  -148.36   96.06
 239755.614   735.177  -103.18   73.83
 240128.967   705.636   -79.11   54.46
 240502.256   679.941   -68.82   39.53
 240875.479   664.404   -41.62   26.53
 241248.638   654.281   -27.12   12.69
 241621.732   652.155    -5.70   10.93
 241994.762   651.227    -2.49   11.30
 242367.726   651.000    -0.61   11.06
 242740.626   648.955    -5.48   10.16
 243113.461   646.601    -6.31    9.25
 243486.232   644.637    -5.27    8.71
 243858.938   642.371    -6.08    8.20
 244231.579   640.560    -4.86    9.24
 244604.156   640.870     0.83   11.57
 244976.668   641.461     1.59   15.21
 245349.116   645.084     9.72   21.27
 245721.499   651.251    16.56   26.87
 246093.818   664.033    34.32   35.44
 246466.073   683.706    52.84   42.33
 246838.263   704.489    55.83   43.28
 247210.389   708.649    11.18   36.13
 247582.451   699.004   -25.92   36.16
 247954.449   688.919   -27.10   28.84
 248326.382   690.511     4.28   28.72
 248698.251   715.306    66.67   40.73
 249070.056   757.922   114.59   56.17
 249441.797   789.234    84.21   51.23
 249813.474   797.649    22.64   45.88
 250185.087   802.131    12.06   44.02
 250556.636   819.673    47.20   64.92
 250928.120   866.770   126.75   88.18
 251299.541   937.229   189.66   93.99
 251670.898  1016.251   212.75  107.23
 252042.192  1109.805   251.91  118.46
 252413.421  1167.081   154.26  101.74
 252784.586  1178.423    30.55   95.63
 253155.688  1126.770  -139.16  130.24
 253526.726  1045.408  -219.24  137.18
 253897.701   962.190  -224.28  122.99
 254268.611   893.212  -185.93  105.31
 254639.458   828.631  -174.11   97.57
 255010.242   789.225  -106.26   73.21
 255380.961   786.486    -7.39   62.45
 255751.618   829.389   115.73   90.31
 256122.211   922.177   250.32  129.61
 256492.740  1020.054   264.10  126.01
 256863.206  1096.194   205.48  116.01
 257233.608  1162.620   179.30  115.46
 257603.948  1199.941   100.75  127.97
 257974.223  1214.766    40.03  120.75
 258344.436  1206.656   -21.90  112.27
 258714.585  1197.020   -26.03  102.27
 259084.671  1218.081    56.90   97.63
 259454.694  1256.217   103.04  106.35
 259824.653  1273.572    46.90   96.18
 260194.550  1246.357   -73.56  130.44
 260564.383  1132.857  -306.83  190.67
 260934.154   998.817  -362.42  172.60
 261303.861   866.437  -357.99  154.98
 261673.505   751.297  -311.42  139.93
 262043.086   647.744  -280.13  135.36
 262412.605   549.647  -265.42   87.98
 262782.060   495.688  -146.02   47.20
 263151.452   468.923   -72.44   14.37
 263520.782   461.256   -20.75    8.78
 263890.049   457.751    -9.49    5.65
 264259.253   459.214     3.96    8.32
 264628.394   464.384    14.00   13.73
 264997.473   474.933    28.57   16.57
 265366.489   488.818    37.62   18.23
 265735.442   510.149    57.80   30.16
 266104.332   541.909    86.08   46.37
 266473.161   586.356   120.48   62.34
 266841.926   635.804   134.06   74.86
 267210.629   691.044   149.79   85.15
 267579.269   741.236   136.13   92.02
 267947.847   798.794   156.13  109.82
 268316.363   859.041   163.45  125.21
 268684.816   938.281   215.01  148.13
 269053.207   982.285   119.42  148.96
 269421.535  1005.456    62.89  146.19
 269789.801   985.981   -52.87  142.79
 270158.005   953.844   -87.26  129.45
 270526.147   920.895   -89.48  113.81
 270894.226   913.626   -19.74  111.24
 271262.243   919.454    15.83  129.32
 271630.198   959.135   107.82  157.23
 271998.091   970.631    31.24  152.97
 272365.922   940.572   -81.70  148.17
 272733.691   867.506  -198.63  152.31
 273101.398   805.844  -167.66  137.22
 273469.043   794.106   -31.92  113.71
 273836.626   846.882   143.54  149.51
 274204.147   936.148   242.83  160.70
 274571.606  1008.439   196.69  139.62
 274939.003   985.569   -62.23  149.21
 275306.338   956.684   -78.62  131.99
 275673.612   973.769    46.51  126.53
 276040.824  1021.803   130.78  147.55
 276407.974  1078.856   155.36  135.24
 276775.062  1151.614   198.16  134.98
 277149.368  1185.287    89.94  125.98
 277529.181  1186.610     3.48  104.95
 277908.927  1196.831    26.91   99.82
 278288.606  1138.247  -154.26  110.01
 278668.219  1077.519  -159.94  102.15
 279047.766  1055.819   -57.16   95.35
 279427.246  1087.931    84.60  128.69
 279806.659  1139.144   134.95  127.21
 280186.006  1157.536    48.47  109.96
 280565.287  1093.970  -167.56  152.78
 280944.501   998.506  -251.68  128.55
 281323.650   918.819  -210.12  103.83
 281702.732   859.641  -156.07   96.89
 282081.747   792.194  -177.91  118.52
 282460.697   703.857  -233.06  111.89
 282839.580   627.553  -201.34  105.64
 283218.397   555.831  -189.29   65.25
 283597.148   524.793   -81.93   47.64
 283975.834   497.052   -73.24   45.65
 284354.453   465.078   -84.43   58.90
 284733.006   424.769  -106.46   57.46
 285111.493   390.312   -91.02   34.61
 285489.914   395.565    13.88   41.34
 285868.270   438.397   113.18   73.64
 286246.559   498.406   158.60   86.66
 286624.783   563.574   172.26   59.82
 287002.941   611.144   125.76   50.21
 287381.033   658.249   124.56   70.58
 287759.060   745.575   230.95  138.02
 288137.020   864.831   315.45  190.61
 288514.916   967.527   271.69  199.61
 288892.745  1068.532   267.26  186.64
 289270.509  1103.338    92.11  184.45
 289648.208  1112.152    23.33  167.61
 290025.841  1116.694    12.03  139.86
 290403.409  1147.706    82.12  118.65
 290780.911  1170.895    61.41  106.47
 291158.347  1165.489   -14.32  100.75
 291535.719  1130.831   -91.82  117.21
 291913.025  1061.519  -183.66  116.05
 292290.266   984.952  -202.92  108.59
 292667.441   931.931  -140.54   97.62
 293044.552   888.457  -115.25   72.87
 293421.597   859.996   -75.47   59.22
 293798.577   856.133   -10.24   65.68
 294175.491   871.944    41.94   80.10
 294552.341   930.272   154.74  104.27
 294929.126  1003.768   195.01   90.76
 295305.846  1047.152   115.13   68.42
 295682.500  1056.556    24.96   49.95
 296059.090  1037.381   -50.90   58.78
 296435.615   978.113  -157.37   92.88
 296812.075   892.983  -226.08  108.39
 297188.470   840.190  -140.23   99.23
 297564.800   781.983  -154.63   84.22
 297941.066   737.778  -117.45   50.97
 298317.267   736.730    -2.79   43.59
 298693.403   757.766    55.91   53.89
 299069.474   804.173   123.37   56.51
 299445.481   847.898   116.26   38.78
 299821.423   873.609    68.37   40.21
 300197.300   895.168    57.34   42.09
 300573.113   927.581    86.23   60.10
 300948.862   969.124   110.53   78.05
 301324.546  1020.571   136.91   96.66
 301700.165  1090.545   186.24   96.87
 302075.720  1143.616   141.28  101.14
 302451.211  1174.493    82.21  104.34
 302826.638  1175.156     1.77  105.17
 303202.000  1138.675   -97.17  119.07
 303577.297  1105.267   -89.00  109.42
 303952.531  1081.981   -62.04   75.50
 304327.700  1088.619    17.69   65.68
 304702.805  1124.558    95.79   75.99
 305077.847  1177.278   140.54   97.90
 305452.823  1215.906   102.99   83.09
 305827.736  1223.515    20.29   77.85
 306202.585  1229.578    16.17   81.33
 306577.370  1211.716   -47.65   74.48
 306952.091  1220.000    22.10   71.02
 307326.747  1222.128     5.68   76.20
 307701.340  1175.606  -124.16   80.81
 308075.869  1134.195  -110.54   78.56
 308450.335  1102.569   -84.44   77.57
 308824.736  1080.587   -58.70   90.29
 309199.074  1061.844   -50.06   99.98
 309573.347  1018.791  -115.00  107.43
 309947.558   976.389  -113.28   94.74
 310321.704   926.290  -133.87   88.75
 310695.787   871.006  -147.75   81.51
 311069.806   829.897  -109.88   70.09
 311443.762   789.756  -107.31   58.63
 311817.654   750.818  -104.12   47.72
 312191.482   723.113   -74.09   30.80
 312565.247   692.716   -81.31   31.38
 312938.949   665.527   -72.73   41.37
 313312.587   637.562   -74.83   40.85
 313686.162   620.113   -46.70   30.30
 314059.673   627.173    18.90   45.14
 314433.121   651.741    65.77   56.36
 314806.506   690.793   104.56   55.09
 315179.828   732.894   112.75   48.43
 315553.086   792.768   160.37   82.56
 315926.281   852.294   159.46   94.00
 316299.413   912.143   160.35   75.88
 316672.482   952.778   108.89   58.10
 317045.487   988.006    94.42   60.78
 317418.430  1009.331    57.16   43.06
 317791.310  1016.485    19.18   33.61
 318164.126  1019.493     8.07   34.50
 318536.880  1000.675   -50.47   35.38
 318909.571  1001.143     1.25   41.29
 319282.198  1016.578    41.41   42.39
 319654.763  1027.244    28.62   40.03
 320027.265  1030.069     7.58   42.24
 320399.705  1007.311   -61.09   56.76
 320772.081   975.553   -85.26   65.87
 321144.395   948.155   -73.57   60.48
 321516.646   919.234   -77.67   46.90
 321888.834   887.337   -85.68   56.72
 322260.960   841.781  -122.39   64.37
 322633.023   812.114   -79.71   45.65
 323005.024   816.656    12.21   42.61
 323376.962   844.141    73.88   40.03
 323748.837   870.894    71.92   44.93
 324120.650   885.276    38.67   45.45
 324492.401   876.675   -23.13   44.00
 324864.089   870.155   -17.54   35.60
 325235.714   867.531    -7.06   29.74
 325607.278   880.047    33.67   42.79
 325978.779   898.369    49.31   52.90
 326350.217   915.981    47.40   50.18
 326721.594   932.969    45.73   54.60
 327092.908   952.967    53.84   71.43
 327464.160   991.065   102.59   86.47
 327835.350  1030.310   105.70   97.53
 328206.477  1061.293    83.46   98.73
 328577.543  1094.911    90.58  106.55
 328948.547  1104.419    25.62   90.82
 329319.488  1107.981     9.60   83.62
 329690.367  1098.969   -24.29   76.02
 330061.185  1102.392     9.23   74.07
 330431.940  1140.000   101.41   71.73
 330802.634  1153.857    37.37   52.83
 331173.266  1140.216   -36.80   57.26
 331543.835  1133.711   -17.55   61.57
 331914.343  1142.856    24.68   66.65
 332284.790  1152.680    26.51   73.81
 332655.174  1142.494   -27.49   78.89
 333025.497  1127.964   -39.23   61.61
 333395.758  1118.909   -24.45   46.38
 333765.957  1121.026     5.72   45.78
 334136.095  1115.636   -14.56   54.92
 334506.171  1108.844   -18.35   64.13
 334876.186  1111.331     6.72   67.28
 335246.139  1108.296    -8.20   62.96
 335616.030  1088.769   -52.78   60.16
 335985.860  1055.047   -91.16   61.25
 336355.628  1012.446  -115.18   62.45
 336725.336   967.693  -121.02   42.10
 337094.981   938.610   -78.66   29.79
 337464.566   941.036     6.56   40.15
 337834.089   975.895    94.31   68.58
 338203.550  1024.899   132.60   78.81
 338572.951  1081.506   153.20   73.50
 338942.290  1124.995   117.71   73.27
 339311.568  1143.081    48.96   64.17
 339680.785  1136.993   -16.49   59.78
 340049.941  1096.247  -110.34   75.66
 340419.035  1035.733  -163.90   67.80
 340788.069   984.331  -139.25   60.69
 341157.041   944.330  -108.38   39.31
 341525.953   932.856   -31.09   31.14
 341894.803   933.858     2.71   38.38
 342263.593   953.269    52.62   54.04
 342632.321   976.520    63.04   66.74
 343000.989  1001.344    67.32   80.92
 343369.596  1028.857    74.62   92.50
 343738.142  1060.766    86.55  111.74
 344106.627  1090.899    81.75  121.02
 344475.051  1109.912    51.59  122.35
 344843.415  1130.693    56.40  111.91
