# NaN NaN NaN ;Mean Elev.(m), Avg Gradient(m/km), RMS Gradient(m/km) - SRTM1     
#   46.609 -23.395  38.336 ;Mean Elev.(m), Avg Gradient(m/km), RMS Gradient(m/km) - ASTER GDEM
#   62.938 -23.319  38.359 ;Mean Elev.(m), Avg Gradient(m/km), RMS Gradient(m/km) - GMTED2010 
  9 235.495982  64.260986   149.805   149.805  2 52540.81278149  5.319
 10 235.487711  64.274657    71.689    71.648  4 52575.81282624 21.289
 11 235.483029  64.273901    73.562    73.127  3 52610.81278813 28.426
 13 235.488988  64.272848    73.710    74.428  4 52680.81275013 38.821
 15 235.477379  64.282992    70.571    73.293  3 52750.81282658 27.819
 16 235.499488  64.268856   243.369   244.081  4 52785.81277171  1.213
 17 235.496380  64.269005    91.567    83.876  4 52820.81284615 12.964
 22 235.490934  64.273420    72.316    72.235  4 52995.81288423  9.097
 26 235.496490  64.269539    74.324    74.447  5 53135.81285557 19.906
 28 235.490400  64.277109    73.204    72.708  3 53205.81292109 33.914
 29 235.490090  64.277820    71.657    71.657  2 53240.81288886 21.234
 30 235.504486  64.269954   137.477   129.213  3 53275.81285821  5.638
 31 235.489264  64.274022    70.192    69.578  5 53310.81290214 32.342
 36 235.488868  64.276983    73.368    73.045  3 53485.81292629 17.842
 39 235.487854  64.273918    73.801    74.026  4 53590.81288583 16.053
 41 235.492265  64.272980    72.494    72.595  5 53660.81289613 34.278
 42 235.484936  64.276478    72.803    72.759  4 53695.81286703 11.818
 43 235.482989  64.277520    73.712    73.428  4 53730.81278966  8.786
 44 235.499702  64.269812    98.154    72.768  4 53765.81275990  5.730
 46 235.498789  64.267290    73.655    73.599  5 53835.81276845  3.221
 48 235.490030  64.274224    76.404    76.257  4 53905.81286166 35.028
 49 235.483919  64.277682    72.764    72.870  4 53940.81289231 33.964
 50 235.481917  64.279270    70.827    71.756  3 53975.81284894 26.169
 51 235.499646  64.266050    70.524    70.924  6 54010.81285039 38.297
 52 235.494936  64.268272    70.587    70.608  5 54045.81286588 32.036
 53 235.484942  64.275950    72.090    72.008  4 54080.81285794  7.526
 58 235.489005  64.273281    75.510    75.685  4 54255.81284014 37.216
 59 235.489666  64.271994    75.725    75.438  4 54290.81284246 31.451
 60 235.489500  64.274096    73.211    72.772  5 54325.81283970 33.160
 61 235.479952  64.278736    72.311    72.921  3 54360.81279144 24.892
 62 235.492831  64.272594    70.709    70.799  4 54395.81277990 35.009
 63 235.485347  64.277196    74.753    75.200  4 54430.81274173 13.351
 64 235.495074  64.270519    72.786    72.725  5 54465.81276056  8.940
 65 235.486790  64.275862    73.975    73.940  3 54500.81275462  5.587
 66 235.490694  64.273435    75.410    73.374  5 54535.81277505  4.837
 69 235.489872  64.277572    74.961    74.961  2 54640.81277791 24.975
 70 235.487736  64.273377    71.006    72.151  4 54675.81278087 34.493
 72 235.491280  64.272468    75.126    74.993  4 54745.81274863 33.165
 73 235.489167  64.275688    69.680    69.624  4 54780.81272124 31.460
 75 235.487032  64.276805   162.772   176.297  4 54850.81271921  1.682
 79 235.488102  64.273750    74.550    74.792  4 54990.81276442 29.715
 80 235.484782  64.271762    74.808    74.808  2 55025.81275603 30.575
 81 235.490324  64.275313    81.562    83.686  4 55060.81274877 11.350
 82 235.480178  64.279889    74.017    74.024  4 55095.81269898 13.567
 83 235.490398  64.272044    68.177    68.035  4 55130.81269198 39.065
 84 235.488754  64.276766    72.572    72.533  4 55165.81266135 13.180
 85 235.490232  64.271237    73.514    73.493  4 55200.81268392  8.311
 86 235.483775  64.277815    75.032    75.414  3 55235.81266748  5.233
 87 235.490526  64.274998    72.095    72.287  4 55270.81267773  5.479
 88 235.481329  64.278115    74.343    74.500  3 55305.81264853 15.850
 89 235.485999  64.268800    93.424    93.424  2 55340.81264978  9.501
 90 235.486806  64.274751    86.386    83.216  4 55375.81264152 23.656
 91 235.496945  64.276329    72.221    72.221  2 55410.81266332 35.004
 92 235.489112  64.274895    71.628    73.181  4 55445.81265714 36.353
 93 235.480134  64.280221    69.756    69.868  4 55480.81259016 27.220
