# NaN NaN NaN ;Mean Elev.(m), Avg Gradient(m/km), RMS Gradient(m/km) - SRTM1     
#   27.311  -4.481  10.322 ;Mean Elev.(m), Avg Gradient(m/km), RMS Gradient(m/km) - ASTER GDEM
#   60.089  -3.286   6.898 ;Mean Elev.(m), Avg Gradient(m/km), RMS Gradient(m/km) - GMTED2010 
  7 233.053197  65.286058     4.197     4.245  5 52449.21671920 20.529
  8 233.075508  65.277751    41.322    41.235  4 52484.21670380 20.175
 12 233.087039  65.277124    41.266    41.248  7 52624.21664268 21.244
 13 233.068411  65.282792    40.429    40.385  5 52659.21666926 16.750
 15 233.073699  65.280583    48.743    49.591  6 52729.21668476 10.068
 17 233.050015  65.291605    45.382    45.382  2 52799.21667977 28.987
 18 233.055142  65.288519    41.001    40.971  3 52834.21674835 17.226
 19 233.069755  65.283421    40.067    40.168  5 52869.21678905 25.347
 20 233.070887  65.284372    40.068    40.162  3 52904.21679777 19.604
 22 233.056401  65.286013    58.012    55.803  6 52974.21677328 14.947
 23 233.067048  65.280839    48.703    48.733  4 53009.21677864 13.451
 24 233.049744  65.287126    40.808    40.728  5 53044.21673975 11.141
 25 233.067968  65.281711    62.544    61.884  6 53079.21677183  9.083
 28 233.076991  65.278267    41.883    42.621  3 53184.21678219 25.286
 29 233.070236  65.283385    40.166    40.257  4 53219.21680826 19.100
 30 233.080735  65.279040    44.762    43.619  6 53254.21678445 44.138
 32 233.083997  65.273774   655.428   655.371  3 53324.21676419 24.610
 33 233.085517  65.280047    55.765    58.675  5 53359.21672731 12.980
 34 233.052392  65.286345    73.096    73.262  6 53394.21674658  5.669
 35 233.084777  65.278160    63.342    63.207  6 53429.21673782  7.979
 36 233.054667  65.286073    69.806    70.939  6 53464.21676336  4.813
 37 233.056738  65.285501    47.834    47.932  6 53499.21682951 40.278
 39 233.062093  65.286642    41.323    41.480  3 53569.21682905 17.853
 40 233.088023  65.277120    41.167    41.259  6 53604.21677304 21.528
 41 233.049337  65.287292    41.241    41.044  6 53639.21677472 20.341
 43 233.092377  65.275300    45.433    43.516  7 53709.21672220 16.962
 44 233.099017  65.275314    42.830    42.313  7 53744.21663206 15.074
 45 233.072966  65.281580    50.387    49.133  5 53779.21666316 15.232
 46 233.095871  65.276412    59.661    59.393  7 53814.21663426  9.058
 47 233.052252  65.285017    51.634    51.877  4 53849.21669742 17.353
 50 233.058722  65.285432    45.963    46.025  6 53954.21677858 25.478
 52 233.049615  65.291714    76.265    76.265  2 54024.21676162 13.333
 53 233.076517  65.280158    39.961    39.947  6 54059.21675148 21.714
 55 233.050644  65.287118    60.290    59.365  6 54129.21667249 12.021
 56 233.074723  65.279831    55.872    59.004  6 54164.21669991 10.909
 58 233.065891  65.282112    43.133    43.079  6 54234.21671474 44.237
 59 233.066534  65.286850    41.134    41.193  3 54269.21673510 20.607
 61 233.085306  65.272728    42.305    42.271  3 54339.21671943 39.777
 62 233.066354  65.280093    41.170    41.083  5 54374.21667088 18.648
 65 233.071489  65.281220    45.172    45.738  7 54479.21665726 12.765
 66 233.053185  65.286497    47.193    40.029  5 54514.21664906 10.334
 67 233.078940  65.278639    41.468    41.191  7 54549.21667013 10.278
 68 233.066543  65.283388    47.007    47.715  5 54584.21664400 13.962
 70 233.068190  65.282613    47.721    45.046  5 54654.21667487 27.375
 72 233.049604  65.291008    39.500    39.508  3 54724.21662589 21.024
 74 233.045669  65.290387    40.603    40.608  4 54794.21661906 19.773
 75 233.067700  65.282491    40.736    40.698  6 54829.21663777 17.124
 76 233.056467  65.285164    67.738    66.834  6 54864.21661234  8.572
 77 233.073012  65.281099    61.454    59.676  7 54899.21663679  8.992
 78 233.058973  65.285403    62.484    62.769  6 54934.21660583  8.105
 79 233.065670  65.284825    48.443    48.408  5 54969.21663926 45.338
 80 233.063083  65.285409    41.995    41.993  4 55004.21665905 24.328
 81 233.067008  65.286277    49.019    43.890  3 55039.21664634 25.735
 83 233.056216  65.286053    43.201    42.226  6 55109.21657895 41.675
 85 233.051024  65.286670    49.726    50.386  6 55179.21655355 15.988
 86 233.072269  65.280749    53.398    53.460  6 55214.21657589 12.827
 87 233.061184  65.283468    57.044    58.576  6 55249.21655118 11.102
 88 233.075300  65.280458    49.767    50.594  6 55284.21656959 11.369
 89 233.061307  65.289723    54.122    54.122  2 55319.21654317 30.523
 90 233.074936  65.278794    54.768    58.293  5 55354.21654247 15.637
 91 233.048307  65.292933    40.446    40.446  2 55389.21654433 11.755
 92 233.072163  65.280835    48.172    47.841  6 55424.21656030 13.798
