# NaN NaN NaN ;Mean Elev.(m), Avg Gradient(m/km), RMS Gradient(m/km) - SRTM1     
#    8.059  -9.883  20.559 ;Mean Elev.(m), Avg Gradient(m/km), RMS Gradient(m/km) - ASTER GDEM
#   14.394 -10.338  20.893 ;Mean Elev.(m), Avg Gradient(m/km), RMS Gradient(m/km) - GMTED2010 
  8 229.276512  67.335573    17.059    17.059  2 52507.83810021 15.833
 10 229.280899  67.335122    88.603    88.603  2 52577.83813424 14.270
 11 229.270397  67.335171    89.059    89.150  3 52612.83809908 12.133
 12 229.288567  67.334976    88.252    88.554  3 52647.83808193 12.485
 13 229.281245  67.334552    88.857    88.784  3 52682.83805589 11.732
 14 229.283847  67.334901    89.240    89.240  2 52717.83811307  7.659
 15 229.262157  67.337535    14.399    14.948  3 52752.83813827  4.236
 19 229.278048  67.334708    15.451    15.451  2 52892.83823454 19.384
 22 229.278671  67.335496    90.284    90.284  2 52997.83820061  9.247
 23 229.268912  67.338300    92.511    92.511  2 53032.83815647  7.220
 24 229.289230  67.336242    89.615    89.615  2 53067.83816858  6.253
 25 229.262906  67.336324    93.112    93.249  3 53102.83815933  3.428
 26 229.290608  67.333362    16.592    17.008  3 53137.83817238 31.795
 30 229.299994  67.335375    87.994    87.994  2 53277.83817443  8.514
 31 229.284112  67.336359    89.741    89.741  2 53312.83820680 11.388
 32 229.278920  67.334821    89.666    89.197  3 53347.83817300 10.977
 33 229.298378  67.335055    89.002    89.002  2 53382.83813874  7.945
 34 229.289082  67.335794    90.259    90.259  2 53417.83815162  7.282
 39 229.276744  67.334241    63.425    85.772  3 53592.83819189 12.437
 43 229.272457  67.337325    90.971    90.971  2 53732.83809342  2.407
 45 229.274969  67.335437    90.577    90.577  2 53802.83807037  6.402
 49 229.272501  67.336087    14.699    14.699  2 53942.83820210 12.356
 50 229.268498  67.336286    17.394    17.394  2 53977.83815457 34.890
 52 229.289500  67.333769    88.269    88.269  2 54047.83817228 14.411
 54 229.265246  67.337360    91.908    92.035  3 54117.83809570 11.013
 55 229.280616  67.334827    88.353    88.574  3 54152.83811823  9.587
 56 229.267591  67.335916    90.546    90.426  3 54187.83808990  8.713
 60 229.278761  67.334918    15.157    15.936  3 54327.83814834 41.444
 62 229.286001  67.334371    88.384    88.561  3 54397.83808807 12.914
 63 229.272240  67.335888    89.996    90.105  3 54432.83804684 10.696
 65 229.274876  67.336130    90.905    90.905  2 54502.83806235  8.301
 66 229.283234  67.336132    90.647    90.647  2 54537.83808543  6.900
 67 229.270763  67.335686    91.012    91.230  3 54572.83806368  5.674
 69 229.278839  67.335421    16.215    16.215  2 54642.83808755 45.058
 71 229.270228  67.336256    15.633    15.633  2 54712.83804284 43.789
 73 229.278120  67.335693    89.757    89.629  3 54782.83802959  8.826
 74 229.286018  67.333987    89.327    89.327  2 54817.83805098  9.686
 76 229.283142  67.336969    90.637    90.637  2 54887.83805516  8.740
 77 229.264726  67.337428    92.570    92.570  2 54922.83802712  7.695
 81 229.280024  67.334943    65.062    88.577  3 55062.83805754 12.463
 83 229.285011  67.334668    88.742    88.991  3 55132.83800126 16.474
 84 229.275235  67.334750    89.227    89.227  2 55167.83796730 14.566
 85 229.285150  67.335021    89.885    89.686  3 55202.83799352 13.020
 86 229.270573  67.335469    89.549    89.477  3 55237.83797491 11.520
 87 229.278614  67.334559    89.037    89.037  2 55272.83798753 10.889
 88 229.268750  67.336296    89.824    90.554  3 55307.83795702 10.464
 91 229.286449  67.333770    13.816    13.816  2 55412.83797509 43.331
 92 229.278196  67.335182    13.159    14.528  3 55447.83796509 39.657
 93 229.266685  67.338368    89.565    89.565  2 55482.83789415 15.843
