-222168.207   132.485     0.00    1.59
-221790.701   132.919     1.15    1.45
-221413.268   133.429     1.35    0.80
-221035.908   133.563     0.36    0.91
-220658.620   133.170    -1.04    1.51
-220281.405   132.381    -2.09    1.79
-219904.262   131.128    -3.32    2.92
-219527.191   130.489    -1.70    3.24
-219150.193   130.036    -1.20    3.61
-218773.267   131.779     4.62    4.58
-218396.414   134.570     7.41    5.43
-218019.632   137.988     9.07    5.29
-217642.923   140.671     7.12    3.42
-217266.286   142.128     3.87    2.35
-216889.721   142.780     1.73    1.73
-216513.228   143.460     1.80    0.86
-216136.808   143.306    -0.41    1.43
-215760.459   142.264    -2.77    2.65
-215384.182   141.037    -3.26    3.06
-215007.977   139.859    -3.13    2.95
-214631.844   139.157    -1.87    2.27
-214255.783   139.345     0.50    1.83
-213879.793   140.214     2.31    1.82
-213503.876   141.291     2.86    1.52
-213128.030   142.363     2.85    0.97
-212752.255   142.965     1.60    1.08
-212376.553   143.650     1.82    1.13
-212000.921   144.384     1.95    1.16
-211625.362   144.900     1.37    1.21
-211249.874   145.138     0.63    1.49
-210874.457   145.100    -0.10    1.75
-210499.112   144.907    -0.51    1.61
-210123.838   144.188    -1.92    1.77
-209748.636   143.412    -2.07    1.89
-209373.504   142.625    -2.10    1.91
-208998.444   142.205    -1.12    1.55
-208623.456   142.413     0.55    1.46
-208248.538   143.276     2.30    2.07
-207873.692   143.173    -0.27    3.69
-207498.916   141.477    -4.53    5.96
-207124.212   138.383    -8.26    7.11
-206749.579   134.698    -9.84    5.90
-206375.017   131.951    -7.34    4.48
-206000.525   130.337    -4.31    3.52
-205626.105   129.198    -3.04    3.20
-205251.755   128.161    -2.77    2.49
-204877.476   127.556    -1.62    2.06
-204503.268   127.605     0.13    1.80
-204129.131   128.975     3.66    2.90
-203755.064   132.874    10.42    6.03
-203381.069   137.580    12.59    6.81
-203007.143   143.965    17.08    8.41
-202633.288   150.900    18.55    8.34
-202259.504   158.471    20.26   10.29
-201885.791   167.163    23.26   10.73
-201512.147   177.174    26.80   12.30
-201138.574   185.988    23.60   11.20
-200765.072   195.093    24.38   11.56
-200391.640   202.712    20.41   10.00
-200018.278   208.812    16.34   10.19
-199644.986   213.950    13.77    9.69
-199271.765   218.791    12.97   10.12
-198898.614   222.370     9.59   10.73
-198525.533   226.517    11.12   12.11
-198152.522   231.852    14.30   12.86
-197779.581   238.678    18.31   14.69
-197406.710   245.605    18.58   14.84
-197033.909   252.200    17.69   15.02
-196661.178   257.976    15.50   13.34
-196288.517   261.709    10.02   13.15
-195915.926   266.262    12.22   11.57
-195543.405   270.477    11.32   12.51
-195170.953   271.925     3.89   13.60
-194798.571   269.953    -5.30   14.56
-194426.259   270.100     0.39   13.39
-194054.017   272.702     6.99   11.96
-193681.844   279.700    18.80   12.42
-193309.741   288.453    23.53   12.49
-192937.707   294.732    16.88   10.81
-192565.743   299.756    13.51   10.02
-192193.848   307.272    20.21   13.59
-191822.023   321.500    38.27   22.71
-191450.267   339.585    48.66   26.30
-191078.581   360.379    55.95   22.94
-190706.964   375.723    41.29   15.02
-190335.416   386.917    30.13    9.13
-189963.937   392.220    14.28    7.71
-189592.528   394.721     6.74    7.80
-189221.187   396.209     4.01    7.77
-188849.916   397.882     4.51    7.18
-188478.714   400.482     7.00    7.12
-188107.581   405.126    12.52    7.93
-187736.517   411.524    17.24    9.77
-187365.522   419.631    21.86   10.29
-186994.596   426.267    17.89    8.29
-186623.739   430.976    12.70    4.27
-186252.950   431.470     1.33    3.71
-185882.231   430.523    -2.55    3.98
-185511.580   429.570    -2.57    4.14
-185140.998   427.988    -4.27    4.86
-184770.485   426.918    -2.89    5.77
-184400.040   426.000    -2.48    6.23
-184029.664   426.647     1.75    6.60
-183659.357   426.815     0.45    6.30
-183289.118   425.417    -3.78    6.50
-182918.947   422.148    -8.83    6.50
-182548.846   418.747    -9.19    4.24
-182178.812   417.073    -4.52    1.89
-181808.847   417.163     0.24    2.29
-181438.950   417.500     0.91    2.56
-181069.122   417.253    -0.67    2.42
-180699.362   416.950    -0.82    2.70
-180329.670   415.871    -2.92    3.59
-179960.046   415.000    -2.36    4.52
-179590.491   414.107    -2.42    4.66
-179221.004   413.309    -2.16    4.49
-178851.585   411.747    -4.23    4.49
-178482.233   410.388    -3.68    4.29
-178112.950   408.616    -4.80    4.26
-177743.735   406.222    -6.49    4.61
-177374.588   402.376   -10.42    6.21
-177005.509   398.812    -9.66    7.70
-176636.497   393.723   -13.79    9.65
-176267.554   387.024   -18.16   10.87
-175898.678   378.895   -22.04    9.94
-175529.870   372.476   -17.41    8.00
-175161.130   366.427   -16.41    6.20
-174792.457   363.119    -8.97    7.93
-174423.852   359.732    -9.19    9.06
-174055.315   356.828    -7.88    9.56
-173686.845   355.085    -4.73    9.11
-173318.443   354.176    -2.47    8.55
-172950.108   351.772    -6.53    8.21
-172581.841   347.767   -10.88    9.19
-172213.641   344.225    -9.62    8.77
-171845.508   340.977    -8.82    8.55
-171477.443   337.012   -10.77    8.58
-171109.445   332.024   -13.56   10.28
-170741.515   327.481   -12.35   10.80
-170373.652   325.506    -5.37   10.13
-170005.856   325.675     0.46    9.47
-169638.127   327.282     4.37    7.93
-169270.465   326.361    -2.51    7.25
-168902.870   319.357   -19.06   11.54
-168535.343   313.136   -16.93   11.63
-168167.882   307.976   -14.05    8.91
-167800.488   306.635    -3.65    8.04
-167433.162   307.471     2.27    6.11
-167065.902   308.786     3.58    5.87
-166698.709   310.578     4.88    7.65
-166331.583   311.929     3.68    8.43
-165964.524   313.262     3.63    8.39
-165597.531   313.129    -0.36    8.35
-165230.606   313.188     0.16    9.78
-164863.747   314.274     2.96   10.59
-164496.954   316.654     6.49   11.28
-164130.228   317.046     1.07   10.15
-163763.569   316.711    -0.91    8.51
-163396.976   314.153    -6.98    8.83
-163022.354   310.720    -9.17    7.52
-162641.985   308.271    -6.44    6.15
-162261.689   308.964     1.82    7.24
-161881.464   311.141     5.73    7.49
-161501.313   311.354     0.56    7.28
-161121.233   310.988    -0.96    7.53
-160741.226   309.734    -3.30    7.98
-160361.291   305.512   -11.12    8.68
-159981.427   300.050   -14.38    8.03
-159601.637   293.585   -17.02    7.80
-159221.918   286.793   -17.89    8.25
-158842.271   279.628   -18.87   11.42
-158462.696   270.153   -24.97   15.81
-158083.193   262.306   -20.68   16.77
-157703.762   254.120   -21.58   13.93
-157324.402   250.783    -8.80   10.62
-156945.115   251.058     0.73    8.28
-156565.899   253.598     6.70    8.02
-156186.755   256.581     7.87    5.81
-155807.683   257.422     2.22    4.93
-155428.682   256.024    -3.69    6.18
-155049.753   254.387    -4.32    7.42
-154670.896   251.200    -8.41    8.16
-154292.110   246.750   -11.75    7.78
-153913.396   242.871   -10.24    9.44
-153534.753   237.468   -14.27   10.30
-153156.181   231.512   -15.74   11.18
-152777.681   225.358   -16.26    9.76
-152399.252   220.943   -11.67    8.72
-152020.894   216.476   -11.81    8.26
-151642.608   211.756   -12.48    8.89
-151264.392   206.134   -14.87    8.07
-150886.248   201.881   -11.25    6.17
-150508.175   199.329    -6.75    2.74
-150130.174   199.435     0.28    3.04
-149752.243   199.530     0.25    3.09
-149374.383   199.780     0.66    2.64
-148996.594   200.059     0.74    2.08
-148618.876   200.439     1.01    2.05
-148241.229   200.988     1.45    2.21
-147863.653   202.373     3.67    4.00
-147486.148   203.131     2.01    4.87
-147108.713   202.136    -2.64    5.72
-146731.349   196.741   -14.30    9.85
-146354.056   192.744   -10.60    9.40
-145976.833   192.141    -1.60    8.47
-145599.681   194.064     5.10    8.25
-145222.600   197.321     8.64    4.84
-144845.589   196.400    -2.44    4.29
-144468.649   194.024    -6.31    4.00
-144091.779   191.734    -6.08    2.30
-143714.979   190.410    -3.52    2.93
-143338.250   188.288    -5.63    4.60
-142961.591   186.839    -3.85    5.50
-142585.003   184.914    -5.11    6.69
-142208.484   181.524    -9.00    8.96
-141832.036   177.457   -10.81   11.29
-141455.658   171.953   -14.62   11.01
-141079.351   168.807    -8.36    8.45
-140703.113   170.059     3.33    9.49
-140326.945   175.049    13.27   11.10
-139950.848   179.224    11.10    9.19
-139574.820   181.824     6.92    5.31
-139198.862   181.373    -1.20    3.90
-138822.974   181.976     1.60    4.24
-138447.157   183.819     4.91    5.27
-138071.408   186.724     7.73    5.79
-137695.730   189.134     6.42    5.43
-137320.121   191.470     6.22    5.23
-136944.583   192.706     3.29    5.46
-136569.113   193.774     2.84    5.61
-136193.714   194.432     1.75    5.15
-135818.384   194.906     1.26    4.54
-135443.123   195.412     1.35    4.12
-135067.932   196.536     3.00    3.89
-134692.811   197.593     2.82    4.87
-134317.759   197.386    -0.55    8.53
-133942.776   194.361    -8.07   11.79
-133567.863   191.081    -8.75   12.34
-133193.019   189.136    -5.19   10.54
-132818.244   188.429    -1.89    7.79
-132443.539   188.667     0.64    6.00
-132068.902   189.153     1.30    4.92
-131694.335   188.887    -0.71    4.31
-131319.837   187.549    -3.58    2.66
-130945.409   187.012    -1.43    2.14
-130571.049   186.882    -0.35    2.04
-130196.758   187.329     1.19    2.43
-129822.536   187.833     1.35    3.14
-129448.383   189.266     3.83    4.84
-129074.299   190.835     4.20    5.98
-128700.284   191.734     2.40    6.29
-128326.338   191.655    -0.21    5.86
-127952.460   191.139    -1.38    5.27
-127578.652   190.118    -2.73    4.27
-127204.912   189.628    -1.31    3.93
-126831.240   189.256    -1.00    4.13
-126457.637   188.808    -1.20    4.41
-126084.103   188.753    -0.15    3.96
-125710.638   189.688     2.50    4.17
-125337.241   192.500     7.53    4.94
-124963.912   195.590     8.28    4.68
-124590.652   197.798     5.92    3.72
-124217.460   199.400     4.29    3.61
-123844.337   201.412     5.39    3.58
-123471.282   203.397     5.32    3.91
-123098.295   206.373     7.98    4.20
-122725.376   209.397     8.11    3.95
-122352.526   211.788     6.41    3.51
-121979.744   213.962     5.83    3.34
-121607.030   216.750     7.48    3.71
-121234.384   219.769     8.10    3.59
-120861.806   222.506     7.35    3.27
-120489.297   225.038     6.80    2.86
-120116.855   227.512     6.64    3.16
-119744.481   229.064     4.17    3.08
-119372.175   230.012     2.55    3.39
-118999.937   230.722     1.91    3.87
-118627.767   231.286     1.52    3.73
-118255.665   230.975    -0.84    3.49
-117883.630   228.471    -6.73    5.41
-117511.664   224.848    -9.74    6.47
-117139.765   221.810    -8.17    4.78
-116767.933   219.734    -5.58    3.32
-116396.169   219.588    -0.39    3.04
-116024.473   221.012     3.83    3.36
-115652.844   223.470     6.61    4.83
-115281.283   226.797     8.96    5.15
-114909.789   230.812    10.81    3.99
-114538.363   233.753     7.92    2.29
-114167.004   235.537     4.80    1.52
-113795.713   236.728     3.21    1.49
-113424.489   237.779     2.83    1.34
-113053.332   238.488     1.91    1.18
-112682.242   239.878     3.75    1.76
-112311.220   241.580     4.59    3.01
-111940.265   244.776     8.62    4.57
-111569.377   248.289     9.47    4.80
-111198.556   252.012    10.04    3.59
-110827.802   254.700     7.25    3.13
-110457.115   257.667     8.00    3.61
-110086.495   260.294     7.09    3.34
-109715.943   262.750     6.63    2.81
-109345.457   264.317     4.23    2.40
-108975.038   265.928     4.35    2.67
-108604.685   267.107     3.18    3.04
-108234.400   268.530     3.84    3.41
-107864.182   270.048     4.10    3.45
-107494.030   272.500     6.62    3.74
-107123.945   274.881     6.43    4.11
-106753.926   278.111     8.73    4.04
-106383.975   281.000     7.81    3.73
-106014.089   284.185     8.61    3.28
-105644.271   286.134     5.27    3.15
-105274.519   288.024     5.11    3.11
-104904.833   290.188     5.85    3.98
-104535.214   293.704     9.51    5.37
-104165.661   297.463    10.17    5.91
-103796.175   301.575    11.13    4.85
-103426.755   303.931     6.38    4.12
-103057.401   304.950     2.76    4.29
-102688.114   304.726    -0.61    4.51
-102318.893   304.519    -0.56    4.77
-101949.738   304.506    -0.04    4.84
-101580.649   304.231    -0.75    4.47
-101211.627   304.036    -0.53    3.50
-100842.670   304.506     1.28    3.10
-100473.780   306.341     4.97    3.40
-100104.956   309.013     7.24    3.66
 -99736.197   312.927    10.62    4.33
 -99367.505   317.074    11.25    5.21
 -98998.878   321.094    10.91    5.03
 -98630.318   323.222     5.77    4.79
 -98261.823   323.549     0.89    5.99
 -97893.394   322.037    -4.10    7.06
 -97525.031   319.976    -5.60    6.51
 -97156.733   318.780    -3.25    4.09
 -96788.502   320.400     4.40    4.41
 -96420.336   322.783     6.47    4.53
 -96052.235   325.390     7.08    2.91
 -95684.201   326.548     3.14    1.12
 -95316.231   326.405    -0.39    1.01
 -94948.328   325.470    -2.54    1.67
 -94580.490   323.797    -4.55    2.23
 -94212.717   321.845    -5.31    2.74
 -93845.010   319.238    -7.09    2.98
 -93477.368   316.366    -7.81    3.70
 -93109.791   313.244    -8.49    3.46
 -92742.280   310.771    -6.73    2.65
 -92374.834   308.936    -4.99    1.87
 -92007.454   307.707    -3.34    1.97
 -91640.138   306.577    -3.08    2.30
 -91272.888   304.165    -6.57    3.29
 -90905.703   301.963    -6.00    2.93
 -90538.583   300.988    -2.66    2.57
 -90171.528   301.650     1.80    3.19
 -89804.539   303.524     5.11    3.42
 -89437.614   305.205     4.58    2.78
 -89070.754   305.939     2.00    3.07
 -88703.959   305.890    -0.13    3.20
 -88332.859   305.951     0.16    3.17
 -87952.634   306.277     0.86    3.28
 -87572.479   306.402     0.33    3.52
 -87192.395   307.222     2.16    4.05
 -86812.381   309.659     6.41    5.08
 -86432.437   312.538     7.58    5.37
 -86052.564   317.395    12.79    7.26
 -85672.761   323.615    16.38    8.95
 -85293.028   331.376    20.44   10.71
 -84913.365   339.385    21.09    9.35
 -84533.773   347.537    21.48    9.66
 -84154.250   353.775    16.44    9.61
 -83774.798   358.235    11.76    9.99
 -83395.416   360.695     6.48   10.49
 -83016.103   359.654    -2.74   11.53
 -82636.861   357.136    -6.64   12.61
 -82257.689   355.329    -4.76   11.98
 -81878.586   354.024    -3.44   10.88
 -81499.553   353.866    -0.42    9.80
 -81120.590   356.024     5.70    9.89
 -80741.697   359.913    10.26   10.41
 -80362.874   367.341    19.61   11.91
 -79984.120   374.863    19.86   11.63
 -79605.436   383.463    22.71   11.60
 -79226.821   391.286    20.66    9.88
 -78848.276   398.482    19.01    9.41
 -78469.801   404.705    16.44    7.42
 -78091.395   409.074    11.55    6.98
 -77713.058   411.550     6.54    6.08
 -77334.791   412.353     2.12    5.95
 -76956.594   412.235    -0.31    6.09
 -76578.465   411.235    -2.64    5.61
 -76200.406   410.963    -0.72    4.35
 -75822.416   411.841     2.32    3.54
 -75444.496   412.890     2.78    3.32
 -75066.644   414.244     3.58    3.42
 -74688.862   415.494     3.31    4.08
 -74311.149   417.346     4.90    7.08
 -73933.505   422.398    13.38   12.56
 -73555.930   428.728    16.77   16.35
 -73178.424   440.222    30.45   18.73
 -72800.987   451.987    31.17   18.42
 -72423.619   462.679    28.33   18.21
 -72046.319   472.051    24.84   16.94
 -71669.089   479.036    18.52   13.18
 -71291.927   482.462     9.08   14.36
 -70914.835   479.565    -7.68   19.02
 -70537.811   472.051   -19.93   21.41
 -70160.855   463.741   -22.05   22.17
 -69783.968   454.580   -24.31   19.79
 -69407.150   444.571   -26.56   18.26
 -69030.401   420.462   -64.00   35.60
 -68653.720   386.235   -90.87   56.18
 -68277.107   334.951  -136.18   66.65
 -67900.563   284.410  -134.23   58.70
 -67524.088   237.222  -125.35   42.07
 -67147.680   205.768   -83.57   31.80
 -66771.342   180.438   -67.31   22.50
 -66395.071   163.305   -45.54   18.15
 -66018.869   148.512   -39.32   14.12
 -65642.735   137.321   -29.75   11.48
 -65266.669   126.679   -28.30    9.97
 -64890.672   118.654   -21.34    9.38
 -64514.742   110.429   -21.88    8.81
 -64138.881   103.785   -17.68    7.01
 -63763.087    98.235   -14.77    5.15
 -63387.362    95.128    -8.27    3.45
 -63011.705    94.012    -2.97    2.85
 -62636.116    93.577    -1.16    2.85
 -62260.594    91.494    -5.55    5.29
 -61885.141    86.092   -14.39    9.60
 -61509.755    76.610   -25.26   14.37
 -61134.437    66.974   -25.67   12.33
 -60759.187    55.301   -31.11   13.87
 -60384.005    43.013   -32.75   18.61
 -60008.890    29.783   -35.27   20.98
 -59633.843    16.808   -34.60   13.22
 -59258.863    22.494    15.17   20.72
 -58883.952    44.367    58.34   38.59
 -58509.107    77.012    87.09   47.66
 -58134.330   116.463   105.27   39.72
 -57759.621   148.060    84.33   34.84
 -57384.979   178.633    81.61   31.62
 -57010.405   205.383    71.42   35.73
 -56635.898   235.675    80.89   35.74
 -56261.458   265.940    80.83   38.88
 -55887.085   299.544    89.77   36.55
 -55512.780   327.976    75.96   33.63
 -55138.542   351.679    63.34   25.59
 -54764.371   367.280    41.70   19.15
 -54390.268   379.198    31.86   14.66
 -54016.231   387.780    22.95   10.95
 -53642.262   395.513    20.68    9.60
 -53268.359   401.185    15.17    6.11
 -52894.524   404.524     8.93    4.46
 -52520.755   403.744    -2.09    6.36
 -52147.054   399.366   -11.72    9.33
 -51773.419   392.439   -18.54   12.60
 -51399.851   379.402   -34.90   16.22
 -51026.350   367.000   -33.21   17.75
 -50652.916   352.159   -39.74   17.34
 -50279.549   339.159   -34.82   15.48
 -49906.248   324.363   -39.64   13.79
 -49533.014   313.866   -28.12   12.35
 -49159.846   303.610   -27.49   10.30
 -48786.746   295.280   -22.33    9.19
 -48413.711   286.012   -24.85    9.66
 -48040.744   277.815   -21.98   10.07
 -47667.842   268.927   -23.84    9.91
 -47295.008   261.407   -20.17    8.35
 -46922.239   255.000   -17.19    5.78
 -46549.538   250.775   -11.34    4.30
 -46176.902   246.476   -11.54    5.16
 -45804.333   243.012    -9.30    5.24
 -45431.830   240.171    -7.63    3.95
 -45059.393   239.086    -2.91    2.77
 -44687.023   239.887     2.15    2.29
 -44314.718   240.963     2.89    1.60
 -43942.480   241.890     2.49    1.34
 -43570.308   243.074     3.18    1.63
 -43198.202   244.938     5.01    2.66
 -42826.162   247.136     5.91    3.09
 -42454.188   250.145     8.09    3.17
 -42082.280   252.700     6.87    3.18
 -41710.438   255.602     7.81    3.28
 -41338.662   258.400     7.53    3.37
 -40966.952   261.790     9.12    3.73
 -40595.308   264.951     8.50    4.17
 -40223.729   269.061    11.06    4.73
 -39852.216   273.568    12.13    5.71
 -39480.769   281.913    22.47   10.30
 -39109.387   291.086    24.70   13.32
 -38738.072   303.805    34.25   15.29
 -38366.821   316.890    35.25   14.95
 -37995.637   332.313    41.55   16.07
 -37624.518   345.309    35.02   15.81
 -37253.464   357.805    33.68   13.31
 -36882.476   366.716    24.02    9.80
 -36511.553   373.659    18.72    5.71
 -36140.696   378.000    11.71    4.98
 -35769.904   381.938    10.62    5.56
 -35399.178   385.378     9.28    5.66
 -35028.517   389.494    11.10    5.44
 -34657.921   392.805     8.93    4.97
 -34287.390   395.886     8.32    4.42
 -33916.924   398.268     6.43    4.31
 -33546.524   401.341     8.30    4.02
 -33176.189   404.146     7.57    3.87
 -32805.919   407.469     8.97    4.02
 -32435.714   408.788     3.56    4.18
 -32065.574   407.888    -2.43    6.48
 -31695.499   402.963   -13.31   11.43
 -31325.489   391.575   -30.78   17.53
 -30955.543   376.272   -41.37   20.97
 -30585.663   357.363   -51.12   22.74
 -30215.848   338.136   -51.99   23.57
 -29846.097   314.228   -64.66   25.13
 -29476.411   294.012   -54.69   24.92
 -29106.790   273.650   -55.09   19.74
 -28737.234   259.262   -38.93   14.34
 -28367.743   248.400   -29.40    9.60
 -27998.316   241.518   -18.63    7.11
 -27628.953   235.872   -15.29    5.95
 -27259.655   230.817   -13.69    6.13
 -26890.422   225.947   -13.19    5.42
 -26521.254   221.305   -12.58    4.92
 -26152.149   217.416   -10.54    3.61
 -25783.110   214.407    -8.15    2.71
 -25414.134   212.184    -6.03    2.11
 -25045.223   210.293    -5.13    2.08
 -24676.377   208.461    -4.97    1.75
 -24307.594   207.012    -3.93    1.66
 -23938.876   205.603    -3.82    1.49
 -23570.222   204.136    -3.98    1.67
 -23201.633   202.551    -4.30    1.98
 -22833.107   200.654    -5.15    2.25
 -22464.646   198.722    -5.25    2.34
 -22096.249   196.695    -5.50    2.18
 -21727.916   195.037    -4.50    1.84
 -21359.647   193.350    -4.58    1.63
 -20991.442   192.025    -3.60    1.64
 -20623.301   190.531    -4.06    1.69
 -20255.224   188.963    -4.26    1.91
 -19887.210   187.247    -4.66    1.98
 -19519.261   185.595    -4.49    2.08
 -19151.376   183.506    -5.68    2.10
 -18783.554   181.136    -6.44    3.20
 -18415.796   177.675    -9.41    4.96
 -18048.102   173.358   -11.74    6.53
 -17680.471   168.076   -14.37    6.60
 -17312.905   163.802   -11.63    5.91
 -16945.402   159.253   -12.38    4.56
 -16577.962   156.238    -8.21    3.66
 -16210.586   153.474    -7.52    3.33
 -15843.274   150.587    -7.86    3.98
 -15476.025   147.724    -7.80    4.49
 -15108.839   143.585   -11.27    5.62
 -14741.717   139.513   -11.09    5.32
 -14374.659   136.366    -8.57    4.81
 -14007.664   133.789    -7.02    2.74
 -13639.788   132.476    -3.57    2.16
 -13259.708   131.013    -3.85    2.43
 -12879.697   128.691    -6.11    2.99
 -12499.754   126.079    -6.88    2.74
 -12119.880   123.175    -7.64    3.15
 -11740.074   120.400    -7.31    3.13
 -11360.337   118.024    -6.26    2.90
 -10980.668   115.700    -6.12    2.79
 -10601.067   113.543    -5.68    3.19
 -10221.535   110.696    -7.50    4.26
  -9842.071   108.537    -5.69    4.73
  -9462.675   106.313    -5.86    5.71
  -9083.347   104.772    -4.06    6.61
  -8704.088   102.284    -6.56    8.05
  -8324.897    97.539   -12.51    9.84
  -7945.774    88.111   -24.87   13.51
  -7566.719    77.039   -29.21   12.62
  -7187.732    66.602   -27.54   11.53
  -6808.813    57.667   -23.58    7.14
  -6429.962    51.235   -16.98    6.64
  -6051.179    45.115   -16.15    6.29
  -5672.463    40.062   -13.34    6.26
  -5293.816    34.481   -14.74    5.26
  -4915.237    30.146   -11.45    4.87
  -4536.725    24.938   -13.76    6.11
  -4158.281    18.797   -16.23    8.26
  -3779.904    11.012   -20.58    8.84
  -3401.596     5.025   -15.83    6.26
  -3023.355     1.169   -10.20    2.33
  -2645.181     0.026    -3.02    0.16
  -2267.075     0.000    -0.07    0.00
  -1889.037     0.000     0.00    0.00
  -1511.066     0.000     0.00    0.00
  -1133.163     0.000     0.00    0.00
   -755.327     0.000     0.00    0.00
   -377.558     0.000     0.00    0.00
      0.143     0.000     0.00    0.00
    377.777     0.088     0.23    0.48
    755.344     1.877     4.74    4.91
   1132.844     6.713    12.81   10.15
   1510.276    13.113    16.96   12.65
   1887.641    21.949    23.42   11.71
   2264.939    28.838    18.26    8.80
   2642.170    37.012    21.67   11.08
   3019.334    46.532    25.24   14.67
   3396.431    59.481    34.34   16.19
   3773.461    72.182    33.69   12.91
   4150.424    82.838    28.27   10.90
   4527.320    91.628    23.32    9.65
   4904.149    99.446    20.75    9.51
   5280.911   107.079    20.26    7.13
   5657.606   112.488    14.36    6.49
   6034.235   117.447    13.17    5.74
   6410.797   122.378    13.09    6.15
   6787.293   127.312    13.10    5.07
   7163.721   131.341    10.71    4.80
   7540.083   135.037     9.82    3.92
   7916.379   137.238     5.85    3.36
   8292.607   139.175     5.15    2.73
   8668.770   139.728     1.47    2.71
   9044.866   139.654    -0.20    2.86
   9420.895   138.889    -2.04    3.07
   9796.858   138.620    -0.71    3.11
  10172.755   138.692     0.19    3.30
  10548.585   139.815     2.99    3.76
  10924.349   141.575     4.68    3.71
  11300.047   143.667     5.57    4.07
  11675.678   145.913     5.98    4.51
  12051.244   148.938     8.05    5.11
  12426.743   151.782     7.58    5.09
  12802.176   154.387     6.94    4.68
  13177.543   155.792     3.74    4.47
  13552.843   156.488     1.85    4.42
  13928.078   156.720     0.62    4.42
  14303.247   156.875     0.41    3.92
  14678.350   157.541     1.77    3.33
  15053.387   158.691     3.07    2.80
  15428.358   159.961     3.39    2.33
  15803.263   162.728     7.38    4.14
  16178.102   166.320     9.58    4.63
  16552.876   169.975     9.75    4.30
  16927.584   173.395     9.13    3.00
  17302.226   176.402     8.03    3.38
  17676.803   180.051     9.74    4.16
  18051.313   183.309     8.70    4.28
  18425.759   186.910     9.62    3.69
  18800.138   189.587     7.15    3.07
  19174.452   192.253     7.12    2.89
  19548.701   194.765     6.71    3.18
  19922.884   197.012     6.01    2.75
  20297.002   197.949     2.50    2.47
  20671.054   194.052   -10.42    9.62
  21045.041   187.762   -16.82   12.98
  21418.963   181.444   -16.90   12.04
  21792.819   179.926    -4.06   12.03
  22166.610   187.383    19.95   15.12
  22540.336   196.974    25.66   12.72
  22913.996   205.337    22.38    3.46
  23287.592   207.312     5.29    2.59
  23661.122   209.321     5.38    3.23
  24034.587   211.512     5.87    3.43
  24407.988   213.450     5.19    3.19
  24781.323   214.474     2.74    2.68
  25154.593   215.337     2.31    2.24
  25527.798   215.462     0.33    1.95
  25900.938   215.927     1.25    1.64
  26274.014   216.405     1.28    1.61
  26647.024   216.185    -0.59    2.04
  27019.970   215.408    -2.08    2.86
  27392.851   213.850    -4.18    3.55
  27765.667   212.861    -2.65    3.42
  28138.419   213.481     1.67    3.72
  28511.106   214.910     3.83    3.82
  28883.728   216.663     4.70    3.46
  29256.285   217.316     1.75    3.50
  29628.778   217.375     0.16    3.34
  30001.207   217.526     0.40    2.77
  30373.571   218.593     2.87    2.74
  30745.870   220.410     4.88    3.21
  31118.105   222.815     6.46    3.23
  31490.275   224.908     5.62    2.10
  31862.382   226.210     3.50    1.70
  32234.423   227.316     2.97    1.20
  32606.401   228.259     2.54    1.39
  32978.314   229.737     3.97    1.75
  33350.163   230.914     3.16    1.85
  33721.948   231.934     2.75    1.53
  34093.669   232.444     1.37    1.37
  34465.325   232.842     1.07    1.32
  34836.918   233.487     1.74    1.32
  35208.446   234.013     1.42    1.26
  35579.910   234.802     2.12    1.17
  35951.310   235.237     1.17    1.44
  36322.646   235.741     1.36    2.00
  36693.919   235.947     0.56    2.82
  37065.127   236.961     2.73    3.15
  37436.272   238.513     4.18    3.33
  37807.352   240.580     5.57    3.30
  38178.369   243.039     6.63    2.24
  38549.322   244.753     4.62    2.05
  38920.212   246.237     4.00    1.62
  39291.037   247.218     2.65    1.34
  39661.799   247.250     0.09    1.58
  40032.498   246.642    -1.64    2.25
  40403.132   245.493    -3.10    2.66
  40773.703   244.531    -2.60    2.36
  41144.211   243.973    -1.50    1.72
  41514.655   244.506     1.44    1.65
  41885.036   245.961     3.93    2.15
  42255.353   248.136     5.87    3.32
  42625.606   251.187     8.24    4.32
  42995.797   254.600     9.22    5.61
  43365.924   258.987    11.85    6.65
  43735.987   263.266    11.56    7.20
  44105.988   268.325    13.67    8.48
  44475.925   274.531    16.78   10.35
  44845.799   280.364    15.77   12.30
  45215.609   286.100    15.51   13.64
  45585.357   291.632    14.96   14.43
  45955.041   295.225     9.72   14.40
  46324.663   298.696     9.39   14.79
  46694.221   300.738     5.52   13.27
  47063.716   301.026     0.78   11.14
  47433.149   300.975    -0.14    8.69
  47802.518   301.013     0.10    6.84
  48171.824   299.688    -3.59    5.22
  48541.068   298.089    -4.33    4.72
  48910.248   296.038    -5.55    4.24
  49279.366   293.295    -7.43    4.52
  49648.421   289.337   -10.72    4.71
  50017.413   286.564    -7.52    3.43
  50386.343   284.900    -4.51    2.23
  50755.210   285.099     0.54    3.19
  51124.014   286.675     4.27    4.20
  51492.755   289.089     6.55    4.54
  51861.434   292.169     8.35    4.68
  52230.051   295.192     8.20    4.75
  52598.605   299.038    10.44    5.23
  52967.096   303.275    11.50    6.67
  53335.525   308.800    15.00    9.59
  53703.891   314.291    14.91   11.46
  54072.195   317.455     8.59   10.64
  54440.437   317.800     0.94    9.18
  54808.616   316.737    -2.89    6.73
  55176.733   315.475    -3.43    5.16
  55544.787   314.797    -1.84    3.25
  55912.780   315.225     1.16    3.04
  56280.710   316.289     2.89    2.97
  56648.578   317.475     3.22    2.64
  57016.384   318.560     2.95    2.31
  57384.128   319.296     2.00    1.98
  57751.809   320.107     2.20    2.93
  58119.429   322.363     6.14    4.75
  58486.986   325.338     8.09    5.90
  58854.482   328.788     9.39    6.20
  59221.915   331.547     7.51    5.43
  59589.287   332.716     3.18    4.55
  59956.597   333.453     2.01    4.31
  60323.845   332.709    -2.03    5.91
  60691.031   332.584    -0.34    7.08
  61058.155   333.637     2.87    6.68
  61435.874   333.697     0.16    5.23
  61815.746   333.650    -0.12    3.99
  62195.552   332.905    -1.96    4.41
  62575.291   330.875    -5.35    5.05
  62954.963   330.338    -1.42    4.85
  63334.569   332.175     4.84    5.21
  63714.108   335.753     9.43    6.15
  64093.580   340.225    11.78    6.66
  64472.986   346.692    17.04    8.29
  64852.326   353.700    18.47    9.18
  65231.599   361.863    21.52    8.97
  65610.806   370.177    21.93    9.31
  65989.946   377.937    20.46    9.87
  66369.020   382.671    12.49    9.65
  66748.028   385.525     7.53    7.94
  67126.969   385.932     1.08    6.12
  67505.844   385.150    -2.07    6.03
  67884.653   384.896    -0.67    7.32
  68263.396   385.380     1.28    9.13
  68642.073   387.184     4.76   10.89
  69020.683   392.075    12.92   11.75
  69399.228   398.948    18.16   11.83
  69777.706   406.949    21.14   11.35
  70156.118   415.337    22.17   10.18
  70534.465   420.671    14.10    8.48
  70912.745   423.785     8.23    6.04
  71290.960   423.855     0.19    4.89
  71669.109   421.700    -5.70    4.90
  72047.192   418.203    -9.25    4.35
  72425.209   414.650    -9.40    4.73
  72803.160   411.632    -7.99    4.15
  73181.046   409.714    -5.07    4.12
  73558.866   409.365    -0.92    4.92
  73936.621   410.837     3.90    5.62
  74314.309   412.846     5.32    5.26
  74691.933   414.354     3.99    4.35
  75069.490   414.756     1.06    3.68
  75446.982   414.112    -1.71    3.64
  75824.409   412.475    -4.34    4.18
  76201.770   410.684    -4.75    4.44
  76579.066   408.722    -5.20    5.01
  76956.296   406.885    -4.87    4.98
  77333.461   404.388    -6.62    4.74
  77710.561   401.987    -6.37    4.47
  78087.596   398.696    -8.73    5.15
  78464.565   395.587    -8.25    5.39
  78841.469   391.630   -10.50    6.44
  79218.308   387.635   -10.60    6.68
  79595.082   382.913   -12.53    7.63
  79971.790   378.829   -10.84    6.91
  80348.434   376.468    -6.27    6.22
  80725.013   377.192     1.92    7.54
  81101.526   380.363     8.42    8.06
  81477.975   385.228    12.92    8.31
  81854.358   390.603    14.28    7.95
  82230.677   396.382    15.36    6.04
  82606.931   400.273    10.34    3.28
  82983.120   401.833     4.15    1.45
  83359.244   401.354    -1.27    2.76
  83735.304   399.595    -4.68    4.67
  84111.298   395.346   -11.30    7.95
  84487.229   389.025   -16.81   10.75
  84863.094   382.253   -18.02   12.50
  85238.895   376.837   -14.41   12.15
  85614.631   375.054    -4.75   14.41
  85990.302   378.075     8.04   17.66
  86365.910   385.176    18.90   18.41
  86741.452   386.859     4.48   16.51
  87116.930   385.203    -4.41   14.60
  87492.344   385.012    -0.51   11.96
  87867.693   386.671     4.42   11.18
  88242.978   393.337    17.76   12.65
  88618.199   402.684    24.91   10.27
  88993.355   408.608    15.79    9.23
  89368.447   414.038    14.48    8.44
  89743.475   416.104     5.51    8.31
  90118.439   417.026     2.46   10.71
  90493.338   419.886     7.63   17.97
  90868.173   422.584     7.20   21.90
  91242.945   427.205    12.33   24.26
  91617.652   429.975     7.39   22.75
  91992.295   430.951     2.60   22.12
  92366.874   430.641    -0.83   22.54
  92741.389   425.410   -13.97   19.06
  93115.841   420.475   -13.18   19.10
  93490.228   415.870   -12.30   18.77
  93864.552   407.481   -22.41   15.68
  94238.811   400.160   -19.56   13.02
  94613.007   390.667   -25.37   15.44
  94987.139   380.571   -26.98   17.29
  95361.208   369.139   -30.56   17.97
  95735.212   358.919   -27.32   12.11
  96109.153   357.525    -3.73    7.51
  96483.031   365.743    21.98   16.45
  96856.844   390.113    65.19   37.13
  97230.595   430.622   108.38   59.03
  97604.281   503.792   195.79  107.89
  97977.905   616.356   301.25  168.80
  98351.464   717.877   271.74  185.06
  98724.960   810.360   247.60  170.89
  99098.393   867.562   153.17  148.15
  99471.763   898.867    83.84  122.84
  99845.069   901.436     6.88  112.96
 100218.312   867.231   -91.64  119.34
 100591.491   850.351   -45.23  121.09
 100964.608   840.584   -26.17  135.82
 101337.661   836.797   -10.15  148.61
 101710.651   849.675    34.52  158.48
 102083.578   817.595   -86.02  171.16
 102456.441   772.481  -120.98  177.78
 102829.242   700.481  -193.12  154.94
 103201.979   620.812  -213.72  145.51
 103574.654   566.612  -145.42  132.96
 103947.265   508.231  -156.67  112.93
 104319.814   457.744  -135.51   92.81
 104692.300   412.684  -120.96   68.99
 105064.722   381.026   -85.00   36.04
 105437.082   365.961   -40.46   16.65
 105809.379   363.544    -6.49   16.78
 106181.614   364.337     2.13   17.36
 106553.785   363.375    -2.59   15.15
 106925.894   358.545   -12.98   15.68
 107297.940   354.658   -10.45   16.28
 107669.924   354.759     0.27   18.90
 108041.845   361.117    17.09   22.66
 108413.703   370.823    26.10   26.49
 108785.499   386.779    42.91   35.41
 109157.232   404.823    48.53   43.78
 109528.902   422.795    48.35   50.59
 109900.511   447.756    67.17   54.99
 110272.056   471.733    64.53   59.09
 110643.540   506.325    93.11   74.55
 111014.961   533.776    73.90   78.79
 111386.319   530.747    -8.16   77.79
 111757.615   535.039    11.56   76.81
 112128.849   567.429    87.24   92.02
 112500.021   620.269   142.35  104.06
 112871.131   676.423   151.30   72.78
 113242.178   698.707    60.05   46.02
 113613.163   683.600   -40.72   54.53
 113984.086   644.747  -104.74   54.79
 114354.947   603.582  -110.99   54.88
 114725.746   564.171  -106.28   54.21
 115096.483   518.487  -123.21   57.27
 115467.158   477.679  -110.08   59.31
 115837.771   427.218  -136.14   61.57
 116208.322   391.627   -96.04   46.08
 116578.811   382.050   -25.85   39.27
 116949.238   388.053    16.20   44.69
 117319.604   409.494    57.88   51.27
 117689.907   430.547    56.85   63.65
 118060.149   451.494    56.57   79.99
 118430.329   466.090    39.43   86.71
 118800.448   486.705    55.69   86.53
 119170.504   506.467    53.40   86.80
 119540.499   490.850   -42.20   92.03
 119910.433   448.184  -115.32  100.76
 120280.304   373.911  -200.79  105.09
 120650.115   301.500  -195.79   96.90
 121019.863   226.769  -202.09   83.03
 121389.551   166.090  -164.12   61.92
 121759.176   119.538  -125.93   36.88
 122128.741    96.118   -63.37   19.03
 122498.244    85.089   -29.85    6.51
 122867.685    81.623    -9.38    4.20
 123237.065    78.787    -7.68    2.75
 123606.384    77.227    -4.23    2.06
 123975.642    75.936    -3.50    1.89
 124344.838    74.615    -3.58    2.10
 124713.973    72.513    -5.70    2.85
 125083.047    70.649    -5.05    2.98
 125452.060    68.756    -5.13    2.54
 125821.012    67.421    -3.62    1.50
 126189.902    66.782    -1.73    1.20
 126558.732    66.408    -1.01    0.80
 126927.500    66.312    -0.26    0.61
 127296.208    66.885     1.55    1.74
 127664.854    68.013     3.06    2.93
 128033.440    68.800     2.14    3.33
 128401.965    68.897     0.26    3.29
 128770.428    68.481    -1.13    2.91
 129138.831    68.118    -0.98    2.62
 129507.173    68.237     0.32    2.62
 129875.455    68.800     1.53    2.79
 130243.675    69.753     2.59    2.95
 130611.835    70.628     2.38    3.17
 130979.934    71.392     2.08    3.40
 131347.973    71.962     1.55    3.83
 131715.950    72.039     0.21    4.15
 132083.868    72.092     0.14    4.39
 132451.724    72.165     0.20    4.29
 132819.520    72.303     0.38    4.13
 133187.256    72.367     0.18    3.60
 133554.931    72.079    -0.78    3.20
 133922.546    71.303    -2.11    2.90
 134290.100    69.130    -5.91    3.62
 134657.594    67.117    -5.48    3.78
 135025.027    64.743    -6.46    2.81
 135392.400    63.525    -3.32    1.66
 135759.713    63.181    -0.94    0.39
 136134.384    63.400     0.59    0.49
 136514.120    63.662     0.69    0.53
 136893.791    63.974     0.82    0.62
 137273.398    64.462     1.28    0.70
 137652.939    64.962     1.32    0.88
 138032.416    65.679     1.89    1.13
 138411.828    66.494     2.15    1.17
 138791.175    67.658     3.07    1.34
 139170.457    68.893     3.26    1.67
 139549.675    70.350     3.84    2.24
 139928.828    72.284     5.10    3.04
 140307.916    74.063     4.69    3.48
 140686.940    76.122     5.43    3.86
 141065.899    78.870     7.25    4.65
 141444.793    81.675     7.40    5.87
 141823.623    83.714     5.38    6.07
 142202.388    85.351     4.32    6.45
 142581.089    87.160     4.78    7.11
 142959.726    89.551     6.31    8.26
 143338.298    93.329     9.98   10.65
 143716.806    97.718    11.59   13.03
 144095.249   103.373    14.94   16.92
 144473.628   108.286    12.98   21.22
 144851.943   116.319    21.23   30.68
 145230.194   120.592    11.29   35.42
 145608.381   130.459    26.09   41.49
 145986.503   140.532    26.63   41.87
 146364.561   145.104    12.09   40.21
 146742.555   148.329     8.53   39.37
 147120.485   143.645   -12.39   39.27
 147498.351   136.128   -19.89   36.71
 147876.153   126.846   -24.57   29.85
 148253.891   121.779   -13.41   25.49
 148631.565   115.908   -15.54   20.13
 149009.175   109.013   -18.26   13.39
 149386.722   102.722   -16.66    6.01
 149764.204    99.493    -8.55    2.58
 150141.623    97.162    -6.17    3.72
 150518.978    94.778    -6.32    4.30
 150896.269    98.410     9.63   11.10
 151273.496   104.053    14.96   14.21
 151650.660   113.500    25.04   14.18
 152027.760   132.896    51.43   27.48
 152404.797   173.026   106.42   70.60
 152781.770   246.481   194.83  110.91
 153158.679   327.195   214.12  120.26
 153535.525   422.429   252.68   99.24
 153912.308   471.237   129.52   74.89
 154289.027   488.506    45.84   66.47
 154665.683   479.213   -24.67   66.64
 155042.275   452.316   -71.41   69.96
 155418.804   422.270   -79.79   79.91
 155795.269   381.403  -108.54   79.25
 156171.671   344.685   -97.54   80.79
 156548.011   318.329   -70.02   72.34
 156924.286   288.904   -78.19   64.83
 157300.499   273.350   -41.34   54.75
 157676.648   264.041   -24.75   47.68
 158052.735   258.354   -15.12   44.03
 158428.758   252.720   -14.98   38.46
 158804.718   245.558   -19.05   32.95
 159180.615   238.948   -17.58   25.95
 159556.450   236.354    -6.90   18.73
 159932.221   236.474     0.32   13.98
 160307.929   234.000    -6.58   15.96
 160683.575   233.494    -1.35   22.69
 161059.157   226.013   -19.91   29.04
 161434.677   214.225   -31.39   33.29
 161810.134   199.797   -38.42   33.16
 162185.528   181.590   -48.50   27.05
 162560.859   168.270   -35.48   16.88
 162936.128   161.132   -19.02   10.36
 163311.334   160.214    -2.44   10.93
 163686.477   161.316     2.94   11.28
 164061.558   162.315     2.66   11.36
 164436.576   164.156     4.91   12.74
 164811.532   168.960    12.81   15.63
 165186.425   176.450    19.98   18.43
 165561.256   185.851    25.08   18.64
 165936.024   196.346    28.00   18.48
 166310.730   213.373    45.44   26.41
 166685.373   243.947    81.60   47.13
 167059.954   300.885   151.98   79.10
 167434.473   365.922   173.63   98.62
 167808.929   436.526   188.52  100.43
 168183.324   492.351   149.09   99.81
 168557.655   550.208   154.54   81.84
 168931.925   589.947   106.16   76.13
 169306.133   632.949   114.90   76.58
 169680.278   676.487   116.35   79.85
 170054.361   747.513   189.84   82.34
 170428.383   810.763   169.08   67.37
 170802.342   831.267    54.82   73.36
 171176.239   822.767   -22.73   98.47
 171550.074   788.224   -92.39  125.74
 171923.847   741.644  -124.60  116.61
 172297.559   706.234   -94.74   95.14
 172671.208   703.847    -6.39   85.30
 173044.796   716.266    33.24   89.90
 173418.322   749.847    89.89   98.10
 173791.786   811.354   164.67  113.26
 174165.188   902.014   242.76  151.57
 174538.528  1010.066   289.38  179.49
 174911.807  1092.253   220.14  154.72
 175285.024  1134.829   114.06  109.99
 175658.180  1150.342    41.57   97.19
 176031.273  1146.091   -11.39  110.13
 176404.306  1132.080   -37.55  122.91
 176777.276  1129.474    -6.99  116.43
 177150.186  1102.213   -73.09  105.41
 177523.033  1070.782   -84.29  107.11
 177895.820  1028.213  -114.17  116.35
 178268.544   991.961   -97.25  121.85
 178641.208   937.039  -147.35  110.38
 179013.810   894.156  -115.07  104.36
 179386.351   858.675   -95.22  107.38
 179758.830   810.333  -129.76  109.52
 180131.248   746.351  -171.78  104.25
 180503.605   686.922  -159.58   97.22
 180875.901   626.494  -162.29   70.39
 181248.136   588.289  -102.62   48.19
 181620.309   552.385   -96.46   35.72
 181992.421   527.158   -67.78   28.73
 182364.473   511.013   -43.39   23.01
 182736.463   501.400   -25.84   19.39
 183108.392   500.091    -3.52   23.38
 183480.260   500.680     1.58   22.25
 183852.067   495.600   -13.66   16.10
 184223.814   489.867   -15.42   12.89
 184595.499   482.895   -18.75   14.91
 184967.123   477.230   -15.24   15.41
 185338.687   472.231   -13.45   15.43
 185710.190   464.270   -21.42   18.70
 186081.632   459.625   -12.50   23.72
 186453.013   457.528    -5.65   30.20
 186824.334   456.468    -2.85   33.17
 187195.594   461.205    12.76   34.40
 187566.793   465.250    10.89   30.49
 187937.931   473.254    21.56   22.62
 188309.009   475.539     6.16   25.14
 188680.027   476.764     3.30   25.74
 189050.984   474.816    -5.25   20.85
 189421.880   468.568   -16.84   18.81
 189792.716   453.200   -41.43   25.21
 190163.491   429.417   -64.13   35.41
 190534.206   407.538   -59.01   35.98
 190904.861   396.736   -29.14   33.03
 191275.455   399.538     7.56   37.35
 191645.989   400.608     2.89   38.10
 192016.463   407.513    18.64   34.81
 192386.876   407.366    -0.40   36.68
 192757.229   418.933    31.23   41.53
 193127.522   445.155    70.80   28.44
 193497.755   458.224    35.29   21.50
 193867.927   467.027    23.78    9.00
 194238.040   467.922     2.42    6.16
 194608.092   466.639    -3.47    5.74
 194978.085   464.638    -5.41    4.18
 195348.017   462.375    -6.11    4.47
 195717.889   457.295   -13.73    9.55
 196087.701   451.208   -16.46   12.89
 196457.454   440.776   -28.21   20.74
 196827.146   422.904   -48.34   32.60
 197196.779   411.434   -31.03   36.33
 197566.351   402.014   -25.48   38.41
 197935.864   374.539   -74.34   52.23
 198305.317   342.589   -86.47   58.35
 198674.711   319.610   -62.20   51.50
 199044.044   296.722   -61.96   36.39
 199413.318   290.924   -15.70   33.75
 199782.532   284.875   -16.38   31.67
 200151.687   280.013   -13.17   29.17
 200520.782   272.236   -21.07   22.61
 200889.817   265.711   -17.68   18.80
 201258.793   265.041    -1.81   18.75
 201627.709   266.513     3.99   22.64
 201996.566   272.543    16.34   23.11
 202365.363   276.263    10.09   22.49
 202734.101   281.125    13.18   24.01
 203102.779   282.961     4.98   26.09
 203471.398   290.108    19.39   33.79
 203839.958   295.113    13.58   35.54
 204208.458   304.514    25.51   37.82
 204576.899   320.436    43.21   42.92
 204945.281   341.569    57.36   40.60
 205313.603   361.179    53.23   31.22
 205681.867   374.347    35.75   16.39
 206050.071   382.053    20.92   13.31
 206418.216   386.836    12.99   12.34
 206786.302   392.632    15.74    9.35
 207154.328   397.028    11.94    6.04
 207522.296   399.618     7.04    7.49
 207890.205   403.486    10.51   11.77
 208258.054   406.618     8.51   13.58
 208625.845   411.014    11.95   12.74
 208993.577   415.436    12.02   10.77
 209361.250   417.608     5.91    9.99
 209728.863   414.342    -8.88   14.07
 210096.418   404.068   -27.95   21.95
 210463.915   388.077   -43.51   26.73
 210835.801   366.427   -58.21   28.21
 211215.404   341.027   -66.90   36.06
 211594.944   315.800   -66.45   38.08
 211974.420   303.467   -32.50   33.52
 212353.833   293.775   -25.54   29.70
 212733.183   297.133     8.85   30.66
 213112.470   307.547    27.45   31.93
 213491.694   319.987    32.80   32.99
 213870.855   340.133    53.12   34.82
 214249.953   360.467    53.63   34.88
 214628.987   391.423    81.66   39.56
 215007.959   421.753    80.02   42.06
 215386.868   452.513    81.16   41.28
 215765.714   479.319    70.75   47.34
 216144.497   511.434    84.77   60.37
 216523.218   542.192    81.20   72.48
 216901.875   577.480    93.18   69.15
 217280.470   598.230    54.80   55.38
 217659.002   609.699    30.29   44.28
 218037.472   627.816    47.86   59.79
 218415.878   640.052    32.33   67.94
 218794.222   654.171    37.31   60.49
 219172.504   661.039    18.15   53.91
 219550.723   665.000    10.47   60.23
 219928.879   670.699    15.07   67.30
 220306.973   690.475    52.30   78.90
 220685.004   720.958    80.62   85.97
 221062.973   759.831   102.83   92.48
 221440.879   806.425   123.27   99.65
 221818.723   862.816   149.22  112.13
 222196.505   955.676   245.76  128.89
 222574.225  1046.147   239.47  134.34
 222951.882  1101.276   145.95   99.67
 223329.477  1108.618    19.44   90.41
 223707.009  1046.987  -163.22  118.36
 224084.480   949.865  -257.25  114.32
 224461.888   851.429  -260.77  104.47
 224839.234   766.689  -224.52   93.34
 225216.518   704.077  -165.92   73.89
 225593.740   652.278  -137.29   49.71
 225970.900   640.474   -31.29   52.03
 226347.998   638.236    -5.93   59.32
 226725.034   634.333   -10.35   57.47
 227102.008   626.203   -21.56   50.29
 227478.920   604.649   -57.17   44.64
 227855.770   582.770   -58.05   46.90
 228232.558   556.368   -70.06   46.26
 228609.284   528.237   -74.66   46.38
 228985.949   506.316   -58.19   42.43
 229362.552   491.622   -39.01   43.81
 229739.093   480.122   -30.54   46.20
 230115.573   470.104   -26.60   46.48
 230491.990   457.716   -32.90   43.19
 230868.347   447.013   -28.43   35.87
 231244.641   430.472   -43.95   28.90
 231620.874   411.218   -51.17   27.54
 231997.045   391.028   -53.66   23.36
 232373.155   369.759   -56.54   24.71
 232749.204   349.849   -52.94   29.16
 233125.191   330.910   -50.36   33.89
 233501.116   313.733   -45.68   29.13
 233876.980   307.763   -15.88   22.17
 234252.783   312.395    12.32   23.67
 234628.525   325.908    35.96   30.92
 235004.205   348.213    59.36   39.31
 235379.823   367.267    50.71   42.77
 235755.381   385.787    49.30   44.23
 236130.877   401.216    41.08   43.80
 236506.313   420.792    52.13   45.96
 236881.687   437.392    44.21   46.99
 237257.000   455.532    48.32   46.20
 237632.251   461.139    14.94   48.37
 238007.442   458.154    -7.95   50.30
 238382.572   448.722   -25.14   49.66
 238757.641   439.615   -24.28   46.92
 239132.649   434.767   -12.93   45.05
 239507.595   428.312   -17.21   46.68
 239882.481   426.773    -4.10   48.08
 240257.306   423.145    -9.68   47.75
 240632.070   425.378     5.96   49.14
 241006.774   432.135    18.03   50.15
 241381.416   444.280    32.41   43.93
 241755.998   446.907     7.01   36.50
 242130.519   442.680   -11.28   32.62
 242504.980   430.640   -32.15   31.87
 242879.379   419.697   -29.22   26.88
 243253.719   413.627   -16.21   22.35
 243627.997   411.244    -6.37   21.44
 244002.215   408.589    -7.09   21.39
 244376.372   408.397    -0.51   22.35
 244750.469   409.162     2.04   23.08
 245124.505   412.949    10.12   25.26
 245498.481   417.458    12.05   23.95
 245872.397   416.382    -2.88   21.27
 246246.252   417.775     3.73   19.88
 246620.046   411.382   -17.10   17.82
 246993.781   407.125   -11.39   17.13
 247367.455   403.053   -10.89   13.74
 247741.068   405.419     6.33   15.88
 248114.622   411.534    16.37   17.98
 248488.115   421.162    25.77   19.72
 248861.548   432.123    29.35   22.97
 249234.921   442.338    27.35   25.58
 249608.234   447.829    14.71   26.40
 249981.487   453.054    14.00   24.70
 250354.679   457.158    10.99   22.69
 250727.812   465.413    22.12   25.23
 251100.884   474.297    23.81   30.34
 251473.897   492.453    48.66   48.34
 251846.849   508.959    44.25   60.04
 252219.742   512.934    10.66   65.55
