# NaN NaN NaN ;Mean Elev.(m), Avg Gradient(m/km), RMS Gradient(m/km) - SRTM1     
#  109.171  -8.186   8.710 ;Mean Elev.(m), Avg Gradient(m/km), RMS Gradient(m/km) - ASTER GDEM
#  121.197  -4.109   6.994 ;Mean Elev.(m), Avg Gradient(m/km), RMS Gradient(m/km) - GMTED2010 
  7   116.087 52477.79933526 32.51 238.530907  61.911717  7.117
  7   116.251 52477.79933591 27.56 238.528467  61.908577  7.117
  7   116.972 52477.79933655 23.63 238.526017  61.905417  7.117
  7   118.033 52477.79933720 26.00 238.523577  61.902277  7.117
  7   115.640 52477.79933784 25.12 238.521137  61.899127  7.117
  8   115.617 52512.79927686 44.61 238.535761  61.910406  9.693
  8   115.852 52512.79927750 37.74 238.533321  61.907256  9.693
  8   116.325 52512.79927815 34.95 238.530881  61.904106  9.693
  8   116.700 52512.79927879 38.05 238.528441  61.900955 17.350
  8   115.928 52512.79927944 41.73 238.526001  61.897805 17.350
  9   115.367 52547.79931827 30.38 238.542499  61.908862  9.077
  9   114.995 52547.79931892 31.20 238.540049  61.905712  9.077
  9   116.193 52547.79931956 31.58 238.537608  61.902569  7.366
  9   116.223 52547.79932021 32.64 238.535168  61.899419  7.366
  9   115.560 52547.79932085 35.38 238.532718  61.896269  7.366
 10   114.445 52582.79932239 35.38 238.539858  61.911994  9.300
 10   114.734 52582.79932304 41.76 238.537418  61.908844  9.300
 10   114.955 52582.79932368 44.11 238.534978  61.905694  9.300
 10   115.005 52582.79932433 45.76 238.532528  61.902544  9.300
 10   114.988 52582.79932497 41.47 238.530088  61.899394  9.300
 11   117.112 52617.79929655 28.76 238.521804  61.911309  9.867
 11   117.030 52617.79929719 33.18 238.519354  61.908159  9.867
 11   117.692 52617.79929784 27.00 238.516914  61.905009  9.867
 11   117.151 52617.79929848 29.15 238.514474  61.901859  9.867
 12   117.307 52652.79927012 34.49 238.548730  61.910586 10.290
 12   115.263 52652.79927077 38.68 238.546290  61.907436 10.290
 12   116.117 52652.79927141 23.07 238.543840  61.904286 10.290
 12   116.829 52652.79927206 16.75 238.541400  61.901136 10.290
 12   116.665 52652.79927270 17.59 238.538960  61.897986 10.290
 12   116.276 52652.79927335 17.47 238.536520  61.894836 10.290
 13   116.051 52687.79926942 16.06 238.528881  61.912311  6.452
 13   116.000 52687.79927006 16.62 238.526431  61.909161  6.452
 13   116.110 52687.79927200 16.64 238.519111  61.899711  6.452
 14   125.087 52722.79931652  9.80 238.535659  61.909856  4.461
 14   119.967 52722.79931716 11.25 238.533209  61.906706  4.461
 14   157.857 52722.79931781  4.84 238.530769  61.903556  4.461
 14   162.815 52722.79931845  3.97 238.528328  61.900410  4.689
 15   132.889 52757.79933790 23.87 238.518304  61.914478 10.748
 15   117.090 52757.79933855 25.30 238.515854  61.911328 10.748
 15   117.333 52757.79933919 30.89 238.513414  61.908178 10.748
 15   117.302 52757.79933984 35.57 238.510974  61.905028 10.748
 15   116.742 52757.79934048 28.06 238.508530  61.901877 10.526
 16   141.560 52792.79929026 10.93 238.547173  61.907634  7.609
 16   134.957 52792.79929091 11.69 238.544723  61.904484  7.609
 16   127.372 52792.79929155 14.13 238.542283  61.901334  7.609
 16   116.916 52792.79929220 15.90 238.539838  61.898189  5.595
 16   117.147 52792.79929284 13.29 238.537388  61.895039  5.595
 17   136.550 52827.79935783 17.10 238.549194  61.910067  7.969
 17   140.808 52827.79935848 13.92 238.546754  61.906917  7.969
 17   140.499 52827.79935912 11.80 238.544314  61.903767  7.969
 17   138.673 52827.79935977 11.54 238.541864  61.900617  7.969
 17   136.472 52827.79936041 11.47 238.539417  61.897471  3.305
 18   116.130 52862.79940309 42.26 238.547934  61.909691 12.558
 18   116.059 52862.79940374 44.78 238.545484  61.906541 12.558
 18   116.253 52862.79940438 46.99 238.543044  61.903391 12.558
 18   115.669 52862.79940502 39.92 238.540594  61.900241 12.558
 18   116.884 52862.79940567 34.10 238.538155  61.897094 17.602
 19   132.163 52897.79943305 16.98 238.529794  61.911010  8.063
 19   130.669 52897.79943369 15.97 238.527354  61.907860  8.063
 19   115.829 52897.79943434 18.22 238.524904  61.904710  8.063
 19   116.255 52897.79943498 22.51 238.522461  61.901560  4.226
 20   115.094 52932.79937927 44.21 238.520930  61.911485 12.343
 20   115.715 52932.79937991 45.65 238.518490  61.908335 12.343
 20   113.185 52932.79938056 46.40 238.516050  61.905185 12.343
 20   115.162 52932.79938120 46.65 238.513610  61.902035 12.343
 21   113.094 52967.79938532 42.80 238.543374  61.908581  9.711
 21   113.508 52967.79938596 45.37 238.540934  61.905431  9.711
 21   113.526 52967.79938660 39.38 238.538489  61.902288  7.093
 21   112.909 52967.79938725 34.05 238.536039  61.899138  7.093
 21   111.584 52967.79938789 29.16 238.533599  61.895988  7.093
 22   115.106 53002.79940958 15.89 238.527209  61.911501  6.380
 22   115.621 53002.79941022 15.90 238.524759  61.908351  6.380
 22   115.690 53002.79941086 15.96 238.522319  61.905201  6.380
 22   115.736 53002.79941151 15.67 238.519870  61.902053  3.680
 23   157.723 53037.79935884  0.92 238.520772  61.911182  3.716
 23   166.100 53037.79935948  0.24 238.518322  61.908032  3.716
 23   165.671 53037.79936012  0.29 238.515882  61.904882  3.716
 23   168.414 53037.79936077  1.67 238.513437  61.901730  5.073
 24   159.013 53072.79938503  1.15 238.531204  61.909685  4.296
 24   158.426 53072.79938568  1.98 238.528764  61.906535  4.296
 24   163.928 53072.79938632  1.50 238.526320  61.903388  4.801
 24   166.049 53072.79938697  2.81 238.523870  61.900238  4.801
 25   148.643 53107.79936058  2.45 238.513566  61.905849  2.786
 25   152.974 53107.79936122  2.69 238.511126  61.902696  3.213
 26   115.442 53142.79939354 44.55 238.539920  61.910425 11.490
 26   115.691 53142.79939419 43.67 238.537480  61.907275 11.490
 26   116.312 53142.79939483 46.08 238.535030  61.904125 11.490
 26   116.301 53142.79939548 40.85 238.532584  61.900978 18.582
 26   115.275 53142.79939612 42.78 238.530144  61.897828 18.582
 28   115.716 53212.79943691 18.96 238.531425  61.909453  8.289
 28   116.576 53212.79943756 15.04 238.528985  61.906303  8.289
 28   115.650 53212.79943820 17.13 238.526545  61.903153  8.289
 28   116.052 53212.79943885 15.38 238.524095  61.900003  8.289
 29   127.074 53247.79940573 17.54 238.528692  61.910669  4.961
 29   115.077 53247.79940637 17.26 238.526252  61.907519  4.961
 29   115.031 53247.79940702 23.85 238.523812  61.904369  4.961
 29   115.001 53247.79940766 31.89 238.521368  61.901217  4.930
 30   115.340 53282.79939548 44.90 238.542613  61.911263 11.743
 30   114.653 53282.79939613 47.45 238.540163  61.908113 11.743
 30   113.136 53282.79939677 52.72 238.537713  61.904963 11.743
 30   114.840 53282.79939742 48.74 238.535273  61.901819 18.438
 30   115.374 53282.79939806 44.67 238.532833  61.898669 18.438
 31   114.101 53317.79939675 43.07 238.542084  61.910763 11.999
 31   114.336 53317.79939739 41.64 238.539644  61.907613 11.999
 31   114.115 53317.79939804 46.90 238.537204  61.904463 11.999
 31   113.408 53317.79939868 41.46 238.534754  61.901313 11.999
 31   113.450 53317.79939933 33.80 238.532314  61.898163 11.999
 32   115.789 53352.79936292 20.26 238.533249  61.910876  7.610
 32   115.765 53352.79936357 20.34 238.530809  61.907726  7.610
 32   115.642 53352.79936421 20.94 238.528359  61.904576  7.610
 32   116.121 53352.79936485 21.32 238.525919  61.901426  7.610
 33   139.225 53387.79935699  6.66 238.544330  61.909538  4.790
 33   144.444 53387.79935763  5.72 238.541890  61.906388  4.790
 33   145.898 53387.79935828  8.63 238.539450  61.903238  4.790
 33   161.391 53387.79935892  3.44 238.537000  61.900088  4.790
 33   164.944 53387.79935957  3.76 238.534554  61.896944  5.298
 34   156.179 53422.79935808  1.58 238.539312  61.909307  2.888
 34   159.925 53422.79935872  0.14 238.536872  61.906157  2.888
 34   161.432 53422.79935936  0.47 238.534422  61.903007  2.888
 34   167.629 53422.79936001  0.89 238.531979  61.899859  4.371
 34   166.560 53422.79936065  0.19 238.529539  61.896709  4.371
 35   159.771 53457.79936321  1.66 238.549243  61.908289  2.331
 35   160.582 53457.79936385  1.52 238.546793  61.905139  2.331
 35   168.524 53457.79936450  0.47 238.544353  61.901989  2.331
 35   168.059 53457.79936514  0.91 238.541909  61.898845  3.106
 35   170.238 53457.79936579  0.65 238.539459  61.895695  3.106
 36   118.806 53492.79944868 44.79 238.529651  61.909619 11.652
 36   118.707 53492.79944933 44.04 238.527211  61.906469 11.652
 36   119.072 53492.79944997 42.22 238.524771  61.903319 11.652
 36   117.489 53492.79945062 41.60 238.522324  61.900171  8.203
 37   118.965 53527.79942699 40.10 238.540548  61.911731 10.702
 37   118.657 53527.79942763 47.94 238.538098  61.908581 10.702
 37   119.359 53527.79942828 44.01 238.535658  61.905431 10.702
 37   118.893 53527.79942892 39.31 238.533218  61.902281 10.702
 37   117.932 53527.79942956 30.69 238.530778  61.899131 10.702
 38   117.066 53562.79945694 45.88 238.525203  61.912156  9.390
 38   116.345 53562.79945758 47.62 238.522753  61.909006  9.390
 38   117.677 53562.79945822 46.46 238.520313  61.905856  9.390
 38   117.696 53562.79945887 46.91 238.517873  61.902706  9.390
 38   115.674 53562.79945951 42.90 238.515428  61.899556  5.785
 39   116.131 53597.79939727 27.85 238.531119  61.909902  7.831
 39   116.327 53597.79939791 28.10 238.528679  61.906752  7.831
 39   116.580 53597.79939855 28.12 238.526239  61.903602  7.831
 39   116.546 53597.79939920 29.50 238.523799  61.900451  3.603
 40   116.255 53632.79939203 22.22 238.543619  61.911393  8.819
 40   114.728 53632.79939268 22.80 238.541179  61.908243  8.819
 40   116.113 53632.79939332 16.88 238.538729  61.905093  8.819
 40   127.577 53632.79939397 16.77 238.536289  61.901943  8.819
 40   116.547 53632.79939461 16.74 238.533843  61.898799  3.636
 41   114.870 53667.79941531 33.81 238.529981  61.908271  9.085
 41   115.529 53667.79941595 40.15 238.527541  61.905121  9.085
 41   108.518 53667.79941660 41.40 238.525094  61.901975  5.529
 41   115.522 53667.79941724 30.40 238.522654  61.898825  5.529
 42   115.836 53702.79935938 38.93 238.535519  61.911168  7.926
 42   116.102 53702.79936003 38.40 238.533069  61.908018  7.926
 42   115.227 53702.79936067 36.84 238.530629  61.904868  7.926
 42   116.013 53702.79936132 31.47 238.528189  61.901718  7.926
 42   115.110 53702.79936196 30.60 238.525748  61.898568  6.243
 43   117.059 53737.79926915 17.26 238.524882  61.912165  5.605
 43   117.525 53737.79926979 17.92 238.522432  61.909015  5.605
 43   117.780 53737.79927043 17.20 238.519992  61.905865  5.605
 43   117.200 53737.79927108 17.35 238.517552  61.902715  5.605
 43   117.211 53737.79927172 17.34 238.515112  61.899565  5.605
 44   116.578 53772.79928184 14.63 238.540402  61.904287  5.077
 44   116.562 53772.79928248 14.86 238.537952  61.901137  5.077
 44   116.697 53772.79928313 13.50 238.535512  61.897987  5.077
 45   159.067 53807.79926853  1.06 238.529150  61.911535  2.315
 45   163.700 53807.79926918  0.56 238.526700  61.908385  2.315
 45   162.820 53807.79926982  0.84 238.524260  61.905245  2.315
 45   165.415 53807.79927047  1.02 238.521820  61.902085  2.315
 45   169.155 53807.79927111  0.83 238.519380  61.898935  2.315
 47   142.340 53877.79933729 18.91 238.543182  61.910822  8.674
 47   141.430 53877.79933794 17.81 238.540732  61.907672  8.674
 48   132.227 53912.79938961 16.92 238.531925  61.911631  8.119
 48   134.031 53912.79939026 12.09 238.529475  61.908481  8.119
 48   130.462 53912.79939090 12.99 238.527035  61.905331  8.119
 48   129.147 53912.79939155 13.48 238.524595  61.902181  8.119
 48   127.266 53912.79939219 13.32 238.522145  61.899031  8.119
 49   116.716 53947.79940456 44.71 238.523536  61.910786 10.662
 49   116.587 53947.79940521 49.28 238.521096  61.907636 10.662
 49   116.422 53947.79940585 46.33 238.518646  61.904486 10.662
 49   116.679 53947.79940650 46.09 238.516206  61.901336 10.662
 50   132.040 53982.79934666 14.98 238.525837  61.910395  9.163
 50   130.353 53982.79934731 16.47 238.523387  61.907245  9.163
 50   129.378 53982.79934795 15.26 238.520947  61.904095  9.163
 50   127.217 53982.79934859 14.97 238.518507  61.900945  9.163
 51   130.539 54017.79937444 15.48 238.545871  61.909109  6.967
 51   129.716 54017.79937508 15.49 238.543431  61.905959  6.967
 51   115.550 54017.79937573 16.12 238.540981  61.902809  6.967
 51   115.068 54017.79937637 19.69 238.538541  61.899659  6.967
 51   115.462 54017.79937702 23.25 238.536101  61.896509  6.967
 52   111.683 54052.79936930 42.33 238.544424  61.909067 10.734
 52   113.322 54052.79936994 39.91 238.541984  61.905917 10.734
 52   112.353 54052.79937059 38.73 238.539534  61.902767 10.734
 52   113.052 54052.79937123 28.09 238.537094  61.899617 10.734
 52   112.322 54052.79937188 25.06 238.534654  61.896467 10.734
 53   115.573 54087.79936098 16.26 238.532167  61.911671  6.385
 53   115.424 54087.79936162 16.97 238.529727  61.908521  6.385
 53   115.123 54087.79936227 17.61 238.527287  61.905371  6.385
 53   114.998 54087.79936291 16.76 238.524837  61.902221  6.385
 53   114.812 54087.79936355 16.51 238.522397  61.899071  6.385
 54   156.660 54122.79928452  1.43 238.516856  61.911856  3.538
 54   158.250 54122.79928517  1.77 238.514416  61.908706  3.538
 54   161.889 54122.79928581  2.18 238.511976  61.905556  3.538
 54   169.383 54122.79928646  2.74 238.509536  61.902406  3.538
 55   159.191 54157.79932334  0.90 238.535464  61.911315  2.890
 55   159.801 54157.79932398  0.74 238.533014  61.908165  2.890
 55   162.913 54157.79932463  0.90 238.530574  61.905015  2.890
 55   168.696 54157.79932527  1.26 238.528134  61.901865  2.890
 55   167.975 54157.79932592  1.74 238.525694  61.898715  2.890
 57   116.559 54227.79933537 34.91 238.536276  61.909351  8.566
 57   116.706 54227.79933602 30.16 238.533836  61.906201  8.566
 57   117.435 54227.79933666 28.42 238.531386  61.903051  8.566
 57   117.831 54227.79933731 38.88 238.528946  61.899901  8.566
 58   119.173 54262.79935375 44.78 238.539028  61.911827 11.586
 58   119.331 54262.79935439 46.92 238.536578  61.908677 11.586
 58   118.858 54262.79935504 47.36 238.534138  61.905527 11.586
 58   119.067 54262.79935568 45.98 238.531698  61.902377 11.586
 58   119.021 54262.79935633 45.70 238.529248  61.899227 11.586
 59   117.880 54297.79935909 43.36 238.534974  61.911595  9.268
 59   117.860 54297.79935974 47.65 238.532534  61.908445  9.268
 59   117.986 54297.79936038 46.76 238.530084  61.905295  9.268
 59   118.305 54297.79936103 44.43 238.527644  61.902145  9.268
 59   117.489 54297.79936167 46.71 238.525204  61.898995  9.268
 60   131.210 54332.79934952 11.93 238.530575  61.909352  5.504
 60   129.861 54332.79935016 11.56 238.528125  61.906202  5.504
 60   116.390 54332.79935080 12.94 238.525685  61.903052  5.504
 60   116.353 54332.79935145 11.25 238.523245  61.899902  5.504
 62   115.410 54402.79929264 46.41 238.532767  61.909196 11.489
 62   115.149 54402.79929328 48.35 238.530327  61.906046 11.489
 62   115.676 54402.79929393 44.82 238.527877  61.902896 11.489
 62   115.873 54402.79929457 45.13 238.525436  61.899747 18.274
 63   135.654 54437.79924925 12.53 238.527739  61.912857  6.482
 63   135.220 54437.79924989 12.24 238.525299  61.909707  6.482
 63   134.979 54437.79925053 15.52 238.522859  61.906557  6.482
 63   159.915 54437.79925118  6.47 238.520414  61.903407  5.374
 63   164.435 54437.79925182  3.90 238.517974  61.900257  5.374
 64   115.344 54472.79927736 18.27 238.543069  61.911338  5.349
 64   115.710 54472.79927800 16.89 238.540619  61.908188  5.349
 64   115.719 54472.79927865 17.52 238.538179  61.905038  5.349
 64   115.481 54472.79927929 18.64 238.535739  61.901888  5.349
 64   115.076 54472.79927993 17.66 238.533293  61.898741  4.208
 65   156.904 54507.79926064  2.54 238.524763  61.911139  4.071
 65   156.519 54507.79926129  3.45 238.522313  61.907989  4.071
 65   158.861 54507.79926193  4.14 238.519873  61.904839  4.071
 65   161.395 54507.79926258  5.94 238.517431  61.901688  5.386
 66   161.793 54542.79929231  1.20 238.535507  61.909988  2.347
 66   161.442 54542.79929296  1.78 238.533062  61.906841  3.060
 66   167.213 54542.79929360  1.65 238.530622  61.903691  3.060
 66   169.361 54542.79929425  1.95 238.528182  61.900541  3.060
 67   114.211 54577.79926311  7.18 238.522678  61.909978  2.511
 67   114.621 54577.79926375  6.55 238.520231  61.906825  3.812
 67   114.619 54577.79926440  5.10 238.517791  61.903675  3.812
 67   115.138 54577.79926504  3.69 238.515351  61.900525  3.812
 68   119.299 54612.79928267 46.07 238.536523  61.911688  8.931
 68   116.909 54612.79928331 51.75 238.534073  61.908538  8.931
 68   119.074 54612.79928396 48.14 238.531632  61.905390  6.708
 68   118.944 54612.79928460 43.54 238.529192  61.902240  6.708
 68   119.291 54612.79928525 43.81 238.526742  61.899090  6.708
 69   135.447 54647.79929006 12.23 238.534767  61.910348  6.489
 69   147.721 54647.79929135  8.84 238.529880  61.904051 11.309
 70   135.305 54682.79929016  9.20 238.532910  61.912399  5.954
 70   131.077 54682.79929080  9.57 238.530470  61.909249  5.954
 70   130.043 54682.79929145  9.98 238.528024  61.906099  3.464
 70   127.984 54682.79929209 11.16 238.525584  61.902949  3.464
 70   115.983 54682.79929273 10.49 238.523134  61.899799  3.464
 71   115.347 54717.79923810 29.70 238.525564  61.912056  7.758
 71   115.131 54717.79923875 27.50 238.523124  61.908906  7.758
 71   115.582 54717.79923939 26.88 238.520680  61.905753  4.996
 71   116.086 54717.79924004 27.37 238.518240  61.902603  4.996
 71   114.741 54717.79924068 37.87 238.515790  61.899453  4.996
 72   115.476 54752.79926312 44.87 238.538219  61.910015  9.017
 72   113.826 54752.79926376 49.38 238.535774  61.906871  6.704
 72   115.891 54752.79926441 44.04 238.533324  61.903721  6.704
 72   114.325 54752.79926505 42.47 238.530884  61.900571  6.704
 72   115.308 54752.79926570 37.37 238.528444  61.897421  6.704
 73   114.351 54787.79922867 39.64 238.528012  61.912356 10.175
 73   114.619 54787.79922932 41.41 238.525571  61.909208  7.548
 73   112.204 54787.79922996 45.21 238.523121  61.906058  7.548
 73   113.460 54787.79923061 29.51 238.520681  61.902908  7.548
 73   113.094 54787.79923125 25.77 238.518241  61.899758  7.548
 74   116.002 54822.79925745 21.25 238.540387  61.909738  7.628
 74   116.140 54822.79925809 19.80 238.537947  61.906593  5.038
 74   116.145 54822.79925874 20.16 238.535507  61.903443  5.038
 74   115.709 54822.79925938 20.57 238.533057  61.900293  5.038
 74   115.327 54822.79926003 20.32 238.530617  61.897143  5.038
 75   159.849 54857.79922492  2.40 238.527306  61.909927  2.816
 75   162.196 54857.79922556  2.67 238.524862  61.906777  3.565
 75   164.844 54857.79922621  3.05 238.522422  61.903627  3.565
 75   166.994 54857.79922685  3.56 238.519982  61.900477  3.565
 76   160.116 54892.79926000  1.29 238.532173  61.912318  2.472
 76   160.267 54892.79926065  1.53 238.529729  61.909173  2.933
 76   164.880 54892.79926129  1.64 238.527289  61.906023  2.933
 76   166.631 54892.79926194  1.85 238.524849  61.902873  2.933
 76   168.498 54892.79926258  2.25 238.522399  61.899723  2.933
 77   161.612 54927.79922251  2.59 238.521959  61.912242  2.016
 77   164.880 54927.79922315  2.58 238.519518  61.909090  2.428
 77   170.306 54927.79922380  2.55 238.517078  61.905940  2.428
 77   170.313 54927.79922444  2.59 238.514638  61.902790  2.428
 77   173.337 54927.79922509  2.15 238.512198  61.899640  2.428
 79   118.546 54997.79928031 48.88 238.532033  61.910352 10.068
 79   119.396 54997.79928096 46.48 238.529587  61.907206  6.916
 79   119.041 54997.79928160 47.03 238.527147  61.904056  6.916
 79   119.404 54997.79928225 46.15 238.524707  61.900906  6.916
 80   117.185 55032.79926976 36.74 238.532929  61.910704  8.459
 80   117.285 55032.79927041 43.73 238.530484  61.907557  7.557
 80   117.015 55032.79927105 47.67 238.528044  61.904407  7.557
 80   115.110 55032.79927170 45.60 238.525604  61.901257  7.557
 81   116.713 55067.79925796 46.72 238.530740  61.911352  9.602
 81   115.584 55067.79925860 48.61 238.528300  61.908202  9.602
 81   116.536 55067.79925925 48.64 238.525863  61.905051  6.575
 81   117.177 55067.79925989 44.46 238.523413  61.901901  6.575
 81   115.628 55067.79926054 43.48 238.520973  61.898751  6.575
 82   115.731 55102.79919689 43.26 238.522780  61.913821  9.647
 82   115.360 55102.79919754 40.13 238.520340  61.910671  9.647
 82   115.514 55102.79919818 28.76 238.517897  61.907519  6.377
 82   116.670 55102.79919883 27.37 238.515457  61.904369  6.377
 82   114.794 55102.79919947 27.26 238.513017  61.901219  6.377
 83   136.124 55137.79920597 17.61 238.533212  61.905194 10.333
 83   138.207 55137.79920662 16.93 238.530772  61.902044 10.333
 83   135.541 55137.79920726 19.09 238.528332  61.898894 10.333
 84   116.592 55172.79916631 27.55 238.526008  61.910413  9.542
 84   116.597 55172.79916695 22.76 238.523564  61.907262  7.771
 84   116.839 55172.79916760 23.24 238.521124  61.904112  7.771
 84   116.469 55172.79916824 26.14 238.518684  61.900962  7.771
 85   157.659 55207.79919919  4.94 238.538405  61.909720  7.377
 85   158.739 55207.79919983  4.26 238.535960  61.906566  4.138
 85   162.883 55207.79920048  3.81 238.533510  61.903416  4.138
 85   164.521 55207.79920112  5.01 238.531070  61.900266  4.138
 85   166.496 55207.79920177  5.28 238.528630  61.897116  4.138
 86   115.032 55242.79917082 12.54 238.523070  61.911880  6.385
 86   115.680 55242.79917146 12.47 238.520631  61.908731  5.072
 86   115.730 55242.79917211 12.59 238.518191  61.905581  5.072
 86   116.203 55242.79917275 12.13 238.515751  61.902431  5.072
 87   161.168 55277.79919303  0.25 238.530980  61.910932  4.238
 87   162.979 55277.79919368  0.76 238.528540  61.907783  4.426
 87   167.919 55277.79919432  0.76 238.526100  61.904633  4.426
 87   165.783 55277.79919496  1.61 238.523650  61.901483  4.426
 88   132.376 55312.79915605 23.93 238.525289  61.911399  8.167
 88   131.384 55312.79915669 21.58 238.522849  61.908249  8.167
 88   117.986 55312.79915734 26.14 238.520403  61.905095  6.705
 88   118.301 55312.79915798 28.73 238.517963  61.901945  6.705
 89   116.825 55347.79916286 44.66 238.534470  61.912039  9.788
 89   116.589 55347.79916351 47.71 238.532030  61.908889  9.788
 89   115.034 55347.79916415 51.26 238.529583  61.905741  7.714
 89   117.270 55347.79916480 44.14 238.527143  61.902591  7.714
 89   116.741 55347.79916544 45.98 238.524693  61.899441  7.714
 90   131.738 55382.79915411 19.01 238.530379  61.910670  7.490
 90   117.270 55382.79915476 24.67 238.527933  61.907522  5.454
 90   117.539 55382.79915540 32.84 238.525493  61.904372  5.454
 90   117.080 55382.79915605 37.72 238.523043  61.901222  5.454
 91   135.563 55417.79918172 13.95 238.541073  61.911681  9.371
 91   135.149 55417.79918236 11.99 238.538633  61.908531  9.371
 91   167.883 55417.79918301  9.32 238.536188  61.905384 17.555
 92   115.892 55452.79916318 44.56 238.529804  61.912069 10.117
 92   115.768 55452.79916382 45.08 238.527354  61.908919 10.117
 92   115.920 55452.79916447 46.61 238.524910  61.905769  5.243
 92   116.337 55452.79916511 40.86 238.522470  61.902619  5.243
 92   114.436 55452.79916576 47.22 238.520030  61.899469  5.243
 93   134.570 55487.79908512 14.24 238.524283  61.912926  5.821
 93   169.080 55487.79908576 10.11 238.521843  61.909776  5.821
 93   171.027 55487.79908641  7.97 238.519393  61.906626  5.821
 93   172.102 55487.79908705 10.24 238.516953  61.903474 15.126
 93   135.519 55487.79908770 17.19 238.514513  61.900324 15.126
