# NaN NaN NaN ;Mean Elev.(m), Avg Gradient(m/km), RMS Gradient(m/km) - SRTM1     
#   22.743  -8.775  19.518 ;Mean Elev.(m), Avg Gradient(m/km), RMS Gradient(m/km) - ASTER GDEM
#    5.712  -8.764  22.823 ;Mean Elev.(m), Avg Gradient(m/km), RMS Gradient(m/km) - GMTED2010 
 17 225.827800  68.612927     3.873     3.745  3 52815.85185119 20.946
 18 225.821809  68.610672     4.567     4.567  2 52850.85190341 17.289
 24 225.821140  68.609514     2.712     2.712  2 53060.85185060 11.604
 26 225.828322  68.612032     2.377     2.436  4 53130.85185293 12.467
 28 225.816568  68.613778     5.013     5.013  2 53200.85192719 25.748
 30 225.833299  68.610603     3.429     4.217  3 53270.85185765 26.337
 35 225.803608  68.620083     2.010     2.010  2 53445.85184502 15.242
 39 225.812455  68.615452     4.610     4.944  3 53585.85191192 34.336
 46 225.831404  68.610431     2.847     3.018  3 53830.85176076 16.041
 54 225.806325  68.624115     2.146     2.146  2 54110.85181496 19.210
 55 225.823464  68.614020     2.003     1.903  3 54145.85181400 18.844
 56 225.805404  68.619692     2.765     2.765  2 54180.85180215 16.834
 57 225.822232  68.614392     3.667     3.536  3 54215.85182210 13.447
 67 225.811001  68.622709     2.862     3.036  5 54565.85177468 13.900
 69 225.816846  68.616658     4.137     3.971  3 54635.85178966 33.635
 85 225.821210  68.610720     2.258     2.258  2 55195.85169242 14.452
 87 225.819358  68.615023     2.393     2.063  3 55265.85168684 15.915
 88 225.809669  68.619735     2.529     2.529  2 55300.85166621 10.382
 91 225.823401  68.614456     4.506     4.773  3 55405.85167162 20.356
