# NaN NaN NaN ;Mean Elev.(m), Avg Gradient(m/km), RMS Gradient(m/km) - SRTM1     
#   10.422   1.257   3.922 ;Mean Elev.(m), Avg Gradient(m/km), RMS Gradient(m/km) - ASTER GDEM
#    6.000  -0.448   0.959 ;Mean Elev.(m), Avg Gradient(m/km), RMS Gradient(m/km) - GMTED2010 
  7 225.639962  67.905975   -14.271   -14.774  4 52446.84999245 19.113
  8 225.639402  67.905729     3.235     3.192  3 52481.84998286 23.379
  9 225.638870  67.907038     3.204     3.231  4 52516.84993641 49.052
 10 225.650727  67.901684     2.167     2.167  2 52551.84998553 25.530
 11 225.646492  67.903683     3.379     3.003  3 52586.84996060 40.121
 12 225.635220  67.907311     4.228     3.985  4 52621.84993094 22.230
 13 225.650139  67.901869     4.315     4.315  2 52656.84993582 18.259
 15 225.647232  67.902922     5.245     5.245  2 52726.84996352 13.830
 16 225.628219  67.910387     2.699     3.297  5 52761.84997788 16.695
 17 225.658448  67.897541     8.382     8.382  2 52796.84993940 20.904
 18 225.658768  67.897521     5.632     6.568  3 52831.85001009 20.039
 19 225.653691  67.900011     2.768     2.768  2 52866.85005307 31.850
 20 225.639474  67.905011     2.450     2.436  4 52901.85007635 26.420
 21 225.632011  67.908754     4.789     4.706  5 52936.85001598 21.080
 22 225.649755  67.903293     6.088     6.148  3 52971.85004390 19.944
 23 225.640096  67.906124     4.212     4.127  3 53006.85005571 14.021
 24 225.653628  67.899987     5.847     6.077  3 53041.85000986 13.553
 25 225.637906  67.906131     4.560     3.952  3 53076.85004222 13.427
 26 225.650510  67.900731     4.329     4.346  3 53111.85001300 11.065
 27 225.643822  67.902590     4.248     4.242  3 53146.85005618 45.019
 28 225.648271  67.902276     3.229     3.212  3 53181.85006090 52.205
 29 225.644211  67.905010     2.245     2.215  3 53216.85008388 23.615
 30 225.633773  67.909963     1.773     1.818  4 53251.85006161 22.731
 31 225.650438  67.901523     1.319     1.319  2 53286.85005836 51.920
 32 225.650469  67.900108  -372.016  -372.015  3 53321.85003484 20.590
 33 225.641175  67.905986     3.149     2.988  3 53356.85000173 20.049
 34 225.653821  67.900421     4.582     4.582  2 53391.85001611 16.597
 35 225.642705  67.904645     3.555     3.260  4 53426.85001146 15.267
 36 225.657260  67.899876     6.427     6.420  3 53461.85002564 12.745
 37 225.642124  67.905147     2.441     2.353  3 53496.85010126 31.980
 38 225.646558  67.905049     5.800     4.805  3 53531.85008039 19.331
 39 225.637045  67.907312     3.104     3.135  4 53566.85010359 49.566
 40 225.637223  67.905877     2.614     2.506  3 53601.85004809 26.983
 41 225.650135  67.900866     3.131     3.365  3 53636.85004607 26.192
 42 225.643022  67.904618     2.233     2.210  4 53671.85006656 45.043
 43 225.642310  67.905225     3.985     3.549  3 53706.84999848 13.192
 44 225.632051  67.910115     4.803     4.706  5 53741.84991028 11.614
 45 225.651677  67.901815     5.764     6.386  3 53776.84993535 12.368
 46 225.634363  67.908875     4.669     4.484  4 53811.84991282 13.520
 47 225.648907  67.900603     4.747     4.182  3 53846.84996456 11.539
 49 225.638856  67.905260     4.775     4.725  4 53916.85004680 21.075
 50 225.637443  67.907807     2.744     2.761  4 53951.85005208 33.235
 52 225.652406  67.900027     1.800     1.800  2 54021.85003064 52.316
 53 225.652505  67.901396     4.940     4.940  2 54056.85002248 21.018
 54 225.636061  67.906205     3.717     3.582  4 54091.85000587 18.756
 55 225.656942  67.899053     4.553     4.545  3 54126.84993925 14.218
 56 225.642317  67.904765     3.467     3.335  3 54161.84997428 14.688
 57 225.652432  67.899980     5.361     5.753  3 54196.84994146 13.611
 58 225.648224  67.902921     4.162     4.218  3 54231.84998738 27.740
 59 225.644703  67.901996     4.218     4.205  3 54266.85000550 53.157
 60 225.646188  67.903969     4.103     3.747  3 54301.85000971 22.289
 61 225.639825  67.904267     2.808     2.824  3 54336.84999694 52.550
 62 225.653108  67.902109     2.366     2.379  3 54371.84994240 39.934
 63 225.641786  67.904510     2.992     3.005  4 54406.84994187 30.902
 64 225.658271  67.898276     4.110     4.119  3 54441.84990211 20.666
 65 225.645401  67.902223     3.283     3.143  3 54476.84993040 18.225
 66 225.655027  67.898608     4.460     4.549  3 54511.84991780 17.065
 67 225.642874  67.905750     4.139     3.582  3 54546.84994390 16.728
 68 225.647126  67.901840     5.019     5.711  3 54581.84991292 13.394
 69 225.647448  67.904263     7.192     7.190  3 54616.84993369 49.860
 70 225.643765  67.903022     4.222     4.213  3 54651.84994670 20.210
 71 225.639855  67.905543     2.544     2.657  4 54686.84993774 33.485
 72 225.656546  67.899110     2.897     3.003  3 54721.84989292 27.756
 73 225.643539  67.904096     3.846     3.297  4 54756.84991312 21.077
 74 225.654828  67.899349     4.667     4.168  3 54791.84988659 19.546
 75 225.649063  67.903571     4.143     3.569  3 54826.84991023 17.318
 76 225.653563  67.899484     4.174     4.164  3 54861.84988024 15.428
 77 225.640745  67.904996     3.825     3.265  4 54896.84991081 14.037
 78 225.652368  67.902400     5.301     5.704  3 54931.84987620 13.048
 79 225.643766  67.902370     3.769     3.732  3 54966.84991165 33.434
 80 225.644274  67.904863     4.875     4.864  3 55001.84993131 21.729
 81 225.645073  67.902021     3.391     3.322  3 55036.84991793 23.497
 82 225.639211  67.906330     2.613     2.655  4 55071.84990480 23.061
 83 225.652934  67.899795     6.204     6.290  3 55106.84985028 23.206
 84 225.642379  67.905071     3.401     3.224  4 55141.84985544 25.314
 85 225.657644  67.898955     4.383     4.436  3 55176.84982027 18.313
 86 225.646179  67.904470     3.738     3.397  3 55211.84984995 17.229
 87 225.652801  67.902163     4.032     4.024  3 55246.84982322 16.416
 88 225.641217  67.905850     4.955     5.498  3 55281.84984359 14.391
 89 225.643478  67.903250     3.168     3.199  3 55316.84981184 33.731
 90 225.641473  67.904773     2.871     2.914  3 55351.84981580 31.767
 91 225.653222  67.901439     3.689     3.649  3 55386.84981165 51.526
 92 225.644791  67.902990     2.630     2.698  3 55421.84983404 22.731
 93 225.639108  67.906641     2.530     2.409  3 55456.84980790 22.042
