-171808.474   205.941     0.00    8.24
-171428.587   209.432     9.19    8.21
-171048.620   212.279     7.49    4.18
-170668.573   213.542     3.32    4.29
-170288.445   212.194    -3.55    8.76
-169908.236   192.940   -50.64   39.42
-169527.947   161.840   -81.77   58.16
-169147.578   128.475   -87.71   56.46
-168767.128   121.788   -17.58   54.67
-168386.597   144.454    59.56   63.16
-168005.985   178.887    90.46   52.61
-167625.293   198.389    51.22   21.79
-167244.520   197.541    -2.23   22.84
-166863.666   198.166     1.64   19.77
-166493.568   198.888     1.95   17.30
-166128.022   205.223    17.33    5.41
-165762.403   205.348     0.34    2.17
-165396.710   205.713     1.00    2.12
-165030.944   206.734     2.79    2.70
-164665.104   207.777     2.85    3.20
-164299.191   208.479     1.92    3.56
-163933.204   209.164     1.87    3.62
-163567.143   208.819    -0.94    3.68
-163201.008   207.944    -2.39    3.36
-162834.800   207.255    -1.88    2.57
-162468.517   206.455    -2.19    1.77
-162102.161   206.067    -1.06    1.36
-161735.731   205.938    -0.35    1.45
-161369.226   205.535    -1.10    1.37
-161002.648   205.032    -1.37    1.25
-160635.995   204.547    -1.32    1.28
-160269.269   203.840    -1.93    1.07
-159902.468   203.221    -1.69    0.78
-159535.593   202.540    -1.86    0.85
-159168.643   201.844    -1.90    1.02
-158801.620   201.045    -2.17    1.14
-158434.522   200.364    -1.86    1.20
-158067.349   199.734    -1.72    1.45
-157700.102   199.124    -1.66    1.54
-157332.781   198.323    -2.18    1.52
-156965.385   197.379    -2.57    1.64
-156597.914   196.386    -2.70    1.41
-156230.369   195.425    -2.61    1.44
-155862.749   194.469    -2.60    1.36
-155495.054   193.255    -3.30    1.78
-155127.285   192.244    -2.75    1.88
-154759.440   191.325    -2.50    1.68
-154391.521   190.551    -2.10    1.38
-154023.527   189.799    -2.04    1.20
-153655.458   189.010    -2.14    1.47
-153287.314   188.260    -2.04    1.57
-152919.095   187.432    -2.25    1.73
-152550.801   186.402    -2.80    1.46
-152182.431   185.346    -2.87    1.55
-151813.987   184.483    -2.34    1.40
-151445.467   183.830    -1.77    1.12
-151076.872   183.590    -0.65    1.04
-150708.202   183.712     0.33    1.25
-150339.456   183.516    -0.53    1.57
-149970.635   181.938    -4.28    3.01
-149601.738   179.863    -5.63    3.95
-149232.766   177.055    -7.61    4.46
-148863.719   174.871    -5.92    4.17
-148494.595   173.410    -3.96    3.54
-148125.396   172.008    -3.80    3.78
-147756.122   170.188    -4.93    5.72
-147386.771   167.503    -7.27    8.10
-147017.345   164.063    -9.31    9.28
-146647.843   161.287    -7.51    8.19
-146278.265   159.032    -6.10    6.69
-145908.612   158.056    -2.64    5.68
-145538.882   157.229    -2.24    5.39
-145169.076   156.568    -1.79    5.06
-144799.194   155.376    -3.22    4.74
-144429.236   154.524    -2.30    3.20
-144059.202   153.692    -2.25    2.74
-143689.092   153.344    -0.94    3.06
-143318.906   151.924    -3.84    4.36
-142948.643   150.699    -3.31    5.26
-142578.304   150.298    -1.08    5.76
-142207.888   149.342    -2.58    6.20
-141837.396   149.234    -0.29    5.96
-141466.827   150.228     2.68    3.98
-141096.182   149.255    -2.63    3.16
-140725.461   147.830    -3.84    2.65
-140354.663   146.551    -3.45    1.85
-139983.788   145.542    -2.72    1.69
-139612.836   144.810    -1.97    2.15
-139241.808   144.596    -0.58    2.37
-138870.703   144.628     0.09    2.34
-138499.520   145.255     1.69    1.39
-138128.261   145.409     0.42    0.78
-137756.926   145.021    -1.05    0.55
-137385.513   144.766    -0.69    0.26
-137014.023   144.508    -0.69    0.53
-136642.456   143.994    -1.38    0.97
-136270.811   143.418    -1.55    1.16
-135899.090   142.910    -1.37    1.36
-135527.291   141.861    -2.82    2.10
-135155.415   140.862    -2.69    2.53
-134783.462   139.936    -2.49    2.47
-134411.432   138.976    -2.58    2.14
-134039.323   138.668    -0.83    2.01
-133667.138   137.945    -1.94    1.82
-133294.875   137.385    -1.50    1.68
-132922.534   136.997    -1.04    1.33
-132550.116   136.721    -0.74    1.04
-132177.620   136.724     0.01    0.86
-131805.046   136.925     0.54    0.74
-131432.395   136.938     0.03    0.70
-131059.666   136.708    -0.62    0.78
-130686.858   136.287    -1.13    0.82
-130313.973   136.008    -0.75    0.89
-129941.010   136.128     0.32    1.11
-129567.969   136.239     0.30    1.19
-129194.850   136.397     0.42    1.13
-128821.653   136.325    -0.19    1.17
-128448.378   136.134    -0.51    1.27
-128075.024   136.002    -0.35    1.29
-127701.593   135.883    -0.32    1.30
-127328.083   135.510    -1.00    1.23
-126954.494   135.106    -1.08    1.10
-126580.827   134.439    -1.78    0.97
-126207.082   133.918    -1.40    0.95
-125833.258   133.324    -1.59    0.75
-125459.356   132.798    -1.40    0.72
-125085.375   132.313    -1.30    0.66
-124711.316   131.777    -1.43    0.64
-124337.177   131.340    -1.17    0.56
-123962.960   130.927    -1.11    0.61
-123588.665   130.564    -0.97    0.61
-123214.290   130.364    -0.53    0.74
-122839.837   130.096    -0.72    0.95
-122465.304   129.867    -0.61    1.09
-122090.693   129.629    -0.64    1.03
-121716.002   129.157    -1.26    1.06
-121341.233   128.303    -2.28    1.41
-120966.384   127.208    -2.92    1.56
-120591.456   126.039    -3.12    1.52
-120216.449   125.035    -2.68    1.45
-119841.363   123.861    -3.13    1.45
-119466.197   123.074    -2.10    1.29
-119090.952   122.266    -2.15    1.05
-118715.628   121.872    -1.05    0.93
-118340.224   121.489    -1.02    0.82
-117964.740   121.042    -1.19    0.74
-117589.177   120.606    -1.16    0.83
-117213.535   119.903    -1.87    1.23
-116837.812   118.650    -3.33    1.84
-116462.010   117.319    -3.54    2.17
-116086.128   115.425    -5.04    2.60
-115710.166   110.064   -14.26    9.61
-115334.125   104.196   -15.60   12.66
-114958.003   101.303    -7.69   11.78
-114581.802    99.787    -4.03   10.43
-114205.520   102.671     7.66    8.63
-113829.158   106.179     9.32    3.42
-113452.717   107.639     3.88    2.46
-113076.195   108.994     3.60    1.24
-112699.592   110.120     2.99    1.28
-112322.910   111.469     3.58    1.49
-111946.147   112.745     3.38    1.63
-111569.304   113.999     3.33    1.24
-111192.380   114.683     1.82    0.81
-110815.376   115.164     1.27    0.53
-110438.291   115.408     0.65    0.48
-110061.126   115.510     0.27    0.44
-109683.880   115.568     0.15    0.40
-109306.553   115.406    -0.43    0.48
-108929.146   115.239    -0.44    0.50
-108551.658   115.141    -0.26    0.49
-108174.089   114.936    -0.54    0.54
-107796.439   114.743    -0.51    0.60
-107418.708   114.568    -0.46    0.57
-107040.896   114.410    -0.42    0.64
-106663.003   114.337    -0.19    0.76
-106285.029   114.172    -0.44    0.92
-105906.974   113.817    -0.94    1.22
-105528.838   113.532    -0.75    1.35
-105150.620   113.457    -0.20    1.37
-104772.321   113.364    -0.25    1.39
-104393.941   113.500     0.36    1.17
-104015.479   113.175    -0.86    1.15
-103636.936   112.891    -0.75    1.22
-103258.311   112.899     0.02    1.38
-102879.605   112.655    -0.65    1.62
-102500.817   112.266    -1.03    1.90
-102121.948   111.312    -2.52    1.94
-101742.996   110.399    -2.41    1.51
-101363.963   109.968    -1.14    1.05
-100984.848   109.892    -0.20    1.20
-100605.652   109.968     0.20    1.62
-100226.373   110.092     0.33    2.43
 -99847.012   110.662     1.50    3.28
 -99467.569   110.988     0.86    3.66
 -99088.045   110.685    -0.80    3.79
 -98708.438   109.788    -2.36    3.88
 -98328.749   108.307    -3.90    3.31
 -97948.977   107.170    -2.99    2.42
 -97569.123   106.618    -1.45    1.47
 -97189.187   106.607    -0.03    1.15
 -96809.169   106.671     0.17    1.10
 -96429.068   106.744     0.19    1.04
 -96048.884   106.828     0.22    1.17
 -95668.618   107.032     0.54    1.41
 -95288.270   107.524     1.29    1.38
 -94907.839   108.016     1.29    1.20
 -94527.324   108.492     1.25    1.22
 -94146.728   108.940     1.18    1.26
 -93766.048   109.182     0.64    1.37
 -93385.285   109.483     0.79    1.39
 -93004.440   109.630     0.39    1.34
 -92623.512   109.938     0.81    1.36
 -92242.500   109.934    -0.01    1.46
 -91867.007   109.964     0.08    1.56
 -91501.693   109.900    -0.17    1.51
 -91136.303   109.921     0.06    1.45
 -90770.838   110.071     0.41    1.47
 -90405.298   110.557     1.33    1.55
 -90039.683   111.555     2.73    1.80
 -89673.991   112.585     2.82    1.80
 -89308.225   113.659     2.94    1.46
 -88942.383   114.324     1.82    1.37
 -88576.465   114.986     1.81    1.28
 -88210.472   115.467     1.31    1.24
 -87844.404   115.921     1.24    1.13
 -87478.259   116.029     0.29    1.12
 -87112.039   116.120     0.25    1.11
 -86745.743   117.313     3.26    2.76
 -86379.371   118.734     3.88    3.35
 -86012.924   120.418     4.60    3.08
 -85646.400   121.808     3.79    1.92
 -85279.800   122.249     1.20    1.11
 -84913.125   122.096    -0.42    1.48
 -84546.373   121.788    -0.84    1.70
 -84179.546   121.599    -0.51    1.57
 -83812.642   121.479    -0.33    1.36
 -83445.662   121.734     0.70    1.31
 -83078.605   122.130     1.08    1.29
 -82711.473   122.744     1.67    1.12
 -82344.264   123.333     1.60    1.07
 -81976.978   124.044     1.94    1.03
 -81609.617   124.797     2.05    1.12
 -81242.178   125.518     1.96    1.01
 -80874.663   126.324     2.19    1.08
 -80507.072   126.979     1.78    1.13
 -80139.404   127.850     2.37    1.27
 -79771.659   128.683     2.27    1.50
 -79403.838   129.587     2.46    1.56
 -79035.940   130.287     1.90    1.42
 -78667.965   130.799     1.39    1.10
 -78299.913   131.010     0.57    0.89
 -77931.784   131.095     0.23    0.94
 -77563.578   130.964    -0.36    1.15
 -77195.296   130.670    -0.80    1.47
 -76826.936   130.297    -1.01    1.60
 -76458.499   129.974    -0.88    1.57
 -76089.985   129.936    -0.10    1.40
 -75721.394   129.964     0.08    1.30
 -75352.725   130.387     1.15    1.35
 -74983.979   130.652     0.72    1.58
 -74615.156   130.621    -0.08    1.94
 -74246.256   130.312    -0.84    2.32
 -73877.278   130.030    -0.77    2.56
 -73508.222   130.560     1.44    3.21
 -73139.089   131.787     3.33    3.99
 -72769.879   133.787     5.42    4.39
 -72400.591   135.674     5.11    3.89
 -72031.225   137.319     4.45    2.55
 -71661.781   137.470     0.41    1.92
 -71292.260   136.925    -1.47    1.58
 -70922.660   135.958    -2.62    1.90
 -70552.983   134.548    -3.81    2.15
 -70183.228   133.271    -3.45    2.01
 -69813.395   132.370    -2.44    1.79
 -69443.484   131.982    -1.05    1.70
 -69073.495   131.936    -0.13    1.67
 -68703.428   132.103     0.45    1.77
 -68333.283   132.250     0.40    1.98
 -67963.059   132.513     0.71    2.11
 -67592.757   132.498    -0.04    2.28
 -67222.377   132.596     0.26    2.46
 -66851.918   132.671     0.20    2.48
 -66481.381   132.701     0.08    2.55
 -66110.766   132.582    -0.32    2.43
 -65740.072   132.462    -0.32    2.30
 -65369.299   132.333    -0.35    2.29
 -64998.448   132.277    -0.15    2.38
 -64627.518   132.271    -0.02    2.59
 -64256.510   132.240    -0.08    2.90
 -63885.423   132.610     1.00    3.16
 -63514.257   132.903     0.79    3.30
 -63143.012   133.618     1.93    3.28
 -62771.688   134.155     1.45    3.15
 -62400.285   134.776     1.67    3.04
 -62028.803   134.910     0.36    2.99
 -61657.242   134.811    -0.27    3.05
 -61285.602   133.766    -2.81    3.79
 -60913.883   132.132    -4.39    4.71
 -60542.085   130.281    -4.98    5.12
 -60170.207   128.355    -5.18    5.45
 -59798.250   126.539    -4.88    5.23
 -59426.214   124.510    -5.45    5.31
 -59054.098   123.230    -3.44    5.60
 -58681.903   122.082    -3.08    5.79
 -58309.628   120.671    -3.79    6.20
 -57937.274   119.464    -3.24    6.32
 -57564.840   118.166    -3.48    5.93
 -57192.327   116.584    -4.25    5.03
 -56819.734   115.489    -2.94    4.17
 -56447.061   114.544    -2.54    3.38
 -56074.308   113.548    -2.67    3.27
 -55701.475   111.990    -4.18    3.08
 -55328.562   110.499    -4.00    2.94
 -54955.570   109.188    -3.51    2.91
 -54582.497   108.042    -3.07    3.11
 -54209.345   106.985    -2.83    3.03
 -53836.112   106.037    -2.54    2.92
 -53462.799   105.526    -1.37    2.48
 -53089.406   105.639     0.30    2.12
 -52715.932   106.286     1.73    1.83
 -52342.379   106.807     1.40    1.43
 -51968.745   107.050     0.65    1.16
 -51595.030   106.683    -0.98    1.58
 -51221.235   106.287    -1.06    1.86
 -50847.359   105.878    -1.09    2.01
 -50473.403   105.393    -1.30    2.32
 -50099.367   104.766    -1.68    2.59
 -49725.249   104.222    -1.45    2.98
 -49351.051   103.240    -2.62    3.24
 -48976.772   101.677    -4.18    4.15
 -48602.412    98.848    -7.56    5.94
 -48227.971    94.364   -11.98    7.78
 -47853.450    89.477   -13.05    7.83
 -47478.847    86.955    -6.73    6.05
 -47104.163    87.150     0.52    5.66
 -46729.399    89.776     7.01    5.64
 -46354.553    93.013     8.63    3.39
 -45979.626    93.934     2.46    1.77
 -45604.617    93.487    -1.19    1.69
 -45229.528    92.990    -1.33    1.56
 -44854.357    92.339    -1.74    1.13
 -44479.104    91.891    -1.19    0.53
 -44103.770    91.715    -0.47    0.30
 -43728.355    91.572    -0.38    0.42
 -43352.858    91.450    -0.32    0.61
 -42977.279    91.281    -0.45    0.99
 -42601.619    90.947    -0.89    1.37
 -42225.877    90.474    -1.26    1.51
 -41850.053    90.000    -1.26    1.57
 -41474.147    89.868    -0.35    1.70
 -41098.160    89.821    -0.13    1.93
 -40722.090    89.453    -0.98    2.36
 -40345.939    89.721     0.71    2.51
 -39969.705    90.503     2.08    2.46
 -39593.390    91.451     2.52    2.50
 -39216.992    92.938     3.95    2.15
 -38840.512    94.315     3.66    1.33
 -38463.950    95.364     2.78    1.27
 -38087.306    96.331     2.57    1.11
 -37710.579    97.225     2.37    1.16
 -37333.770    97.883     1.75    1.10
 -36956.878    98.276     1.04    1.14
 -36579.904    98.516     0.64    1.16
 -36202.847    98.868     0.93    1.15
 -35825.707    99.149     0.74    1.22
 -35448.485    99.477     0.87    1.16
 -35071.180    99.572     0.25    1.25
 -34693.793    99.684     0.30    1.30
 -34316.322    99.597    -0.23    1.24
 -33938.769    99.664     0.18    1.06
 -33561.133    99.807     0.38    0.88
 -33183.413   100.057     0.66    0.74
 -32805.611   100.419     0.96    0.84
 -32427.725   100.931     1.35    0.70
 -32049.757   101.339     1.08    0.69
 -31671.705   101.807     1.24    0.72
 -31293.570   102.230     1.12    0.66
 -30915.351   102.755     1.39    0.59
 -30537.049   103.024     0.71    0.48
 -30158.664   102.662    -0.96    1.07
 -29780.195   101.972    -1.82    1.57
 -29401.643   101.013    -2.53    1.45
 -29023.007   100.276    -1.95    0.88
 -28644.287   100.492     0.57    1.46
 -28265.484   100.858     0.96    1.62
 -27886.597   100.985     0.33    1.71
 -27507.626   100.518    -1.23    2.11
 -27128.571    99.776    -1.96    2.63
 -26749.433   100.103     0.86    3.42
 -26370.210   101.128     2.70    3.75
 -25990.903   102.072     2.49    3.06
 -25611.512   102.467     1.04    2.12
 -25232.037   101.993    -1.25    1.72
 -24852.478   101.461    -1.40    1.11
 -24472.835   101.372    -0.23    0.82
 -24093.107   101.372     0.00    0.78
 -23713.295   101.327    -0.12    0.79
 -23333.398   101.037    -0.76    0.92
 -22953.417   100.756    -0.74    0.95
 -22573.352   100.045    -1.87    1.58
 -22193.202    98.746    -3.42    2.51
 -21812.967    97.197    -4.07    3.08
 -21432.648    93.498    -9.73    8.33
 -21052.243    87.859   -14.82   12.83
 -20671.754    84.215    -9.58   12.84
 -20291.180    81.357    -7.51   11.26
 -19910.521    81.062    -0.78    9.09
 -19529.778    79.034    -5.33    9.97
 -19148.949    75.016   -10.55   12.80
 -18768.035    67.057   -20.89   14.81
 -18387.036    56.664   -27.28   16.21
 -18005.951    46.282   -27.24   11.36
 -17624.782    40.623   -14.85    9.02
 -17243.527    31.388   -24.22   13.30
 -16878.374    22.990   -23.00   16.11
 -16513.220    15.183   -21.38   16.43
 -16147.988     7.613   -20.73   12.59
 -15782.680     2.255   -14.67    6.08
 -15417.294     0.766    -4.08    0.00
 -15051.832     0.766     0.00    0.00
 -14686.292     0.869     0.28    1.02
 -14320.674     2.704     5.02    7.70
 -13954.980     5.994     9.00   13.25
 -13589.208     9.931    10.76   16.81
 -13223.359    11.766     5.02   17.97
 -12857.432    11.541    -0.61   16.84
 -12491.428     9.194    -6.41   14.49
 -12125.346     7.401    -4.90   12.45
 -11759.186     5.960    -3.94   10.89
 -11392.949     5.904    -0.15   11.15
 -11026.635     7.456     4.24   13.00
 -10660.242    10.059     7.11   16.27
 -10293.772    15.346    14.43   20.78
  -9927.223    20.890    15.12   24.75
  -9560.597    32.376    31.33   31.54
  -9193.893    43.613    30.64   35.58
  -8827.111    58.261    39.94   34.94
  -8460.251    66.372    22.11   30.99
  -8093.313    73.179    18.55   25.06
  -7726.297    71.432    -4.76   27.62
  -7359.202    69.797    -4.46   29.85
  -6992.029    69.847     0.14   30.60
  -6624.778    71.756     5.20   29.94
  -6257.449    72.353     1.63   22.42
  -5890.041    75.137     7.58   18.64
  -5522.554    80.489    14.56   17.74
  -5154.990    85.776    14.38   16.09
  -4787.346    89.472    10.05   13.53
  -4419.624    80.541   -24.29   22.12
  -4051.824    63.174   -47.22   32.07
  -3683.944    42.898   -55.11   33.68
  -3315.986    27.859   -40.87   29.87
  -2947.950    17.261   -28.80   26.27
  -2579.834    10.256   -19.03   23.42
  -2211.639     4.124   -16.65   16.56
  -1843.366     2.426    -4.61   13.12
  -1475.013     5.957     9.59   20.73
  -1106.582     9.103     8.54   24.82
   -738.071    10.807     4.63   26.73
   -369.481    11.286     1.30   27.18
     -0.812    11.897     1.66   28.32
    367.936     9.658    -6.07   26.76
    736.764     8.523    -3.08   26.02
   1105.671     6.711    -4.91   22.79
   1474.657     6.606    -0.29   21.26
   1843.723     9.005     6.50   25.06
   2212.868    21.286    33.27   35.64
   2582.093    38.103    45.55   43.97
   2951.397    64.034    70.22   45.61
   3320.781    86.205    60.02   32.59
   3690.245   101.962    42.65    5.69
   4059.789   103.941     5.36    5.73
   4429.412   103.820    -0.33    5.23
   4799.115   102.807    -2.74    5.95
   5168.898   100.260    -6.89    4.03
   5538.762    98.990    -3.43    3.57
   5908.705    98.013    -2.64    2.34
   6278.728    97.665    -0.94    1.13
   6648.831    97.529    -0.37    1.14
   7019.015    97.224    -0.82    0.92
   7389.278    97.172    -0.14    0.96
   7759.622    96.912    -0.70    1.04
   8130.047    96.036    -2.36    1.55
   8500.551    93.983    -5.54    3.71
   8871.136    91.225    -7.44    4.96
   9241.802    88.516    -7.31    4.74
   9612.548    86.235    -6.15    3.81
   9983.375    84.939    -3.49    3.09
  10354.282    84.018    -2.48    1.14
  10725.270    83.652    -0.99    0.38
  11096.339    83.154    -1.34    1.01
  11467.488    82.627    -1.42    1.41
  11838.719    82.518    -0.29    2.26
  12210.030    83.626     2.98    3.69
  12581.422    85.440     4.88    4.31
  12952.895    87.358     5.16    3.97
  13324.450    88.648     3.47    3.18
  13696.085    89.099     1.22    3.08
  14067.802    88.868    -0.62    2.88
  14439.599    88.503    -0.98    2.30
  14811.478    88.162    -0.92    1.58
  15183.439    88.386     0.60    1.38
  15555.480    88.836     1.21    1.52
  15927.604    89.078     0.65    1.87
  16299.808    88.907    -0.46    2.07
  16672.094    88.657    -0.67    2.25
  17044.462    88.306    -0.94    2.04
  17416.911    87.862    -1.19    1.88
  17789.442    87.439    -1.13    1.65
  18162.055    87.218    -0.59    1.69
  18534.750    87.133    -0.23    1.69
  18907.526    87.057    -0.20    1.81
  19280.384    86.988    -0.19    2.39
  19653.325    86.256    -1.96    3.19
  20026.347    84.703    -4.16    3.86
  20399.451    82.766    -5.19    3.92
  20772.638    80.962    -4.83    3.01
  21145.906    80.056    -2.43    1.38
  21519.257    80.229     0.46    1.34
  21892.690    81.126     2.40    1.60
  22266.205    81.788     1.77    1.51
  22639.803    82.616     2.22    1.56
  23013.483    83.366     2.01    1.53
  23387.246    83.676     0.83    1.60
  23761.091    84.123     1.20    1.48
  24135.019    84.552     1.15    1.38
  24509.030    84.974     1.13    1.39
  24883.123    85.336     0.97    1.30
  25257.299    85.634     0.80    1.08
  25631.558    85.901     0.71    0.96
  26005.899    85.948     0.12    1.05
  26380.324    85.673    -0.73    1.44
  26754.831    84.946    -1.94    1.90
  27129.422    83.418    -4.08    2.45
  27504.096    81.636    -4.76    2.50
  27878.852    79.711    -5.14    2.33
  28253.692    77.976    -4.63    2.23
  28628.616    76.482    -3.99    1.68
  29003.622    75.695    -2.10    1.15
  29378.712    75.330    -0.97    1.43
  29753.885    75.186    -0.38    2.13
  30129.142    74.560    -1.67    2.72
  30504.482    73.352    -3.22    2.98
  30879.906    71.946    -3.74    2.91
  31255.414    70.645    -3.47    2.64
  31631.005    69.674    -2.58    2.02
  32006.680    69.086    -1.57    1.42
  32382.439    69.150     0.17    1.50
  32758.281    69.674     1.40    1.90
  33134.208    70.109     1.16    1.91
  33510.218    70.003    -0.28    2.22
  33886.313    68.548    -3.87    3.17
  34262.491    66.203    -6.23    4.12
  34638.754    63.696    -6.66    4.89
  35015.101    60.494    -8.51    4.91
  35391.532    56.459   -10.72    5.20
  35768.047    51.307   -13.68    6.52
  36144.647    45.596   -15.17    7.34
  36521.331    39.615   -15.88    7.12
  36898.100    34.330   -14.03   10.41
  37274.953    29.096   -13.89   12.53
  37651.891    23.503   -14.84   13.50
  38028.913    19.467   -10.71   11.86
  38406.020    17.152    -6.14    9.52
  38783.212    18.358     3.20    9.08
  39160.489    21.705     8.87    7.24
  39537.850    23.256     4.11    4.96
  39915.297    23.624     0.98    2.73
  40292.828    22.099    -4.04    2.68
  40670.444    20.360    -4.61    3.21
  41048.146    18.356    -5.31    3.64
  41425.933    16.211    -5.68    3.51
  41803.804    14.266    -5.15    3.30
  42181.761    12.521    -4.62    3.25
  42559.804    10.866    -4.38    2.81
  42937.932     9.368    -3.96    2.11
  43316.145     8.376    -2.62    1.32
  43694.444     7.837    -1.42    0.79
  44072.828     7.496    -0.90    0.51
  44451.298     7.197    -0.79    1.03
  44829.853     6.706    -1.30    1.54
  45208.494     5.828    -2.32    2.27
  45587.221     4.556    -3.36    3.24
  45966.034     3.190    -3.61    3.71
  46344.933     1.865    -3.50    3.73
  46723.917     0.745    -2.95    3.40
  47102.988    -0.514    -3.32    2.30
  47482.145    -1.060    -1.44    1.17
  47861.387    -1.234    -0.46    0.00
  48240.716    -1.234     0.00    0.00
  48620.131    -1.234     0.00    0.00
  48999.633    -1.234     0.00    0.00
  49379.221    -1.234     0.00    0.00
  49758.895    -1.234     0.00    0.00
  50138.656    -1.234     0.00    0.00
  50518.503    -1.234     0.00    0.00
  50898.437    -1.234     0.00    0.00
  51278.457    -1.234     0.00    0.00
  51658.564    -1.234     0.00    0.00
  52038.758    -1.234     0.00    0.00
  52419.039    -1.234     0.00    0.00
  52799.406    -1.234     0.00    0.00
  53179.861    -1.234     0.00    0.00
  53560.402    -1.234     0.00    0.00
  53941.031    -1.234     0.00    0.00
  54321.747    -1.234     0.00    0.00
  54702.549    -1.234     0.00    0.00
  55083.439    -1.234     0.00    0.00
  55464.417    -1.234     0.00    0.00
  55845.481    -1.234     0.00    0.00
  56226.633    -1.234     0.00    0.00
  56607.873    -0.992     0.64    0.81
  56989.200    -0.234     1.99    1.49
  57370.615     0.541     2.03    1.67
  57741.616     1.221     1.83    1.52
  58106.533     1.686     1.27    1.28
  58471.527     1.827     0.39    1.12
  58836.601     2.168     0.93    0.75
  59201.754     2.364     0.54    0.49
  59566.985     2.459     0.26    0.46
  59932.296     2.574     0.31    0.40
  60297.686     2.716     0.39    0.22
  60663.154     2.766     0.14    0.00
  61028.702     2.766     0.00    0.00
  61394.329     2.766     0.00    0.00
  61760.036     2.766     0.00    0.00
  62125.821     2.766     0.00    0.00
  62491.686     2.766     0.00    0.00
  62857.631     2.766     0.00    0.00
  63223.655     2.766     0.00    0.00
  63589.758     2.766     0.00    0.00
  63955.941     2.766     0.00    0.00
  64322.203     2.766     0.00    0.00
  64688.546     2.766     0.00    0.00
  65054.967     2.766     0.00    0.00
  65421.469     2.766     0.00    0.00
  65788.051     3.197     1.18    1.32
  66154.712     4.214     2.77    2.14
  66521.453     5.508     3.53    2.31
  66888.274     6.724     3.31    1.71
  67255.176     7.266     1.48    1.05
  67622.157     6.968    -0.81    1.61
  67989.218     6.917    -0.14    1.64
  68356.360     7.138     0.60    1.38
  68723.582     7.526     1.06    0.68
  69090.884     7.668     0.39    0.33
  69458.267     7.755     0.24    0.10
  69825.730     7.756     0.00    0.10
  70193.273     7.634    -0.33    0.34
  70560.897     7.496    -0.38    0.45
  70928.601     7.459    -0.10    0.46
  71296.386     7.353    -0.29    0.49
  71664.252     7.370     0.04    0.49
  72032.198     7.457     0.24    0.46
  72400.225     7.393    -0.17    0.73
  72768.333     7.422     0.08    0.54
  73136.522     7.419    -0.01    0.48
  73504.791     7.360    -0.16    0.49
  73873.142     7.392     0.09    0.49
  74241.574     7.452     0.16    0.47
  74610.086     7.510     0.16    0.44
  74978.680     7.548     0.10    0.41
  75347.355     7.473    -0.20    0.46
  75716.111     7.383    -0.24    0.49
  76084.949     6.934    -1.22    1.17
  76453.868     6.200    -1.99    1.84
  76822.868     6.033    -0.45    1.98
  77191.950     6.044     0.03    2.07
  77561.113     6.432     1.05    2.07
  77930.358     7.527     2.96    0.43
  78299.684     7.462    -0.18    0.46
  78669.092     7.508     0.13    0.44
  79038.582     7.521     0.03    0.43
  79408.153     7.617     0.26    0.36
  79777.807     7.736     0.32    0.17
  80147.542     7.678    -0.16    0.29
  80517.359     7.655    -0.06    0.32
  80887.258     7.678     0.06    0.28
  81257.239     7.701     0.06    0.25
  81627.302     7.707     0.02    0.24
  81997.448     7.685    -0.06    0.27
  82367.675     7.609    -0.21    0.37
  82737.985     7.560    -0.13    0.41
  83108.377     7.584     0.06    0.39
  83478.852     7.638     0.15    0.34
  83849.409     7.682     0.12    0.28
  84220.048     7.756     0.20    0.10
  84590.770     7.766     0.03    0.00
  84961.574     7.766     0.00    0.00
  85332.462     7.766     0.00    0.00
  85703.431     7.766     0.00    0.00
  86074.484     7.766     0.00    0.00
  86445.619     7.766     0.00    0.00
  86816.837     7.766     0.00    0.00
  87188.138     7.766     0.00    0.00
  87559.522     7.766     0.00    0.00
  87930.989     7.766     0.00    0.00
  88302.540     7.766     0.00    0.00
  88674.173     7.766     0.00    0.00
  89045.889     7.766     0.00    0.00
  89417.689     7.766     0.00    0.00
  89789.572     7.766     0.00    0.00
  90161.538     7.766     0.00    0.00
  90533.588     7.766     0.00    0.00
  90905.721     7.766     0.00    0.00
  91277.938     7.766     0.00    0.00
  91650.238     7.766     0.00    0.00
  92022.622     7.766     0.00    0.00
  92395.089     7.766     0.00    0.00
  92767.641     7.766     0.00    0.00
  93140.276     7.766     0.00    0.00
  93512.995     7.766     0.00    0.00
  93885.798     7.766     0.00    0.00
  94258.684     7.766     0.00    0.00
  94631.655     7.766     0.00    0.00
  95004.710     7.766     0.00    0.00
  95377.849     7.766     0.00    0.00
  95751.072     7.766     0.00    0.00
  96124.380     7.766     0.00    0.00
  96497.771     7.766     0.00    0.00
  96871.248     7.766     0.00    0.00
  97244.808     7.766     0.00    0.00
  97618.453     7.766     0.00    0.00
  97992.182     7.766     0.00    0.00
  98365.997     7.766     0.00    0.00
  98739.895     7.766     0.00    0.00
  99113.879     7.766     0.00    0.00
  99487.947     7.766     0.00    0.00
  99862.100     7.766     0.00    0.00
 100236.338     7.766     0.00    0.00
 100610.660     7.766     0.00    0.00
 100985.068     7.766     0.00    0.00
 101359.561     7.766     0.00    0.00
 101734.139     7.766     0.00    0.00
 102108.802     7.766     0.00    0.00
 102483.550     7.766     0.00    0.00
 102858.383     7.766     0.00    0.00
 103233.302     7.766     0.00    0.00
 103608.306     7.766     0.00    0.00
 103983.396     7.766     0.00    0.00
 104358.571     7.766     0.00    0.00
 104733.831     7.766     0.00    0.00
 105109.178     7.766     0.00    0.00
 105484.610     7.766     0.00    0.00
 105860.127     7.766     0.00    0.00
 106235.731     7.766     0.00    0.00
 106611.420     7.766     0.00    0.00
 106987.195     7.766     0.00    0.00
 107363.056     7.766     0.00    0.00
 107739.003     7.766     0.00    0.00
 108115.037     7.766     0.00    0.00
 108491.156     7.766     0.00    0.00
 108867.361     7.766     0.00    0.00
 109243.653     7.766     0.00    0.00
 109620.031     7.766     0.00    0.00
 109996.496     7.766     0.00    0.00
 110373.047     7.766     0.00    0.00
 110749.684     7.766     0.00    0.00
 111126.408     7.766     0.00    0.00
 111503.218     7.766     0.00    0.00
 111880.116     7.766     0.00    0.00
 112257.099     7.766     0.00    0.00
 112634.170     7.766     0.00    0.00
 113011.328     7.766     0.00    0.00
 113388.572     7.766     0.00    0.00
 113765.903     7.766     0.00    0.00
 114143.322     7.766     0.00    0.00
 114520.827     7.766     0.00    0.00
 114898.420     7.766     0.00    0.00
 115276.100     7.766     0.00    0.00
 115653.867     7.766     0.00    0.00
 116031.721     7.766     0.00    0.00
 116409.663     7.766     0.00    0.00
 116787.692     7.766     0.00    0.00
 117165.808     7.766     0.00    0.00
 117544.012     7.766     0.00    0.00
 117922.304     7.766     0.00    0.00
 118300.684     7.766     0.00    0.00
 118679.151     7.766     0.00    0.00
 119057.706     7.766     0.00    0.00
 119436.349     7.766     0.00    0.00
 119815.079     7.766     0.00    0.00
 120193.898     7.766     0.00    0.00
 120572.805     7.766     0.00    0.00
 120951.800     7.766     0.00    0.00
 121330.883     7.766     0.00    0.00
 121710.054     7.766     0.00    0.00
 122089.313     7.766     0.00    0.00
 122468.661     7.766     0.00    0.00
 122848.097     7.766     0.00    0.00
 123227.622     7.766     0.00    0.00
 123607.235     7.766     0.00    0.00
 123986.937     7.766     0.00    0.00
 124366.727     7.766     0.00    0.00
 124746.607     7.766     0.00    0.00
 125126.574     7.766     0.00    0.00
 125506.631     7.766     0.00    0.00
 125886.777     7.766     0.00    0.00
 126267.011     7.766     0.00    0.00
 126647.335     7.766     0.00    0.00
 127027.747     7.766     0.00    0.00
 127408.249     7.766     0.00    0.00
 127788.840     7.766     0.00    0.00
 128169.520     7.766     0.00    0.00
 128550.290     7.766     0.00    0.00
 128931.148     7.766     0.00    0.00
 129312.097     7.766     0.00    0.00
 129693.134     7.766     0.00    0.00
 130074.262     7.766     0.00    0.00
 130455.479     7.766     0.00    0.00
 130836.785     7.766     0.00    0.00
 131218.182     7.766     0.00    0.00
 131599.668     7.766     0.00    0.00
 131981.244     7.766     0.00    0.00
 132358.567     7.766     0.00    0.00
 132723.240     7.766     0.00    0.00
 133087.994     7.766     0.00    0.00
 133452.829     7.766     0.00    0.00
 133817.744     7.766     0.00    0.00
 134182.740     7.766     0.00    0.00
 134547.817     7.766     0.00    0.00
 134912.975     7.766     0.00    0.00
 135278.213     7.766     0.00    0.00
 135643.533     7.766     0.00    0.00
 136008.933     7.766     0.00    0.00
 136374.415     7.766     0.00    0.00
 136739.977     7.766     0.00    0.00
 137105.621     7.766     0.00    0.00
 137471.346     7.766     0.00    0.00
 137837.152     7.766     0.00    0.00
 138203.040     7.766     0.00    0.00
 138569.008     7.766     0.00    0.00
 138935.059     7.766     0.00    0.00
 139301.191     7.766     0.00    0.00
 139667.404     7.766     0.00    0.00
 140033.699     7.766     0.00    0.00
 140400.075     7.766     0.00    0.00
 140766.534     7.766     0.00    0.00
 141133.074     7.766     0.00    0.00
 141499.695     7.766     0.00    0.00
 141866.399     7.766     0.00    0.00
 142233.185     7.766     0.00    0.00
 142600.052     7.766     0.00    0.00
 142967.002     7.766     0.00    0.00
 143334.033     7.766     0.00    0.00
 143701.147     7.766     0.00    0.00
 144068.343     7.766     0.00    0.00
 144435.621     7.766     0.00    0.00
 144802.982     7.766     0.00    0.00
 145170.424     7.766     0.00    0.00
 145537.950     7.766     0.00    0.00
 145905.557     7.766     0.00    0.00
 146273.247     7.766     0.00    0.00
 146641.020     7.766     0.00    0.00
 147008.876     7.766     0.00    0.00
 147376.814     7.766     0.00    0.00
 147744.834     7.766     0.00    0.00
 148112.938     7.766     0.00    0.00
 148481.124     7.766     0.00    0.00
 148849.394     7.766     0.00    0.00
 149217.746     7.766     0.00    0.00
 149586.181     7.766     0.00    0.00
 149954.700     7.766     0.00    0.00
 150323.301     7.766     0.00    0.00
 150691.986     7.766     0.00    0.00
 151060.754     7.766     0.00    0.00
 151429.605     7.766     0.00    0.00
 151798.539     7.766     0.00    0.00
 152167.557     7.766     0.00    0.00
 152536.659     7.766     0.00    0.00
 152905.843     7.766     0.00    0.00
 153275.112     7.766     0.00    0.00
 153644.464     7.766     0.00    0.00
 154013.900     7.766     0.00    0.00
 154383.419     7.766     0.00    0.00
 154753.022     7.766     0.00    0.00
 155122.710     7.766     0.00    0.00
 155492.481     7.766     0.00    0.00
 155862.336     7.766     0.00    0.00
 156232.275     7.766     0.00    0.00
 156602.298     7.766     0.00    0.00
 156972.405     7.766     0.00    0.00
 157342.596     7.766     0.00    0.00
 157712.872     7.766     0.00    0.00
 158083.232     7.766     0.00    0.00
 158453.676     7.766     0.00    0.00
 158824.205     7.766     0.00    0.00
 159194.818     7.766     0.00    0.00
 159565.516     7.766     0.00    0.00
 159936.298     7.766     0.00    0.00
 160307.165     7.766     0.00    0.00
 160678.117     7.766     0.00    0.00
 161049.154     7.766     0.00    0.00
 161420.275     7.766     0.00    0.00
 161791.481     7.766     0.00    0.00
 162162.772     7.766     0.00    0.00
 162534.148     7.766     0.00    0.00
 162905.609     7.766     0.00    0.00
 163277.156     7.766     0.00    0.00
 163648.787     7.766     0.00    0.00
 164020.504     7.766     0.00    0.00
 164392.306     7.766     0.00    0.00
 164764.193     7.766     0.00    0.00
 165136.166     7.766     0.00    0.00
 165508.224     7.766     0.00    0.00
 165880.367     7.766     0.00    0.00
 166252.597     7.766     0.00    0.00
 166624.911     7.766     0.00    0.00
 166997.312     7.766     0.00    0.00
 167369.798     7.766     0.00    0.00
 167742.370     7.766     0.00    0.00
 168115.028     7.766     0.00    0.00
 168487.772     7.766     0.00    0.00
 168860.602     7.766     0.00    0.00
 169233.518     7.766     0.00    0.00
 169606.520     7.766     0.00    0.00
 169979.608     7.766     0.00    0.00
 170352.782     7.766     0.00    0.00
 170726.043     7.766     0.00    0.00
 171099.390     7.766     0.00    0.00
 171472.823     7.766     0.00    0.00
 171846.343     7.766     0.00    0.00
 172219.949     7.766     0.00    0.00
 172593.642     7.766     0.00    0.00
 172967.422     7.766     0.00    0.00
 173341.288     7.766     0.00    0.00
 173715.241     7.766     0.00    0.00
 174089.281     7.766     0.00    0.00
 174463.408     7.766     0.00    0.00
 174837.621     7.766     0.00    0.00
 175211.922     7.766     0.00    0.00
 175586.309     7.766     0.00    0.00
 175960.784     7.766     0.00    0.00
 176335.346     7.766     0.00    0.00
 176709.995     7.766     0.00    0.00
 177084.732     7.766     0.00    0.00
 177459.556     7.766     0.00    0.00
 177834.467     7.766     0.00    0.00
 178209.465     7.766     0.00    0.00
 178584.552     7.766     0.00    0.00
 178959.726     7.766     0.00    0.00
 179334.987     7.766     0.00    0.00
 179710.336     7.766     0.00    0.00
 180085.773     7.766     0.00    0.00
 180461.298     7.766     0.00    0.00
 180836.911     7.766     0.00    0.00
 181212.611     7.766     0.00    0.00
 181588.400     7.766     0.00    0.00
 181964.277     7.766     0.00    0.00
 182340.242     7.766     0.00    0.00
 182716.295     7.766     0.00    0.00
 183092.436     7.766     0.00    0.00
 183468.666     7.766     0.00    0.00
 183844.984     7.766     0.00    0.00
 184221.390     7.766     0.00    0.00
 184597.885     7.766     0.00    0.00
 184974.469     7.766     0.00    0.00
 185351.141     7.766     0.00    0.00
 185727.902     7.766     0.00    0.00
 186104.752     7.766     0.00    0.00
 186481.690     7.766     0.00    0.00
 186858.718     7.766     0.00    0.00
 187235.834     7.766     0.00    0.00
 187613.039     7.766     0.00    0.00
 187990.334     7.766     0.00    0.00
 188367.717     7.766     0.00    0.00
 188745.190     7.766     0.00    0.00
 189122.752     6.468    -3.44    3.98
 189500.403     5.489    -2.59    4.96
