-172412.776   233.006     0.00    5.89
-172039.699   232.100    -2.43    5.82
-171666.708   231.327    -2.07    6.01
-171293.803   231.428     0.27    6.38
-170920.983   231.025    -1.08    5.71
-170548.249   233.606     6.93    6.89
-170175.601   236.854     8.72    8.10
-169803.038   241.911    13.58   10.33
-169430.561   245.422     9.43   11.04
-169058.170   249.519    11.00    9.28
-168685.863   251.208     4.54    7.89
-168313.642   251.832     1.68    6.88
-167941.506   250.683    -3.09    7.03
-167569.456   247.616    -8.24    6.62
-167197.490   245.835    -4.79    6.93
-166825.610   243.408    -6.53    6.47
-166453.815   241.463    -5.23    6.62
-166082.105   240.596    -2.33    6.60
-165710.479   238.949    -4.43    5.01
-165338.939   237.936    -2.73    3.67
-164967.483   238.418     1.30    2.96
-164596.112   239.701     3.46    3.06
-164224.825   240.361     1.78    3.04
-163853.624   240.263    -0.26    4.23
-163482.507   237.260    -8.09    6.92
-163111.474   231.808   -14.69    8.92
-162740.526   227.529   -11.54    8.60
-162369.662   223.518   -10.82    6.14
-161998.883   221.694    -4.92    4.00
-161628.187   221.656    -0.10    3.31
-161257.577   221.412    -0.66    3.15
-160887.050   220.433    -2.64    2.10
-160516.607   222.844     6.51    5.80
-160146.249   226.694    10.40    7.83
-159775.974   232.160    14.76    8.37
-159405.783   236.861    12.70    6.67
-159035.677   240.556     9.98    5.57
-158665.654   243.270     7.33    6.24
-158295.715   245.178     5.16    5.75
-157925.859   245.538     0.98    5.73
-157556.087   245.349    -0.51    5.17
-157186.399   244.241    -3.00    4.40
-156816.795   242.558    -4.55    5.04
-156447.274   241.057    -4.06    5.98
-156077.836   239.557    -4.06    6.18
-155708.482   237.899    -4.49    5.78
-155339.211   235.655    -6.08    5.61
-154970.023   233.065    -7.01    4.41
-154600.919   231.664    -3.80    3.32
-154231.897   233.131     3.97    5.53
-153862.959   235.391     6.13    6.69
-153494.104   235.891     1.36    6.69
-153125.332   234.546    -3.65    6.60
-152756.643   233.092    -3.94    6.31
-152388.036   230.004    -8.38    5.35
-152019.513   228.212    -4.86    3.10
-151651.072   228.194    -0.05    2.81
-151282.714   228.145    -0.13    2.62
-150914.438   228.810     1.80    2.88
-150546.246   227.516    -3.51    4.54
-150178.136   223.975    -9.62    6.87
-149810.108   220.729    -8.82    7.07
-149442.163   217.655    -8.36    6.04
-149074.300   214.844    -7.64    3.52
-148706.519   214.039    -2.19    2.58
-148338.821   212.731    -3.56    3.45
-147971.205   210.647    -5.67    4.29
-147603.671   208.856    -4.87    4.48
-147236.219   206.762    -5.70    4.91
-146868.849   203.654    -8.46    5.07
-146501.562   200.655    -8.17    5.19
-146134.356   195.981   -12.73    5.38
-145767.232   192.491    -9.51    4.75
-145400.190   189.761    -7.44    2.71
-145033.230   188.361    -3.82    1.54
-144666.351   187.524    -2.28    1.74
-144299.554   186.273    -3.41    2.01
-143932.839   184.940    -3.64    1.57
-143566.205   183.842    -3.00    1.22
-143199.653   182.789    -2.87    2.08
-142833.183   181.002    -4.88    3.35
-142466.793   178.683    -6.33    4.05
-142100.485   175.960    -7.44    3.96
-141734.259   173.296    -7.28    3.28
-141368.113   172.529    -2.09    3.52
-141002.049   172.371    -0.43    4.33
-140636.066   172.404     0.09    4.91
-140270.164   173.210     2.20    5.53
-139904.343   174.185     2.66    6.13
-139538.604   174.052    -0.36    6.04
-139172.945   173.606    -1.22    5.40
-138807.366   172.266    -3.67    4.15
-138441.869   171.293    -2.66    2.55
-138076.453   170.810    -1.32    1.57
-137711.117   171.452     1.76    2.09
-137345.862   172.998     4.24    2.56
-136980.687   174.428     3.92    2.25
-136615.593   175.359     2.55    1.46
-136250.579   175.871     1.40    1.08
-135885.646   175.576    -0.81    1.48
-135520.794   173.789    -4.90    2.98
-135154.972   170.567    -8.81    5.62
-134773.268   164.656   -15.49    8.15
-134391.653   158.695   -15.62    7.97
-134010.128   151.519   -18.81    6.74
-133628.692   146.270   -13.76    5.56
-133247.346   143.606    -6.98    4.69
-132866.089   143.371    -0.62    5.15
-132484.922   145.136     4.63    6.07
-132103.844   147.802     7.00    5.55
-131722.855   149.299     3.93    4.36
-131341.955   147.914    -3.64    5.02
-130961.144   143.773   -10.88    7.33
-130580.423   139.763   -10.53    7.44
-130199.790   135.087   -12.29    5.00
-129819.246   132.834    -5.92    3.27
-129438.791   131.507    -3.49    3.21
-129058.425   129.956    -4.08    3.10
-128678.147   127.408    -6.70    4.31
-128297.958   122.072   -14.04    8.10
-127917.858   114.192   -20.73   10.23
-127537.846   106.381   -20.56    9.78
-127157.923    97.950   -22.19    6.72
-126778.088    92.237   -15.04    6.67
-126398.341    86.299   -15.64    7.80
-126018.683    80.549   -15.15    8.47
-125639.113    76.869    -9.69    7.79
-125259.631    77.519     1.71    9.16
-124880.238    78.234     1.88   10.19
-124500.932    74.092   -10.92   13.41
-124121.714    67.933   -16.24   12.52
-123742.584    61.237   -17.66    6.48
-123363.542    60.627    -1.61    5.71
-122984.588    62.024     3.69    5.72
-122605.722    63.513     3.93    6.35
-122226.943    67.111     9.50    4.60
-121848.252    68.646     4.05    4.55
-121469.648    69.145     1.32    3.86
-121091.132    69.132    -0.04    3.03
-120712.704    70.204     2.84    2.74
-120334.363    70.846     1.70    2.39
-119956.109    70.900     0.14    2.24
-119577.942    70.032    -2.30    2.65
-119199.863    68.824    -3.20    2.69
-118821.871    68.072    -1.99    2.05
-118443.965    68.057    -0.04    1.64
-118066.147    69.057     2.65    2.12
-117688.416    71.091     5.39    2.30
-117310.772    72.910     4.82    2.17
-116933.214    74.869     5.19    2.33
-116555.744    77.480     6.92    3.63
-116178.360    81.992    11.96    5.94
-115801.063    87.010    13.30    6.97
-115423.852    92.412    14.32    6.24
-115046.728    98.577    16.35    6.55
-114669.691   103.898    14.11    6.86
-114292.739   111.131    19.19   10.65
-113915.875   121.080    26.40   14.17
-113539.096   133.431    32.78   17.02
-113162.404   146.006    33.38   16.72
-112785.798   155.812    26.04   15.30
-112409.278   161.156    14.19   14.84
-112032.845   165.126    10.55   13.88
-111656.497   167.546     6.43   11.96
-111280.235   167.992     1.19   11.28
-110904.060   169.820     4.86   10.87
-110527.970   172.408     6.88   10.02
-110151.966   177.136    12.57    9.52
-109776.047   183.300    16.40   10.36
-109400.214   189.898    17.56   11.40
-109024.467   197.167    19.35   10.56
-108648.806   204.606    19.80    7.91
-108273.230   207.929     8.85    6.06
-107897.739   205.459    -6.58   10.94
-107522.334   196.221   -24.61   17.61
-107147.014   185.214   -29.33   16.17
-106771.780   178.091   -18.98    8.97
-106396.630   177.234    -2.29    5.98
-106021.566   181.675    11.84    7.48
-105646.587   188.676    18.67    8.75
-105271.693   196.910    21.97   13.16
-104896.884   205.517    22.97   14.63
-104522.160   213.165    20.41   13.76
-104147.521   219.208    16.13   11.68
-103772.967   224.753    14.81    8.70
-103398.497   228.733    10.63    6.55
-103024.112   232.418     9.84    6.22
-102649.812   235.882     9.25    6.76
-102275.596   240.704    12.89    6.81
-101901.465   246.331    15.04    6.48
-101527.419   251.018    12.53    5.85
-101153.456   254.960    10.54    7.13
-100779.579   260.087    13.71   10.65
-100405.785   267.386    19.53   15.00
-100032.076   276.844    25.31   18.05
 -99658.451   282.528    15.21   15.94
 -99284.910   282.657     0.35   14.29
 -98911.453   276.586   -16.26   15.32
 -98538.080   263.075   -36.19   14.84
 -98164.791   250.965   -32.44   14.31
 -97791.586   241.564   -25.19   10.54
 -97418.465   236.636   -13.21    5.89
 -97045.428   235.596    -2.79    5.58
 -96672.475   238.440     7.62    6.48
 -96299.605   242.332    10.44    7.00
 -95926.819   246.923    12.32    6.01
 -95554.116   249.734     7.54    5.94
 -95181.497   252.041     6.19    5.79
 -94808.962   253.155     2.99    5.53
 -94436.510   252.660    -1.33    5.08
 -94064.141   251.018    -4.41    4.62
 -93691.855   247.919    -8.33    4.93
 -93319.653   243.339   -12.31    7.12
 -92947.534   234.902   -22.67   14.59
 -92575.498   221.804   -35.21   20.61
 -92203.546   213.096   -23.41   19.66
 -91831.676   209.176   -10.54   18.20
 -91459.889   212.398     8.67   19.02
 -91088.185   224.535    32.65   10.45
 -90716.564   230.606    16.34    4.18
 -90345.026   233.273     7.18    4.62
 -89973.571   231.369    -5.13    9.91
 -89602.198   227.152   -11.36   16.27
 -89230.908   220.216   -18.68   19.75
 -88859.701   217.748    -6.65   17.32
 -88488.576   220.146     6.46   14.85
 -88117.534   225.448    14.29   13.12
 -87746.574   231.980    17.61   12.48
 -87375.696   237.998    16.23    6.63
 -87004.901   242.385    11.83    4.96
 -86634.188   245.910     9.51    6.51
 -86263.557   248.647     7.38    6.72
 -85893.008   251.253     7.03    6.90
 -85522.542   253.071     4.91    6.79
 -85152.157   253.056    -0.04    6.13
 -84781.855   252.886    -0.46    7.03
 -84411.634   250.844    -5.52    8.30
 -84041.496   248.260    -6.98    9.70
 -83671.439   239.322   -24.15   19.45
 -83301.464   223.989   -41.45   28.05
 -82931.571   207.523   -44.52   28.60
 -82561.759   198.576   -24.19   23.95
 -82192.029   195.667    -7.87   24.89
 -81822.381   196.986     3.57   29.35
 -81452.814   192.196   -12.96   33.55
 -81083.329   184.818   -19.97   34.09
 -80713.925   172.391   -33.64   31.34
 -80344.602   159.798   -34.10   24.34
 -79975.361   154.263   -14.99   20.77
 -79606.201   148.904   -14.52   18.50
 -79237.122   145.776    -8.48   17.74
 -78868.124   145.806     0.08   19.32
 -78499.207   145.062    -2.02   25.59
 -78130.372   139.992   -13.74   27.04
 -77761.617   128.494   -31.18   26.42
 -77392.943   116.676   -32.06   20.60
 -77024.351   105.284   -30.91   12.48
 -76655.839    96.923   -22.69    8.60
 -76287.407    91.153   -15.66    8.20
 -75919.057    86.052   -13.85    7.14
 -75550.787    82.036   -10.90    6.51
 -75182.598    78.091   -10.71    5.49
 -74814.489    75.260    -7.69    4.23
 -74446.461    72.988    -6.17    3.44
 -74078.513    71.190    -4.88    2.63
 -73710.646    69.768    -3.87    1.59
 -73342.859    70.116     0.95    2.05
 -72975.153    72.963     7.74    6.12
 -72607.526    81.851    24.18   13.54
 -72239.980    94.616    34.73   18.76
 -71872.514   116.861    60.54   29.76
 -71505.128   139.332    61.17   38.55
 -71137.823   153.658    39.01   38.19
 -70770.597   157.626    10.81   31.99
 -70403.451   169.263    31.70   34.23
 -70036.385   188.916    53.54   42.88
 -69669.399   204.486    42.43   39.84
 -69302.492   212.586    22.08   28.47
 -68935.666   209.161    -9.34   27.53
 -68568.919   207.074    -5.69   27.60
 -68202.251   220.557    36.77   30.97
 -67835.664   238.998    50.31   23.64
 -67469.155   247.309    22.68   13.45
 -67102.727   245.516    -4.89   12.74
 -66736.377   241.055   -12.18   15.26
 -66370.107   239.081    -5.39   17.84
 -66003.917   236.804    -6.22   20.34
 -65637.805   234.072    -7.46   20.37
 -65271.773   226.101   -21.78   24.21
 -64905.820   215.406   -29.23   22.30
 -64539.946   211.366   -11.04   15.43
 -64174.151   210.688    -1.85   11.88
 -63808.436   214.299     9.88   10.62
 -63442.799   220.252    16.28    9.16
 -63077.241   226.146    16.12    9.67
 -62711.762   231.708    15.22    8.38
 -62346.362   237.626    16.20    9.31
 -61981.040   242.796    14.15   10.26
 -61615.798   248.812    16.47    8.54
 -61250.634   248.196    -1.69   10.61
 -60885.548   244.019   -11.44   12.54
 -60520.541   241.606    -6.61   11.32
 -60142.912   241.627     0.05   10.98
 -59761.468   244.626     7.86   11.21
 -59380.110   249.025    11.53   11.24
 -58998.841   249.686     1.74   11.76
 -58617.658   249.699     0.03   11.19
 -58236.562   253.586    10.20   11.64
 -57855.554   253.963     0.99   13.42
 -57474.632   254.616     1.71   16.41
 -57093.797   253.617    -2.62   18.42
 -56713.049   252.382    -3.24   17.91
 -56332.388   246.310   -15.95   20.12
 -55951.814   233.046   -34.85   26.62
 -55571.326   222.045   -28.91   29.66
 -55190.925   212.233   -25.80   29.30
 -54810.611   208.283   -10.39   27.47
 -54430.383   207.836    -1.18   23.64
 -54050.242   210.259     6.37   22.53
 -53670.187   216.182    15.58   23.74
 -53290.218   224.056    20.72   24.75
 -52910.336   227.909    10.14   22.63
 -52530.540   230.208     6.05   16.95
 -52150.829   229.091    -2.94   13.52
 -51771.206   229.266     0.46   11.89
 -51391.668   231.132     4.91   11.82
 -51012.216   234.229     8.16   11.57
 -50632.850   236.106     4.95    9.73
 -50253.570   237.346     3.27    8.07
 -49874.376   239.326     5.22    8.00
 -49495.267   242.879     9.37    9.02
 -49116.245   248.060    13.67    9.87
 -48737.307   253.768    15.06    9.52
 -48358.456   261.596    20.66    9.10
 -47979.690   267.515    15.63    8.28
 -47601.010   271.637    10.88    7.02
 -47222.414   272.216     1.53    8.59
 -46843.905   266.341   -15.52   12.53
 -46465.480   256.960   -24.79   14.76
 -46087.141   247.833   -24.12   13.95
 -45708.887   240.371   -19.73   10.28
 -45330.718   234.690   -15.02    8.53
 -44952.635   229.146   -14.66    9.42
 -44574.636   223.006   -16.24   12.07
 -44196.722   217.141   -15.52   12.73
 -43818.894   212.284   -12.86   11.91
 -43441.150   209.695    -6.85   12.59
 -43063.490   208.907    -2.09   13.11
 -42685.916   208.657    -0.66   13.35
 -42308.426   210.660     5.31   14.09
 -41931.021   215.052    11.64   13.27
 -41553.701   212.079    -7.88   16.19
 -41176.465   197.319   -39.13   22.28
 -40799.313   183.575   -36.44   19.84
 -40422.246   173.025   -27.98    9.59
 -40045.263   172.091    -2.48    7.03
 -39668.365   177.458    14.24    8.75
 -39291.550   184.270    18.08    9.13
 -38914.820   195.849    30.74   14.95
 -38538.174   205.426    25.43   16.72
 -38161.613   213.896    22.49   12.09
 -37785.135   217.452     9.44    8.70
 -37408.741   213.841    -9.59    9.16
 -37032.431   210.243    -9.56    7.10
 -36656.205   211.912     4.44    8.93
 -36280.062   215.705    10.08   10.38
 -35904.004   221.667    15.85   10.92
 -35528.029   227.577    15.72   13.93
 -35152.138   234.596    18.67   16.43
 -34776.330   241.446    18.23   15.02
 -34400.606   247.757    16.80   11.44
 -34024.965   253.919    16.41   10.59
 -33649.408   260.080    16.40   12.46
 -33273.934   265.676    14.91   11.19
 -32898.543   268.335     7.08    8.56
 -32523.236   266.266    -5.51    8.70
 -32148.011   262.627    -9.70    8.73
 -31772.870   257.086   -14.77    8.42
 -31397.812   251.912   -13.79    8.13
 -31022.837   244.412   -20.00   11.91
 -30647.945   237.408   -18.68   14.03
 -30273.136   230.056   -19.62   11.54
 -29898.410   225.828   -11.28    8.95
 -29523.767   224.794    -2.76    8.39
 -29149.206   226.535     4.65    8.61
 -28774.728   231.080    12.14   12.13
 -28400.333   240.666    25.60   19.39
 -28026.020   253.047    33.08   21.43
 -27651.790   263.657    28.35   16.76
 -27277.643   272.291    23.08   10.91
 -26903.577   276.126    10.25    9.76
 -26529.594   280.176    10.83   10.80
 -26155.694   284.166    10.67   10.79
 -25781.876   283.596    -1.53   10.92
 -25408.140   277.596   -16.05   14.18
 -25034.486   266.892   -28.65   14.72
 -24660.914   255.014   -31.80   14.14
 -24287.424   245.263   -26.11   14.14
 -23914.017   233.054   -32.70   16.25
 -23540.691   223.828   -24.71   15.66
 -23167.447   214.431   -25.18   11.36
 -22794.285   209.147   -14.16    8.45
 -22421.205   208.335    -2.18    7.87
 -22048.206   211.336     8.05   10.31
 -21675.290   216.965    15.09   11.62
 -21302.455   221.906    13.25   10.41
 -20929.701   225.606     9.93    7.33
 -20557.029   227.106     4.03    6.09
 -20184.438   224.252    -7.66   10.11
 -19811.929   216.912   -19.70   13.60
 -19439.502   209.576   -19.70   12.64
 -19067.155   204.859   -12.67   10.08
 -18694.890   206.433     4.23   11.25
 -18322.706   213.231    18.27   11.86
 -17950.603   217.776    12.21   10.25
 -17578.581   226.065    22.28   12.00
 -17206.641   233.111    18.95   14.57
 -16834.781   241.965    23.81   15.26
 -16463.002   247.856    15.85    8.30
 -16091.305   242.413   -14.65   13.42
 -15719.688   228.506   -37.42   20.64
 -15348.151   213.544   -40.27   20.28
 -14976.696   200.055   -36.31   13.26
 -14605.321   190.759   -25.03   10.60
 -14234.027   184.336   -17.30    8.67
 -13862.814   180.647    -9.94    6.72
 -13491.681   177.090    -9.58    5.97
 -13120.628   172.396   -12.65    9.68
 -12749.656   164.671   -20.82   10.66
 -12378.764   155.424   -24.93   10.97
 -12007.953   148.079   -19.81    9.81
 -11637.222   139.476   -23.21   14.05
 -11266.571   128.304   -30.14   17.26
 -10896.000   113.909   -38.85   18.09
 -10525.510   102.912   -29.68   14.50
 -10155.099    93.116   -26.45    6.92
  -9784.769    89.566    -9.59    3.45
  -9414.518    87.493    -5.60    3.05
  -9044.347    86.162    -3.60    4.16
  -8674.257    85.176    -2.66    4.59
  -8304.246    83.536    -4.43    3.88
  -7934.315    82.149    -3.75    2.89
  -7564.463    81.606    -1.47    2.61
  -7194.691    80.169    -3.89    2.56
  -6824.999    78.382    -4.83    2.31
  -6455.386    77.249    -3.06    1.74
  -6085.853    76.122    -3.05    0.89
  -5716.400    75.778    -0.93    0.95
  -5347.025    75.415    -0.98    0.99
  -4977.730    75.404    -0.03    0.99
  -4608.515    75.726     0.87    0.91
  -4239.378    76.121     1.07    0.80
  -3870.321    76.492     1.00    0.43
  -3501.343    76.606     0.31    0.00
  -3132.444    76.535    -0.19    0.41
  -2763.624    76.421    -0.31    0.68
  -2394.884    76.147    -0.74    1.37
  -2026.222    75.722    -1.15    2.00
  -1657.639    74.055    -4.52    4.19
  -1289.135    70.266   -10.28    7.98
   -920.709    54.096   -43.89   27.69
   -552.363    33.163   -56.83   33.31
   -184.095    12.596   -55.85   27.07
    184.095    -0.827   -36.46   12.23
    552.205    -2.914    -5.67    2.55
    920.237    -1.282     4.44    3.23
   1288.191     5.266    17.79   12.84
   1656.066    21.851    45.08   27.38
   2023.863    37.335    42.10   29.56
   2391.581    53.739    44.61   25.01
   2759.221    65.854    32.95   18.17
   3126.783    71.400    15.09   14.12
   3494.267    76.998    15.23   11.87
   3861.672    84.023    19.12   11.60
   4229.000    92.667    23.53   12.28
   4596.249   103.867    30.50   13.04
   4963.420   117.606    37.42   17.64
   5330.514   135.032    47.47   22.36
   5697.529   156.831    59.39   27.70
   6064.467   177.054    55.11   27.12
   6431.326   193.382    44.51   19.21
   6798.108   203.290    27.01   11.42
   7164.813   210.681    20.15   13.07
   7531.439   216.909    16.99   16.03
   7897.988   223.682    18.48   13.10
   8264.460   227.606    10.71   10.37
   8630.854   230.163     6.98    8.74
   8997.170   232.266     5.74    9.42
   9363.409   237.452    14.16   11.45
   9729.571   236.450    -2.74   15.23
  10095.655   230.950   -15.02   19.39
  10461.663   226.421   -12.37   20.67
  10827.592   225.730    -1.89   21.05
  11193.445   232.764    19.23   20.18
  11559.221   235.856     8.45   20.63
  11924.919   231.117   -12.96   26.82
  12290.541   216.392   -40.27   31.41
  12656.085   203.256   -35.94   25.12
  13021.553   199.245   -10.98   21.79
  13386.943   198.585    -1.80   18.65
  13752.257   205.835    19.84   19.71
  14117.494   211.270    14.88   22.35
  14490.373   212.912     4.41   23.13
  14871.649   216.637     9.77   24.44
  15252.840   219.887     8.53   25.49
  15633.947   224.666    12.54   25.21
  16014.968   223.670    -2.61   27.01
  16395.905   225.076     3.69   24.60
  16776.756   230.960    15.45   22.95
  17157.523   247.872    44.41   31.54
  17538.206   265.447    46.17   32.10
  17918.803   285.192    51.88   23.17
  18299.317   297.512    32.38   14.81
  18679.745   307.096    25.19   12.91
  19060.089   314.054    18.29   12.73
  19440.349   318.872    12.67   11.82
  19820.525   322.843    10.45   11.13
  20200.616   324.474     4.29   15.91
  20580.623   321.362    -8.19   18.69
  20960.545   317.002   -11.47   19.03
  21340.384   310.481   -17.17   16.94
  21720.138   306.035   -11.71   15.39
  22099.809   304.036    -5.26   14.38
  22479.396   304.249     0.56   16.50
  22858.898   303.989    -0.68   16.67
  23238.317   301.221    -7.30   13.52
  23617.652   297.678    -9.34    9.80
  23996.903   295.800    -4.95    8.40
  24376.071   295.897     0.25    7.44
  24755.155   298.208     6.10    8.61
  25134.155   304.617    16.91   14.05
  25513.072   315.823    29.57   18.95
  25891.905   327.328    30.37   19.32
  26270.655   330.637     8.74   17.80
  26649.322   323.143   -19.79   25.18
  27027.905   311.400   -31.02   29.07
  27406.405   303.330   -21.32   25.62
  27784.822   292.387   -28.92   22.33
  28163.155   288.512   -10.24   20.99
  28541.406   284.780    -9.87   16.32
  28919.574   284.122    -1.74   12.87
  29297.658   300.988    44.61   24.38
  29675.660   320.280    51.04   26.71
  30053.578   334.369    37.28   23.51
  30431.414   333.229    -3.02   30.70
  30809.168   329.544    -9.75   34.15
  31186.838   318.492   -29.26   32.05
  31564.426   311.759   -17.83   30.36
  31941.931   308.804    -7.83   27.53
  32319.354   303.617   -13.74   21.48
  32696.694   305.616     5.30   18.31
  33073.951   311.817    16.43   17.63
  33451.127   318.218    16.97   19.30
  33828.220   324.338    16.23   22.43
  34205.230   329.679    14.17   24.82
  34582.159   335.670    15.89   28.39
  34959.005   338.153     6.59   29.82
  35335.769   342.165    10.65   33.18
  35712.451   348.465    16.72   34.31
  36089.051   359.011    28.00   35.17
  36465.569   369.544    27.97   40.69
  36842.005   382.219    33.67   42.99
  37218.359   392.132    26.34   38.30
  37594.632   396.106    10.56   36.88
  37970.822   391.885   -11.22   35.66
  38346.931   385.411   -17.21   30.86
  38722.959   378.061   -19.55   23.50
  39098.904   368.748   -24.77   15.49
  39474.769   361.740   -18.64   12.93
  39850.551   356.325   -14.41   10.37
  40226.252   350.153   -16.43   13.80
  40601.872   340.532   -25.61   15.73
  40977.411   328.731   -31.42   11.76
  41352.868   322.596   -16.34    7.42
  41728.244   319.184    -9.09    3.09
  42103.539   318.989    -0.52    2.92
  42478.752   318.843    -0.39    2.80
  42853.885   320.406     4.17    4.98
  43228.936   327.196    18.10   11.95
  43603.907   337.773    28.21   17.96
  43978.797   348.627    28.95   16.01
  44353.605   353.231    12.28   10.57
  44728.333   352.346    -2.36    8.19
  45102.981   349.038    -8.83    5.12
  45477.547   349.802     2.04    6.11
  45852.033   352.821     8.06    7.12
  46226.438   355.541     7.27    6.02
  46600.763   356.070     1.41    6.53
  46975.007   355.740    -0.88    7.39
  47349.170   347.923   -20.89   14.29
  47723.253   337.769   -27.14   17.88
  48097.256   326.045   -31.35   17.06
  48471.179   314.328   -31.33    7.42
  48845.021   308.555   -15.44    4.91
  49218.783   303.998   -12.19    6.03
  49592.465   296.287   -20.63   10.26
  49966.067   287.733   -22.90   11.14
  50339.589   280.080   -20.49    8.38
  50713.031   276.276   -10.19    4.37
  51086.392   275.743    -1.43    2.52
  51459.674   277.210     3.93    2.44
  51832.876   278.080     2.33    1.49
  52205.999   277.492    -1.58    2.12
  52579.041   274.552    -7.88    4.51
  52952.004   270.349   -11.27    5.82
  53324.887   266.343   -10.74    5.34
  53697.691   264.390    -5.24    5.14
  54070.415   264.269    -0.32    6.18
  54443.059   263.970    -0.80    6.88
  54815.624   263.269    -1.88    7.36
  55188.110   260.882    -6.41    7.69
  55560.516   257.628    -8.74    7.16
  55932.844   253.117   -12.12    5.38
  56305.091   250.457    -7.14    3.71
  56677.260   248.383    -5.57    1.60
  57049.349   248.523     0.38    2.01
  57421.360   251.922     9.14    5.57
  57793.291   257.252    14.33    8.18
  58165.143   264.734    20.12    8.61
  58536.917   270.964    16.76    6.66
  58908.611   274.393     9.23    4.19
  59280.227   270.307   -11.00   10.32
  59651.764   260.795   -25.60   15.21
  60023.222   246.819   -37.62   17.28
  60394.601   232.595   -38.30   13.11
  60765.902   220.080   -33.70   12.77
  61137.124   210.069   -26.97   10.49
  61508.268   201.680   -22.60    7.69
  61879.333   195.637   -16.28    6.00
  62250.319   190.681   -13.36    5.09
  62621.227   186.419   -11.49    5.08
  62992.057   181.819   -12.40    5.25
  63362.809   177.343   -12.07    5.54
  63733.482   172.030   -14.33    5.60
  64104.077   167.679   -11.74    5.08
  64474.594   163.390   -11.57    4.31
  64845.033   159.808    -9.67    4.03
  65215.394   156.573    -8.74    3.28
  65585.677   153.794    -7.51    3.02
  65955.881   151.283    -6.78    2.75
  66326.008   148.700    -6.98    3.17
  66696.057   146.436    -6.12    3.04
  67066.029   144.217    -6.00    2.49
  67435.922   142.534    -4.55    2.15
  67805.738   141.053    -4.00    2.06
  68175.476   139.752    -3.52    1.93
  68545.136   138.426    -3.59    1.10
  68914.719   137.830    -1.61    0.55
  69284.224   137.606    -0.60    0.00
  69653.652   137.606     0.00    0.00
  70023.003   137.606     0.00    0.00
  70392.276   137.606     0.00    0.00
  70761.471   137.606     0.00    0.00
  71130.590   137.606     0.00    0.00
  71499.631   137.542    -0.17    0.25
  71868.595   137.255    -0.78    0.60
  72237.482   136.806    -1.22    0.88
  72606.292   136.161    -1.75    1.06
  72975.024   135.315    -2.29    1.13
  73343.680   134.460    -2.32    1.07
  73712.259   133.658    -2.18    1.15
  74080.761   133.074    -1.59    1.12
  74449.186   132.429    -1.75    1.12
  74817.534   131.838    -1.61    1.17
  75185.805   131.280    -1.51    1.11
  75554.000   131.006    -0.74    0.96
  75922.118   130.780    -0.61    0.78
  76290.160   130.700    -0.22    0.70
  76658.125   130.476    -0.61    0.67
  77026.013   130.061    -1.13    0.84
  77393.825   129.746    -0.86    0.79
  77761.560   129.533    -0.58    0.74
  78129.219   129.479    -0.15    0.69
  78496.802   129.533     0.15    0.64
  78864.309   129.792     0.70    0.62
  79231.739   130.219     1.16    0.69
  79599.093   130.743     1.43    0.99
  79966.371   131.698     2.60    1.40
  80333.573   132.925     3.34    1.74
  80700.698   134.206     3.49    1.64
  81067.748   135.648     3.93    1.55
  81434.722   136.897     3.40    1.38
  81801.620   138.158     3.44    1.45
  82168.442   139.143     2.68    1.54
  82535.188   139.972     2.26    1.74
  82901.858   140.290     0.87    2.00
  83268.453   140.295     0.01    2.38
  83634.972   139.990    -0.83    2.60
  84001.416   139.477    -1.40    2.55
  84367.783   138.827    -1.77    2.18
  84734.076   138.181    -1.77    1.59
  85100.292   137.712    -1.28    1.10
  85466.434   137.122    -1.61    0.78
  85832.500   136.585    -1.47    1.10
  86198.490   135.887    -1.91    1.34
  86564.406   134.955    -2.55    1.42
  86930.246   133.838    -3.05    1.36
  87296.010   132.881    -2.62    1.17
  87661.700   131.804    -2.94    1.12
  88027.315   130.745    -2.90    1.38
  88392.854   129.287    -3.99    1.91
  88758.318   127.585    -4.66    2.31
  89126.819   125.452    -5.79    2.22
  89507.927   123.638    -4.76    2.07
  89888.953   121.780    -4.87    1.77
  90269.896   120.191    -4.17    1.73
  90650.756   118.649    -4.05    1.80
  91031.533   117.406    -3.26    1.50
  91412.228   116.337    -2.81    1.02
  91792.840   115.680    -1.73    0.75
  92173.370   114.957    -1.90    1.03
  92553.818   114.112    -2.22    1.20
  92934.183   112.964    -3.02    1.43
  93314.465   111.869    -2.88    1.47
  93694.666   110.521    -3.55    1.59
  94074.784   109.457    -2.80    1.54
  94454.820   108.385    -2.82    1.46
  94834.774   107.638    -1.97    1.44
  95214.646   106.775    -2.27    1.53
  95594.436   105.943    -2.19    1.62
  95974.144   104.979    -2.54    1.45
  96353.770   104.362    -1.63    1.33
  96733.314   103.427    -2.46    1.46
  97112.777   103.117    -0.82    1.50
  97492.157   103.085    -0.08    1.52
  97871.456   103.670     1.54    1.62
  98250.674   104.649     2.58    1.64
  98629.809   105.745     2.89    1.46
  99008.864   106.691     2.50    1.05
  99387.836   107.245     1.46    0.65
  99766.728   107.542     0.79    0.29
 100145.538   107.628     0.22    0.15
 100524.266   107.659     0.08    0.23
 100902.914   107.660     0.00    0.23
 101281.480   107.606    -0.14    0.29
 101659.965   107.423    -0.48    0.46
 102038.369   106.968    -1.20    0.80
 102416.691   106.393    -1.52    1.06
 102794.933   105.425    -2.56    1.34
 103173.094   104.564    -2.28    1.28
 103551.174   103.489    -2.84    1.31
 103929.173   102.542    -2.50    1.33
 104307.091   101.479    -2.81    1.32
 104684.928   100.574    -2.39    1.18
 105062.685    99.628    -2.51    1.07
 105440.361    98.921    -1.87    1.07
 105817.956    98.269    -1.73    1.10
 106195.471    97.585    -1.81    1.10
 106572.906    96.893    -1.83    0.95
 106950.260    96.479    -1.10    0.85
 107327.533    95.915    -1.49    0.72
 107704.726    95.459    -1.21    0.92
 108081.839    94.682    -2.06    1.19
 108458.872    93.830    -2.26    1.01
 108835.824    93.112    -1.90    0.69
 109212.696    92.925    -0.49    0.47
 109589.488    93.170     0.65    0.61
 109966.201    93.617     1.19    0.70
 110342.833    94.096     1.27    0.63
 110719.385    94.520     1.13    0.72
 111095.857    95.245     1.92    1.11
 111472.249    96.059     2.16    1.61
 111848.562    96.889     2.21    1.83
 112224.795    97.964     2.86    2.29
 112600.948    99.058     2.91    2.59
 112977.021    99.964     2.41    2.71
 113353.015   100.508     1.45    2.61
 113728.930   100.213    -0.79    2.02
 114104.764    99.943    -0.72    1.49
 114480.520   100.406     1.23    2.17
 114856.196   101.408     2.67    2.65
 115231.792   102.543     3.02    2.44
 115607.310   103.618     2.86    1.96
 115982.748   104.404     2.09    1.97
 116358.107   104.764     0.96    1.89
 116733.386   105.158     1.05    1.84
 117108.587   105.528     0.99    1.57
 117483.708   105.825     0.79    1.42
 117858.751   106.395     1.52    1.50
 118233.715   107.085     1.84    1.53
 118608.599   108.157     2.86    1.28
 118983.405   109.117     2.56    1.54
 119358.132   110.134     2.71    1.62
 119732.780   111.227     2.92    1.59
 120107.350   112.068     2.24    1.37
 120481.841   112.869     2.14    1.21
 120856.253   113.821     2.54    1.19
 121230.587   114.957     3.03    1.36
 121604.842   116.000     2.79    1.48
 121979.019   117.372     3.67    1.51
 122353.117   118.595     3.27    1.51
 122727.137   120.011     3.78    1.53
 123101.079   121.273     3.38    1.48
 123474.942   122.787     4.05    1.68
 123848.727   124.434     4.41    2.08
 124222.434   126.520     5.58    2.53
 124596.063   128.690     5.81    2.65
 124969.614   130.824     5.71    2.49
 125343.086   132.859     5.45    2.24
 125716.481   134.705     4.94    2.04
 126089.798   136.648     5.20    2.06
 126463.037   138.517     5.01    2.12
 126836.198   140.712     5.88    2.48
 127209.281   142.845     5.72    2.41
 127582.287   145.069     5.96    2.48
 127955.215   147.192     5.69    2.20
 128328.065   149.248     5.51    2.32
 128700.838   150.991     4.67    2.13
 129073.533   152.669     4.50    1.99
 129446.150   154.215     4.15    1.99
 129818.690   156.477     6.07    2.76
 130191.153   158.734     6.06    3.41
 130563.539   162.064     8.94    3.92
 130935.847   165.411     8.99    4.25
 131308.077   169.255    10.33    4.28
 131680.231   172.191     7.89    3.56
 132052.307   174.746     6.87    2.31
 132424.307   176.106     3.66    1.45
 132796.229   176.817     1.91    0.88
 133168.074   177.191     1.01    0.54
 133539.842   177.390     0.54    0.60
 133911.534   177.038    -0.95    1.39
 134283.148   178.017     2.64    3.02
 134654.686   180.325     6.21    4.18
 135026.147   183.061     7.36    3.82
 135397.531   185.269     5.95    2.78
 135768.838   186.804     4.13    2.08
 136140.069   188.191     3.74    2.04
 136511.223   189.298     2.98    1.97
 136882.301   190.606     3.53    1.68
 137253.302   191.499     2.41    1.34
 137624.226   192.151     1.76    0.88
 137995.074   192.319     0.45    0.74
 138365.846   192.231    -0.24    0.70
 138736.542   191.933    -0.81    1.14
 139107.161   191.529    -1.09    1.64
 139477.704   191.276    -0.68    1.89
 139848.171   190.163    -3.01    3.05
 140218.562   188.918    -3.36    3.48
 140588.876   188.572    -0.94    3.01
 140959.115   188.819     0.67    2.70
 141329.278   189.672     2.30    2.39
 141699.364   190.649     2.64    1.58
 142069.375   191.198     1.48    1.38
 142439.310   192.150     2.57    1.61
 142809.169   193.287     3.07    1.99
 143178.952   195.178     5.11    2.72
 143548.660   197.255     5.62    3.26
 143918.292   198.958     4.61    2.60
 144287.848   199.670     1.93    2.03
 144657.329   199.802     0.36    1.68
 145026.734   199.950     0.40    1.44
 145396.064   200.816     2.34    1.73
 145765.318   202.488     4.53    2.20
 146134.497   203.496     2.73    1.74
 146503.601   203.069    -1.16    2.18
 146872.629   202.026    -2.83    2.69
 147241.582   200.835    -3.23    2.21
 147610.460   200.776    -0.16    2.34
 147979.262   201.925     3.11    3.11
 148347.990   202.639     1.93    3.14
 148716.642   202.362    -0.75    3.47
 149085.220   200.979    -3.75    3.63
 149453.722   199.164    -4.92    3.06
 149822.150   197.520    -4.46    2.54
 150190.502   196.101    -3.85    3.06
 150558.780   195.638    -1.26    4.62
 150926.983   195.182    -1.24    7.84
 151295.111   194.454    -1.98   13.93
 151663.164   192.370    -5.66   18.47
 152031.143   170.155   -60.36   51.32
 152399.047   139.778   -82.56   64.82
 152766.877   113.095   -72.53   56.40
 153134.632   111.170    -5.23   56.81
 153502.313   137.146    70.64   63.45
 153869.919   170.617    91.04   52.74
 154237.451   189.777    52.12   32.95
 154604.908   166.542   -63.22   54.56
 154972.291   139.036   -74.86   60.69
 155339.600   111.650   -74.55   52.30
 155706.834   110.327    -3.60   49.54
 156073.995   125.417    41.10   52.94
 156441.081   150.692    68.85   52.94
 156808.093   175.406    67.33   38.31
 157175.032   186.149    29.27   29.39
 157541.896   186.629     1.31   29.80
 157908.686   189.021     6.52   28.39
 158275.402   187.651    -3.74   29.21
 158642.045   191.150     9.54   26.37
 159008.613   189.284    -5.09   27.34
 159375.108   189.517     0.64   26.87
 159741.529   190.230     1.94   26.93
 160107.877   195.027    13.09   24.39
 160474.151   203.746    23.80   20.14
 160840.351   209.342    15.28   15.26
 161206.478   214.993    15.43   11.28
 161572.531   219.932    13.49    7.12
 161938.510   224.370    12.12    3.79
 162304.417   227.226     7.80    2.99
 162670.250   229.840     7.15    2.53
 163036.009   232.176     6.39    2.88
 163401.695   234.932     7.54    3.29
 163767.309   237.726     7.64    3.45
 164147.109   240.984     8.58    3.49
 164527.972   244.940    10.38    4.99
 164908.753   251.451    17.10    8.72
 165289.454   264.542    34.38   22.00
 165670.075   296.254    83.31   48.64
 166050.615   330.509    90.01   56.97
 166431.075   360.799    79.60   44.85
 166811.455   365.757    13.03   38.66
 167191.754   337.375   -74.62   51.21
 167571.973   302.106   -92.75   46.20
 167952.112   270.748   -82.48   28.08
 168332.171   258.273   -32.82   14.37
 168712.150   260.911     6.94   17.73
 169092.048   272.413    30.27   21.59
 169471.867   285.530    34.53   19.26
 169851.606   293.445    20.84   12.28
 170231.265   294.929     3.91    9.17
 170610.844   292.716    -5.83   12.09
 170990.343   297.294    12.06   30.59
 171369.763   313.046    41.51   50.35
 171749.103   342.929    78.77   64.50
 172128.363   359.440    43.53   65.68
 172507.544   379.337    52.47   62.63
 172886.645   399.202    52.39   57.76
 173265.667   412.262    34.45   61.31
 173644.610   422.163    26.12   58.90
 174023.473   439.159    44.86   52.60
 174402.256   462.235    60.91   43.10
 174780.961   473.993    31.04   37.34
 175159.586   483.921    26.22   31.50
 175538.132   487.585     9.68   30.36
 175916.599   492.848    13.90   27.41
 176294.987   498.585    15.16   21.52
 176673.295   502.951    11.54   14.92
 177051.525   507.606    12.31    8.99
 177429.676   509.710     5.56    9.89
 177807.748   515.380    15.00    9.97
 178185.741   523.004    20.17    9.96
 178563.655   530.596    20.09   11.24
 178941.491   539.970    24.81    9.30
 179319.248   549.294    24.68   11.11
 179696.926   557.388    21.43    9.42
 180074.526   560.079     7.13   15.43
 180452.047   561.606     4.04   20.76
 180829.490   568.219    17.52   21.11
 181206.854   578.106    26.20   19.42
 181584.140   590.036    31.62   19.85
 181961.347   604.304    37.82   18.32
 182338.476   622.187    47.41   24.31
 182715.527   640.909    49.65   23.29
 183092.500   662.402    57.01   25.15
 183469.394   684.943    59.80   24.63
 183846.211   706.682    57.68   26.09
 184222.949   724.164    46.40   24.48
 184599.609   733.498    24.78   36.73
 184976.192   731.571    -5.11   50.42
 185352.696   722.041   -25.31   51.23
 185729.123   714.746   -19.38   40.87
 186105.472   709.606   -13.65   26.10
 186481.743   714.292    12.45   19.78
 186857.936   726.867    33.42   19.54
 187234.052   743.699    44.75   19.79
 187610.089   761.693    47.84   21.36
 187986.050   774.978    35.33   13.76
 188361.933   771.889    -8.22   16.20
 188737.738   757.434   -38.46   25.89
 189113.466   733.008   -65.00   29.54
 189489.116   710.055   -61.10   24.06
 189864.690   690.998   -50.73   20.00
 190240.186   675.506   -41.25   16.15
 190615.604   663.875   -30.98   14.26
 190990.946   654.940   -23.80   15.24
 191366.210   645.904   -24.07   15.15
 191741.397   638.384   -20.04   14.74
 192116.507   632.595   -15.43   13.82
 192491.540   625.584   -18.69   17.19
 192866.496   616.332   -24.67   19.99
 193241.375   604.193   -32.37   22.18
 193616.178   591.573   -33.67   20.59
 193990.903   579.983   -30.93   24.89
 194365.552   557.672   -59.54   35.73
 194740.124   552.639   -13.44   34.65
 195114.619   552.362    -0.74   34.78
 195489.037   561.294    23.85   34.40
 195863.379   578.551    46.09   25.19
 196237.645   590.639    32.29   13.27
 196611.834   600.673    26.81   12.39
 196985.946   613.508    34.30   17.69
 197359.982   629.887    43.78   22.33
 197733.942   645.052    40.55   21.50
 198107.826   661.027    42.72   15.35
 198481.633   670.854    26.28   12.48
 198855.364   680.959    27.03   12.03
 199229.018   691.171    27.33   15.19
 199602.597   705.254    37.69   18.24
 199976.099   722.585    46.39   23.24
 200349.526   743.032    54.75   23.99
 200722.876   760.995    48.11   23.30
 201096.151   776.250    40.86   20.00
 201469.349   783.705    19.97   21.78
 201842.472   776.606   -19.02   36.44
 202215.519   753.671   -61.47   50.19
 202588.490   727.025   -71.43   44.44
 202961.386   710.117   -45.34   27.30
 203334.205   709.943    -0.47   18.54
 203706.950   726.914    45.52   29.24
 204079.618   750.765    63.99   35.85
 204452.211   777.705    72.29   38.09
 204824.729   783.890    16.60   36.58
 205197.171   757.370   -71.20   61.68
 205569.537   712.913  -119.37   69.76
 205941.829   659.434  -143.63   47.00
 206314.045   629.197   -81.22   24.35
 206686.185   612.914   -43.75   13.00
 207058.251   606.417   -17.46   11.61
 207430.241   604.778    -4.41   11.53
 207802.157   606.895     5.69   11.13
 208173.997   612.402    14.81   10.02
 208545.762   611.266    -3.06   16.21
 208917.452   597.384   -37.34   33.44
 209289.067   585.672   -31.51   36.63
 209660.607   575.473   -27.45   33.04
 210032.073   570.606   -13.10   27.57
 210403.463   579.781    24.70   30.98
 210774.779   595.380    42.01   38.72
 211146.020   612.909    47.21   45.10
 211517.186   642.187    78.87   43.61
 211888.278   668.186    70.05   24.05
 212259.295   671.704     9.48   20.09
 212630.238   670.269    -3.87   19.45
 213001.106   671.802     4.13   18.09
 213371.900   676.707    13.23   19.55
 213742.619   689.889    35.55   14.08
 214113.264   698.337    22.79    9.67
 214483.834   705.840    20.24    7.45
 214854.330   711.255    14.61    7.26
 215224.752   718.074    18.41   10.59
 215595.100   725.617    20.37   13.25
 215965.374   736.417    29.16   16.28
 216335.573   748.178    31.76   18.29
 216705.699   760.572    33.48   17.57
 217075.750   773.802    35.75   18.96
 217445.728   788.141    38.75   18.43
 217815.631   805.921    48.06   23.87
 218185.461   826.443    55.48   24.89
 218555.217   846.161    53.32   28.32
 218924.899   862.617    44.51   30.88
 219294.507   873.815    30.29   34.59
 219664.042   884.563    29.08   40.19
 220033.503   889.806    14.19   43.11
 220402.890   894.595    12.96   43.67
 220772.204   897.842     8.79   41.43
 221141.444   905.451    20.60   40.22
 221510.611   915.951    28.44   39.23
 221879.704   939.856    64.76   51.35
 222248.724   974.836    94.78   65.88
 222617.671  1008.466    91.14   77.45
 222986.544  1052.023   118.06   81.45
 223355.344  1102.004   135.50   79.83
 223724.070  1145.356   117.55   71.07
 224092.724  1189.672   120.19   76.18
 224461.304  1238.140   131.48  100.64
 224829.811  1282.079   119.22  117.16
 225198.246  1335.692   145.49  139.81
 225566.607  1373.406   102.37  141.18
 225934.895  1392.617    52.15  120.57
 226303.110  1389.959    -7.22  101.25
 226671.253  1355.507   -93.57  110.97
 227039.322  1313.188  -114.96  127.09
 227407.319  1279.695   -91.00  125.74
 227775.243  1241.560  -103.63  137.63
 228143.094  1215.421   -71.04  146.48
 228510.873  1187.242   -76.61  143.67
 228878.579  1152.650   -94.06  102.01
 229246.212  1145.424   -19.65   80.40
 229613.773  1158.117    34.53   73.89
 229981.262  1178.955    56.69   70.71
 230348.677  1215.152    98.50   72.81
 230716.021  1262.673   129.34   80.16
 231083.292  1316.560   146.70   82.79
 231450.491  1347.969    85.52   86.27
 231817.617  1362.582    39.80   81.60
 232184.672  1368.228    15.38   89.46
 232551.654  1339.309   -78.79  110.28
 232918.564  1326.235   -35.62  118.59
 233285.401  1331.055    13.13  125.74
 233652.167  1354.650    64.32  134.09
 234018.861  1386.368    86.48  137.02
 234385.482  1446.306   163.46  132.27
 234752.032  1486.156   108.70  125.13
 235118.510  1524.806   105.45  109.86
 235484.916  1543.498    51.00  108.20
 235851.250  1544.327     2.26  115.07
 236217.513  1494.683  -135.52  126.50
 236583.703  1433.136  -168.05  122.06
 236949.822  1371.851  -167.36  112.49
 237315.869  1293.664  -213.56  118.50
 237681.845  1196.200  -266.27  123.59
 238047.749  1129.595  -182.00   88.55
 238413.582  1119.650   -27.18   74.43
 238789.278  1164.695   119.88  110.43
 239169.976  1265.848   265.66  136.05
 239550.596  1379.112   297.52  129.72
 239931.137  1441.562   164.08  101.09
 240311.600  1429.135   -32.66  124.19
 240691.984  1337.806  -240.05  176.15
 241072.290  1207.651  -342.18  164.65
 241452.518  1098.419  -287.23  128.36
 241832.668  1022.707  -199.13   75.82
 242212.740   982.335  -106.21   35.16
 242592.734   979.572    -7.27   27.85
 242972.649  1004.867    66.57   59.32
 243352.487  1056.757   136.59  100.49
 243732.247  1107.335   133.16  121.87
 244111.929  1164.304   150.02  139.32
 244491.533  1202.921   101.71  131.20
 244871.059  1228.487    67.35  122.30
 245250.508  1250.332    57.56  117.92
 245629.878  1274.230    62.98  119.08
 246009.172  1299.749    67.27  115.75
 246388.387  1323.002    61.31  110.37
 246767.526  1339.962    44.73  105.73
 247146.586  1366.924    71.12  108.52
 247525.569  1407.528   107.12  125.11
 247904.475  1473.118   173.07  138.77
 248283.304  1499.288    69.07  114.76
 248662.055  1515.078    41.68  104.90
 249040.729  1488.727   -69.57  118.01
 249419.325  1402.848  -226.79  117.67
 249797.845  1359.217  -115.24  112.23
 250176.287  1313.404  -121.04   73.86
 250554.652  1314.562     3.06   62.60
 250932.940  1353.617   103.22   86.96
 251311.152  1360.817    19.03   84.71
 251689.286  1362.123     3.45   84.27
 252067.344  1349.273   -33.98   91.03
 252445.324  1314.351   -92.37  111.17
 252823.228  1260.220  -143.21  126.73
 253201.055  1165.859  -249.70  129.53
 253578.805  1073.504  -244.44  137.55
 253956.479   987.206  -228.46  120.92
 254334.076   934.820  -138.71   75.22
 254711.597   936.428     4.26   68.46
 255089.041  1003.284   177.09  111.33
 255466.408  1078.217   198.53  125.85
 255843.699  1165.824   232.15  165.66
 256220.914  1244.940   209.70  171.17
 256598.052  1308.595   168.75  176.98
 256975.115  1373.162   171.20  161.11
 257352.100  1429.491   149.39  147.72
 257729.010  1495.266   174.48  142.05
 258105.844  1563.882   182.05  151.70
 258482.601  1606.618   113.41  153.40
 258859.282  1631.698    66.57  146.22
 259235.888  1630.708    -2.63  120.06
 259612.417  1621.382   -24.76  118.07
 259988.871  1578.306  -114.40  114.07
