# NaN NaN NaN ;Mean Elev.(m), Avg Gradient(m/km), RMS Gradient(m/km) - SRTM1     
#  103.133  -1.488   8.464 ;Mean Elev.(m), Avg Gradient(m/km), RMS Gradient(m/km) - ASTER GDEM
#  120.686  -2.844   6.788 ;Mean Elev.(m), Avg Gradient(m/km), RMS Gradient(m/km) - GMTED2010 
  8 238.069501  62.035388   145.619   141.045 11 52497.21002780 19.226
 10 238.058668  62.036803   160.995   161.061 13 52567.21003863  9.975
 11 238.058821  62.041265   150.728   147.544  7 52602.21004408 11.279
 12 238.044391  62.041875   144.291   139.646  6 52637.21001305  9.240
 13 238.060533  62.038844   150.123   152.684 10 52672.21001505 10.709
 14 238.049442  62.042664   153.900   154.200  9 52707.21001829  4.446
 15 238.054524  62.043522   160.290   159.858  8 52742.21004987  3.373
 16 238.072486  62.042735   123.737   123.737  2 52777.20999080 45.838
 17 238.039884  62.045328   163.054   163.286  7 52812.21007137 10.353
 18 238.041884  62.047086   113.339   113.362  5 52847.21012620 47.481
 19 238.056770  62.037570   164.428   163.776 13 52882.21016059  7.863
 20 238.073358  62.032549   163.418   163.776 11 52917.21011613  9.598
 21 238.048979  62.041469   124.156   125.692  6 52952.21007983 40.899
 22 238.068432  62.034319   155.378   157.542 11 52987.21009276  7.808
 23 238.070152  62.037180   153.972   154.587  8 53022.21008201  4.747
 24 238.058437  62.041202   158.726   159.303  9 53057.21007481  3.187
 25 238.058806  62.040955   153.200   154.187  8 53092.21011260  4.510
 26 238.054789  62.037595   165.267   164.151 13 53127.21008306  9.931
 27 238.048427  62.042646   163.654   163.470  9 53162.21014775  9.685
 28 238.069767  62.025658   113.256   112.949  6 53197.21014338 39.517
 29 238.075746  62.030237   165.139   165.258 12 53232.21012287  5.573
 30 238.073733  62.037831   119.953   118.149  7 53267.21009321 45.633
 31 238.037270  62.045659   126.889   132.183  4 53302.21014961 34.434
 32 238.064165  62.034975   136.310   138.818  9 53337.21011696 34.107
 33 238.077078  62.035284   148.966   150.429  9 53372.21005196  5.694
 35 238.075163  62.034542   160.956   160.156  9 53442.21007483  1.237
 36 238.035856  62.053868   160.005   160.005  2 53477.21015013  0.343
 37 238.060561  62.034748   165.888   164.812 13 53512.21015816 11.749
 38 238.056847  62.039947   119.747   120.901 11 53547.21017675 46.214
 39 238.070551  62.030305   113.294   113.410  9 53582.21014454 45.637
 40 238.072783  62.033612   121.918   122.081 11 53617.21010067 45.813
 41 238.054066  62.039197   121.743   119.445 11 53652.21011978 43.238
 42 238.057719  62.036653   133.749   134.553 11 53687.21012248 35.823
 43 238.077531  62.034237   161.460   160.946  8 53722.21004697  1.681
 44 238.058852  62.036660   160.414   160.820 13 53757.20998075  3.487
 45 238.066058  62.039337   155.953   156.903  8 53792.21000570  3.485
 46 238.048000  62.042348   156.708   157.864  9 53827.20997201  3.367
 47 238.047193  62.042183   147.556   139.650  9 53862.21005929 21.848
 48 238.059359  62.034781   166.050   165.731 13 53897.21007919 11.056
 49 238.054757  62.032957   114.392   114.392  2 53932.21012780 46.339
 50 238.070496  62.022029   113.031   113.054  5 53967.21009975 44.543
 51 238.042473  62.043713   161.957   161.746  7 54002.21006931  4.981
 52 238.058514  62.037405   133.682   134.838  7 54037.21010587 44.964
 53 238.059456  62.041667   155.646   157.853  8 54072.21010091  2.896
 54 238.071037  62.040044   157.194   156.847  6 54107.21005027  2.140
 55 238.045563  62.047741   157.070   157.298  5 54142.21003714  1.348
 56 238.059159  62.047937   157.186   157.186  2 54177.21003422  0.540
 57 238.051664  62.040524   163.090   163.328 11 54212.21004283  2.837
 58 238.058325  62.036214   165.553   164.860 13 54247.21007118  8.931
 60 238.067454  62.033768   164.835   164.692 13 54317.21007824  4.455
 61 238.070596  62.035653   129.342   131.510  8 54352.21004465 34.636
 62 238.056758  62.040235   124.226   120.950 10 54387.21001918 44.292
 63 238.066579  62.036747   148.436   141.807  7 54422.20999462 17.017
 64 238.047539  62.042201   157.857   158.304  8 54457.20999338  4.689
 65 238.064550  62.039598   159.189   159.302  8 54492.20999763  4.384
 66 238.053544  62.042121   159.854   160.049  9 54527.21000595  3.539
 67 238.072521  62.031744   164.582   164.871 12 54562.21000412  2.418
 68 238.061218  62.035502   165.756   164.995 12 54597.21000048 14.476
 69 238.060014  62.035852   123.019   122.671 12 54632.21001382 44.458
 70 238.069448  62.024712   112.773   112.590  6 54667.21001731 35.513
 71 238.075546  62.031013   164.516   165.182 12 54702.20998532  3.960
 72 238.049280  62.042158   121.958   122.315  8 54737.20998163 44.316
 73 238.066539  62.036993   125.848   124.144  8 54772.20996727 40.889
 74 238.049345  62.039561   147.921   146.060  6 54807.20997473  6.911
 75 238.060057  62.041068   156.282   156.978  9 54842.20996492  3.901
 76 238.051083  62.043385   154.398   155.124  9 54877.20997726  4.530
 77 238.064816  62.040584   160.726   160.645  6 54912.20996944  1.429
 79 238.059514  62.036411   165.593   164.881 13 54982.20999428  9.285
 80 238.063574  62.033895   165.878   165.651 13 55017.20999312  8.977
 81 238.071121  62.027541   112.874   113.062  9 55052.20998699 39.628
 82 238.070163  62.037567   140.017   136.261  8 55087.20995244 21.778
 83 238.056317  62.037281   158.782   163.343 12 55122.20992398 11.337
 84 238.070343  62.030583   131.057   131.547 11 55157.20991146 26.604
 85 238.047715  62.042199   149.006   151.585  8 55192.20991486  7.772
 86 238.066826  62.035443   156.149   156.468 11 55227.20991351  5.710
 87 238.056544  62.041324   156.267   157.399  9 55262.20990986  4.244
 89 238.058443  62.039362   129.726   133.694  7 55332.20988935 44.207
 90 238.063992  62.038130   121.840   121.784  9 55367.20988119 45.322
 91 238.049722  62.042368   163.121   162.642  9 55402.20989670  8.227
 92 238.069052  62.033019   150.711   151.349  8 55437.20989783 20.340
 93 238.077602  62.030704   164.711   164.958 11 55472.20984702 10.912
