# NaN NaN NaN ;Mean Elev.(m), Avg Gradient(m/km), RMS Gradient(m/km) - SRTM1     
#   90.127  -2.601   5.797 ;Mean Elev.(m), Avg Gradient(m/km), RMS Gradient(m/km) - ASTER GDEM
#  107.000  -2.877   5.526 ;Mean Elev.(m), Avg Gradient(m/km), RMS Gradient(m/km) - GMTED2010 
  8 236.854822  62.644526   105.303   105.406  9 52481.21217469 36.772
  9 236.855508  62.663509   112.276   112.627  9 52516.21212985 44.026
 10 236.853068  62.628977   100.349   100.618  5 52551.21217124 48.764
 11 236.859497  62.653517   100.139   100.162  8 52586.21214824 38.728
 12 236.856237  62.655271   101.600   101.322 10 52621.21212675 27.088
 15 236.854498  62.647462   115.595   115.517  8 52726.21215541  7.365
 16 236.854804  62.646554   103.017   102.732  8 52761.21217161 28.761
 17 236.856186  62.639346   103.126   103.122  7 52796.21212905 47.518
 18 236.856665  62.639596   103.992   103.968  7 52831.21219603 39.108
 19 236.855366  62.652606   102.034   102.319  8 52866.21224204 46.815
 20 236.858512  62.646531   115.053   114.826  7 52901.21226873 41.874
 21 236.859970  62.654047   100.257   100.276  6 52936.21221107 48.313
 22 236.856435  62.636824   106.742   109.180  7 52971.21223213 24.141
 23 236.856276  62.639147   116.951   117.233  7 53006.21224629 12.277
 24 236.852345  62.630074   122.736   119.666  5 53041.21219682  9.986
 25 236.855207  62.646400   116.931   116.678  9 53076.21223237  7.802
 26 236.853447  62.626129   123.560   125.964  5 53111.21219894  1.625
 27 236.856920  62.636205   102.704   103.005  7 53146.21224357 42.160
 28 236.855170  62.651504   103.048   103.266  9 53181.21225383 47.103
 29 236.854005  62.646352   106.200   105.594  9 53216.21227572 21.046
 30 236.856980  62.653406   100.136   100.168  9 53251.21225550 49.001
 31 236.853242  62.628181   100.152   100.406  5 53286.21224413 47.275
 32 236.860794  62.648078    99.537    99.540  6 53321.21222380 31.739
 34 236.855041  62.631605   126.246   125.567  6 53391.21220294  8.333
 35 236.865171  62.646311   143.239   143.239  2 53426.21220178  1.560
 36 236.857068  62.637450   122.004   123.085  7 53461.21221115  5.501
 37 236.856038  62.632407   105.260   105.558  6 53496.21228975 41.749
 38 236.856734  62.654072   108.147   107.287  9 53531.21227152 23.052
 39 236.853959  62.646194   108.458   108.021  9 53566.21229566 25.478
 40 236.854868  62.660268   106.656   106.844 10 53601.21224176 16.082
 41 236.853605  62.632126   101.287   101.251  5 53636.21223389 43.785
 42 236.856116  62.636343   103.333   103.257  6 53671.21225556 21.989
 43 236.850461  62.670487   101.965   102.045  3 53706.21219419 21.398
 44 236.838241  62.695979   145.731   145.731  2 53741.21211227  0.841
 45 236.855680  62.648814   110.997   110.404  8 53776.21212600 10.238
 48 236.853172  62.649149   104.140   104.139  8 53881.21217826 48.230
 49 236.855435  62.636951   103.764   103.714  6 53916.21223542 28.849
 50 236.855524  62.638292   102.731   102.429  7 53951.21224260 45.487
 52 236.856154  62.636325   100.712   100.611  7 54021.21221867 47.000
 53 236.856382  62.652911    98.747    98.833  9 54056.21221318 25.149
 54 236.855945  62.658168   102.690   103.564 10 54091.21219951 16.866
 55 236.855886  62.632308   119.040   119.351  5 54126.21212570 10.357
 56 236.855087  62.647769   115.298   115.073  8 54161.21216557  7.219
 57 236.855491  62.635791   119.706   119.294  6 54196.21212821  6.126
 58 236.854219  62.645568   103.074   103.111  9 54231.21217823 47.123
 59 236.855378  62.646824   103.508   103.701  9 54266.21219581 42.568
 60 236.854946  62.649689   121.918   120.077  9 54301.21220106 20.698
 61 236.858866  62.649904   101.651   101.663  7 54336.21218889 48.520
 62 236.856942  62.637341   113.275   119.126  7 54371.21213093 23.837
 63 236.861065  62.642849   101.281   101.323  5 54406.21213216 43.673
 64 236.854349  62.631680   108.057   107.961  6 54441.21208832 15.542
 65 236.854848  62.647870   110.485   110.371  8 54476.21212100 10.608
 66 236.855186  62.634212   118.790   118.795  6 54511.21210466  9.110
 67 236.856424  62.649897   128.774   123.304  8 54546.21213561  3.302
 69 236.855894  62.648239   103.763   103.881  8 54616.21212444 47.453
 70 236.854485  62.644616   107.821   107.906  8 54651.21213672 25.715
 71 236.856336  62.652702   107.118   106.619  9 54686.21213064 17.285
 72 236.855077  62.634143   103.284   103.736  6 54721.21208010 18.453
 73 236.854781  62.648040   110.268   106.034  8 54756.21210441 24.579
 74 236.854976  62.631432    99.688    99.698  5 54791.21207288 39.528
 75 236.854363  62.644457   111.357   112.273  9 54826.21210071 14.722
 76 236.855154  62.635960   122.822   120.933  5 54861.21206737  6.594
 78 236.856139  62.634511   135.160   123.763  5 54931.21206446  3.344
 79 236.854708  62.646967   107.984   108.010  8 54966.21210263 25.805
 80 236.853795  62.645148   105.112   105.134  9 55001.21212222 42.039
 81 236.854772  62.648056   103.139   103.119  8 55036.21210861 45.377
 82 236.857529  62.653070   101.842   101.883  9 55071.21209800 49.602
 83 236.855760  62.632903   110.567   115.004  5 55106.21203776 21.182
 84 236.857813  62.645931   100.461   100.504  7 55141.21204621 42.239
 85 236.855195  62.633011   106.624   101.412  5 55176.21200671 17.442
 86 236.855162  62.645929   112.780   112.809  9 55211.21204097 11.419
 87 236.855659  62.637407   114.039   114.113  6 55246.21201184 11.094
 88 236.856948  62.648969   111.750   112.113  9 55281.21203526  9.378
 89 236.854992  62.645314   103.935   103.976  9 55316.21200194 32.869
 90 236.857106  62.649648   101.606   101.622  9 55351.21200723 49.332
 91 236.854975  62.634464   111.798   109.464  6 55386.21199923 15.818
 92 236.855623  62.647760   101.615   101.655  8 55421.21202523 45.802
 93 236.859001  62.652787   115.867   116.251  7 55456.21200130 44.307
