# NaN NaN NaN ;Mean Elev.(m), Avg Gradient(m/km), RMS Gradient(m/km) - SRTM1     
#   39.116  -1.241  14.141 ;Mean Elev.(m), Avg Gradient(m/km), RMS Gradient(m/km) - ASTER GDEM
#   62.836  -0.326  11.658 ;Mean Elev.(m), Avg Gradient(m/km), RMS Gradient(m/km) - GMTED2010 
  7   112.880 52473.81668316 10.36 234.624594  64.894458 16.073
  7   112.340 52473.81668380  9.78 234.621634  64.891348 16.073
  7   103.231 52473.81668444 10.38 234.618684  64.888248 16.073
  7   109.047 52473.81668509  9.84 234.615724  64.885138 16.073
  7    99.856 52473.81668573  9.63 234.612774  64.882028 16.073
  8   113.400 52508.81664956 11.69 234.626260  64.895450 16.515
  8   112.468 52508.81665021  8.78 234.623310  64.892340 16.515
  8   102.913 52508.81665085  8.50 234.620350  64.889240 16.515
  8   109.141 52508.81665150  9.42 234.617400  64.886130 16.515
  8    99.965 52508.81665214  8.87 234.614450  64.883020 16.515
  8   106.533 52508.81665279  9.69 234.611500  64.879910 16.515
  9   113.466 52543.81664208 15.32 234.645897  64.892662 15.587
  9   112.528 52543.81664272 11.41 234.642937  64.889552 15.587
  9   111.897 52543.81664337 12.21 234.639977  64.886442 15.587
  9   110.608 52543.81664401 12.01 234.637027  64.883342 15.587
  9   101.598 52543.81664466 11.31 234.634077  64.880232 15.587
 10   111.583 52578.81668629 21.78 234.629923  64.894832 16.324
 10   101.438 52578.81668693 21.23 234.626973  64.891732 16.324
 10   100.085 52578.81668758 18.86 234.624013  64.888622 16.324
 10    98.761 52578.81668822 19.36 234.621059  64.885516  7.458
 10   100.495 52578.81668887 17.41 234.618109  64.882406  7.458
 10   100.777 52578.81668951 18.08 234.615159  64.879296  7.458
 11   102.184 52613.81665217 19.36 234.620154  64.897218  7.439
 11    99.660 52613.81665282 17.67 234.617204  64.894108  7.439
 11    98.397 52613.81665346 17.44 234.614254  64.891008  7.439
 11    97.153 52613.81665411 17.77 234.611294  64.887898  4.874
 11    96.950 52613.81665475 18.35 234.608344  64.884788  4.874
 11    98.751 52613.81665540 17.19 234.605394  64.881678  4.874
 12   111.553 52648.81663366 15.48 234.636235  64.893607  4.987
 12   100.517 52648.81663431 15.62 234.633285  64.890507  4.987
 12    99.215 52648.81663495 16.54 234.630325  64.887397  4.987
 12    98.850 52648.81663560 16.84 234.627372  64.884291  3.953
 12   100.546 52648.81663624 15.88 234.624422  64.881181  3.953
 13   101.835 52683.81661182 14.26 234.631083  64.896463  4.168
 13   100.797 52683.81661246 14.09 234.628133  64.893353  4.168
 13    99.808 52683.81661311 13.67 234.625173  64.890253  4.168
 13    98.075 52683.81661375 15.10 234.622220  64.887143  3.826
 13    98.631 52683.81661440 15.26 234.619270  64.884033  3.826
 13    99.763 52683.81661504 14.71 234.616320  64.880923  3.826
 14   101.635 52718.81666671 10.34 234.632243  64.896315  2.884
 14   100.418 52718.81666735 10.86 234.629293  64.893215  2.884
 14    98.921 52718.81666800 11.49 234.626333  64.890105  2.884
 14    98.145 52718.81666864 12.61 234.623384  64.887000  3.145
 14   100.135 52718.81666929 12.55 234.620424  64.883890  3.145
 14   101.877 52718.81666993 12.64 234.617474  64.880780  3.145
 16   114.367 52788.81663843 12.18 234.643774  64.892965 25.830
 16   112.354 52788.81663908 15.49 234.640824  64.889855 25.830
 16   100.804 52788.81664037 13.16 234.634911  64.883632 22.143
 16   100.099 52788.81664101 13.92 234.631951  64.880532 22.143
 17   114.016 52823.81670934  9.79 234.640790  64.893688 27.246
 17   112.533 52823.81670998  7.87 234.637830  64.890588 27.246
 17   111.596 52823.81671063  8.56 234.634880  64.887478 27.246
 17   110.682 52823.81671127  8.45 234.631919  64.884364 20.885
 17   109.376 52823.81671192  8.71 234.628969  64.881264 20.885
 18   113.065 52858.81675577 11.12 234.640908  64.893410 28.184
 18   112.491 52858.81675641  8.58 234.637948  64.890310 28.184
 18   111.483 52858.81675706  8.91 234.634998  64.887200 28.184
 18   110.474 52858.81675770  8.18 234.632044  64.884095 20.837
 18   101.141 52858.81675835  8.40 234.629084  64.880985 20.837
 19    48.146 52893.81678691 47.56 234.628126  64.896939 10.542
 19    49.965 52893.81678755 51.52 234.625176  64.893829 10.542
 19    49.280 52893.81678819 49.70 234.622216  64.890719 10.542
 19    48.248 52893.81678884 48.89 234.619266  64.887619 10.542
 19    48.219 52893.81678948 50.23 234.616317  64.884510 14.782
 19    48.314 52893.81679013 50.63 234.613357  64.881400 14.782
 20   101.795 52928.81673817 20.67 234.612351  64.894599 27.106
 20    96.938 52928.81673882 21.94 234.609401  64.891489 27.106
 20   108.350 52928.81673946 13.57 234.606451  64.888379 27.106
 20    69.000 52928.81674010 22.41 234.603496  64.885274  9.011
 20    68.834 52928.81674075 19.57 234.600546  64.882164  9.011
 21   112.679 52963.81671991 12.90 234.646126  64.893339  7.884
 21   101.021 52963.81672056 13.77 234.643166  64.890229  7.884
 21   100.389 52963.81672120 13.94 234.640211  64.887118  5.520
 21    99.571 52963.81672185 13.90 234.637251  64.884018  5.520
 21   101.074 52963.81672249 13.12 234.634301  64.880908  5.520
 22   111.973 52998.81675698 11.77 234.625994  64.896949  4.685
 22   100.712 52998.81675762 11.76 234.623044  64.893839  4.685
 22   110.347 52998.81675827 11.79 234.620091  64.890734  4.151
 22    97.761 52998.81675891 12.56 234.617131  64.887624  4.151
 22    98.071 52998.81675955 12.75 234.614181  64.884514  4.151
 22    99.752 52998.81676020 12.37 234.611231  64.881404  4.151
 23   110.061 53033.81671013 11.96 234.616824  64.896706  3.710
 23    99.942 53033.81671077 11.87 234.613864  64.893596  3.710
 23    98.650 53033.81671142 11.95 234.610914  64.890496  3.710
 23    96.875 53033.81671206 13.56 234.607966  64.887384  3.874
 23    96.981 53033.81671271 13.30 234.605016  64.884274  3.874
 23   105.038 53033.81671335 12.48 234.602056  64.881164  3.874
 24   112.400 53068.81672516 11.51 234.633913  64.894413  3.263
 24   101.724 53068.81672580 11.27 234.630963  64.891303  3.263
 24    98.621 53068.81672645 12.42 234.628010  64.888198  3.830
 24    98.380 53068.81672709 13.34 234.625050  64.885088  3.830
 24   100.055 53068.81672774 13.04 234.622100  64.881978  3.830
 24   100.813 53068.81672838 12.54 234.619150  64.878868  3.830
 25   100.371 53103.81671253 10.03 234.611160  64.895134  3.560
 25    99.443 53103.81671317  9.30 234.608210  64.892024  3.560
 25    97.737 53103.81671382  9.45 234.605264  64.888921  3.722
 25    96.784 53103.81671446 10.40 234.602304  64.885811  3.722
 25    97.824 53103.81671511  9.88 234.599354  64.882701  3.722
 26   114.519 53138.81672933 12.21 234.639737  64.895085 14.028
 26   113.782 53138.81672997 11.72 234.636777  64.891985 14.028
 26   112.318 53138.81673061 11.13 234.633827  64.888875 14.028
 26   111.517 53138.81673126 11.71 234.630871  64.885770  6.944
 26   101.609 53138.81673190 11.23 234.627921  64.882660  6.944
 26   107.589 53138.81673255 10.98 234.624961  64.879550  6.944
 27   114.024 53173.81676959 17.62 234.634007  64.896737 36.388
 27   112.691 53173.81677023 11.16 234.631047  64.893627 36.388
 27    70.434 53173.81677217 23.92 234.622187  64.884310 19.565
 27    70.265 53173.81677281 23.76 234.619237  64.881200 19.565
 28   113.754 53208.81678631 13.97 234.627492  64.896379 33.505
 28   112.624 53208.81678695  7.16 234.624532  64.893269 33.505
 28   111.978 53208.81678759  5.32 234.621582  64.890169 33.505
 28   111.078 53208.81678824  3.71 234.618626  64.887061 24.415
 28   101.662 53208.81678888  5.65 234.615676  64.883951 24.415
 28    98.830 53208.81678953  8.25 234.612716  64.880841 24.415
 29   113.628 53243.81675396 14.52 234.627693  64.896516 30.512
 29   112.336 53243.81675460  9.10 234.624743  64.893406 30.512
 29   111.677 53243.81675525  7.66 234.621783  64.890306 30.512
 29   109.639 53243.81675589  8.74 234.618828  64.887196 20.630
 29    98.244 53243.81675653  9.17 234.615878  64.884086 20.630
 29    99.804 53243.81675718  9.29 234.612928  64.880976 20.630
 30   113.105 53278.81673212 15.90 234.642620  64.893335 31.418
 30   112.282 53278.81673276 14.11 234.639670  64.890225 31.418
 30   111.550 53278.81673340 11.93 234.636709  64.887114 16.991
 30   109.005 53278.81673405 11.80 234.633759  64.884014 16.991
 30   109.439 53278.81673469 10.92 234.630799  64.880904 16.991
 31   102.370 53313.81675795 17.78 234.633137  64.896553  8.382
 31   101.422 53313.81675860 16.32 234.630187  64.893443  8.382
 31   100.132 53313.81675924 16.36 234.627227  64.890343  8.382
 31    98.307 53313.81675989 17.50 234.624277  64.887233  8.382
 31    98.482 53313.81676053 17.30 234.621320  64.884126  6.971
 31    99.896 53313.81676118 16.90 234.618370  64.881016  6.971
 32   102.411 53348.81672369 16.83 234.630642  64.896972  5.182
 32   100.910 53348.81672434 15.79 234.627682  64.893862  5.182
 32    99.616 53348.81672498 15.12 234.624732  64.890752  5.182
 32    98.479 53348.81672563 16.01 234.621782  64.887652  5.182
 32    98.297 53348.81672627 16.41 234.618823  64.884543  4.810
 32    99.575 53348.81672692 15.93 234.615873  64.881433  4.810
 33   102.434 53383.81669521 12.30 234.644528  64.896031  3.572
 33   101.517 53383.81669585 11.75 234.641578  64.892931  3.572
 33   100.972 53383.81669650 12.13 234.638618  64.889821  3.572
 33    99.489 53383.81669714 12.82 234.635663  64.886719  3.788
 33    99.420 53383.81669779 12.89 234.632703  64.883609  3.788
 33   104.723 53383.81669843 12.56 234.629753  64.880499  3.788
 34   102.480 53418.81670346 11.13 234.638462  64.895800  3.572
 34   100.829 53418.81670410 11.18 234.635502  64.892690  3.572
 34   100.277 53418.81670475 11.52 234.632552  64.889580  3.572
 34    98.658 53418.81670539 11.89 234.629592  64.886480  3.572
 34    99.708 53418.81670603 12.02 234.626638  64.883372  3.486
 34   105.718 53418.81670668 11.67 234.623688  64.880262  3.486
 35   102.785 53453.81670842  9.59 234.649177  64.894211  3.992
 35   102.002 53453.81670906  9.79 234.646217  64.891101  3.992
 35   100.831 53453.81670971 10.28 234.643267  64.887991  3.992
 35    99.964 53453.81671035  9.94 234.640308  64.884880  3.838
 35   100.067 53453.81671100  9.96 234.637348  64.881780  3.838
 35   105.982 53453.81671164 10.02 234.634398  64.878670  3.838
 36   113.941 53488.81679367 12.19 234.626623  64.896996 24.176
 36   112.874 53488.81679432  8.82 234.623663  64.893886 24.176
 36   112.078 53488.81679496  8.56 234.620713  64.890786 24.176
 36   104.431 53488.81679561  9.22 234.617762  64.887679 10.526
 36   102.475 53488.81679625  9.86 234.614802  64.884569 10.526
 36   103.025 53488.81679690  9.57 234.611852  64.881459 10.526
 37   113.374 53523.81678132 13.79 234.633969  64.895513 29.635
 37   113.241 53523.81678197  9.44 234.631019  64.892403 29.635
 37   112.562 53523.81678261  8.04 234.628059  64.889293 29.635
 37   110.412 53523.81678326  8.89 234.625109  64.886193 29.635
 37   109.098 53523.81678390  8.31 234.622161  64.883083 24.374
 37   107.727 53523.81678455  8.74 234.619201  64.879973 24.374
 38    49.681 53558.81680813 45.11 234.620865  64.895890  8.860
 38    50.651 53558.81680877 35.08 234.617905  64.892780  8.860
 38    49.321 53558.81680942 27.69 234.614955  64.889680  8.860
 38    49.483 53558.81681006 27.12 234.612004  64.886571 14.120
 38    49.625 53558.81681071 29.30 234.609044  64.883461 14.120
 38    58.692 53558.81681135 23.47 234.606094  64.880351 14.120
 39   113.516 53593.81674531 13.49 234.628524  64.896807 35.610
 39   111.328 53593.81674596 12.48 234.625574  64.893697 35.610
 39    69.678 53593.81674789 23.05 234.616719  64.884375 24.023
 39    68.756 53593.81674853 17.89 234.613769  64.881265 24.023
 40   113.335 53628.81673719 12.76 234.641906  64.894937 32.813
 40   112.918 53628.81673783  8.84 234.638946  64.891827 32.813
 40   112.055 53628.81673848  8.37 234.635996  64.888717 32.813
 40   110.853 53628.81673912  8.32 234.633032  64.885607 22.413
 40   109.522 53628.81673977  8.03 234.630082  64.882507 22.413
 40   101.509 53628.81674041  7.74 234.627122  64.879397 22.413
 41   112.141 53663.81676165 19.51 234.630951  64.896423 27.769
 41    99.783 53663.81676229 23.98 234.628001  64.893323 27.769
 41   110.505 53663.81676294 20.44 234.625041  64.890213 27.769
 41    96.759 53663.81676358 21.84 234.622083  64.887107 16.388
 41    97.359 53663.81676423 18.84 234.619133  64.883997 16.388
 41    96.832 53663.81676487 21.75 234.616183  64.880887 16.388
 42   101.725 53698.81672200 15.34 234.624873  64.894685  5.962
 42   100.537 53698.81672264 15.16 234.621923  64.891575  5.962
 42    99.690 53698.81672329 14.45 234.618973  64.888475  5.962
 42    98.141 53698.81672393 15.04 234.616017  64.885365  4.280
 42    97.899 53698.81672458 13.82 234.613067  64.882255  4.280
 43   100.083 53733.81664457 11.74 234.619323  64.894298  3.655
 43    98.965 53733.81664522 11.14 234.616373  64.891188  3.655
 43    97.434 53733.81664586 12.38 234.613423  64.888078  3.655
 43    97.133 53733.81664651 12.97 234.610471  64.884974  3.425
 43    98.926 53733.81664715 12.13 234.607521  64.881864  3.425
 44   103.089 53768.81662561 11.07 234.641981  64.896244  2.934
 44   102.197 53768.81662626 10.90 234.639031  64.893134  2.934
 44   101.311 53768.81662690 11.31 234.636071  64.890024  2.934
 44    99.435 53768.81662755 12.29 234.633121  64.886924  2.934
 44    99.991 53768.81662819 12.88 234.630161  64.883814  2.934
 44   101.119 53768.81662883 13.03 234.627212  64.880707  3.118
 45   101.863 53803.81662285 11.08 234.625080  64.895751  3.217
 45   100.342 53803.81662350 10.53 234.622120  64.892641  3.217
 45    98.776 53803.81662414 11.06 234.619170  64.889541  3.217
 45    97.199 53803.81662479 11.62 234.616219  64.886429  3.375
 45    97.643 53803.81662543 12.06 234.613269  64.883319  3.375
 45    99.895 53803.81662608 11.84 234.610309  64.880209  3.375
 46   102.763 53838.81664055  8.70 234.641249  64.893830  2.782
 46   101.898 53838.81664119  8.64 234.638289  64.890730  2.782
 46    99.372 53838.81664184 10.03 234.635329  64.887620  2.782
 46    99.688 53838.81664248 10.29 234.632379  64.884510  2.782
 46   100.141 53838.81664313  9.83 234.629424  64.881406  2.926
 46   101.710 53838.81664377  9.88 234.626464  64.878296  2.926
 47   114.213 53873.81668823 16.47 234.634301  64.894469 26.321
 47   113.632 53873.81668887 12.72 234.631351  64.891369 26.321
 47   112.635 53873.81668952 10.92 234.628391  64.888259 26.321
 47   111.528 53873.81669016 11.35 234.625437  64.885152 17.287
 47   108.884 53873.81669081 11.41 234.622487  64.882042 17.287
 47   107.961 53873.81669145 11.29 234.619537  64.878932 17.287
 48   113.082 53908.81673209  8.99 234.628746  64.893971 30.434
 48   111.489 53908.81673273  7.87 234.625796  64.890861 30.434
 48   110.474 53908.81673338  8.27 234.622836  64.887761 30.434
 48   108.994 53908.81673402  8.69 234.619886  64.884651 30.434
 48   107.787 53908.81673467  8.98 234.616933  64.881542 25.442
 49    69.552 53943.81675696 21.84 234.613764  64.889134 24.824
 49    69.681 53943.81675760 23.01 234.610804  64.886024 24.824
 49    69.647 53943.81675825 21.73 234.607854  64.882924 24.824
 49    67.707 53943.81675889 19.80 234.604905  64.879813  8.963
 50   111.072 53978.81670576 17.96 234.618886  64.896600 24.941
 50   102.538 53978.81670640 13.13 234.615936  64.893490 24.941
 50   110.240 53978.81670705  6.67 234.612986  64.890380 24.941
 50   108.984 53978.81670769  7.58 234.610026  64.887270 24.941
 50    97.594 53978.81670834  9.45 234.607076  64.884160 24.941
 50    98.883 53978.81670898 11.19 234.604129  64.881056 30.171
 51   113.099 54013.81671744 10.87 234.647516  64.894401 25.449
 51   112.930 54013.81671808 10.82 234.644566  64.891291 25.449
 51   112.031 54013.81671873  7.43 234.641606  64.888181 25.449
 51   111.074 54013.81671937  7.90 234.638646  64.885081 25.449
 51   109.739 54013.81672002  7.76 234.635696  64.881971 25.449
 51   102.269 54013.81672066  7.60 234.632744  64.878867 27.432
 52   102.919 54048.81672450 19.96 234.638811  64.894970  8.994
 52   102.101 54048.81672514 19.26 234.635861  64.891860  8.994
 52   100.877 54048.81672579 17.76 234.632901  64.888750  8.994
 52    99.456 54048.81672643 17.88 234.629951  64.885650  8.994
 52    98.825 54048.81672708 18.27 234.627001  64.882540  8.994
 52   100.446 54048.81672772 18.75 234.624047  64.879432  7.501
 54   100.039 54118.81664667 17.45 234.613599  64.896180  6.349
 54    99.195 54118.81664731 16.69 234.610649  64.893070  6.349
 54    97.792 54118.81664796 16.06 234.607689  64.889960  6.349
 54    96.257 54118.81664860 16.21 234.604739  64.886850  6.349
 54    96.255 54118.81664925 15.85 234.601789  64.883740  6.349
 54    97.975 54118.81664989 15.71 234.598842  64.880632  3.854
 55   102.536 54153.81667180 13.92 234.630999  64.896942  3.990
 55   101.179 54153.81667244 13.23 234.628049  64.893832  3.990
 55    99.862 54153.81667309 13.48 234.625089  64.890722  3.990
 55    98.499 54153.81667373 14.06 234.622139  64.887612  3.990
 55    97.922 54153.81667438 14.79 234.619189  64.884512  3.990
 55    99.262 54153.81667502 14.22 234.616231  64.881403  3.692
 56   100.112 54188.81664198 12.36 234.616511  64.894638  4.119
 56    99.101 54188.81664262 12.00 234.613561  64.891528  4.119
 56    97.501 54188.81664327 12.82 234.610611  64.888428  4.119
 56    96.570 54188.81664391 13.74 234.607651  64.885318  4.119
 56    98.111 54188.81664456 12.79 234.604701  64.882208  4.119
 57   114.344 54223.81668190 15.96 234.635554  64.896731  7.064
 57   113.622 54223.81668254  9.31 234.632594  64.893621  7.064
 57   113.266 54223.81668319  8.31 234.629644  64.890511  7.064
 57   110.540 54223.81668383  7.73 234.626684  64.887401  7.064
 58   114.595 54258.81670327 22.47 234.632217  64.896714 19.192
 58   113.150 54258.81670391 11.47 234.629267  64.893604 19.192
 58   112.520 54258.81670456  8.10 234.626307  64.890494 19.192
 58   110.529 54258.81670520  9.74 234.623357  64.887384 19.192
 58   109.294 54258.81670585  9.43 234.620397  64.884284 19.192
 58   107.929 54258.81670649  9.28 234.617447  64.881174 19.192
 59   112.459 54293.81670661 17.38 234.632884  64.895980 12.824
 59    71.942 54293.81670919 21.91 234.621064  64.883550 12.824
 59    72.144 54293.81670983 23.11 234.618114  64.880440 12.824
 60   113.225 54328.81670112 15.55 234.628667  64.896459 18.944
 60   111.423 54328.81670176 11.44 234.625717  64.893349 18.944
 60   110.857 54328.81670241  8.13 234.622767  64.890239 18.944
 60    95.799 54328.81670305 13.50 234.619807  64.887139 18.944
 60    97.905 54328.81670370 10.46 234.616857  64.884029 18.944
 60   106.704 54328.81670434  8.54 234.613907  64.880919 18.944
 61   110.766 54363.81664885 10.38 234.615482  64.894987 21.665
 61   102.113 54363.81664949 13.66 234.612532  64.891877 21.665
 61    69.369 54363.81665014 19.79 234.609582  64.888777 21.665
 61    69.629 54363.81665078 21.11 234.606632  64.885667 21.665
 61    69.974 54363.81665143 22.70 234.603672  64.882557 21.665
 62   102.528 54398.81664130 17.25 234.635627  64.896571  6.409
 62   102.357 54398.81664195 14.06 234.632677  64.893461  6.409
 62   100.892 54398.81664259 13.41 234.629717  64.890351  6.409
 62    99.703 54398.81664324 13.30 234.626767  64.887241  6.409
 62    97.949 54398.81664388 13.44 234.623807  64.884141  6.409
 62    99.307 54398.81664453 12.44 234.620857  64.881031  6.409
 63   101.094 54433.81659976 11.90 234.621252  64.895590  4.740
 63    99.836 54433.81660040 11.59 234.618292  64.892480  4.740
 63    98.594 54433.81660105 12.17 234.615342  64.889380  4.740
 63    97.393 54433.81660169 11.81 234.612392  64.886270  4.740
 63    97.692 54433.81660234 11.89 234.609442  64.883160  4.740
 63    99.727 54433.81660298 11.92 234.606482  64.880050  4.740
 64   112.735 54468.81662403 11.45 234.640930  64.895777  4.086
 64   112.408 54468.81662468 10.12 234.637970  64.892667  4.086
 64   101.053 54468.81662532 11.14 234.635010  64.889557  4.086
 64    99.705 54468.81662597 11.95 234.632060  64.886447  4.086
 64   100.062 54468.81662661 12.42 234.629100  64.883347  4.086
 64   100.869 54468.81662726 11.76 234.626150  64.880237  4.086
 65   111.632 54503.81661481 11.66 234.623573  64.896740  4.053
 65   111.024 54503.81661546 11.64 234.620623  64.893630  4.053
 65   110.141 54503.81661610 11.83 234.617673  64.890530  4.053
 65    97.388 54503.81661675 13.15 234.614717  64.887420  4.566
 65    98.071 54503.81661739 13.71 234.611767  64.884310  4.566
 65    99.409 54503.81661804 13.64 234.608817  64.881200  4.566
 66   111.838 54538.81663946 11.42 234.632414  64.896823  3.858
 66   102.422 54538.81664010 10.62 234.629460  64.893717  4.236
 66    99.954 54538.81664075 10.90 234.626510  64.890607  4.236
 66    98.478 54538.81664139 12.16 234.623550  64.887497  4.236
 66    98.410 54538.81664204 12.69 234.620600  64.884387  4.236
 66   100.260 54538.81664268 12.19 234.617650  64.881277  4.236
 67   101.115 54573.81661579  9.74 234.619789  64.894817  3.892
 67   110.369 54573.81661644  9.20 234.616840  64.891704  4.332
 67    98.966 54573.81661708 10.05 234.613880  64.888594  4.332
 67    97.664 54573.81661773 10.36 234.610930  64.885484  4.332
 67    99.280 54573.81661837  9.98 234.607980  64.882384  4.332
 68   113.424 54608.81663280 13.44 234.629704  64.893912 30.793
 68   112.906 54608.81663344 11.48 234.626747  64.890805 20.575
 68    71.294 54608.81663409 21.14 234.623787  64.887695 20.575
 68    71.123 54608.81663473 22.33 234.620837  64.884585 20.575
 68    71.247 54608.81663538 22.19 234.617887  64.881475 20.575
 69   113.519 54643.81664069 18.57 234.629008  64.896268 37.634
 69    99.781 54643.81664134 14.81 234.626049  64.893162 22.915
 69    71.696 54643.81664263 16.84 234.620139  64.886942 22.915
 69    71.508 54643.81664327 21.03 234.617189  64.883832 22.915
 69    71.609 54643.81664392 22.62 234.614239  64.880722 22.915
 70   111.742 54678.81664249 15.65 234.628786  64.895015 36.177
 70    51.634 54678.81664313 38.85 234.625827  64.891908 29.402
 70    50.707 54678.81664378 43.71 234.622877  64.888798 29.402
 70    49.987 54678.81664442 48.06 234.619917  64.885688 29.402
 70    50.682 54678.81664507 46.89 234.616967  64.882578 29.402
 70    49.993 54678.81664571 42.57 234.614017  64.879468 29.402
 71    69.063 54713.81659575 21.59 234.615237  64.891587  9.268
 71    69.480 54713.81659640 22.18 234.612287  64.888477  9.268
 71    69.771 54713.81659704 21.88 234.609337  64.885367  9.268
 71    69.811 54713.81659769 22.02 234.606387  64.882267  9.268
 72    96.694 54748.81661187 22.68 234.634850  64.895866 36.009
 72   111.588 54748.81661251 14.52 234.631896  64.892764 19.510
 72   111.033 54748.81661316 12.70 234.628936  64.889654 19.510
 72   110.089 54748.81661380 12.07 234.625986  64.886544 19.510
 72   100.410 54748.81661445 11.46 234.623026  64.883434 19.510
 72   100.102 54748.81661509 15.04 234.620076  64.880324 19.510
 73   101.773 54783.81658274 13.47 234.624767  64.894421  4.591
 73   100.435 54783.81658338 13.45 234.621807  64.891311  4.591
 73    99.099 54783.81658403 14.27 234.618857  64.888201  4.591
 73    97.982 54783.81658467 15.00 234.615907  64.885091  4.591
 73    99.103 54783.81658532 14.92 234.612957  64.881981  4.591
 74   102.019 54818.81660437 12.75 234.635373  64.894871  3.886
 74   101.456 54818.81660502 12.40 234.632421  64.891767  3.599
 74    99.523 54818.81660566 13.58 234.629461  64.888657  3.599
 74    98.987 54818.81660631 14.86 234.626511  64.885547  3.599
 74   100.207 54818.81660695 14.27 234.623551  64.882437  3.599
 74   102.478 54818.81660760 13.86 234.620601  64.879327  3.599
 75   101.496 54853.81657936 10.71 234.625186  64.895306  3.117
 75   100.325 54853.81658000 10.88 234.622233  64.892198  3.364
 75    98.778 54853.81658065 11.65 234.619283  64.889088  3.364
 75    97.358 54853.81658129 12.93 234.616333  64.885978  3.364
 75    98.706 54853.81658194 12.83 234.613373  64.882868  3.364
 75   100.084 54853.81658258 12.27 234.610423  64.879768  3.364
 76   101.183 54888.81660936  9.73 234.628646  64.895488  2.771
 76   100.587 54888.81661000  9.64 234.625688  64.892374  3.364
 76    98.948 54888.81661065 10.29 234.622738  64.889274  3.364
 76    98.460 54888.81661129 11.71 234.619778  64.886164  3.364
 76    99.469 54888.81661194 11.56 234.616828  64.883054  3.364
 76   105.036 54888.81661258 11.18 234.613878  64.879944  3.364
 77   101.655 54923.81657902  8.10 234.615321  64.897373  2.750
 77   100.242 54923.81657966  8.23 234.612374  64.894260  3.384
 77    99.955 54923.81658031  8.70 234.609414  64.891150  3.384
 77    97.108 54923.81658095 10.04 234.606464  64.888040  3.384
 77    97.238 54923.81658160 10.50 234.603514  64.884940  3.384
 77    98.929 54923.81658224 10.26 234.600564  64.881830  3.384
 78   114.212 54958.81660631 14.56 234.633717  64.894422 23.486
 78   113.664 54958.81660695 11.40 234.630763  64.891316 13.593
 78   112.098 54958.81660760 11.43 234.627803  64.888206 13.593
 78   111.703 54958.81660824 10.48 234.624853  64.885096 13.593
 78   110.238 54958.81660888 10.29 234.621893  64.881986 13.593
 78   107.424 54958.81660953 10.36 234.618943  64.878876 13.593
 79   114.488 54993.81662866 17.47 234.627856  64.895757 34.591
 79   112.977 54993.81662931  9.95 234.624895  64.892651 17.747
 79   112.190 54993.81662995  7.78 234.621945  64.889541 17.747
 79   111.393 54993.81663060  8.40 234.618985  64.886431 17.747
 79   108.237 54993.81663124  8.63 234.616035  64.883321 17.747
 79   107.181 54993.81663189  9.00 234.613085  64.880211 17.747
 80   114.303 55028.81661870 15.29 234.628756  64.896473 29.738
 80   113.078 55028.81661935 10.84 234.625799  64.893366 15.157
 80   112.279 55028.81661999 10.24 234.622839  64.890256 15.157
 80   110.000 55028.81662064 10.87 234.619889  64.887146 15.157
 80   108.797 55028.81662128 10.52 234.616939  64.884036 15.157
 80   106.971 55028.81662193 10.34 234.613989  64.880936 15.157
 81   114.421 55063.81661018 16.66 234.630033  64.896962 35.522
 81   112.585 55063.81661082 12.28 234.627073  64.893862 35.522
 81   111.601 55063.81661147  7.22 234.624124  64.890753 21.141
 81   109.969 55063.81661211  8.98 234.621164  64.887643 21.141
 81   100.167 55063.81661276  8.69 234.618214  64.884533 21.141
 81    99.527 55063.81661340  8.29 234.615264  64.881423 21.141
 82   102.988 55098.81655641 11.40 234.613570  64.895893 31.717
 82   104.263 55098.81655706  9.02 234.610612  64.892781 17.412
 82   101.671 55098.81655770  8.39 234.607662  64.889671 17.412
 82   107.178 55098.81655835  8.64 234.604712  64.886561 17.412
 82    99.267 55098.81655899  8.57 234.601762  64.883461 17.412
 82    99.780 55098.81655964  8.69 234.598812  64.880351 17.412
 83   112.089 55133.81655499 19.56 234.633312  64.894404 12.217
 83   111.674 55133.81655563 15.40 234.630352  64.891304 12.217
 83   110.618 55133.81655628 14.98 234.627402  64.888194 12.217
 83   109.668 55133.81655692 15.01 234.624452  64.885084 12.217
 83   100.366 55133.81655757 14.62 234.621492  64.881974 12.217
 83   107.012 55133.81655821 15.46 234.618542  64.878874 12.217
 84   101.707 55168.81651932 15.17 234.625516  64.896923  5.690
 84   110.900 55168.81651997 13.84 234.622560  64.893814  4.612
 84    99.659 55168.81652061 13.91 234.619610  64.890704  4.612
 84    97.823 55168.81652126 14.79 234.616660  64.887594  4.612
 84    97.898 55168.81652190 15.24 234.613700  64.884484  4.612
 84    99.073 55168.81652255 14.77 234.610750  64.881384  4.612
 85   111.562 55203.81654744 14.04 234.633795  64.895147  4.329
 85   100.671 55203.81654809 14.16 234.630844  64.892044  3.753
 85    99.718 55203.81654873 14.53 234.627884  64.888934  3.753
 85    98.602 55203.81654938 15.74 234.624934  64.885824  3.753
 85    99.127 55203.81655002 15.32 234.621974  64.882714  3.753
 85   100.434 55203.81655067 14.61 234.619024  64.879604  3.753
 86   100.054 55238.81652735 13.91 234.618704  64.894278  4.236
 86    99.136 55238.81652800 13.92 234.615754  64.891168  4.236
 86    97.108 55238.81652864 15.36 234.612804  64.888058  4.236
 86    96.481 55238.81652929 15.44 234.609844  64.884948  4.236
 86    98.372 55238.81652993 14.81 234.606894  64.881848  4.236
 87   111.147 55273.81654166 12.52 234.626447  64.894487  4.205
 87    99.500 55273.81654231 11.98 234.623497  64.891377  4.205
 87    98.193 55273.81654295 13.60 234.620537  64.888267  4.205
 87    97.401 55273.81654359 14.32 234.617587  64.885157  4.205
 87    98.737 55273.81654424 14.01 234.614637  64.882047  4.205
 88   111.025 55308.81650994 18.26 234.618178  64.895103 24.522
 88   112.458 55308.81651059 16.79 234.615228  64.891993 24.522
 88   103.287 55308.81651123 15.85 234.612275  64.888888 11.712
 88   101.633 55308.81651188 15.96 234.609325  64.885778 11.712
 88   101.779 55308.81651252 15.17 234.606375  64.882668 11.712
 89   114.730 55343.81650936 20.33 234.632869  64.896696 33.207
 89   112.903 55343.81651001 13.12 234.629919  64.893586 33.207
 89   112.314 55343.81651065  8.47 234.626966  64.890479 18.996
 89   111.393 55343.81651130  9.10 234.624006  64.887369 18.996
 89   108.891 55343.81651194  9.25 234.621056  64.884259 18.996
 89   108.102 55343.81651259  9.33 234.618106  64.881149 18.996
 90   113.421 55378.81650438 14.50 234.626104  64.896611 32.745
 90   112.503 55378.81650502  9.11 234.623154  64.893504 19.177
 90   112.044 55378.81650566  8.35 234.620194  64.890394 19.177
 90   109.960 55378.81650631  8.21 234.617244  64.887284 19.177
 90   100.600 55378.81650695  9.30 234.614294  64.884174 19.177
 90   105.788 55378.81650760  9.17 234.611334  64.881064 19.177
 91   113.223 55413.81652940 11.48 234.634958  64.893716 30.195
 91   112.350 55413.81653005  9.36 234.632008  64.890610 18.979
 91   111.685 55413.81653069  9.35 234.629048  64.887500 18.979
 91   109.880 55413.81653133  9.46 234.626098  64.884390 18.979
 91   108.131 55413.81653198  8.87 234.623138  64.881280 18.979
 92   113.312 55448.81651734 18.51 234.628097  64.897182 28.992
 92    69.712 55448.81651863 22.42 234.622185  64.890973 10.814
 92    69.710 55448.81651927 22.89 234.619235  64.887863 10.814
 92    69.919 55448.81651992 22.41 234.616285  64.884753 10.814
 92    70.301 55448.81652056 21.32 234.613325  64.881643 10.814
 93   111.125 55483.81644510 15.81 234.615308  64.896221 29.252
 93   110.564 55483.81644574 12.31 234.612352  64.893109 18.967
 93   101.762 55483.81644639 11.47 234.609402  64.889999 18.967
 93   107.937 55483.81644703 11.95 234.606452  64.886889 18.967
 93   106.579 55483.81644768 11.87 234.603502  64.883779 18.967
 93   106.343 55483.81644832 11.41 234.600552  64.880679 18.967
