# NaN NaN NaN ;Mean Elev.(m), Avg Gradient(m/km), RMS Gradient(m/km) - SRTM1     
#   90.491  -2.909  10.029 ;Mean Elev.(m), Avg Gradient(m/km), RMS Gradient(m/km) - ASTER GDEM
#  107.281  -2.330   8.810 ;Mean Elev.(m), Avg Gradient(m/km), RMS Gradient(m/km) - GMTED2010 
  7   101.703 52446.21219556 42.25 236.797633  62.701505 28.123
  7   101.645 52446.21219621 42.68 236.795063  62.704645 28.123
  7   101.668 52446.21219685 47.97 236.792503  62.707785 28.123
  7   101.510 52446.21219750 52.86 236.789933  62.710925 28.123
  7   101.478 52446.21219814 51.67 236.787373  62.714065 28.123
  7   101.390 52446.21219879 48.52 236.784803  62.717205 28.123
  7   101.299 52446.21219943 53.10 236.782243  62.720345 28.123
  8   101.103 52481.21218952 34.54 236.795954  62.716749 16.828
  8   100.875 52481.21219016 22.27 236.793394  62.719889 16.828
  8   100.506 52481.21219081 17.20 236.790824  62.723029 16.828
  8   100.400 52481.21219145 19.58 236.788254  62.726169 16.828
  8   100.866 52481.21219210 19.72 236.785694  62.729309 16.828
  8   100.918 52481.21219274 26.55 236.783124  62.732439 16.828
  9   100.894 52516.21214468 49.59 236.796604  62.735734 24.121
  9    99.526 52516.21214533 51.44 236.794034  62.738864 24.121
  9    99.414 52516.21214597 51.97 236.791464  62.742004 24.121
 10    99.411 52551.21218542 51.19 236.796782  62.698051 32.629
 10    99.351 52551.21218607 53.30 236.794222  62.701191 32.629
 10    99.506 52551.21218671 49.40 236.791652  62.704331 32.629
 10    99.370 52551.21218736 49.99 236.789092  62.707471 32.629
 10    99.178 52551.21218800 52.06 236.786522  62.710611 32.629
 10    99.215 52551.21218865 51.64 236.783962  62.713751 32.629
 10    99.249 52551.21218929 49.05 236.781392  62.716891 32.629
 11    98.686 52586.21216339 48.69 236.799314  62.727307 22.031
 11    98.427 52586.21216403 51.45 236.796754  62.730447 22.031
 11    98.484 52586.21216468 50.42 236.794184  62.733587 22.031
 11    98.361 52586.21216532 46.52 236.791614  62.736727 22.031
 11    98.157 52586.21216597 43.44 236.789044  62.739857 22.031
 12   101.048 52621.21214126 24.96 236.798643  62.725924  8.844
 12   100.301 52621.21214190 24.20 236.796073  62.729064  8.844
 12   100.218 52621.21214255 19.34 236.793513  62.732204  8.844
 12   100.047 52621.21214319 17.64 236.790943  62.735344  8.844
 12    99.919 52621.21214383 18.11 236.788373  62.738484  8.844
 15   137.362 52726.21217056  6.25 236.794334  62.721248  3.777
 15   139.046 52726.21217120  6.27 236.791764  62.724388  3.777
 15   140.147 52726.21217185  6.77 236.789194  62.727528  3.777
 15   141.392 52726.21217249  7.09 236.786634  62.730668  3.777
 15   143.112 52726.21217313  8.24 236.784064  62.733808  3.777
 16   101.528 52761.21218676 36.63 236.794672  62.720349 25.730
 16   101.259 52761.21218740 27.40 236.792112  62.723489 25.730
 16   101.224 52761.21218805 27.14 236.789542  62.726629 25.730
 16   101.440 52761.21218869 29.86 236.786982  62.729769 25.730
 16   101.298 52761.21218934 38.94 236.784412  62.732909 25.730
 17   103.322 52796.21214324 46.55 236.799863  62.708429 20.273
 17   103.036 52796.21214388 46.63 236.797303  62.711569 20.273
 17   103.140 52796.21214453 46.93 236.794733  62.714709 20.273
 17   102.726 52796.21214517 45.22 236.792168  62.717845 19.327
 17   102.932 52796.21214582 43.88 236.789598  62.720985 19.327
 17   103.194 52796.21214646 45.92 236.787028  62.724125 19.327
 17   103.294 52796.21214711 45.34 236.784468  62.727265 19.327
 17   102.580 52796.21214775 42.14 236.781898  62.730395 19.327
 18   102.619 52831.21221021 50.30 236.800341  62.708677 14.077
 18   101.950 52831.21221086 50.89 236.797781  62.711817 14.077
 18   101.609 52831.21221150 48.34 236.795211  62.714957 14.077
 18   101.700 52831.21221215 48.32 236.792645  62.718092 14.825
 18   101.469 52831.21221279 46.87 236.790075  62.721232 14.825
 18   101.338 52831.21221344 48.04 236.787505  62.724372 14.825
 18   101.434 52831.21221408 48.26 236.784945  62.727512 14.825
 18   101.314 52831.21221473 43.91 236.782375  62.730652 14.825
 19    99.690 52866.21225654 50.59 236.797738  62.723257 22.042
 19    99.635 52866.21225719 50.05 236.795168  62.726397 22.042
 19    99.520 52866.21225783 51.69 236.792606  62.729532 16.578
 19    99.549 52866.21225848 49.72 236.790036  62.732672 16.578
 19    99.422 52866.21225912 50.10 236.787466  62.735812 16.578
 20   100.417 52901.21228484 48.59 236.794516  62.725037 16.861
 20    98.994 52901.21228549 50.94 236.791946  62.728177 16.861
 20    98.952 52901.21228613 48.10 236.789386  62.731317 16.861
 20    99.046 52901.21228678 47.12 236.786816  62.734457 16.861
 21    98.677 52936.21222622 52.41 236.799815  62.727843 22.699
 21    98.668 52936.21222686 53.26 236.797255  62.730983 22.699
 21    98.629 52936.21222751 46.94 236.794685  62.734123 22.699
 21    98.603 52936.21222815 49.53 236.792115  62.737253 22.699
 21    98.533 52936.21222880 46.59 236.789555  62.740393 22.699
 22    99.316 52971.21224631 27.40 236.800138  62.705907  9.327
 22    99.239 52971.21224696 29.74 236.797578  62.709047  9.327
 22    99.333 52971.21224760 36.94 236.795008  62.712187  9.327
 22    99.069 52971.21224825 27.41 236.792447  62.715324 14.082
 22    99.011 52971.21224889 38.19 236.789877  62.718464 14.082
 22    99.181 52971.21224954 33.36 236.787307  62.721604 14.082
 22    99.392 52971.21225018 30.45 236.784747  62.724744 14.082
 22    98.885 52971.21225083 29.19 236.782177  62.727874 14.082
 23   100.088 53006.21226047 16.47 236.799998  62.708231  3.889
 23   100.119 53006.21226112 16.73 236.797428  62.711371  3.889
 23   100.068 53006.21226176 17.67 236.794868  62.714511  3.889
 23    99.955 53006.21226241 18.55 236.792298  62.717651  3.889
 23    99.987 53006.21226305 16.80 236.789738  62.720789  4.470
 23    99.977 53006.21226370 16.20 236.787168  62.723929  4.470
 23    99.809 53006.21226434 18.21 236.784598  62.727069  4.470
 23    99.795 53006.21226499 16.96 236.782038  62.730209  4.470
 24    99.358 53041.21221101 12.93 236.796050  62.699158  3.665
 24    99.688 53041.21221165 12.06 236.793490  62.702298  3.665
 24    99.725 53041.21221230 11.58 236.790919  62.705436  3.239
 24    99.722 53041.21221294 12.50 236.788359  62.708576  3.239
 24    99.691 53041.21221358 13.28 236.785789  62.711716  3.239
 24    99.540 53041.21221423 14.07 236.783219  62.714856  3.239
 24    99.682 53041.21221487 12.44 236.780659  62.717986  3.239
 25    99.042 53076.21224784  8.66 236.793779  62.721755  2.403
 25    99.162 53076.21224849  8.22 236.791209  62.724895  2.403
 25    98.875 53076.21224913  8.00 236.788639  62.728035  2.403
 25    98.867 53076.21224978  8.26 236.786079  62.731175  2.403
 26   112.691 53111.21221313  3.71 236.797174  62.695206  3.021
 26   113.513 53111.21221377  3.01 236.794604  62.698346  3.021
 26   134.187 53111.21221635  2.19 236.784344  62.710906  3.021
 26   135.792 53111.21221699  1.96 236.781784  62.714046  3.021
 26   115.581 53111.21221764  4.42 236.779214  62.717186  3.021
 27   102.232 53146.21225775 48.14 236.800634  62.705280 28.177
 27   102.261 53146.21225840 48.41 236.798064  62.708420 28.177
 27   102.203 53146.21225904 50.95 236.795504  62.711560 28.177
 27   102.127 53146.21225968 50.99 236.792934  62.714700 28.177
 27   101.969 53146.21226033 50.20 236.790374  62.717840 28.177
 27   101.922 53146.21226097 49.88 236.787804  62.720980 28.177
 27   101.841 53146.21226162 49.82 236.785234  62.724120 28.177
 27   101.955 53146.21226226 50.26 236.782674  62.727260 28.177
 28   100.703 53181.21226866 52.68 236.796278  62.723718 25.712
 28   100.592 53181.21226930 51.98 236.793708  62.726858 25.712
 28   100.551 53181.21226995 53.71 236.791138  62.729998 25.712
 28   100.580 53181.21227059 47.49 236.788568  62.733138 25.712
 28   100.393 53181.21227124 43.97 236.786008  62.736278 25.712
 29   138.334 53216.21229184  6.76 236.789998  62.724846  7.912
 29   139.558 53216.21229248  8.47 236.787428  62.727986  7.912
 29   139.805 53216.21229312  8.79 236.784858  62.731126  7.912
 30    98.796 53251.21227033 48.88 236.798109  62.725627 27.505
 30    98.867 53251.21227098 56.07 236.795549  62.728767 27.505
 30    98.681 53251.21227162 50.91 236.792979  62.731907 27.505
 30    98.662 53251.21227227 47.95 236.790419  62.735047 27.505
 30    98.541 53251.21227291 46.67 236.787849  62.738187 27.505
 31    99.084 53286.21225831 50.82 236.796961  62.697263 30.548
 31    99.037 53286.21225896 52.36 236.794391  62.700403 30.548
 31    99.000 53286.21225960 51.86 236.791831  62.703533 30.548
 31    99.014 53286.21226025 51.58 236.789271  62.706673 30.548
 31    98.847 53286.21226089 52.31 236.786701  62.709813 30.548
 31    98.871 53286.21226154 51.58 236.784131  62.712953 30.548
 31    98.866 53286.21226218 49.65 236.781571  62.716093 30.548
 31    98.713 53286.21226283 45.95 236.779001  62.719233 30.548
 32    98.197 53321.21223960 45.14 236.798061  62.725001 23.751
 32    98.002 53321.21224024 48.03 236.795491  62.728141 23.751
 32    97.949 53321.21224088 47.49 236.792921  62.731281 23.751
 32    97.915 53321.21224153 48.14 236.790351  62.734421 23.751
 32    97.793 53321.21224217 43.93 236.787781  62.737561 23.751
 34   100.078 53391.21221744  8.69 236.797470  62.702258  3.027
 34   100.185 53391.21221809  8.89 236.794900  62.705398  3.027
 34   100.187 53391.21221873  8.52 236.792340  62.708528  3.027
 35   130.905 53426.21221822  8.15 236.799896  62.726376  4.769
 35   135.968 53426.21221887  8.26 236.797326  62.729516  4.769
 35   136.550 53426.21221951  7.93 236.794756  62.732656  4.769
 35   137.180 53426.21222016  8.00 236.792196  62.735796  4.769
 35   141.070 53426.21222080  7.15 236.789626  62.738936  4.769
 36    99.545 53461.21222534  7.38 236.800763  62.706520  2.872
 36   111.316 53461.21222598  7.22 236.798193  62.709660  2.872
 36   114.095 53461.21222663  6.62 236.795623  62.712800  2.872
 36   117.023 53461.21222727  6.79 236.793063  62.715940  2.872
 36   112.260 53461.21222791  6.91 236.790493  62.719080  2.872
 36   112.299 53461.21222856  7.74 236.787923  62.722220  2.872
 37   104.306 53496.21230426 44.85 236.798483  62.703060 19.270
 37   104.198 53496.21230490 33.11 236.795923  62.706200 19.270
 37   103.984 53496.21230554 29.79 236.793353  62.709340 19.270
 37   103.904 53496.21230619 29.85 236.790793  62.712480 19.270
 37   103.930 53496.21230683 30.69 236.788223  62.715620 19.270
 37   103.978 53496.21230748 32.30 236.785663  62.718760 19.270
 37   104.047 53496.21230812 34.11 236.783093  62.721900 19.270
 37   103.968 53496.21230877 46.99 236.780527  62.725037 12.607
 38   102.483 53531.21228635 25.83 236.797836  62.726289  9.231
 38   102.092 53531.21228699 19.58 236.795266  62.729429  9.231
 38   101.921 53531.21228763 18.42 236.792706  62.732569  9.231
 38   101.766 53531.21228828 17.29 236.790136  62.735709  9.231
 39   108.074 53566.21231049 14.76 236.795102  62.718409  4.707
 39   107.536 53566.21231113 13.63 236.792532  62.721549  4.707
 39   103.056 53566.21231178 13.04 236.789962  62.724689  4.707
 39   100.452 53566.21231242 12.82 236.787402  62.727829  4.707
 39   100.446 53566.21231307 12.60 236.784832  62.730969  4.707
 40   108.906 53601.21225562  7.48 236.799819  62.727774  6.284
 40   108.440 53601.21225627  8.81 236.797249  62.730914  6.284
 40   107.861 53601.21225691  8.52 236.794679  62.734054  6.284
 40   105.998 53601.21225756  8.44 236.792119  62.737194  6.284
 40    99.198 53601.21225820  9.91 236.789549  62.740334  6.284
 41   100.541 53636.21224807 52.00 236.797308  62.701203 24.748
 41   100.275 53636.21224872 49.75 236.794748  62.704343 24.748
 41   100.166 53636.21224936 52.85 236.792178  62.707483 24.748
 41   100.009 53636.21225001 47.61 236.789618  62.710613 24.748
 41   100.055 53636.21225065 44.69 236.787048  62.713753 24.748
 41    99.895 53636.21225130 49.32 236.784488  62.716893 24.748
 41    99.887 53636.21225194 46.06 236.781918  62.720033 24.748
 42    98.358 53671.21226942 19.62 236.801114  62.703855  6.162
 42    98.705 53671.21227007 20.20 236.798554  62.706995  6.162
 42    98.874 53671.21227071 19.94 236.795984  62.710135  6.162
 42    98.918 53671.21227136 19.23 236.793424  62.713275  6.162
 42    99.049 53671.21227200 17.77 236.790854  62.716415  6.162
 42    99.051 53671.21227265 16.84 236.788294  62.719555  6.162
 42    98.889 53671.21227329 16.07 236.785724  62.722695  6.162
 42    98.930 53671.21227394 15.92 236.783159  62.725831  5.787
 42    98.923 53671.21227458 16.64 236.780589  62.728971  5.787
 43   100.743 53706.21220580 19.60 236.804359  62.727008  7.234
 43   100.781 53706.21220644 18.34 236.801789  62.730148  7.234
 43   100.354 53706.21220708 20.61 236.799229  62.733288  7.234
 43   100.423 53706.21220773 19.62 236.796656  62.736426  7.647
 43   100.119 53706.21220837 20.98 236.794086  62.739566  7.647
 43   100.296 53706.21220902 20.01 236.791526  62.742706  7.647
 44   100.209 53741.21212033 14.77 236.806211  62.735231  5.471
 44   100.251 53741.21212098 14.99 236.803641  62.738361  5.471
 44   100.511 53741.21212162 15.16 236.801081  62.741501  5.471
 44   101.166 53741.21212355 14.35 236.793371  62.750921  5.471
 44   101.073 53741.21212420 14.21 236.790801  62.754061  5.471
 46   139.531 53811.21212236  3.52 236.803180  62.731784  2.443
 46   141.416 53811.21212301  3.56 236.800620  62.734924  2.443
 46   143.321 53811.21212365  3.73 236.798050  62.738064  2.443
 46   144.342 53811.21212430  4.09 236.795480  62.741204  2.443
 46   146.016 53811.21212494  4.42 236.792920  62.744344  2.443
 47   132.415 53846.21216496  5.30 236.800453  62.700477  2.391
 47   133.195 53846.21216560  4.37 236.797883  62.703617  2.391
 47   135.173 53846.21216625  4.08 236.795323  62.706757  2.391
 47   136.093 53846.21216689  4.11 236.792753  62.709897  2.391
 47   137.641 53846.21216753  4.07 236.790193  62.713037  2.391
 47   139.315 53846.21216818  3.81 236.787623  62.716177  2.391
 47   140.410 53846.21216882  3.59 236.785053  62.719317  2.391
 47   141.896 53846.21216947  3.96 236.782493  62.722457  2.391
 48   102.294 53881.21219277 50.68 236.795557  62.719801 24.563
 48   102.152 53881.21219341 51.17 236.792987  62.722941 24.563
 48   102.189 53881.21219406 50.19 236.790417  62.726081 24.563
 48   102.067 53881.21219470 50.16 236.787854  62.729216 14.619
 48   102.091 53881.21219535 51.72 236.785284  62.732356 14.619
 49   100.800 53916.21224928 17.01 236.800439  62.704462  4.907
 49   100.797 53916.21224992 17.04 236.797869  62.707602  4.907
 49   101.163 53916.21225057 18.41 236.795309  62.710742  4.907
 49   101.061 53916.21225121 18.22 236.792739  62.713882  4.907
 49   101.055 53916.21225186 17.17 236.790179  62.717022  4.907
 49   101.182 53916.21225250 16.98 236.787609  62.720162  4.907
 49   104.356 53916.21225314 18.19 236.785049  62.723302  4.907
 49   101.330 53916.21225379 21.44 236.782479  62.726442  4.907
 50   100.580 53951.21225679 52.17 236.799246  62.707372 29.778
 50    99.895 53951.21225743 51.79 236.796686  62.710512 29.778
 50    99.978 53951.21225808 50.93 236.794116  62.713652 29.778
 50    99.967 53951.21225872 50.09 236.791556  62.716792 29.778
 50    99.729 53951.21225936 48.52 236.788986  62.719932 29.778
 50    99.792 53951.21226001 46.75 236.786426  62.723072 29.778
 50    99.699 53951.21226065 52.98 236.783856  62.726212 29.778
 50    99.632 53951.21226130 48.87 236.781286  62.729352 29.778
 52    99.857 54021.21223286 51.54 236.799853  62.705401 30.631
 52    98.939 54021.21223350 51.57 236.797283  62.708541 30.631
 52    99.113 54021.21223414 50.87 236.794723  62.711681 30.631
 52    98.955 54021.21223479 50.09 236.792153  62.714821 30.631
 52    98.836 54021.21223543 51.15 236.789583  62.717961 30.631
 52    98.799 54021.21223608 48.92 236.787023  62.721101 30.631
 52    98.857 54021.21223672 49.08 236.784453  62.724241 30.631
 52    98.690 54021.21223737 48.12 236.781883  62.727381 30.631
 53    97.925 54056.21222801 39.77 236.797470  62.725128 19.255
 53    98.177 54056.21222865 33.32 236.794910  62.728268 19.255
 53    97.869 54056.21222930 46.31 236.792340  62.731408 19.255
 53    97.811 54056.21222994 51.78 236.789770  62.734538 19.255
 53    97.992 54056.21223059 41.93 236.787200  62.737678 19.255
 54    98.839 54091.21221337 24.28 236.800904  62.725678  9.481
 54    98.990 54091.21221401 24.34 236.798334  62.728818  9.481
 54    99.071 54091.21221466 27.63 236.795774  62.731958  9.481
 54    99.061 54091.21221530 26.58 236.793204  62.735098  9.481
 54    98.797 54091.21221595 19.57 236.790634  62.738238  9.481
 55    98.762 54126.21213988 11.69 236.799588  62.701384 11.770
 55    98.954 54126.21214053 10.96 236.797018  62.704524 11.770
 55    99.064 54126.21214117 11.01 236.794458  62.707664 11.770
 55    99.175 54126.21214182 10.74 236.791888  62.710804 11.770
 55    99.215 54126.21214246 11.37 236.789328  62.713944 11.770
 55    99.211 54126.21214311 13.70 236.786758  62.717084 11.770
 55    99.268 54126.21214375 28.73 236.784188  62.720224 11.770
 55    99.547 54126.21214440 35.05 236.781618  62.723364 11.770
 56    98.865 54161.21218072  9.54 236.794928  62.721564  2.827
 56    98.828 54161.21218137  9.00 236.792358  62.724694  2.827
 56   103.424 54161.21218201  8.32 236.789798  62.727834  2.827
 56   104.793 54161.21218266  7.75 236.787228  62.730974  2.827
 56    98.619 54161.21218330  8.29 236.784658  62.734114  2.827
 57    98.739 54196.21214207  8.45 236.800469  62.703302  2.816
 57    98.827 54196.21214272  7.81 236.797909  62.706442  2.816
 57    99.059 54196.21214336  7.72 236.795339  62.709582  2.816
 57    99.424 54196.21214401  7.18 236.792779  62.712722  2.816
 58   102.787 54231.21219177 48.87 236.800473  62.711513 20.542
 58   101.729 54231.21219306 50.96 236.795341  62.717792 20.804
 58   101.514 54231.21219371 51.22 236.792771  62.720932 20.804
 58   101.555 54231.21219435 49.25 236.790201  62.724072 20.804
 58   101.597 54231.21219500 50.73 236.787641  62.727212 20.804
 58   101.619 54231.21219564 51.42 236.785071  62.730342 20.804
 59   102.296 54266.21221128 35.85 236.793929  62.722189  8.550
 59   102.481 54266.21221193 36.00 236.791359  62.725329  8.550
 59   102.271 54266.21221257 38.71 236.788799  62.728459  8.550
 59   102.380 54266.21221321 39.82 236.786229  62.731599  8.550
 60   110.672 54301.21221588 16.14 236.796058  62.721912  7.118
 60   110.710 54301.21221653 15.93 236.793488  62.725052  7.118
 60   110.351 54301.21221717 17.10 236.790928  62.728192  7.118
 60   101.523 54301.21221782 26.01 236.788358  62.731332  7.118
 60   101.288 54301.21221846 28.48 236.785788  62.734462  7.118
 61   100.153 54336.21220436 52.41 236.797427  62.725268 24.042
 61    99.855 54336.21220501 52.00 236.794857  62.728408 24.042
 61    99.963 54336.21220565 51.41 236.792297  62.731538 24.042
 61    99.909 54336.21220630 49.99 236.789727  62.734678 24.042
 61    99.743 54336.21220694 47.53 236.787157  62.737818 24.042
 62   129.345 54371.21214511 11.03 236.800642  62.706415 10.571
 62   111.750 54371.21214575 12.88 236.798072  62.709555 10.571
 62   111.532 54371.21214640 13.09 236.795512  62.712695 10.571
 62   134.798 54371.21214704 12.34 236.792942  62.715835 10.571
 62   137.119 54371.21214769 11.03 236.790372  62.718975 10.571
 62   139.135 54371.21214833 10.25 236.787812  62.722115 10.571
 62   147.271 54371.21214898  8.70 236.785242  62.725255 10.571
 62   148.756 54371.21214962  9.35 236.782672  62.728395 10.571
 63    99.394 54406.21214892 50.98 236.794510  62.724485 25.395
 63    99.442 54406.21214957 49.97 236.791950  62.727625 25.395
 63    99.304 54406.21215021 51.43 236.789380  62.730765 25.395
 63    99.349 54406.21215086 49.43 236.786810  62.733905 25.395
 64    99.926 54441.21210283 19.36 236.796767  62.702331  6.469
 64    99.957 54441.21210347 22.43 236.794197  62.705461  6.469
 64    99.705 54441.21210412 24.15 236.791633  62.708607  8.967
 64    99.791 54441.21210476 25.75 236.789063  62.711747  8.967
 64    99.528 54441.21210541 25.12 236.786503  62.714887  8.967
 64    99.567 54441.21210605 25.73 236.783933  62.718027  8.967
 64    99.427 54441.21210669 22.54 236.781363  62.721167  8.967
 65   100.214 54476.21213615 17.54 236.794683  62.721658  6.366
 65   100.127 54476.21213680 16.46 236.792113  62.724798  6.366
 65   100.152 54476.21213744 15.24 236.789543  62.727938  6.366
 65   100.174 54476.21213809 16.20 236.786973  62.731078  6.366
 65   100.104 54476.21213873 14.17 236.784413  62.734218  6.366
 66    99.944 54511.21211852 10.29 236.800164  62.701722  3.749
 66    99.936 54511.21211917 10.02 236.797604  62.704862  3.749
 66   100.074 54511.21211981 10.54 236.795034  62.708002  3.749
 66   100.059 54511.21212046 10.98 236.792474  62.711132  3.749
 66    99.849 54511.21212110 11.60 236.789900  62.714277  3.834
 66    99.782 54511.21212175 12.61 236.787340  62.717417  3.834
 66    99.855 54511.21212239 10.89 236.784770  62.720557  3.834
 66    99.526 54511.21212304  9.51 236.782200  62.723697  3.834
 67   135.500 54546.21215076  8.43 236.796260  62.723690  3.487
 67   136.483 54546.21215141  8.17 236.793690  62.726830  3.487
 67   139.320 54546.21215205  7.35 236.791130  62.729970  3.487
 67   140.948 54546.21215270  7.13 236.788560  62.733100  3.487
 67   142.945 54546.21215334  6.66 236.785990  62.736240  3.487
 68   136.533 54581.21211831  6.65 236.793243  62.722399  3.590
 68   137.199 54581.21211896  6.98 236.790683  62.725529  3.590
 68   139.044 54581.21211960  5.55 236.788113  62.728669  3.590
 68   142.177 54581.21212025  4.28 236.785543  62.731809  3.590
 69   102.361 54616.21213959 43.39 236.795725  62.722035 15.169
 69   102.208 54616.21214024 44.68 236.793155  62.725175 15.169
 69   102.272 54616.21214088 44.88 236.790595  62.728315 15.169
 69   102.126 54616.21214153 48.41 236.788025  62.731445 15.169
 69   102.187 54616.21214217 45.73 236.785455  62.734585 15.169
 70   132.592 54651.21215058  7.85 236.799459  62.712130  8.661
 70   136.781 54651.21215187  7.24 236.794329  62.718410  8.661
 70   137.938 54651.21215251  7.37 236.791760  62.721548 13.335
 70   139.678 54651.21215316  7.23 236.789190  62.724688 13.335
 70   141.255 54651.21215380  6.89 236.786630  62.727828 13.335
 70   147.430 54651.21215445  7.65 236.784060  62.730968 13.335
 72   127.907 54721.21209396 10.28 236.800052  62.701656 11.470
 72   129.874 54721.21209460  9.14 236.797492  62.704796 11.470
 72   101.264 54721.21209525 12.90 236.794922  62.707936 11.470
 72   101.753 54721.21209589 14.58 236.792352  62.711076 11.470
 72   135.651 54721.21209654  9.30 236.789796  62.714213 16.923
 72   137.402 54721.21209718  8.53 236.787226  62.717353 16.923
 72   139.076 54721.21209782  8.86 236.784656  62.720493 16.923
 72   138.897 54721.21209847 10.03 236.782086  62.723633 16.923
 74    98.575 54791.21208706 37.37 236.798677  62.700512 15.293
 74    98.610 54791.21208771 39.58 236.796117  62.703642 15.293
 74    98.616 54791.21208835 42.62 236.793547  62.706792 15.293
 74    98.521 54791.21208899 44.34 236.790987  62.709922 15.293
 74    98.399 54791.21208964 44.05 236.788417  62.713065 18.572
 74    98.246 54791.21209028 46.59 236.785847  62.716205 18.572
 74    98.334 54791.21209093 46.50 236.783287  62.719345 18.572
 74    98.220 54791.21209157 45.41 236.780717  62.722485 18.572
 75   100.174 54826.21211425 15.14 236.800616  62.710400  6.722
 75   100.064 54826.21211554 38.61 236.795486  62.716680  6.722
 75   100.904 54826.21211618 19.80 236.792915  62.719818  3.352
 75    99.794 54826.21211682 13.18 236.790355  62.722958  3.352
 75    99.707 54826.21211747 12.65 236.787785  62.726098  3.352
 75    99.636 54826.21211811 12.92 236.785215  62.729238  3.352
 75    99.499 54826.21211876 13.35 236.782645  62.732368  3.352
 76    99.777 54861.21208090 11.74 236.801410  62.701904  4.991
 76   100.292 54861.21208155 10.95 236.798850  62.705044  4.991
 76   100.136 54861.21208219 10.64 236.796278  62.708182  2.979
 76   100.284 54861.21208284 10.22 236.793718  62.711322  2.979
 76   100.057 54861.21208348  9.67 236.791148  62.714462  2.979
 76   100.022 54861.21208413 10.27 236.788578  62.717602  2.979
 76    99.697 54861.21208477  9.82 236.786018  62.720742  2.979
 76    99.539 54861.21208542  9.05 236.783448  62.723872  2.979
 76    99.310 54861.21208606  8.44 236.780878  62.727012  2.979
 78    98.727 54931.21207864  9.14 236.799841  62.703593  4.084
 78    98.877 54931.21207928  7.89 236.797281  62.706733  4.084
 79   105.559 54966.21211778 38.46 236.794542  62.720764 16.143
 79   105.439 54966.21211842 33.62 236.791972  62.723904 16.143
 79   105.540 54966.21211907 27.83 236.789412  62.727044 16.143
 79   105.605 54966.21211971 22.25 236.786842  62.730184 16.143
 79   105.578 54966.21212036 26.20 236.784272  62.733314 16.143
 80   103.192 55001.21213575 30.35 236.800052  62.711093 11.032
 80   102.642 55001.21213704 23.36 236.794922  62.717373 11.032
 80   102.537 55001.21213769 21.93 236.792358  62.720512  2.900
 80   102.397 55001.21213833 20.96 236.789788  62.723652  2.900
 80   102.438 55001.21213898 21.01 236.787228  62.726792  2.900
 80   102.422 55001.21213962 20.64 236.784658  62.729922  2.900
 81   100.548 55036.21212376 52.17 236.794601  62.721847 25.739
 81   100.558 55036.21212440 49.99 236.792031  62.724987 25.739
 81   100.489 55036.21212505 52.57 236.789471  62.728127 25.739
 81   100.591 55036.21212569 50.32 236.786901  62.731257 25.739
 81   100.405 55036.21212634 46.82 236.784332  62.734402 11.998
 82   100.671 55071.21211282 53.00 236.798650  62.725297 23.727
 82   100.636 55071.21211347 52.92 236.796080  62.728427 23.727
 82   100.532 55071.21211411 52.96 236.793510  62.731577 23.727
 82   100.489 55071.21211476 49.05 236.790950  62.734707 23.727
 82   100.460 55071.21211540 48.39 236.788380  62.737847 23.727
 83   112.753 55106.21205194 11.64 236.799460  62.701984 10.036
 83   110.979 55106.21205259 13.70 236.796900  62.705124 10.036
 83   110.308 55106.21205323 13.11 236.794330  62.708264 10.036
 83    99.647 55106.21205387 18.29 236.791770  62.711404 10.036
 83   108.416 55106.21205452 16.00 236.789200  62.714544 10.036
 83   135.904 55106.21205516 13.61 236.786638  62.717680 17.515
 83   138.442 55106.21205581 10.09 236.784068  62.720820 17.515
 83   139.857 55106.21205645  9.85 236.781498  62.723960 17.515
 84    98.723 55141.21206233 49.61 236.793811  62.724424 24.629
 84    98.807 55141.21206298 49.30 236.791251  62.727564 24.629
 84    98.660 55141.21206362 51.74 236.788681  62.730704 24.629
 84    98.740 55141.21206426 47.12 236.786111  62.733844 24.629
 85   100.576 55176.21202089 16.90 236.798894  62.702093  5.951
 85   100.515 55176.21202154 18.51 236.796324  62.705233  5.951
 85   100.411 55176.21202218 20.71 236.793764  62.708373  5.951
 85   100.386 55176.21202282 25.14 236.791195  62.711508  7.946
 85   100.396 55176.21202347 26.63 236.788625  62.714648  7.946
 85   100.314 55176.21202411 24.81 236.786065  62.717788  7.946
 85   100.279 55176.21202476 20.09 236.783495  62.720928  7.946
 85   100.328 55176.21202540 18.02 236.780925  62.724068  7.946
 86   100.206 55211.21205644 11.81 236.793717  62.721291  3.738
 86   100.254 55211.21205708 10.72 236.791147  62.724431  3.738
 86   103.349 55211.21205773 10.02 236.788587  62.727571  3.738
 86   103.456 55211.21205837  9.76 236.786017  62.730711  3.738
 87   100.079 55246.21202570 11.38 236.800638  62.704918  3.880
 87   100.169 55246.21202635 12.35 236.798078  62.708058  3.880
 87   100.166 55246.21202699 16.40 236.795508  62.711198  3.880
 87   100.392 55246.21202764 14.14 236.792948  62.714338  3.880
 87   100.154 55246.21202828 13.90 236.790376  62.717473  4.155
 87    99.965 55246.21202892 13.12 236.787816  62.720613  4.155
 87    99.876 55246.21202957 10.00 236.785246  62.723753  4.155
 87   102.567 55246.21203021  8.61 236.782676  62.726893  4.155
 88    99.658 55281.21205073  9.45 236.795512  62.724332  3.379
 88    99.654 55281.21205137  9.51 236.792942  62.727472  3.379
 88   103.768 55281.21205202  9.33 236.790382  62.730612  3.379
 88   103.562 55281.21205266  8.48 236.787812  62.733742  3.379
 89   102.751 55316.21201741 30.07 236.793549  62.720670 16.471
 89   102.651 55316.21201805 26.85 236.790979  62.723810 16.471
 89   102.637 55316.21201870 26.94 236.788419  62.726950 16.471
 89   102.843 55316.21201934 29.81 236.785849  62.730090 16.471
 90   100.190 55351.21202270 51.12 236.795661  62.725012 22.868
 90   100.151 55351.21202334 54.82 236.793091  62.728152 22.868
 90   100.160 55351.21202399 49.49 236.790531  62.731282 22.868
 90   100.023 55351.21202463 50.47 236.787961  62.734422 22.868
 91   110.918 55386.21201309 13.58 236.799958  62.701976  9.103
 91   100.867 55386.21201374 14.76 236.797398  62.705116  9.103
 91   100.657 55386.21201438 17.90 236.794828  62.708256  9.103
 91   102.488 55386.21201502 17.50 236.792268  62.711396  9.103
 91   138.331 55386.21201696 12.39 236.784569  62.720812 13.846
 91   139.107 55386.21201760 12.02 236.781999  62.723952 13.846
 92    99.805 55421.21204037 40.57 236.795456  62.721555 17.823
 92    99.681 55421.21204102 46.67 236.792886  62.724695 17.823
 92    99.494 55421.21204166 50.04 236.790326  62.727835 17.823
 92    99.481 55421.21204231 46.84 236.787756  62.730975 17.823
 92    99.498 55421.21204295 46.94 236.785186  62.734105 17.823
 93   100.925 55456.21201613 45.87 236.800125  62.725012 19.316
 93    99.526 55456.21201677 48.30 236.797558  62.728153 17.533
 93    99.493 55456.21201742 52.81 236.794988  62.731293 17.533
 93    99.404 55456.21201806 51.29 236.792428  62.734423 17.533
 93    99.384 55456.21201871 48.76 236.789858  62.737563 17.533
