-136738.597   995.109     0.00   34.96
-136371.621   993.244    -5.08   46.05
-136004.574  1037.108   119.49   95.93
-135637.457  1086.149   133.57  122.46
-135270.269  1173.758   238.57  160.08
-134903.010  1240.702   182.26  153.50
-134535.680  1236.038   -12.70  161.30
-134168.279  1192.937  -117.30  162.64
-133800.808  1146.488  -126.39  122.34
-133433.265  1152.598    16.62  103.04
-133065.652  1208.517   152.10  112.35
-132697.967  1277.516   187.64  115.68
-132330.211  1333.006   150.87  106.70
-131962.385  1379.544   126.51  121.04
-131594.487  1402.761    63.10  132.81
-131226.518  1426.871    65.52  134.38
-130858.477  1448.562    58.93  122.63
-130490.366  1503.230   148.49  119.96
-130122.183  1525.960    61.73  102.27
-129753.928  1529.869    10.61   98.59
-129385.602  1524.803   -13.75  112.02
-129017.205  1515.959   -24.00  118.73
-128648.736  1510.905   -13.72  124.45
-128280.196  1491.158   -53.57  142.28
-127911.584  1422.686  -185.74  151.46
-127542.901  1334.668  -238.71   98.86
-127174.146  1300.178   -93.52   96.85
-126805.319  1278.708   -58.21  102.98
-126436.420  1260.235   -50.07  116.93
-126067.450  1227.419   -88.93  129.05
-125698.408  1158.471  -186.81  131.28
-125329.294  1098.545  -162.34  123.19
-124960.108  1012.373  -233.39  146.63
-124590.850   932.827  -215.40  136.26
-124221.520   857.694  -203.41   89.85
-123852.118   823.533   -92.47   56.34
-123482.644   823.155    -1.02   70.22
-123113.098   824.016     2.33   84.28
-122743.480   812.912   -30.04   88.78
-122373.789   777.128   -96.79   77.76
-122004.026   737.211  -107.95   59.75
-121634.191   702.061   -95.03   52.19
-121264.284   687.148   -40.31   46.17
-120894.304   693.538    17.27   52.71
-120524.252   731.934   103.75   81.44
-120154.128   814.928   224.21  116.35
-119783.930   913.578   266.46  139.63
-119413.661  1023.263   296.20  157.37
-119043.319  1117.937   255.62  136.89
-118672.904  1206.724   239.67  132.80
-118302.416  1287.403   217.74  138.11
-117931.856  1370.283   223.64  108.37
-117561.223  1381.376    29.93  101.14
-117190.517  1324.796  -152.61  142.40
-116819.738  1203.783  -326.35  161.12
-116448.887  1073.049  -352.49  130.96
-116077.963  1003.949  -186.27   92.41
-115706.965   993.948   -26.96   81.61
-115335.895  1067.083   197.07  128.07
-114964.751  1180.494   305.55  141.58
-114593.535  1278.510   264.02  125.60
-114222.245  1329.211   136.54  100.67
-113850.882  1303.454   -69.35  122.97
-113479.446  1224.560  -212.39  138.14
-113107.937  1131.583  -250.25  111.22
-112736.354  1085.232  -124.73   79.06
-112364.698  1082.455    -7.47   83.78
-111992.969  1092.382    26.70   95.01
-111621.166  1077.290   -40.59   92.24
-111249.289  1047.477   -80.16   82.27
-110877.340  1008.140  -105.75   56.23
-110505.316   974.488   -90.45   44.19
-110133.219   945.294   -78.45   55.57
-109761.048   917.120   -75.69   69.91
-109388.804   855.196  -166.34   88.85
-109016.486   801.721  -143.62   65.63
-108644.094   772.915   -77.35   50.34
-108271.628   760.638   -32.96   58.58
-107899.088   736.127   -65.79  116.16
-107526.475   685.383  -136.17  167.65
-107153.787   584.600  -270.40  184.18
-106781.026   497.060  -234.82  160.07
-106408.190   415.580  -218.53  101.51
-106035.281   386.005   -79.30   60.52
-105662.297   388.511     6.72   56.87
-105289.239   410.027    57.67   62.69
-104916.107   428.698    50.03   56.98
-104542.900   434.634    15.90   50.22
-104169.619   432.394    -6.00   47.32
-103796.264   414.694   -47.40   40.97
-103422.835   396.017   -50.01   21.64
-103049.331   388.418   -20.34   20.86
-102675.752   383.053   -14.36   22.92
-102302.099   374.840   -21.98   22.38
-101928.372   365.389   -25.29   13.35
-101554.569   360.657   -12.66    9.24
-101180.693   358.156    -6.69    8.42
-100806.741   355.950    -5.90    8.66
-100432.715   353.101    -7.62    7.22
-100058.614   351.906    -3.19    5.61
 -99684.438   350.137    -4.73    3.05
 -99310.187   349.653    -1.29    1.60
 -98935.861   349.708     0.15    1.29
 -98561.460   350.140     1.15    1.17
 -98186.984   350.451     0.83    0.85
 -97812.434   350.555     0.28    0.80
 -97437.808   350.401    -0.41    0.74
 -97063.107   350.027    -1.00    0.66
 -96688.330   349.470    -1.49    0.82
 -96313.479   347.752    -4.58    4.23
 -95938.552   346.603    -3.06    5.32
 -95563.550   346.115    -1.30    6.10
 -95188.472   345.994    -0.32    7.22
 -94813.319   348.609     6.97    8.19
 -94438.091   351.510     7.73    7.67
 -94062.787   355.158     9.72    4.79
 -93687.407   356.294     3.02    2.17
 -93311.952   355.060    -3.29    2.42
 -92936.421   352.702    -6.28    3.39
 -92560.815   350.038    -7.09    3.90
 -92185.133   348.752    -3.42    3.93
 -91809.375   348.224    -1.40    4.67
 -91433.541   348.545     0.85    4.96
 -91057.631   347.356    -3.16    5.41
 -90681.645   345.109    -5.98    6.25
 -90305.584   340.746   -11.60    6.35
 -89929.446   337.153    -9.55    4.78
 -89553.232   333.794    -8.93    3.82
 -89176.943   331.936    -4.94    3.62
 -88800.577   329.829    -5.60    3.49
 -88424.135   328.289    -4.09    3.37
 -88047.616   326.367    -5.10    3.31
 -87671.022   324.925    -3.83    3.04
 -87294.351   323.510    -3.76    2.60
 -86917.603   322.713    -2.12    2.04
 -86540.779   322.126    -1.56    1.59
 -86163.879   321.960    -0.44    1.47
 -85786.902   321.950    -0.03    1.50
 -85409.849   321.791    -0.42    1.53
 -85032.719   321.675    -0.31    1.83
 -84655.512   321.805     0.34    2.05
 -84278.229   321.950     0.38    1.91
 -83900.869   322.185     0.62    1.64
 -83523.432   322.301     0.31    1.35
 -83145.918   322.201    -0.27    1.05
 -82768.328   321.428    -2.04    1.85
 -82390.660   320.052    -3.64    2.70
 -82012.916   319.360    -1.83    2.46
 -81635.094   319.160    -0.53    1.97
 -81257.195   319.196     0.09    1.87
 -80879.220   319.827     1.67    1.87
 -80501.167   320.050     0.59    1.69
 -80123.036   320.852     2.12    2.40
 -79744.829   324.224     8.92    6.08
 -79366.544   328.563    11.47    8.15
 -78988.182   333.576    13.25    8.36
 -78609.743   338.887    14.03    5.51
 -78231.226   342.374     9.21    4.06
 -77852.631   344.958     6.82    4.11
 -77473.959   349.356    11.61    8.63
 -77095.210   355.401    15.96   13.12
 -76716.383   363.818    22.22   18.31
 -76337.478   368.948    13.54   19.16
 -75958.495   370.591     4.34   17.99
 -75579.435   372.016     3.76   14.58
 -75200.297   373.671     4.36   11.01
 -74821.080   373.583    -0.23    8.36
 -74441.786   376.367     7.34    7.79
 -74062.414   381.027    12.28    7.43
 -73682.964   385.840    12.68    8.07
 -73303.436   390.972    13.52    8.08
 -72923.830   395.763    12.62    8.04
 -72544.146   398.286     6.64    8.14
 -72164.383   399.917     4.29    8.29
 -71784.542   399.880    -0.10    8.31
 -71404.623   407.171    19.19   27.83
 -71024.626   429.027    57.51   53.77
 -70644.550   438.818    25.76   55.13
 -70264.396   435.271    -9.33   54.25
 -69884.163   423.058   -32.12   49.26
 -69503.852   411.466   -30.48   41.56
 -69123.462   393.785   -46.48   47.34
 -68742.993   366.983   -70.44   66.76
 -68362.446   325.353  -109.39   96.60
 -67981.820   254.287  -186.70  112.42
 -67601.115   178.936  -197.91   91.10
 -67226.881   119.222  -159.56   63.09
 -66861.113    87.338   -87.17   31.77
 -66495.273    75.906   -31.25   18.94
 -66129.360    71.455   -12.16    3.07
 -65763.377    72.567     3.04    3.05
 -65397.321    73.565     2.73    2.97
 -65031.193    74.230     1.81    3.18
 -64664.993    72.559    -4.56    3.99
 -64298.721    70.923    -4.47    4.27
 -63932.377    70.102    -2.24    3.70
 -63565.961    69.641    -1.26    2.65
 -63199.472    70.137     1.35    2.35
 -62832.912    69.851    -0.78    2.64
 -62466.279    68.227    -4.43    3.33
 -62099.574    65.765    -6.71    4.28
 -61732.796    59.278   -17.69   10.70
 -61365.947    50.157   -24.86   15.01
 -60999.024    38.880   -30.73   15.34
 -60632.029    30.400   -23.10   12.84
 -60264.962    24.052   -17.29    6.62
 -59897.822    23.906    -0.40    4.79
 -59530.610    25.934     5.52    4.59
 -59163.325    28.005     5.64    3.84
 -58795.967    28.937     2.54    8.62
 -58428.536    32.928    10.86   13.61
 -58061.033    37.758    13.14   16.39
 -57693.457    44.752    19.03   17.03
 -57325.808    49.422    12.70   15.09
 -56958.086    50.364     2.56   15.87
 -56590.291    46.689    -9.99   18.13
 -56222.423    40.649   -16.42   18.27
 -55854.482    38.273    -6.46   15.94
 -55486.468    38.168    -0.29   12.92
 -55118.381    40.402     6.07   10.56
 -54750.221    43.848     9.36    8.82
 -54381.987    46.722     7.81    5.24
 -54013.681    47.959     3.36    0.74
 -53645.301    47.741    -0.59    0.55
 -53276.847    47.477    -0.72    1.00
 -52908.321    45.807    -4.53    3.74
 -52539.720    42.763    -8.26    6.47
 -52171.047    37.816   -13.42    9.09
 -51802.300    31.037   -18.38   11.50
 -51433.479    23.563   -20.26    9.91
 -51064.585    17.722   -15.83    7.31
 -50695.617    13.854   -10.48    3.22
 -50326.575    13.200    -1.77    2.16
 -49957.460    13.449     0.67    2.12
 -49588.270    13.961     1.39    2.46
 -49219.007    14.124     0.44    2.80
 -48849.671    14.405     0.76    3.30
 -48480.260    13.800    -1.64    3.52
 -48110.775    13.160    -1.73    3.55
 -47741.216    12.972    -0.51    3.72
 -47371.584    12.812    -0.43    3.88
 -47001.877    12.327    -1.31    3.79
 -46632.096    11.470    -2.32    3.37
 -46262.241    10.477    -2.69    1.85
 -45892.311     9.994    -1.31    0.00
 -45522.308    24.553    39.35   31.54
 -45152.230    53.063    77.03   58.79
 -44782.078   104.972   140.23   93.76
 -44411.851   165.235   162.77  104.11
 -44041.550   222.950   155.85   93.84
 -43671.174   239.073    43.53   77.54
 -43300.724   204.295   -93.88   94.69
 -42930.199   157.982  -124.99  103.08
 -42559.600    96.005  -167.23   76.47
 -42188.926    51.749  -119.39   39.37
 -41818.177    27.004   -66.74   22.67
 -41447.354    15.422   -31.23   13.42
 -41076.456    10.005   -14.61    0.10
 -40705.483     9.994    -0.03    0.00
 -40334.435     9.994     0.00    0.00
 -39963.312     9.994     0.00    0.00
 -39592.114    10.145     0.41    0.62
 -39220.841    10.657     1.38    1.65
 -38849.493    11.087     1.16    2.06
 -38478.070    11.428     0.92    2.37
 -38106.572    11.729     0.81    2.57
 -37734.999    11.467    -0.71    2.27
 -37363.350    11.316    -0.41    1.90
 -36991.626    11.178    -0.37    1.59
 -36619.827    11.646     1.26    1.95
 -36247.952    11.928     0.76    3.24
 -35876.002    11.832    -0.26    4.97
 -35503.976    11.738    -0.25    6.23
 -35131.875    12.005     0.72    7.11
 -34759.698    15.263     8.76    8.80
 -34387.446    18.908     9.79    9.15
 -34015.118    22.800    10.46    7.37
 -33642.715    24.262     3.93    6.34
 -33270.235    24.278     0.04    5.20
 -32897.680    24.733     1.22    4.66
 -32525.049    25.270     1.44    4.58
 -32152.342    25.796     1.41    5.09
 -31779.559    26.051     0.68    5.40
 -31406.700    25.983    -0.18    5.35
 -31033.766    25.914    -0.18    5.44
 -30660.755    25.036    -2.35    5.97
 -30287.668    23.437    -4.29    6.46
 -29914.504    17.972   -14.64   11.10
 -29541.265    11.270   -17.96   11.72
 -29167.949     5.733   -14.83    9.81
 -28794.557     0.718   -13.43    3.50
 -28421.089    -0.006    -1.94    0.00
 -28047.544    -0.006     0.00    0.00
 -27673.923    -0.006     0.00    0.00
 -27300.226    -0.006     0.00    0.00
 -26926.451    -0.006     0.00    0.00
 -26552.601    -0.006     0.00    0.00
 -26178.673    -0.006     0.00    0.00
 -25804.669    -0.006     0.00    0.00
 -25430.589    -0.006     0.00    0.00
 -25056.431    -0.006     0.00    0.00
 -24682.197     0.026     0.09    0.23
 -24307.885     0.005    -0.06    0.10
 -23933.497    -0.006    -0.03    0.00
 -23559.032    -0.006     0.00    0.00
 -23184.490    -0.006     0.00    0.00
 -22809.871    -0.006     0.00    0.00
 -22435.175    -0.006     0.00    0.00
 -22060.402    -0.006     0.00    0.00
 -21685.551    -0.006     0.00    0.00
 -21310.623    -0.006     0.00    0.00
 -20935.618     2.116     5.66    6.13
 -20560.536     5.646     9.41    8.86
 -20185.376     9.814    11.11   10.49
 -19810.139    13.744    10.47   10.54
 -19434.824    16.414     7.12    8.85
 -19059.432    17.613     3.19    8.03
 -18683.962    18.516     2.41    6.89
 -18308.415    19.940     3.79    5.17
 -17932.790    20.752     2.16    3.67
 -17557.087    21.273     1.39    3.58
 -17181.307    21.448     0.47    3.43
 -16805.448    21.309    -0.37    3.76
 -16429.512    20.744    -1.50    4.35
 -16053.498    19.888    -2.27    4.80
 -15677.406    18.710    -3.13    5.67
 -15301.236    15.908    -7.45    6.89
 -14924.988    12.764    -8.36    8.37
 -14548.662    10.505    -6.00    7.58
 -14172.258    10.703     0.53    7.13
 -13795.775    14.241     9.40    8.08
 -13419.214    17.039     7.43    9.32
 -13042.575    16.983    -0.15   10.69
 -12665.858    15.232    -4.65   12.60
 -12289.062    13.004    -5.91   13.22
 -11912.188    10.752    -5.98   13.85
 -11535.236     8.069    -7.12   13.24
 -11158.204     6.338    -4.59   12.57
 -10781.095     4.800    -4.08   11.79
 -10403.906     3.752    -2.78   10.81
 -10026.639     2.413    -3.55    9.28
  -9649.293     0.808    -4.25    6.27
  -9271.869    -0.876    -4.46    0.93
  -8894.366    -1.006    -0.35    0.00
  -8516.783    -1.006     0.00    0.00
  -8139.122    -1.006     0.00    0.00
  -7761.382    -1.006     0.00    0.00
  -7383.563    -1.006     0.00    0.00
  -7005.665    -1.006     0.00    0.00
  -6627.688    -1.006     0.00    0.00
  -6249.631    -1.006     0.00    0.00
  -5871.495    -0.868     0.36    0.38
  -5493.281    -0.576     0.77    0.54
  -5114.986    -0.290     0.76    0.50
  -4736.613    -0.071     0.58    0.32
  -4358.160    -0.006     0.17    0.00
  -3979.627    -0.006     0.00    0.00
  -3601.015    -0.006     0.00    0.00
  -3222.324    -0.006     0.00    0.00
  -2843.553    -0.006     0.00    0.00
  -2464.702    -0.006     0.00    0.00
  -2085.771    -0.006     0.00    0.00
  -1706.761    -0.006     0.00    0.00
  -1327.671    -0.006     0.00    0.00
   -948.501    -0.006     0.00    0.00
   -569.251    -0.006     0.00    0.00
   -189.921    -0.006     0.00    0.00
    189.488    -0.006     0.00    0.00
    568.978     0.600     1.60    3.19
    948.548     2.705     5.55    8.22
   1328.198     4.305     4.22   10.19
   1707.928     6.627     6.11   12.08
   2087.739     8.313     4.44   13.45
   2467.630    11.323     7.92   15.60
   2847.601    12.537     3.19   16.47
   3227.653    13.994     3.83   17.15
   3607.785    16.176     5.74   17.49
   3987.997    18.639     6.48   17.94
   4368.290    23.776    13.51   17.96
   4748.664    29.419    14.84   17.82
   5129.119    37.483    21.19   14.38
   5509.654    44.617    18.75    9.20
   5890.269    49.068    11.69    5.79
   6270.966    52.124     8.03    3.98
   6651.744    53.887     4.63    2.02
   7032.602    54.200     0.82    1.30
   7412.099    53.381    -2.16    2.07
   7777.640    52.471    -2.49    2.08
   8143.254    51.898    -1.57    2.30
   8508.941    51.301    -1.63    2.96
   8874.702    49.370    -5.28    4.96
   9240.537    43.409   -16.29   11.78
   9606.445    30.398   -35.56   18.91
   9972.427    20.660   -26.61   16.30
  10338.483    13.370   -19.92   10.34
  10704.612    12.409    -2.63    5.99
  11070.816    17.744    14.57    6.35
  11437.093    22.057    11.78    6.31
  11803.445    25.926    10.56    4.68
  12169.870    27.857     5.27    5.14
  12536.370    29.364     4.11    5.48
  12902.943    28.587    -2.12    6.32
  13269.591    26.627    -5.35    7.17
  13636.313    23.983    -7.21    6.95
  14003.109    21.574    -6.57    5.88
  14369.979    23.026     3.96    7.79
  14736.924    27.164    11.28   10.22
  15103.943    33.105    16.19   11.32
  15471.036    39.720    18.02    9.41
  15838.204    44.616    13.33    5.06
  16205.447    42.692    -5.24    8.49
  16572.763    39.638    -8.31   10.25
  16940.155    37.639    -5.44   10.14
  17307.621    35.422    -6.03    9.30
  17675.162    38.802     9.20    9.72
  18042.777    42.557    10.22    9.71
  18410.468    46.897    11.80    8.49
  18778.233    49.792     7.87    6.09
  19146.073    52.521     7.42    2.44
  19513.988    53.909     3.77    2.76
  19881.978    55.353     3.92    3.15
  20250.042    57.313     5.33    3.39
  20618.182    59.061     4.75    2.79
  20986.397    60.424     3.70    2.30
  21354.687    61.422     2.71    1.58
  21723.052    62.026     1.64    1.05
  22091.493    62.260     0.63    0.67
  22460.009    62.246    -0.04    0.51
  22828.600    62.089    -0.43    0.33
  23197.266    61.983    -0.29    0.24
  23566.008    62.026     0.12    0.31
  23934.825    62.071     0.12    0.34
  24303.718    62.089     0.05    0.36
  24672.686    62.039    -0.14    0.52
  25041.730    61.887    -0.41    0.66
  25410.850    61.642    -0.66    0.69
  25780.045    61.292    -0.95    0.55
  26149.316    60.972    -0.86    0.59
  26518.662    60.646    -0.88    0.58
  26888.085    60.281    -0.99    0.67
  27257.583    59.823    -1.24    0.81
  27627.157    59.472    -0.95    0.91
  27996.808    59.183    -0.78    0.99
  28366.534    59.153    -0.08    1.08
  28736.336    59.407     0.69    1.26
  29106.215    59.930     1.41    1.52
  29476.169    60.741     2.19    1.74
  29846.200    61.930     3.21    2.59
  30216.307    63.115     3.20    3.03
  30586.490    64.728     4.36    3.29
  30956.750    66.273     4.17    3.46
  31327.085    67.823     4.19    3.77
  31697.498    69.176     3.65    3.77
  32067.987    71.209     5.49    3.76
  32438.552    72.650     3.89    3.67
  32809.194    73.972     3.57    3.55
  33179.912    75.187     3.28    3.66
  33550.708    76.657     3.96    3.75
  33921.580    78.192     4.14    4.11
  34292.528    80.171     5.34    3.96
  34663.554    81.921     4.72    4.12
  35034.656    83.515     4.30    3.82
  35405.835    85.079     4.21    3.59
  35777.091    86.439     3.66    3.28
  36148.424    88.111     4.50    3.16
  36519.834    89.430     3.55    2.92
  36891.322    91.211     4.79    2.87
  37262.886    92.632     3.82    2.82
  37634.528    94.124     4.02    3.00
  38006.246    95.004     2.37    3.15
  38378.042    95.961     2.57    3.36
  38749.916    96.685     1.95    3.36
  39121.867    97.389     1.89    3.30
  39493.895    97.674     0.77    3.25
  39866.000    97.718     0.12    3.34
  40238.183    97.238    -1.29    3.26
  40610.444    96.407    -2.23    3.23
  40982.782    95.089    -3.54    2.99
  41355.198    94.005    -2.91    2.80
  41727.692    93.323    -1.83    2.40
  42100.263    93.407     0.22    2.22
  42472.913    93.646     0.64    2.14
  42845.640    94.349     1.89    2.28
  43218.445    95.773     3.82    2.70
  43591.328    96.929     3.10    2.70
  43964.289    98.632     4.57    2.52
  44337.327    99.877     3.34    2.57
  44710.445   101.620     4.67    2.89
  45083.640   102.994     3.68    2.82
  45456.913   104.537     4.14    2.53
  45830.265   105.940     3.76    2.25
  46203.695   107.598     4.44    2.59
  46577.203   109.547     5.22    3.04
  46950.789   111.789     6.00    2.96
  47324.454   113.589     4.82    2.87
  47698.198   115.178     4.25    2.83
  48072.020   116.779     4.28    2.67
  48445.921   118.364     4.24    2.47
  48819.900   119.869     4.02    2.22
  49193.958   121.301     3.83    1.80
  49568.094   122.499     3.20    1.51
  49942.310   123.456     2.56    1.38
  50316.604   124.015     1.49    1.58
  50690.977   124.820     2.15    1.86
  51065.429   125.625     2.15    1.92
  51439.960   126.494     2.32    1.87
  51814.570   127.079     1.56    1.62
  52189.260   127.153     0.20    1.57
  52564.028   126.621    -1.42    1.57
  52938.875   125.802    -2.19    1.55
  53313.802   124.738    -2.84    1.47
  53688.808   123.845    -2.38    1.38
  54063.893   123.185    -1.76    1.20
  54439.058   123.515     0.88    2.64
  54814.302   124.568     2.81    4.18
  55189.625   125.909     3.57    4.76
  55565.028   125.972     0.17    4.88
  55940.511   123.288    -7.15    5.93
  56316.073   118.185   -13.59    8.58
  56691.715   111.794   -17.02    8.40
  57067.436   106.427   -14.28    5.25
  57443.238   104.141    -6.08    2.38
  57819.119   104.187     0.12    2.21
  58195.080   107.183     7.97    4.68
  58571.121   110.710     9.38    5.79
  58947.242   114.046     8.87    5.82
  59323.442   117.713     9.75    5.25
  59699.723   121.169     9.19    4.95
  60076.085   124.627     9.19    4.22
  60452.526   128.802    11.09    5.23
  60829.047   132.449     9.69    5.15
  61205.649   136.233    10.05    5.94
  61582.331   141.061    12.82    6.54
  61959.094   145.615    12.09    6.70
  62335.937   149.607    10.60    4.06
  62712.860   151.004     3.71    2.67
  63089.864   152.185     3.13    2.97
  63466.948   153.941     4.66    3.61
  63844.114   156.200     5.99    3.94
  64221.359   158.499     6.09    3.60
  64598.686   160.101     4.25    3.39
  64976.093   159.994    -0.28    3.90
  65353.581   159.016    -2.59    5.37
  65731.150   156.212    -7.42    7.02
  66108.800   152.222   -10.57    9.51
  66486.531   144.004   -21.76   15.70
  66864.343   135.168   -23.39   18.51
  67242.236   122.688   -33.02   19.83
  67620.211   110.635   -31.89   17.97
  67998.266    98.257   -32.74   13.98
  68376.403    89.509   -23.13   11.51
  68754.621    81.804   -20.37   10.02
  69132.920    76.133   -14.99    8.66
  69511.301    70.341   -15.31    7.10
  69889.763    65.896   -11.75    4.70
  70268.306    62.525    -8.91    2.85
  70646.932    60.155    -6.26    2.64
  71025.638    57.900    -5.95    2.64
  71404.427    56.113    -4.72    2.49
  71783.297    54.478    -4.32    2.07
  72162.249    53.394    -2.86    1.96
  72541.283    52.678    -1.89    1.82
  72920.398    52.144    -1.41    1.85
  73299.596    52.244     0.26    1.84
  73678.875    52.494     0.66    1.55
  74058.237    52.889     1.04    1.21
  74437.681    52.939     0.13    1.41
  74817.206    52.373    -1.49    2.04
  75196.814    51.520    -2.25    2.47
  75576.504    50.836    -1.80    2.50
  75956.277    50.334    -1.32    2.30
  76336.132    50.046    -0.76    2.13
  76716.069    50.200     0.41    2.09
  77096.089    50.421     0.58    1.63
  77476.191    51.191     2.03    1.60
  77856.375    52.692     3.95    2.11
  78236.643    53.972     3.37    2.50
  78616.993    55.860     4.96    2.98
  78997.425    57.874     5.30    2.31
  79377.941    58.148     0.72    2.30
  79758.539    57.871    -0.73    2.66
  80139.220    56.233    -4.30    4.24
  80519.984    53.212    -7.94    6.47
  80900.831    47.217   -15.74   10.17
  81281.761    39.641   -19.89   12.81
  81662.774    29.592   -26.38   16.47
  82043.871    19.871   -25.51   15.92
  82413.241    10.973   -24.09   15.78
  82778.622     3.112   -21.52   12.19
  83144.079    -2.322   -14.87    8.48
  83509.611    -5.921    -9.85    4.41
  83875.218    -7.683    -4.82    1.23
  84240.900    -7.870    -0.51    0.72
  84606.658    -7.409     1.26    1.72
  84972.492    -7.316     0.25    1.74
  85338.401    -7.213     0.28    1.82
  85704.386    -7.527    -0.86    1.56
  86070.447    -7.953    -1.16    0.27
  86436.583    -7.847     0.29    0.97
  86802.795    -6.611     3.38    4.00
  87169.083    -3.364     8.86    8.80
  87535.446     0.468    10.46   12.82
  87901.886     4.771    11.74   15.74
  88268.401    12.128    20.07   20.16
  88634.993    21.930    26.74   27.17
  89001.660    39.794    48.72   42.32
  89368.404    55.951    44.06   52.02
  89735.224    82.720    72.98   60.21
  90102.120    96.602    37.84   60.23
  90469.092   106.846    27.92   53.56
  90836.140   107.354     1.38   46.75
  91203.265   102.780   -12.46   41.49
  91570.466    86.951   -43.11   39.48
  91937.744    75.697   -30.64   35.42
  92305.098    73.705    -5.42   32.51
  92672.528    80.783    19.27   34.96
  93040.035    99.994    52.28   36.73
  93407.619   120.046    54.55   27.90
  93775.280   131.811    32.00   15.26
  94143.017   134.117     6.27   12.14
  94510.831   130.994    -8.49   11.41
  94878.721   125.165   -15.84   11.49
  95246.689   117.169   -21.73   13.90
  95614.733   107.396   -26.56   18.05
  95982.854    98.888   -23.11   19.82
  96351.053    91.764   -19.35   17.35
  96719.328    86.536   -14.20   13.81
  97087.680    82.621   -10.63    9.62
  97456.110    79.494    -8.49    6.66
  97824.617    77.082    -6.55    4.72
  98193.201    74.623    -6.67    3.84
  98561.862    72.189    -6.60    4.20
  98930.601    70.150    -5.53    5.22
  99299.417    67.741    -6.53    5.63
  99668.310    65.220    -6.83    5.30
 100037.281    63.141    -5.64    4.56
 100406.329    61.769    -3.72    3.70
 100775.455    60.660    -3.00    2.83
 101144.659    59.080    -4.28    3.43
 101513.940    57.818    -3.42    3.94
 101883.299    56.971    -2.29    4.10
 102252.736    56.171    -2.17    4.47
 102622.250    56.268     0.26    4.85
 102991.843    56.348     0.21    5.00
 103361.513    56.556     0.56    4.92
 103731.261    57.303     2.02    4.55
 104101.087    57.783     1.30    4.20
 104470.992    58.759     2.64    3.45
 104840.974    58.973     0.58    2.94
 105211.035    58.510    -1.25    3.26
 105581.174    57.231    -3.46    4.53
 105951.391    55.749    -4.00    4.75
 106321.686    54.880    -2.35    4.87
 106692.060    53.708    -3.17    5.72
 107062.512    52.334    -3.71    6.23
 107433.042    52.288    -0.12    7.03
 107803.651    53.330     2.81    6.88
 108174.339    54.802     3.97    5.99
 108545.105    55.065     0.71    4.55
 108915.950    53.035    -5.47    5.40
 109286.873    49.611    -9.23    5.85
 109657.875    46.837    -7.48    5.40
 110028.956    44.157    -7.22    4.96
 110400.116    42.147    -5.42    4.81
 110771.355    40.450    -4.57    4.93
 111142.673    38.559    -5.09    4.77
 111514.070    36.591    -5.30    4.77
 111885.545    34.406    -5.88    4.65
 112257.100    33.331    -2.89    3.93
 112628.734    32.602    -1.96    3.37
 113000.447    32.887     0.77    2.66
 113372.240    33.546     1.77    2.12
 113744.111    34.045     1.34    2.76
 114116.063    33.749    -0.80    2.88
 114488.093    33.427    -0.87    2.88
 114860.203    34.452     2.76    3.30
 115232.392    36.983     6.80    4.61
 115604.661    41.444    11.98    6.08
 115977.010    47.431    16.08    7.30
 116349.438    52.477    13.55    6.58
 116721.946    56.385    10.49    6.12
 117094.533    59.144     7.40    4.84
 117467.201    58.952    -0.52    6.50
 117839.948    54.190   -12.78   12.04
 118212.775    52.097    -5.61   12.56
 118585.682    49.573    -6.77   12.81
 118958.670    47.296    -6.10   13.19
 119331.737    44.202    -8.29   16.19
 119704.884    34.815   -25.16   17.77
 120078.111    28.169   -17.81   16.79
 120451.419    23.703   -11.96   16.50
 120824.807    19.055   -12.45   18.12
 121198.275    14.845   -11.28   20.08
 121571.824     8.293   -17.54   19.78
 121945.453     1.851   -17.24   17.27
 122319.162    -5.804   -20.49   11.38
 122692.952   -10.440   -12.40    2.64
 123066.823   -11.006    -1.52    0.00
 123440.774   -11.006     0.00    0.00
 123814.805   -11.006     0.00    0.00
 124188.918   -11.006     0.00    0.00
 124563.111   -11.006     0.00    0.00
 124937.385   -11.006     0.00    0.00
 125311.740   -11.006     0.00    0.00
 125686.176   -11.006     0.00    0.00
 126060.693   -11.006     0.00    0.00
 126435.291   -10.902     0.28    0.72
 126809.970   -10.140     2.03    3.13
 127184.730    -8.883     3.36    4.99
 127559.571    -5.733     8.40    9.41
 127934.494    -0.914    12.85   14.04
 128309.497     5.650    17.50   17.43
 128684.583    12.357    17.88   19.29
 129059.749    20.015    20.41   19.95
 129434.997    25.125    13.62   18.66
 129810.327    29.091    10.57   17.53
 130185.738    34.272    13.80   14.44
 130561.230    35.283     2.69   12.86
 130936.805    27.767   -20.01   18.80
 131312.461    23.483   -11.41   19.81
 131688.198    26.418     7.81   19.39
 132064.018    33.143    17.90   16.54
 132439.919    41.701    22.77    8.23
 132815.903    44.639     7.82    2.93
 133191.968    45.095     1.21    3.47
 133568.115    45.139     0.12    4.75
 133944.345    45.806     1.77    4.27
 134320.656    45.639    -0.44    5.18
 134697.050    44.973    -1.77    6.12
 135073.526    43.962    -2.69    7.77
 135450.084    41.212    -7.30   10.65
 135826.725    37.293   -10.41   12.40
 136203.448    31.541   -15.27   13.89
 136580.253    27.046   -11.93   15.20
 136957.141    23.869    -8.43   15.39
 137334.112    22.798    -2.84   16.38
 137711.165    25.757     7.85   17.21
 138088.301    29.147     8.99   16.05
 138465.519    28.025    -2.97   15.43
 138842.821    22.596   -14.39   16.86
 139220.205    16.406   -16.40   15.27
 139597.672    11.639   -12.63   12.60
 139975.222    11.108    -1.41   11.50
 140352.854    14.115     7.96    9.73
 140730.570    17.897    10.01    9.08
 141108.369    23.545    14.95    5.29
 141486.252    26.419     7.61    4.17
 141864.217    28.575     5.71    3.53
 142242.266    30.026     3.84    3.08
 142620.398    31.437     3.73    1.91
 142998.613    32.466     2.72    0.72
 143376.912    33.024     1.48    0.83
 143755.294    33.722     1.84    1.24
 144133.759    34.264     1.43    1.92
 144512.309    35.005     1.96    2.65
 144890.942    35.869     2.28    3.34
 145269.658    37.205     3.53    4.05
 145648.459    38.214     2.66    4.28
 146027.343    38.255     0.11    4.73
 146406.311    36.294    -5.17    5.92
 146785.363    33.213    -8.13    6.94
 147164.499    29.251   -10.45    7.23
 147543.719    24.418   -12.75    6.75
 147923.023    19.994   -11.66    8.02
 148302.411    13.689   -16.62    9.09
 148681.883     6.953   -17.75   10.05
 149061.440     4.158    -7.36   10.24
 149441.081     3.952    -0.54   10.98
 149820.806     6.548     6.84   11.52
 150200.616     6.226    -0.85   11.98
 150580.510     3.624    -6.85   13.02
 150960.488     1.561    -5.43   14.21
 151340.551    -1.082    -6.96   14.82
 151720.699    -4.680    -9.46   14.66
 152100.932   -10.365   -14.95   12.00
 152481.249   -14.582   -11.09    7.58
 152861.651   -17.387    -7.37    2.87
 153242.138   -18.239    -2.24    2.40
 153622.710   -18.770    -1.40    2.17
 154003.366   -19.306    -1.41    1.74
 154384.108   -19.680    -0.98    1.24
 154764.935   -20.006    -0.86    0.00
 155145.847   -20.006     0.00    0.00
 155526.844   -19.852     0.41    1.16
 155907.927   -18.615     3.25    4.20
 156289.094   -11.319    19.14   14.96
 156670.347    -1.159    26.65   21.49
 157045.424    14.241    41.06   24.68
 157410.569    26.951    34.81   18.36
 157775.791    36.259    25.49    9.47
 158141.090    39.504     8.88    7.56
 158506.467    42.046     6.96    6.16
 158871.920    43.911     5.11    5.01
 159237.451    45.678     4.84    2.92
 159603.059    46.708     2.82    1.92
 159968.745    47.779     2.93    1.29
 160334.507    49.074     3.54    1.93
 160700.348    50.317     3.40    2.39
 161066.265    52.078     4.81    3.27
 161432.261    53.640     4.27    3.71
 161798.334    54.581     2.57    3.65
 162164.484    55.054     1.29    3.01
 162530.712    55.632     1.58    2.46
 162897.018    56.804     3.20    2.62
 163263.402    58.358     4.24    2.53
 163629.864    60.202     5.03    2.31
 163996.403    61.681     4.03    2.15
 164363.021    63.192     4.12    1.88
 164729.716    64.165     2.66    1.82
 165096.489    64.950     2.14    1.83
 165463.341    65.964     2.76    2.54
 165830.270    67.337     3.74    3.05
 166197.278    69.585     6.13    3.42
 166564.364    71.810     6.06    2.84
 166931.529    73.612     4.91    3.10
 167298.771    76.519     7.92    6.47
 167666.092    82.385    15.97   10.84
 168033.492    92.688    28.05   15.82
 168400.970   104.822    33.02   18.64
 168768.526   120.198    41.84   20.52
 169136.161   131.256    30.08   19.91
 169503.875   142.369    30.22   17.28
 169871.667   148.861    17.65   15.34
 170239.538   155.567    18.23   12.12
 170607.488   159.004     9.34   10.00
 170975.517   161.845     7.72    7.66
 171343.624   162.862     2.76    6.44
 171711.811   163.282     1.14    5.66
 172080.076   162.489    -2.16    6.05
 172448.421   158.757   -10.13    8.90
 172816.844   149.594   -24.87   12.78
 173185.347   141.412   -22.20   12.55
 173553.929   133.451   -21.60    9.24
 173922.590   129.790    -9.93    5.49
 174291.330   128.613    -3.19    3.58
 174660.150   130.549     5.25    4.24
 175029.049   133.045     6.77    4.23
 175398.028   135.198     5.84    4.22
 175767.086   137.437     6.07    3.99
 176136.223   140.785     9.07    4.67
 176505.440   144.194     9.23    5.95
 176874.737   146.320     5.76    5.27
 177244.114   146.644     0.88    5.51
 177613.570   146.657     0.04    6.13
 177983.106   145.464    -3.23    6.27
 178352.722   144.829    -1.72    5.75
 178722.417   145.478     1.76    5.36
 179092.193   145.741     0.71    5.46
 179462.049   146.874     3.06    5.48
 179831.984   147.731     2.32    6.13
 180202.000   149.759     5.48    6.18
 180572.096   151.344     4.28    6.13
 180942.272   153.026     4.55    6.10
 181312.529   154.534     4.07    6.32
 181682.866   154.494    -0.11    7.35
 182053.283   153.004    -4.02    9.20
 182423.780   149.671    -9.00   12.53
 182794.358   141.287   -22.63   21.22
 183165.017   127.075   -38.35   31.91
 183535.756   107.137   -53.79   36.79
 183906.575    90.394   -45.16   33.40
 184277.475    80.869   -25.68   24.20
 184648.457    89.354    22.87   30.53
 185019.518   114.467    67.69   37.37
 185390.661   140.114    69.11   32.33
 185761.884   159.409    51.98   19.46
 186133.189   168.744    25.14   12.53
 186504.574   172.783    10.88    9.93
 186876.041   179.206    17.29    6.81
 187247.588   185.208    16.16    9.64
 187619.217   195.085    26.58   14.66
 187990.927   206.590    30.95   17.05
 188362.718   219.358    34.35   15.80
 188734.590   225.234    15.80   12.18
 189106.544   224.983    -0.67   10.53
 189478.579   219.684   -14.25   12.24
 189850.696   209.450   -27.50   10.45
 190222.894   202.691   -18.16    8.98
 190595.173   198.671   -10.80    7.91
 190967.535   196.418    -6.05    5.76
 191339.978   195.914    -1.35    5.08
 191712.502   196.782     2.33    5.40
 192085.109   196.357    -1.14    5.61
 192457.797   195.983    -1.00    5.17
 192830.567   195.324    -1.77    6.73
 193203.419   194.097    -3.29   10.03
 193576.353   191.782    -6.21   14.12
 193949.369   187.820   -10.62   18.03
 194322.468   182.984   -12.96   16.78
 194695.648   182.636    -0.93   15.55
 195068.910   189.984    19.69   19.50
 195442.255   205.575    41.77   22.29
 195815.682   220.802    40.78   20.21
 196189.192   229.983    24.58   13.62
 196562.784   234.084    10.98    8.31
 196936.458   233.115    -2.59    9.34
 197310.215   229.943    -8.49   10.49
 197684.054   227.893    -5.48   12.49
 198057.976   223.592   -11.50   14.20
 198431.981   215.924   -20.50   13.17
 198806.069   208.762   -19.15    8.63
 199180.239   203.744   -13.41    8.39
 199554.492   198.972   -12.75    8.67
 199928.828   195.357    -9.66    9.29
 200303.247   194.130    -3.28   12.02
 200677.749   193.734    -1.06   15.45
 201052.334   194.849     2.98   16.71
 201427.002   193.004    -4.93   16.65
 201801.754   191.796    -3.22   16.23
 202176.588   190.274    -4.06   16.74
 202551.506   190.883     1.62   17.12
 202926.507   192.054     3.12   15.88
 203301.592   192.832     2.08   12.56
 203676.760   190.943    -5.04   10.40
 204052.011   189.386    -4.15   10.36
 204427.346   186.787    -6.92   12.06
 204802.765   187.448     1.76   17.87
 205178.268   192.015    12.16   22.64
 205553.854   193.534     4.04   25.33
 205929.524   189.080   -11.86   25.71
 206305.277   183.716   -14.28   25.71
 206681.115   175.359   -22.24   25.53
 207057.036   163.291   -32.11   21.48
 207433.042   152.504   -28.69   15.72
 207809.132   145.216   -19.38   10.75
 208185.305   142.932    -6.07   10.05
 208561.563   142.552    -1.01   11.64
 208937.905   141.749    -2.14   10.58
 209314.332   141.884     0.36    9.49
 209690.842   142.214     0.88   10.77
 210067.438   143.438     3.25   12.61
 210444.117   143.744     0.81   10.61
 210820.881   145.231     3.95    9.44
 211197.730   148.794     9.46    9.70
 211574.663   152.514     9.87    8.41
 211951.681   150.943    -4.17   10.27
 212328.784   145.285   -15.01   13.42
 212705.971   139.904   -14.27   15.97
 213083.243   135.152   -12.60   18.98
 213460.600   133.954    -3.17   20.17
 213838.043   135.179     3.25   20.45
 214215.570   140.291    13.54   21.29
 214593.182   151.059    28.52   23.21
 214970.879   168.794    46.96   31.10
 215348.662   182.769    37.00   29.30
 215726.529   193.174    27.54   25.69
 216104.482   200.309    18.88   19.35
 216482.521   198.558    -4.63   14.75
 216860.645   195.310    -8.59   13.22
 217238.854   187.756   -19.98   15.82
 217617.149   177.056   -28.29   16.53
 217995.529   163.214   -36.59   16.81
 218373.995   151.870   -29.98   12.77
 218752.546   139.489   -32.71   14.81
 219131.184   128.861   -28.07   14.89
 219509.907   123.204   -14.94   12.22
 219888.716   122.688    -1.36   10.08
 220267.611   123.634     2.50   10.22
 220646.592   126.054     6.39   10.18
 221025.659   128.135     5.49   11.02
 221404.812   130.254     5.59   12.21
 221784.052   133.206     7.79   12.74
 222163.377   132.744    -1.22   12.96
 222542.789   131.464    -3.37   13.10
 222922.287   130.614    -2.24   10.92
 223301.871   131.488     2.31    9.37
 223681.542   134.489     7.90   10.87
 224061.300   140.614    16.13   13.19
 224441.144   150.835    26.91   15.97
 224821.074   167.822    44.72   22.20
 225201.091   190.664    60.12   32.29
 225581.195   225.175    90.81   40.19
 225961.386   261.244    94.88   43.67
 226341.664   296.024    91.47   33.57
 226722.028   315.746    51.86   21.64
 227102.480   324.074    21.89   11.21
 227483.018   317.258   -17.91   19.22
 227863.644   299.749   -46.01   27.55
 228244.357   275.766   -63.00   30.76
 228625.157   251.075   -64.85   24.70
 229006.044   233.768   -45.45   17.08
 229387.019   221.045   -33.40    8.68
 229768.081   214.324   -17.64    7.35
 230149.230   208.705   -14.74    6.95
 230530.467   203.749   -13.00    7.50
 230911.791   196.317   -19.49   10.88
 231293.203   192.172   -10.87    9.75
 231674.440   191.085    -2.85    9.74
 232039.343   195.641    12.49   13.29
 232404.325   207.972    33.79   15.16
 232769.385   223.304    42.00   18.94
 233134.525   237.327    38.41   19.05
 233499.743   254.105    45.95   18.63
 233865.041   268.131    38.40   17.02
 234230.417   282.752    40.02   16.28
 234595.873   294.172    31.25   15.89
 234961.408   305.367    30.63   12.82
 235327.022   314.204    24.17    9.01
 235692.715   318.837    12.67    5.51
 236058.488   319.734     2.45    4.32
 236424.340   315.154   -12.52   10.93
 236790.271   306.077   -24.81   15.71
 237156.282   292.533   -37.01   18.30
 237522.373   278.004   -39.69   15.90
 237888.543   265.327   -34.63   13.93
 238254.793   258.899   -17.55   12.08
