# NaN NaN NaN ;Mean Elev.(m), Avg Gradient(m/km), RMS Gradient(m/km) - SRTM1     
#   11.387  -5.312  12.794 ;Mean Elev.(m), Avg Gradient(m/km), RMS Gradient(m/km) - ASTER GDEM
#   22.459  -5.070  12.669 ;Mean Elev.(m), Avg Gradient(m/km), RMS Gradient(m/km) - GMTED2010 
  7 230.091676  66.760502    56.667    49.684  4 52452.22101370 11.573
  8 230.104892  66.760288    18.576    18.578  6 52487.22099471 17.638
  9 230.111633  66.757707    64.036    64.224  5 52522.22096457  8.525
 11 230.096832  66.759760    18.616    18.615  6 52592.22101140 31.585
 12 230.091223  66.761521    18.237    18.344  6 52627.22092898 20.367
 13 230.097576  66.761722    17.133    17.142  6 52662.22097498 19.262
 15 230.113800  66.755911    34.657    50.458  5 52732.22097379 10.711
 16 230.113356  66.757324    67.589    66.160  5 52767.22098310  1.799
 18 230.087677  66.763560    18.915    19.035  8 52837.22105933 18.133
 19 230.095576  66.761497    17.063    16.665  7 52872.22109905 32.728
 20 230.110881  66.756605    17.297    17.380  4 52907.22108771 15.865
 21 230.093585  66.755531    17.199    17.199  2 52942.22101654 44.456
 23 230.100481  66.759906    63.657    63.684  7 53012.22107262  4.958
 24 230.087008  66.760115    62.983    63.087  4 53047.22104011  4.879
 25 230.096522  66.760689    63.291    63.187  6 53082.22107467  7.597
 26 230.086860  66.757641    64.583    64.583  2 53117.22104487  1.820
 27 230.093672  66.757359    23.467    24.117  4 53152.22109376 47.316
 28 230.108492  66.755763    17.969    17.947  4 53187.22108005 23.163
 35 230.115171  66.757320    63.911    63.839  6 53432.22103840  2.063
 36 230.087198  66.759118    62.805    62.805  2 53467.22107449  3.353
 37 230.088577  66.764798    23.650    23.666  6 53502.22112840 26.014
 38 230.106124  66.756447    20.750    20.685  4 53537.22111900 45.765
 39 230.098014  66.760785    63.384    63.380  3 53572.22112429 11.849
 40 230.120040  66.755335    18.487    18.461  5 53607.22107149 46.022
 41 230.088774  66.755841    17.557    17.557  2 53642.22107316 20.162
 42 230.091817  66.762684    16.591    16.854  7 53677.22109320 42.560
 45 230.106190  66.759349    64.729    64.889  6 53782.22096435  1.171
 46 230.128694  66.754440    64.565    64.941  4 53817.22092851  0.816
 48 230.112102  66.754593    41.788    41.823  4 53887.22100735 21.068
 49 230.090887  66.757301    54.919    62.931  3 53922.22108002 11.906
 50 230.094764  66.760808    17.109    16.728  7 53957.22107534 35.588
 52 230.092159  66.756830    16.992    17.110  3 54027.22106149 21.531
 53 230.103405  66.762646    15.818    15.811  4 54062.22105564 24.297
 55 230.087491  66.758702    16.989    16.898  3 54132.22097762 17.843
 57 230.088983  66.759353    62.843    62.858  4 54202.22098107  7.000
 58 230.097019  66.760416    21.263    21.141  7 54237.22101684 40.604
 60 230.098632  66.759952    19.319    19.499  5 54307.22103837 16.171
 62 230.090931  66.762038    18.054    17.621  7 54377.22097398 23.804
 63 230.098710  66.762908    19.899    19.933  5 54412.22096608 27.380
 64 230.086057  66.760922    18.095    18.190  5 54447.22093909 12.606
 66 230.088500  66.760883    62.552    62.552  3 54517.22095296  9.479
 67 230.115013  66.753897    63.371    63.439  4 54552.22096912  4.389
 69 230.100498  66.760011    19.921    19.907  6 54622.22096667 23.704
 70 230.096461  66.761929    19.506    19.265  7 54657.22097666 16.008
 71 230.105159  66.759807    17.492    17.495  6 54692.22095933 17.258
 72 230.077613  66.772314    15.894    15.894  2 54727.22093159 40.847
 73 230.100939  66.759088    47.358    63.086  3 54762.22093636 27.228
 75 230.103743  66.757083    63.379    63.475  5 54832.22092560  5.322
 76 230.087268  66.760848    62.903    62.759  6 54867.22091811  5.621
 77 230.106029  66.759659    64.204    64.358  6 54902.22093603  2.213
 78 230.090557  66.762899    52.932    62.320  5 54937.22090847  7.809
 79 230.092886  66.763614    23.556    23.706  6 54972.22094137 35.690
 80 230.099318  66.760937    64.022    63.988  7 55007.22095803  7.579
 81 230.105603  66.754903    18.415    18.415  2 55042.22094555 18.688
 82 230.112428  66.755691    19.009    19.041  5 55077.22092518 45.749
 83 230.090965  66.762187    16.890    17.097  7 55112.22087967 39.850
 84 230.094791  66.764323    17.401    17.475  4 55147.22088140 34.825
 85 230.086194  66.760237    17.164    17.125  4 55182.22085926 16.692
 86 230.109359  66.754321    63.052    63.052  2 55217.22087503  8.462
 87 230.091585  66.760204    62.942    63.023  5 55252.22085534 12.164
 88 230.115272  66.753260    63.018    62.795  3 55287.22086702  5.397
 89 230.096637  66.761814    64.838    64.662  7 55322.22084465  8.659
 90 230.100418  66.760346    20.381    20.518  7 55357.22084363 12.693
 91 230.088453  66.763369    17.428    17.425  8 55392.22084654 15.348
 92 230.105193  66.755104    63.259    63.259  2 55427.22085898  6.328
