-173654.283     4.994     0.00    5.70
-173272.939     2.923    -5.43    4.56
-172891.686     0.557    -6.20    0.61
-172510.525     0.471    -0.23    0.00
-172129.455     0.471     0.00    0.00
-171748.477     0.471     0.00    0.00
-171367.590     0.471     0.00    0.00
-170986.793     0.471     0.00    0.00
-170606.088     0.471     0.00    0.00
-170225.474     0.471     0.00    0.00
-169844.951     0.471     0.00    0.00
-169464.519     0.471     0.00    0.00
-169084.178     0.471     0.00    0.00
-168703.928     0.471     0.00    0.00
-168323.768     0.471     0.00    0.00
-167943.699     0.471     0.00    0.00
-167563.720     0.471     0.00    0.00
-167183.832     0.491     0.05    0.20
-166804.035     0.923     1.14    1.74
-166424.328     2.243     3.48    3.40
-166044.711     3.749     3.97    3.99
-165665.184     5.063     3.46    3.99
-165285.748     6.433     3.61    3.70
-164906.402     7.577     3.02    3.40
-164527.146     8.971     3.67    2.88
-164147.980    10.053     2.86    2.08
-163768.904    12.242     5.77    5.04
-163389.918    15.254     7.95    6.82
-163011.021    16.999     4.61    6.64
-162632.215    18.737     4.59    6.97
-162253.498    18.223    -1.36    7.23
-161874.870    17.574    -1.71    8.36
-161496.333    17.751     0.47    9.06
-161117.885    19.794     5.40    9.67
-160739.526    21.246     3.84    9.26
-160361.257    20.980    -0.70    8.16
-159983.077    20.736    -0.65    8.18
-159604.986    19.433    -3.45    8.56
-159226.984    18.087    -3.56    8.30
-158849.072    17.592    -1.31    8.73
-158471.249    18.078     1.29    8.58
-158093.515    18.528     1.19    9.09
-157715.869    18.226    -0.80    9.92
-157338.313    11.131   -18.79   12.64
-156960.845     2.898   -21.81   10.73
-156583.466    -3.957   -18.16    6.17
-156206.176    -7.049    -8.20    2.18
-155828.975    -8.157    -2.94    0.89
-155451.862    -8.492    -0.89    0.24
-155074.838    -8.529    -0.10    0.00
-154697.902    -8.415     0.30    0.79
-154321.054    -7.948     1.24    1.92
-153944.295    -7.859     0.23    2.05
-153567.624    -7.703     0.42    2.11
-153191.042    -7.154     1.46    2.64
-152814.547    -6.269     2.35    3.28
-152438.141    -6.116     0.41    3.46
-152061.822    -6.392    -0.73    3.48
-151685.592    -7.310    -2.44    2.95
-151309.450    -8.435    -2.99    0.51
-150933.395    -8.529    -0.25    0.00
-150557.428    -8.529     0.00    0.00
-150181.549    -8.529     0.00    0.00
-149805.758    -8.529     0.00    0.00
-149430.054    -8.529     0.00    0.00
-149054.438    -8.146     1.02    0.98
-148678.909    -6.948     3.19    2.56
-148303.468    -2.367    12.20    7.27
-147928.114     1.157     9.39    6.98
-147552.847     3.169     5.36    5.76
-147177.667     3.500     0.88    4.16
-146802.575     1.671    -4.88    1.15
-146427.570     1.985     0.84    1.94
-146052.652     4.616     7.02    5.40
-145677.821     7.423     7.49    6.22
-145303.077    10.352     7.82    5.54
-144928.420    12.299     5.20    3.68
-144553.850    13.064     2.04    4.15
-144179.366    17.061    10.67   11.07
-143804.969    21.301    11.32   13.62
-143430.659    21.782     1.29   13.18
-143056.435    19.824    -5.23   11.60
-142682.298    15.718   -10.97    8.50
-142308.247    12.269    -9.22    4.14
-141934.283    14.208     5.19    7.72
-141560.405    20.201    16.03   12.23
-141186.614    27.821    20.39   13.06
-140812.909    33.451    15.07   10.99
-140439.289    37.256    10.18    9.96
-140065.756    38.278     2.74    9.69
-139692.309    34.599    -9.85   10.39
-139318.948    28.869   -15.35   12.02
-138945.673    20.995   -21.10   12.78
-138572.484    12.762   -22.06    9.31
-138199.381     8.588   -11.19    7.17
-137826.363     8.371    -0.58    9.08
-137453.432    10.028     4.45   10.24
-137080.585     9.753    -0.74   10.20
-136707.825     9.335    -1.12    9.32
-136335.150     8.930    -1.09    7.44
-135962.560    10.547     4.34    7.11
-135590.056    11.490     2.53    6.28
-135217.637    13.230     4.67    5.22
-134845.304    12.257    -2.61    5.13
-134473.056    10.245    -5.41    5.34
-134100.892     7.344    -7.79    6.24
-133728.815     4.302    -8.18    6.79
-133356.822     1.961    -6.29    7.23
-132984.914    -0.529    -6.70    6.63
-132613.091    -3.853    -8.94    3.04
-132241.353    -5.167    -3.53    1.74
-131869.700    -5.962    -2.14    1.06
-131498.131    -6.452    -1.32    0.30
-131126.648    -6.529    -0.21    0.00
-130755.249    -6.529     0.00    0.00
-130383.934    -6.529     0.00    0.00
-130012.705    -6.529     0.00    0.00
-129641.559    -6.529     0.00    0.00
-129270.498    -6.529     0.00    0.00
-128899.522    -6.529     0.00    0.00
-128528.630    -6.529     0.00    0.00
-128157.822    -6.529     0.00    0.00
-127787.098    -6.529     0.00    0.00
-127416.459    -6.529     0.00    0.00
-127045.903    -6.529     0.00    0.00
-126675.432    -6.529     0.00    0.00
-126305.044    -6.529     0.00    0.00
-125934.741    -6.529     0.00    0.00
-125564.521    -6.529     0.00    0.00
-125194.385    -6.529     0.00    0.00
-124824.333    -6.529     0.00    0.00
-124454.365    -6.529     0.00    0.00
-124084.480    -6.529     0.00    0.00
-123714.679    -6.529     0.00    0.00
-123344.962    -6.529     0.00    0.00
-122975.328    -6.529     0.00    0.00
-122605.777    -6.529     0.00    0.00
-122236.310    -6.529     0.00    0.00
-121866.926    -6.529     0.00    0.00
-121497.625    -6.529     0.00    0.00
-121128.408    -6.529     0.00    0.00
-120759.273    -6.529     0.00    0.00
-120390.222    -6.529     0.00    0.00
-120021.254    -6.472     0.16    0.36
-119652.368    -6.355     0.32    0.68
-119283.566    -6.284     0.19    0.74
-118914.847    -6.135     0.40    0.96
-118546.210    -5.933     0.55    1.22
-118177.656    -5.549     1.04    1.75
-117809.185    -4.929     1.68    2.66
-117440.796    -4.164     2.08    3.78
-117072.490    -2.937     3.33    5.20
-116704.267    -1.294     4.46    7.02
-116336.126     1.373     7.24    9.11
-115968.067     4.062     7.31   10.71
-115600.091     7.607     9.63   11.61
-115232.197    10.551     8.01   11.77
-114864.386    12.999     6.66   11.05
-114496.656    15.675     7.28   10.30
-114129.009    18.441     7.53    9.25
-113761.444    21.118     7.28    8.22
-113393.961    22.460     3.65    8.64
-113026.560    24.645     5.95    8.42
-112659.241    25.847     3.27    8.31
-112292.004    27.247     3.81    7.38
-111924.848    28.738     4.06    6.72
-111557.775    29.253     1.40    6.50
-111190.783    30.471     3.32    6.62
-110823.872    31.408     2.56    7.07
-110457.044    32.208     2.18    7.24
-110090.297    32.322     0.31    7.31
-109723.631    32.034    -0.79    7.24
-109357.047    31.985    -0.13    7.60
-108990.544    31.261    -1.98    7.61
-108624.123    31.170    -0.25    7.84
-108257.782    30.502    -1.82    7.77
-107891.524    29.636    -2.37    7.84
-107525.346    28.223    -3.86    7.55
-107159.249    26.094    -5.82    7.26
-106793.234    24.607    -4.07    6.99
-106427.299    22.481    -5.81    6.07
-106061.446    20.794    -4.61    5.50
-105695.673    18.705    -5.71    3.86
-105329.981    17.005    -4.65    3.89
-104964.370    15.038    -5.38    4.45
-104598.840    12.322    -7.43    4.67
-104233.391    10.528    -4.91    4.47
-103868.022     9.090    -3.94    3.96
-103502.734     9.144     0.15    4.44
-103137.526    10.174     2.82    5.05
-102772.399    11.596     3.89    5.03
-102407.352    12.820     3.35    4.10
-102042.385    13.774     2.61    2.17
-101677.499    13.556    -0.60    1.26
-101312.694    12.801    -2.07    1.59
-100936.324    11.961    -2.23    1.63
-100554.691    11.371    -1.55    1.28
-100173.147    10.869    -1.32    0.90
 -99791.694    10.592    -0.73    0.54
 -99410.329    10.539    -0.14    0.53
 -99029.054    10.651     0.29    0.63
 -98647.868    10.859     0.55    0.63
 -98266.771    11.084     0.59    0.58
 -97885.763    11.315     0.61    0.56
 -97504.845    11.548     0.61    0.54
 -97124.015    11.742     0.51    0.51
 -96743.275    12.015     0.72    0.61
 -96362.623    12.471     1.20    0.76
 -95982.060    12.941     1.24    0.66
 -95601.585    13.336     1.04    0.52
 -95221.200    13.352     0.04    0.60
 -94840.903    13.094    -0.68    0.80
 -94460.695    12.912    -0.48    0.87
 -94080.575    12.853    -0.15    1.03
 -93700.543    13.118     0.70    1.27
 -93320.600    13.716     1.57    1.46
 -92940.746    14.432     1.89    1.28
 -92560.979    15.045     1.61    0.90
 -92181.301    15.490     1.17    0.44
 -91801.711    15.713     0.59    0.48
 -91422.209    15.874     0.43    0.62
 -91042.795    16.031     0.41    0.72
 -90663.469    16.108     0.20    0.81
 -90284.231    15.986    -0.32    0.81
 -89905.080    15.843    -0.38    0.70
 -89526.018    15.765    -0.21    0.60
 -89147.043    15.817     0.14    0.50
 -88768.156    16.032     0.57    0.56
 -88389.356    16.432     1.06    0.74
 -88010.644    16.939     1.34    0.83
 -87632.020    17.500     1.48    0.90
 -87253.483    18.066     1.50    0.77
 -86875.033    18.567     1.32    0.81
 -86496.671    18.916     0.92    0.91
 -86118.395    19.245     0.87    1.22
 -85740.207    19.541     0.78    1.51
 -85362.107    20.098     1.47    2.02
 -84984.093    20.279     0.48    2.38
 -84606.166    20.655     1.00    2.60
 -84228.326    21.292     1.69    2.64
 -83850.573    22.931     4.34    3.82
 -83472.907    24.857     5.10    4.57
 -83095.328    27.598     7.26    5.13
 -82717.835    30.382     7.38    5.58
 -82340.429    34.134     9.94    5.47
 -81963.110    36.726     6.87    5.15
 -81585.877    38.794     5.48    5.55
 -81208.730    39.794     2.65    6.41
 -80831.670    42.241     6.49    6.94
 -80454.697    46.150    10.37    7.85
 -80077.809    51.634    14.55    8.14
 -79701.008    58.975    19.49   10.71
 -79324.293    67.088    21.54   10.33
 -78947.665    74.941    20.85    9.19
 -78571.122    81.616    17.73    6.55
 -78194.665    86.314    12.48    6.13
 -77818.294    89.831     9.34    5.32
 -77442.010    93.698    10.28    5.44
 -77065.811    97.134     9.13    5.65
 -76689.697   101.728    12.22    6.18
 -76313.670   106.094    11.61    6.20
 -75937.728   110.679    12.19    4.72
 -75561.872   114.069     9.02    3.83
 -75186.101   117.046     7.92    2.81
 -74810.416   119.363     6.17    2.51
 -74434.816   121.357     5.31    2.37
 -74059.301   122.847     3.97    2.57
 -73683.872   124.409     4.16    2.68
 -73308.529   126.216     4.81    2.76
 -72933.270   127.721     4.01    2.44
 -72558.096   128.245     1.40    3.67
 -72183.008   127.511    -1.96    5.75
 -71808.005   126.186    -3.53    7.27
 -71433.086   124.663    -4.06    8.03
 -71058.253   123.041    -4.33    7.42
 -70683.504   122.631    -1.09    6.25
 -70308.840   125.411     7.42    6.80
 -69934.261   129.069     9.76    7.88
 -69559.767   134.562    14.67    7.69
 -69185.357   139.157    12.27    5.16
 -68811.032   141.846     7.18    3.26
 -68436.791   142.794     2.53    3.05
 -68062.635   143.389     1.59    3.11
 -67688.563   143.694     0.82    4.19
 -67314.576   143.060    -1.69    5.72
 -66940.672   142.549    -1.37    6.66
 -66566.854   142.602     0.14    6.42
 -66193.119   143.015     1.11    5.69
 -65819.468   143.851     2.24    4.27
 -65445.902   144.314     1.24    3.44
 -65072.419   144.520     0.55    2.54
 -64699.021   144.236    -0.76    1.79
 -64325.706   143.154    -2.90    2.60
 -63952.475   140.783    -6.35    5.70
 -63579.328   135.677   -13.69   10.28
 -63206.265   127.536   -21.82   13.54
 -62833.285   117.706   -26.36   15.60
 -62460.389   109.164   -22.91   13.27
 -62087.577   104.764   -11.80   10.39
 -61714.848   102.241    -6.77    9.88
 -61342.202   101.381    -2.31    9.80
 -60969.640    99.726    -4.44    8.97
 -60597.161    95.811   -10.51   10.38
 -60224.766    86.741   -24.36   16.83
 -59852.454    78.700   -21.60   19.17
 -59480.225    76.088    -7.02   20.39
 -59108.079    75.137    -2.56   21.91
 -58736.016    85.342    27.43   20.04
 -58364.036    92.388    18.94   13.23
 -57992.139    92.029    -0.96   10.17
 -57620.325    87.921   -11.05    7.68
 -57248.594    84.520    -9.15    7.00
 -56876.946    82.193    -6.26    8.64
 -56505.380    79.218    -8.01   10.14
 -56133.898    75.490   -10.04   10.94
 -55762.497    71.871    -9.75   10.84
 -55391.180    69.193    -7.21    9.56
 -55019.944    66.648    -6.86    9.32
 -54648.792    64.108    -6.84    8.65
 -54277.722    60.360   -10.10    8.70
 -53906.734    55.441   -13.26    8.67
 -53535.828    51.409   -10.87    7.65
 -53165.005    48.521    -7.79    6.09
 -52794.264    47.647    -2.36    4.70
 -52423.605    47.615    -0.09    3.20
 -52053.028    47.411    -0.55    3.70
 -51682.533    46.552    -2.32    5.08
 -51312.120    45.882    -1.81    5.70
 -50941.789    44.440    -3.89    5.48
 -50571.540    42.781    -4.48    4.73
 -50201.373    41.511    -3.43    3.88
 -49831.287    40.592    -2.48    3.24
 -49461.283    39.431    -3.14    2.71
 -49091.361    39.052    -1.02    2.27
 -48721.521    39.560     1.37    2.44
 -48351.762    40.705     3.10    2.59
 -47982.084    42.251     4.18    2.79
 -47612.488    43.930     4.54    2.81
 -47242.973    45.611     4.55    2.61
 -46873.540    46.814     3.26    2.50
 -46504.188    48.279     3.97    2.81
 -46134.917    49.561     3.47    3.11
 -45765.728    50.786     3.32    3.06
 -45396.619    51.510     1.96    2.69
 -45027.592    51.471    -0.11    2.85
 -44658.646    51.372    -0.27    2.77
 -44289.780    51.001    -1.00    2.81
 -43920.996    50.580    -1.14    2.92
 -43552.292    50.144    -1.18    2.88
 -43183.669    50.052    -0.25    2.67
 -42815.127    49.961    -0.25    2.48
 -42446.666    50.019     0.16    2.12
 -42078.285    50.271     0.68    2.16
 -41709.985    50.297     0.07    2.36
 -41341.766    50.311     0.04    2.41
 -40973.627    50.091    -0.60    2.32
 -40605.568    50.041    -0.14    2.31
 -40237.590    49.946    -0.26    2.33
 -39869.692    49.955     0.03    2.27
 -39501.874    49.758    -0.54    2.23
 -39134.137    49.503    -0.69    2.22
 -38766.480    49.411    -0.25    2.21
 -38398.903    49.369    -0.12    2.25
 -38031.406    49.381     0.03    2.18
 -37663.989    49.349    -0.08    2.20
 -37296.652    49.603     0.69    2.30
 -36929.395    49.827     0.61    2.32
 -36562.218    50.374     1.49    2.18
 -36195.121    50.941     1.55    2.12
 -35828.103    51.511     1.55    1.90
 -35461.165    52.005     1.35    1.58
 -35094.307    51.811    -0.53    1.93
 -34727.528    50.654    -3.15    3.19
 -34360.829    50.251    -1.10    3.43
 -33994.210    50.116    -0.37    3.59
 -33627.670    51.441     3.61    3.26
 -33261.209    53.304     5.08    2.31
 -32894.828    54.791     4.06    1.92
 -32528.526    55.981     3.25    2.06
 -32162.303    57.572     4.34    2.12
 -31796.160    59.031     3.98    2.13
 -31430.096    60.297     3.46    2.01
 -31064.110    61.591     3.54    2.22
 -30698.204    63.011     3.88    2.32
 -30332.377    64.951     5.30    2.63
 -29966.629    67.178     6.09    3.29
 -29600.960    70.277     8.48    3.98
 -29235.369    72.916     7.22    4.19
 -28869.858    75.793     7.87    3.42
 -28504.425    78.245     6.71    2.57
 -28139.070    80.073     5.00    2.29
 -27773.795    81.601     4.18    2.72
 -27408.598    83.571     5.39    3.78
 -27043.480    86.818     8.89    4.98
 -26678.440    90.621    10.42    5.47
 -26307.213    94.075     9.30    4.45
 -25925.750    96.481     6.31    2.47
 -25544.373    97.253     2.03    1.84
 -25163.084    96.833    -1.10    2.18
 -24781.882    95.783    -2.76    2.35
 -24400.766    94.541    -3.26    2.65
 -24019.738    92.949    -4.18    3.12
 -23638.797    90.539    -6.33    3.00
 -23257.942    88.148    -6.28    2.54
 -22877.174    86.301    -4.85    2.15
 -22496.493    84.818    -3.89    1.52
 -22115.899    83.804    -2.67    1.26
 -21735.391    82.814    -2.60    1.80
 -21354.970    80.641    -5.71    4.20
 -20974.635    76.036   -12.11    7.98
 -20594.387    69.647   -16.80   10.07
 -20214.225    65.804   -10.11    8.15
 -19834.149    64.911    -2.35    6.12
 -19454.160    66.568     4.36    2.89
 -19074.257    66.814     0.65    1.71
 -18694.440    66.971     0.41    1.61
 -18314.709    66.981     0.03    1.62
 -17935.064    67.612     1.66    1.67
 -17555.505    67.851     0.63    1.86
 -17176.032    68.262     1.08    1.93
 -16796.645    68.067    -0.52    1.70
 -16417.344    67.765    -0.79    1.26
 -16038.128    67.511    -0.67    0.80
 -15658.998    67.418    -0.24    0.47
 -15279.954    67.673     0.67    0.59
 -14900.995    67.950     0.73    0.54
 -14522.122    67.961     0.03    0.88
 -14143.334    67.357    -1.59    2.11
 -13764.632    65.683    -4.42    3.83
 -13386.014    62.583    -8.19    5.43
 -13007.483    58.511   -10.76    5.89
 -12629.036    54.759    -9.91    5.00
 -12250.675    51.787    -7.85    3.32
 -11872.399    50.091    -4.49    2.60
 -11494.207    49.743    -0.92    2.75
 -11116.101    50.130     1.02    2.89
 -10738.080    50.231     0.27    3.33
 -10360.144    50.269     0.10    3.47
  -9982.292    50.007    -0.69    3.34
  -9604.525    49.026    -2.60    3.26
  -9226.843    47.753    -3.37    3.70
  -8849.246    45.721    -5.38    4.30
  -8471.733    43.200    -6.68    3.89
  -8094.305    41.399    -4.77    3.32
  -7716.961    40.089    -3.47    3.06
  -7339.702    38.931    -3.07    2.68
  -6962.527    38.038    -2.37    2.37
  -6585.437    37.318    -1.91    2.17
  -6208.430    36.308    -2.68    2.42
  -5831.508    34.911    -3.71    2.69
  -5454.670    33.237    -4.44    3.00
  -5077.917    31.651    -4.21    2.90
  -4701.247    30.340    -3.48    3.07
  -4324.661    29.261    -2.87    3.25
  -3948.159    28.081    -3.13    3.81
  -3571.741    26.201    -5.00    4.07
  -3195.407    23.981    -5.90    4.58
  -2819.157    21.228    -7.32    5.05
  -2442.990    18.254    -7.91    5.70
  -2066.907    14.481   -10.03    5.99
  -1690.908    10.899    -9.53    5.64
  -1314.992     7.032   -10.29    4.66
   -939.160     4.011    -8.04    3.52
   -563.411     1.531    -6.60    2.24
   -187.745     0.370    -3.09    1.08
    187.837     0.200    -0.45    0.85
    563.336     0.896     1.86    1.43
    938.751     3.007     5.62    2.97
   1314.084     5.818     7.49    4.04
   1689.333     9.365     9.45    4.11
   2064.499    12.941     9.53    4.04
   2439.582    16.170     8.61    3.55
   2814.583    18.821     7.07    3.07
   3189.500    21.025     5.88    1.89
   3564.335    22.391     3.64    1.81
   3939.087    23.648     3.35    1.54
   4313.756    24.756     2.96    1.57
   4688.342    25.787     2.75    1.45
   5062.846    26.955     3.12    1.55
   5437.267    27.976     2.73    1.60
   5811.606    29.081     2.95    1.70
   6185.862    30.032     2.54    1.67
   6560.036    31.210     3.15    1.70
   6934.127    32.279     2.86    1.75
   7308.136    33.553     3.41    1.61
   7682.063    34.731     3.15    1.77
   8055.908    36.183     3.89    1.68
   8429.670    37.573     3.72    1.68
   8803.351    39.025     3.89    1.59
   9176.949    40.341     3.52    1.62
   9550.465    41.557     3.26    1.33
   9923.900    42.401     2.26    1.07
  10297.252    42.877     1.28    0.95
  10670.523    42.945     0.18    0.94
  11043.712    42.644    -0.81    1.16
  11416.819    42.246    -1.07    1.63
  11789.845    42.718     1.27    2.53
  12162.789    44.023     3.50    3.19
  12535.652    46.041     5.41    3.61
  12908.433    48.697     7.13    2.79
  13281.132    49.976     3.43    3.09
  13653.750    51.247     3.41    3.01
  14026.287    52.279     2.77    2.44
  14398.742    53.116     2.25    1.19
  14771.117    53.181     0.17    0.91
  15143.410    52.960    -0.59    1.10
  15515.621    52.865    -0.26    1.37
  15887.752    52.902     0.10    1.64
  16259.802    52.369    -1.43    2.40
  16631.771    51.409    -2.58    2.92
  17003.659    50.408    -2.69    3.12
  17375.466    49.787    -1.67    3.82
  17747.192    49.182    -1.63    8.32
  18118.837    45.309   -10.42   13.03
  18490.402    40.460   -13.05   15.91
  18861.886    31.848   -23.18   15.14
  19233.289    25.916   -15.97    9.06
  19604.612    28.511     6.99    9.32
  19975.854    34.950    17.34   11.72
  20347.016    41.976    18.93   10.71
  20718.097    46.554    12.34    7.24
  21089.098    49.017     6.64    4.80
  21460.019    49.216     0.54    3.94
  21830.860    49.429     0.58    2.92
  22201.620    49.563     0.36    2.35
  22572.300    48.589    -2.63    3.09
  22942.900    47.244    -3.63    3.64
  23313.420    45.696    -4.18    3.76
  23683.860    44.307    -3.75    3.19
  24054.220    43.780    -1.42    2.20
  24424.500    44.746     2.61    3.19
  24794.701    46.752     5.42    4.03
  25164.821    49.226     6.68    3.76
  25534.862    50.950     4.66    3.21
  25904.823    52.438     4.02    1.99
  26274.705    53.137     1.89    1.22
  26644.506    53.427     0.78    0.61
  27014.229    53.420    -0.02    0.68
  27383.872    53.363    -0.15    0.73
  27753.435    53.151    -0.57    0.62
  28122.919    53.106    -0.12    0.48
  28492.324    53.127     0.06    0.48
  28861.649    53.093    -0.09    0.49
  29230.895    53.110     0.05    0.48
  29600.062    53.042    -0.18    0.50
  29969.150    52.917    -0.34    0.50
  30338.159    52.726    -0.52    0.44
  30707.089    52.557    -0.46    0.28
  31075.939    52.339    -0.59    0.34
  31444.711    52.079    -0.71    0.49
  31813.404    51.790    -0.78    0.49
  32182.018    51.409    -1.03    0.54
  32550.553    51.046    -0.98    0.50
  32919.010    50.909    -0.37    0.50
  33287.388    50.965     0.15    0.65
  33655.687    51.531     1.54    1.27
  34023.908    52.916     3.76    2.23
  34392.050    54.339     3.87    2.27
  34760.114    55.192     2.32    1.68
  35128.099    52.256    -7.98    6.61
  35496.006    47.323   -13.41   10.01
  35863.834    41.615   -15.52   10.50
  36231.584    36.767   -13.18    9.81
  36599.256    34.286    -6.75    8.88
  36966.850    35.986     4.63   10.60
  37334.366    40.036    11.02   12.46
  37701.804    43.471     9.35   11.51
  38069.163    45.189     4.68    9.81
  38436.445    46.216     2.79    6.63
  38803.648    46.460     0.67    5.60
  39170.774    46.713     0.69    5.48
  39537.822    48.042     3.62    5.93
  39904.792    50.602     6.98    5.53
  40271.684    52.831     6.07    3.42
  40638.499    53.875     2.85    1.62
  41005.236    54.062     0.51    1.13
  41371.895    54.260     0.54    1.25
  41738.477    54.981     1.97    1.73
  42104.982    55.828     2.31    1.83
  42471.409    56.707     2.40    1.54
  42837.758    56.893     0.51    1.22
  43204.030    56.797    -0.26    1.35
  43570.225    56.429    -1.00    1.96
  43936.343    55.677    -2.06    2.40
  44302.383    52.929    -7.51    4.22
  44668.346    52.038    -2.44    4.25
  45034.232    52.120     0.23    4.28
  45400.042    54.107     5.43    4.10
  45765.774    55.786     4.59    2.64
  46131.429    55.940     0.42    1.65
  46497.007    54.687    -3.43    2.03
  46862.508    53.027    -4.54    2.07
  47227.933    51.634    -3.81    1.62
  47593.280    50.419    -3.33    1.28
  47958.551    49.564    -2.34    1.28
  48325.025    49.090    -1.29    1.32
  48706.321    48.955    -0.35    1.75
  49087.532    49.613     1.73    2.24
  49468.658    50.409     2.09    2.15
  49849.699    51.428     2.67    2.06
  50230.656    52.502     2.82    1.91
  50611.527    53.322     2.15    2.04
  50992.314    53.976     1.72    2.36
  51373.017    55.053     2.83    2.74
  51753.635    55.981     2.44    2.96
  52134.168    56.981     2.63    2.84
  52514.617    57.739     1.99    2.53
  52894.982    58.818     2.84    2.60
  53275.262    59.573     1.98    2.41
  53655.458    60.579     2.65    1.94
  54035.570    61.624     2.75    2.02
  54415.597    62.609     2.59    1.98
  54795.541    63.762     3.04    1.96
  55175.400    65.535     4.67    2.13
  55555.176    67.511     5.20    3.17
  55934.867    69.460     5.13    3.01
  56314.475    70.358     2.37    2.09
  56693.999    70.513     0.41    1.35
  57073.439    70.241    -0.72    1.31
  57452.796    70.397     0.41    1.47
  57832.068    70.739     0.90    1.54
  58211.257    71.318     1.53    1.50
  58590.363    71.960     1.69    1.34
  58969.385    72.439     1.26    1.34
  59348.324    73.141     1.85    1.36
  59727.179    74.034     2.36    1.28
  60105.951    74.852     2.16    1.36
  60484.639    75.615     2.01    1.52
  60863.245    76.573     2.53    1.70
  61241.767    77.818     3.29    2.03
  61620.206    78.955     3.00    2.37
  61998.562    80.177     3.23    2.96
  62376.835    81.759     4.18    3.40
  62755.025    83.482     4.55    3.18
  63133.132    85.326     4.88    2.64
  63511.157    86.318     2.62    2.03
  63889.098    86.723     1.07    2.26
  64266.957    86.536    -0.50    2.26
  64644.733    85.089    -3.83    2.49
  65022.427    82.415    -7.08    4.84
  65400.037    79.295    -8.26    6.19
  65777.566    77.503    -4.75    7.88
  66155.012    65.400   -32.06   22.02
  66532.375    50.623   -39.16   27.10
  66909.656    36.787   -36.67   25.58
  67286.855    22.160   -38.78   12.77
  67663.971    17.718   -11.78    2.92
  68041.006    17.707    -0.03    1.19
  68417.958    18.377     1.78    0.97
  68794.828    18.991     1.63    1.20
  69171.616    19.893     2.39    1.72
  69548.322    21.998     5.59    5.82
  69924.946    26.099    10.89    9.40
  70301.488    31.165    13.45   11.70
  70677.948    39.950    23.33   13.41
  71054.327    48.017    21.43   12.64
  71430.623    43.759   -11.31   16.94
  71806.838    39.866   -10.35   17.80
  72182.972    35.679   -11.13   15.08
  72559.024    33.679    -5.32   11.36
  72934.994    37.127     9.17    7.18
  73310.883    35.231    -5.04    5.89
  73686.690    33.723    -4.01    4.46
  74062.417    34.594     2.32    3.11
  74438.061    34.535    -0.16    2.73
  74813.625    33.669    -2.31    2.49
  75189.107    32.919    -2.00    2.20
  75564.508    32.316    -1.61    1.84
  75939.828    31.677    -1.70    1.85
  76315.067    30.794    -2.35    2.20
  76690.225    30.037    -2.02    2.38
  77065.302    29.625    -1.10    2.24
  77440.298    29.590    -0.09    2.22
  77815.214    29.844     0.68    2.22
  78190.048    30.251     1.08    2.05
  78564.802    30.316     0.17    1.66
  78939.475    29.090    -3.27    2.83
  79314.067    28.852    -0.64    4.09
  79688.579    30.460     4.29    6.22
  80063.010    32.554     5.59    6.36
  80437.361    33.741     3.17    5.51
  80811.631    31.762    -5.29    5.68
  81185.821    27.737   -10.76    3.86
  81559.931    26.093    -4.39    2.31
  81933.960    26.023    -0.19    1.77
  82307.909    27.334     3.51    2.32
  82681.778    30.976     9.74    5.64
  83055.567    37.535    17.55    9.46
  83429.275    43.079    14.83    9.00
  83802.904    48.768    15.23    5.62
  84176.453    51.532     7.40    3.84
  84549.921    52.688     3.09    3.03
  84923.310    54.852     5.80    5.11
  85296.619    55.337     1.30    8.18
  85669.849    54.955    -1.02   12.19
  86042.998    55.015     0.16   16.36
  86416.068    55.147     0.35   19.84
  86789.058    55.064    -0.22   22.59
  87161.969    55.597     1.43   23.68
  87534.800    54.765    -2.23   24.58
  87907.552    52.971    -4.81   20.25
  88280.224    50.597    -6.37   15.87
  88652.817    55.389    12.86   17.55
  89025.330    70.960    41.80   33.83
  89397.764    96.395    68.29   41.58
  89770.119   123.069    71.63   38.31
  90142.395   151.492    76.35   17.80
  90514.592   160.544    24.32    7.98
  90886.710   162.615     5.57    8.37
  91258.748   150.430   -32.75   22.71
  91630.708   129.210   -57.05   34.70
  92002.589    96.883   -86.92   46.40
  92374.391    64.655   -86.67   39.12
  92746.114    39.862   -66.69   21.50
  93117.758    27.702   -32.72   10.04
  93489.323    21.606   -16.41    9.70
  93860.810    16.723   -13.14    7.75
  94232.218    14.102    -7.06    5.66
  94603.548    18.776    12.59   16.71
  94974.799    41.105    60.14   45.14
  95345.972    78.856   101.70   66.78
  95717.066   128.726   134.38   73.78
  96088.082   184.920   151.45   67.26
  96459.019   231.060   124.38   48.48
  96829.879   257.842    72.21   29.71
  97200.660   271.899    37.91   10.26
  97571.362   274.356     6.63    2.02
  97941.987   273.557    -2.16    2.73
  98312.534   270.671    -7.79    5.24
  98683.002   264.965   -15.40   12.53
  99053.393   253.081   -32.08   24.50
  99423.705   239.773   -35.94   32.12
  99793.940   229.288   -28.32   35.26
 100164.097   227.846    -3.90   37.00
 100534.176   230.547     7.30   34.19
 100904.177   222.481   -21.80   38.68
 101274.101   217.404   -13.72   39.87
 101643.947   218.762     3.67   36.98
 102013.715   220.042     3.46   34.66
 102383.406   212.523   -20.34   41.86
 102753.019   216.247    10.08   43.95
 103122.555   219.113     7.75   44.48
 103492.013   232.207    35.44   42.94
 103861.395   242.609    28.16   32.48
 104230.698   218.356   -65.67   52.21
 104599.925   194.025   -65.89   49.23
 104969.074   172.134   -59.30   44.37
 105338.146   167.514   -12.52   44.75
 105707.141   175.069    20.47   50.40
 106076.059   179.895    13.08   54.31
 106444.900   181.002     3.00   54.51
 106813.664   185.123    11.18   56.83
 107182.351   186.292     3.17   59.63
 107550.961   187.864     4.27   60.40
 107919.494   194.428    17.81   57.48
 108287.951   199.012    12.44   54.13
 108656.331   204.391    14.60   55.74
 109024.634   215.492    30.14   58.48
 109392.860   225.604    27.46   53.06
 109761.010   233.408    21.20   51.13
 110129.083   248.210    40.21   43.97
 110497.080   272.189    65.16   34.74
 110865.000   288.524    44.39   26.43
 111232.844   302.960    39.24   15.93
 111600.612   310.744    21.16   10.35
 111968.303   315.268    12.30    8.28
 112335.918   319.275    10.90    9.96
 112703.457   322.248     8.09   11.19
 113070.919   323.919     4.54   10.90
 113438.306   320.581    -9.09   15.76
 113805.616   305.396   -41.34   31.53
 114172.851   294.641   -29.29   31.49
 114540.009   290.407   -11.53   30.77
 114907.091   294.250    10.47   32.23
 115274.098   299.756    15.00   32.29
 115641.029   305.797    16.46   32.77
 116007.883   316.898    30.26   30.56
 116374.663   326.200    25.36   27.71
 116741.366   338.417    33.31   17.99
 117107.994   348.450    27.36    9.83
 117474.546   354.050    15.28   11.68
 117841.023   361.854    21.29   16.40
 118207.424   370.829    24.49   17.77
 118573.749   378.960    22.20   17.48
 118939.999   385.960    19.11   17.95
 119306.174   395.282    25.45   19.79
 119672.274   411.116    43.25   30.17
 120038.298   431.851    56.64   41.48
 120404.247   460.081    77.14   45.68
 120770.121   471.860    32.19   37.35
 121135.919   470.618    -3.40   30.81
 121501.643   462.116   -23.24   28.90
 121867.291   453.793   -22.76   22.67
 122232.865   452.683    -3.03   19.88
 122598.363   450.232    -6.71   20.02
 122963.787   438.731   -31.47   27.85
 123341.566   421.753   -44.94   28.22
 123722.610   404.281   -45.85   17.30
 124103.571   395.264   -23.67    9.03
 124484.450   392.092    -8.33    6.82
 124865.246   389.589    -6.57    9.13
 125245.959   384.679   -12.90   14.35
 125626.590   377.538   -18.76   18.10
 126007.139   378.123     1.54   22.60
 126387.605   388.701    27.80   35.41
 126767.989   411.013    58.65   41.67
 127148.291   428.300    45.45   37.29
 127528.511   413.398   -39.19   59.21
 127908.648   386.315   -71.24   69.37
 128288.703   359.192   -71.36   63.28
 128668.677   335.275   -62.94   47.24
 129048.568   327.563   -20.30   39.61
 129428.378   327.471    -0.24   37.72
 129808.105   348.450    55.24   38.23
 130187.751   368.861    53.76   36.70
 130567.315   385.513    43.87   28.52
 130946.797   394.755    24.35   20.25
 131326.198   403.258    22.41   17.43
 131705.517   411.381    21.41   16.50
 132084.754   417.544    16.25   14.25
 132463.910   417.756     0.56   16.04
 132842.985   413.986    -9.94   15.62
 133221.978   412.786    -3.17   14.04
 133600.889   420.283    19.78   18.06
 133979.720   433.193    34.07   18.71
 134358.469   442.024    23.31   19.09
 134737.137   451.948    26.21   20.10
 135115.724   462.804    28.67   20.35
 135494.230   475.648    33.93   14.39
 135872.654   470.747   -12.95   26.02
 136250.998   446.726   -63.48   47.30
 136629.261   412.377   -90.80   52.04
 137007.443   388.645   -62.75   32.28
 137385.544   387.513    -2.99   23.74
 137763.564   399.655    32.12   22.56
 138141.504   414.825    40.13   17.25
 138519.362   426.148    29.96   22.57
 138897.141   436.960    28.62   24.74
 139274.838   452.381    40.82   21.14
 139652.455   462.376    26.47   19.57
 140029.992   470.698    22.04   20.53
 140407.448   476.726    15.97   20.13
 140784.824   483.673    18.41   20.55
 141162.120   492.887    24.42   19.90
 141539.335   501.071    21.69   20.02
 141916.470   514.728    36.21   24.59
 142293.525   527.804    34.67   24.67
 142670.499   537.908    26.80   23.21
 143047.394   545.605    20.42   20.47
 143424.208   555.159    25.35   20.90
 143800.943   571.073    42.24   22.35
 144177.598   583.907    34.07   19.75
 144554.173   589.622    15.17   14.70
 144930.668   589.610    -0.03   11.12
 145307.083   583.971   -14.98   12.79
 145683.418   576.313   -20.35   12.63
 146059.674   570.348   -15.85   11.95
 146435.850   565.586   -12.66    9.48
 146811.947   563.987    -4.25    8.01
 147187.964   563.997     0.03    8.31
 147563.902   566.601     6.93   11.52
 147939.760   572.683    16.18   13.19
 148315.539   577.734    13.44   12.85
 148691.238   579.311     4.20   13.52
 149066.858   577.745    -4.17   15.61
 149442.399   572.797   -13.18   16.26
 149817.861   572.340    -1.22   15.71
 150193.244   578.686    16.90   23.95
 150568.547   586.939    21.99   28.44
 150943.772   598.715    31.38   27.98
 151318.918   605.202    17.29   22.10
 151693.984   598.066   -19.02   24.91
 152068.972   580.471   -46.92   28.75
 152443.881   561.800   -49.79   20.80
 152818.711   556.014   -15.44   13.77
 153193.463   563.832    20.86   23.91
 153568.135   580.800    45.28   31.31
 153942.730   603.896    61.65   41.70
 154317.245   621.481    46.95   46.09
 154691.682   633.207    31.31   47.48
 155066.041   643.818    28.34   46.95
 155440.321   646.134     6.19   38.50
 155814.522   649.194     8.18   29.35
 156188.646   656.093    18.44   27.37
 156562.691   671.481    41.14   30.64
 156936.657   688.402    45.24   31.73
 157310.546   704.127    42.05   34.21
 157684.357   725.203    56.38   35.65
 158058.089   753.460    75.60   47.33
 158431.743   781.678    75.51   47.79
 158805.319   785.322     9.75   47.73
 159178.818   775.637   -25.93   51.57
 159552.238   757.322   -49.04   43.55
 159925.581   744.789   -33.56   41.98
 160298.846   731.768   -34.88   42.91
 160672.033   715.782   -42.83   39.02
 161045.142   691.702   -64.53   32.43
 161418.173   668.328   -62.65   34.34
 161791.127   649.439   -50.64   29.34
 162164.004   640.471   -24.05   22.01
 162536.803   637.589    -7.73   22.60
 162909.524   639.960     6.36   27.51
 163282.168   645.242    14.17   25.17
 163654.735   656.077    29.08   32.17
 164027.224   660.363    11.51   40.89
 164399.636   671.776    30.64   47.66
 164771.971   685.229    36.13   53.79
 165144.228   689.923    12.61   59.04
 165516.409   699.175    24.86   63.35
 165888.512   708.320    24.57   64.37
 166260.539   700.586   -20.79   56.07
 166632.488   691.375   -24.76   44.95
 167004.360   688.888    -6.69   34.74
 167376.156   688.439    -1.21   25.74
 167747.874   697.086    23.26   31.41
 168119.516   716.342    51.81   37.56
 168491.081   733.237    45.46   37.56
 168862.569   749.449    43.64   37.76
 169233.981   754.492    13.58   38.31
 169605.316   755.492     2.69   32.99
 169976.574   766.579    29.86   36.25
 170347.756   773.855    19.60   42.29
 170718.862   795.639    58.69   43.14
 171089.891   823.077    73.94   41.77
 171460.843   830.621    20.33   36.53
 171831.720   828.873    -4.71   41.16
 172202.520   827.395    -3.98   39.81
 172573.243   829.264     5.04   39.19
 172943.891   852.439    62.52   46.49
 173314.462   886.471    91.82   42.27
 173684.957   913.290    72.38   33.81
 174055.377   920.571    19.65   38.89
 174425.720   907.694   -34.77   52.92
 174795.987   897.160   -28.45   49.04
 175166.178   917.116    53.90   77.69
 175536.294   969.199   140.70   93.67
 175906.333  1017.723   131.12   83.40
 176276.297  1034.987    46.66   80.32
 176646.185  1031.232   -10.15   85.50
 177015.997  1009.098   -59.84   96.20
 177385.734   971.743  -101.02  107.67
 177755.395   933.088  -104.56  103.15
 178124.981   886.637  -125.67   82.72
 178494.491   847.162  -106.82   72.68
 178863.925   814.039   -89.65   68.57
 179233.284   781.673   -87.62   52.11
 179602.568   768.591   -35.42   45.49
 179971.777   775.343    18.28   66.98
 180340.910   790.155    40.12   85.51
 180709.968   807.047    45.76   85.20
 181078.951   814.655    20.62   76.75
 181447.858   791.752   -62.08   82.35
 181816.691   762.173   -80.19  104.63
 182185.448   708.302  -146.07  105.07
 182554.131   664.385  -119.10   78.18
 182922.738   652.212   -33.02   66.17
 183291.271   660.471    22.41   84.74
 183659.729   677.232    45.48   86.85
 184028.112   688.718    31.18   76.02
 184396.420   693.362    12.61   59.85
 184764.653   714.428    57.20   81.77
 185132.812   750.073    96.81   89.32
 185500.896   764.594    39.45   96.74
 185868.905   751.854   -34.62  113.30
 186236.840   716.198   -96.89  115.86
 186604.700   683.019   -90.18  117.28
 186972.486   651.268   -86.32  109.69
 187340.198   609.343  -114.00   98.41
 187707.835   578.107   -84.95   80.15
 188075.398   540.782  -101.53   41.43
 188442.886   520.026   -56.47   26.91
 188810.301   503.998   -43.62   17.48
 189177.641   494.534   -25.76   15.02
 189544.907   484.617   -27.00    9.92
 189912.098   478.223   -17.41    8.90
 190279.216   472.528   -15.51    6.77
 190646.260   474.173     4.48   13.90
 191013.230   498.960    67.54   57.10
 191380.125   561.818   171.30  100.11
 191746.947   618.042   153.25  106.07
 192113.696   695.686   211.68  102.76
 192480.370   750.731   150.10   88.94
 192846.970   784.350    91.69   78.24
 193213.497   778.673   -15.49   81.01
 193579.950   749.506   -79.58  102.90
 193946.330   698.318  -139.69  104.62
 194312.636   666.732   -86.22   84.25
 194678.868   668.071     3.65   80.62
 195045.027   676.632    23.38   78.30
 195411.113   702.210    69.86   77.67
 195777.125   742.513   110.10   77.57
 196143.064   762.152    53.66   71.68
 196508.929   779.568    47.60   75.32
 196874.721   804.255    67.48   67.10
 197240.440   791.664   -34.42   69.03
 197606.086   794.160     6.83   76.75
 197979.424   807.354    35.33   64.06
 198360.305   794.723   -33.16   61.86
 198741.104   768.008   -70.15   73.25
 199121.823   747.192   -54.67   77.04
 199502.462   738.718   -22.26   92.08
 199883.021   746.657    20.86   99.58
 200263.499   755.036    22.02   96.66
 200643.897   759.226    11.01   87.68
 201024.215   728.612   -80.49   92.19
 201404.453   685.971  -112.13   83.70
 201784.610   682.438    -9.29   73.86
 202164.688   652.248   -79.42   67.84
 202544.685   633.566   -49.16   82.69
 202924.603   600.693   -86.52   95.16
 203304.441   545.621  -144.97   75.68
 203684.198   502.800  -112.74   57.52
 204063.877   465.557   -98.08   39.01
 204443.475   435.308   -79.68   37.17
 204822.994   406.155   -76.80   28.82
 205202.433   386.971   -50.55   17.05
 205581.792   379.818   -18.85    7.23
 205961.072   371.145   -22.87   14.88
 206340.272   351.992   -50.50   32.08
 206719.393   325.679   -69.39   38.18
 207098.435   303.215   -59.26   28.94
 207477.397   288.449   -38.96    5.22
 207856.280   291.166     7.17    7.90
 208235.084   298.231    18.65   13.48
 208613.808   310.675    32.85   22.10
 208992.454   325.317    38.66   26.12
 209371.020   340.965    41.33   27.88
 209749.507   358.793    47.10   24.45
 210127.915   371.922    34.69   15.60
 210506.244   378.337    16.95   10.12
 210884.495   375.858    -6.55   15.07
 211262.666   368.104   -20.50   17.65
 211640.759   362.234   -15.52   14.72
 212018.773   359.954    -6.03   11.97
 212396.708   370.288    27.34   28.16
 212774.565   391.932    57.27   45.92
 213152.343   411.911    52.88   51.37
 213530.042   430.602    49.48   45.36
 213907.663   446.610    42.38   46.13
 214285.205   464.844    48.29   57.30
 214662.669   477.797    34.31   69.23
 215040.055   479.960     5.73   65.20
 215417.362   473.731   -16.50   55.34
 215794.591   466.971   -17.92   43.59
 216171.742   476.297    24.72   57.19
 216548.814   505.645    77.82   68.30
 216925.809   537.701    85.02   66.94
 217302.725   552.568    39.44   70.51
 217679.564   539.339   -35.10   80.40
 218056.324   512.221   -71.97   72.81
 218433.007   489.240   -61.00   56.52
 218809.611   478.721   -27.93   47.58
 219186.138   483.240    12.00   53.67
 219562.587   495.134    31.59   60.01
 219938.958   495.371     0.63   58.40
 220315.251   491.199   -11.08   56.54
 220691.467   475.515   -41.68   52.35
 221067.605   449.242   -69.84   30.39
 221443.666   439.570   -25.72   21.96
 221819.649   433.829   -15.26   15.07
 222195.555   434.152     0.86   12.13
 222571.383   433.938    -0.57    9.09
 222947.134   436.163     5.92    7.44
 223322.808   441.818    15.05   10.41
 223698.404   449.097    19.38   17.83
 224073.923   463.275    37.75   25.98
 224449.365   479.537    43.31   29.14
 224824.730   500.877    56.84   28.64
 225200.018   521.981    56.23   29.01
 225575.228   547.438    67.83   34.80
 225950.362   574.286    71.56   40.08
 226325.419   607.119    87.53   48.34
 226700.398   641.481    91.62   54.39
 227075.301   678.602    99.00   49.93
 227450.128   700.525    58.48   36.47
 227824.877   705.104    12.22   27.29
 228199.550   691.721   -35.71   28.92
 228574.146   669.360   -59.68   30.68
 228948.665   644.895   -65.31   34.11
 229323.108   613.793   -83.05   32.75
 229697.474   587.579   -70.01   34.59
 230071.764   556.178   -83.88   32.96
 230445.978   526.514   -79.26   35.02
 230820.115   495.027   -84.14   33.71
 231194.175   465.567   -78.74   33.96
 231568.160   435.857   -79.43   29.04
 231942.068   414.051   -58.31   24.24
 232315.900   398.157   -42.51   11.06
 232689.656   394.331   -10.23    3.52
 233063.336   395.389     2.83    3.87
 233436.939   398.041     7.10    4.33
 233810.467   400.271     5.97    4.22
 234183.919   401.471     3.21    4.32
 234557.294   402.482     2.71    4.63
 234930.594   404.351     5.00    5.46
 235303.818   408.574    11.31   11.69
 235676.966   421.155    33.71   31.19
 236050.039   431.175    26.85   36.33
 236423.036   439.416    22.09   39.26
 236795.957   444.016    12.33   36.90
 237168.802   447.965    10.59   33.74
 237541.572   456.755    23.58   34.11
 237914.267   467.218    28.07   36.55
 238286.886   473.571    17.05   31.59
 238659.429   478.340    12.80   27.04
 239031.898   485.926    20.36   28.01
 239404.291   500.503    39.14   31.69
 239776.608   513.602    35.18   32.53
 240148.851   526.632    35.00   35.97
 240521.018   543.635    45.68   36.10
 240893.110   556.293    34.01   36.05
 241265.127   570.858    39.14   35.13
 241637.068   584.517    36.72   32.84
 242008.935   600.742    43.63   37.32
 242380.727   624.552    64.03   40.56
 242752.444   634.221    26.01   41.03
 243124.086   627.750   -17.41   51.73
 243495.653   607.927   -53.34   52.76
 243867.146   586.321   -58.15   30.33
 244238.563   595.643    25.09   31.78
 244609.906   616.693    56.68   40.97
 244981.175   648.405    85.40   49.74
 245352.368   677.207    77.58   44.71
 245723.488   689.273    32.51   41.30
 246094.532   695.756    17.47   44.98
 246465.502   697.701     5.24   43.18
 246836.398   701.119     9.21   37.40
 247207.219   698.830    -6.17   35.18
 247577.966   689.992   -23.83   38.82
 247948.639   674.237   -42.50   44.70
 248319.237   660.351   -37.46   44.72
 248689.762   657.178    -8.56   44.24
 249060.212   663.127    16.05   36.46
 249430.588   654.482   -23.33   35.60
 249800.889   623.460   -83.76   54.26
 250171.117   586.296  -100.36   47.92
 250541.271   571.927   -38.81   33.02
 250911.351   579.942    21.65   42.68
 251281.357   609.710    80.44   52.16
 251651.289   644.382    93.71   49.68
 252021.147   671.882    74.34   41.25
 252390.932   687.879    43.25   35.83
 252760.642   695.593    20.86   28.83
 253130.280   690.361   -14.15   33.04
 253499.843   682.868   -20.27   39.93
 253869.333   676.734   -16.60   49.78
 254238.749   670.221   -17.63   61.03
 254608.092   671.712     4.04   64.13
 254977.361   670.517    -3.24   58.37
 255346.557   679.847    25.27   54.98
 255715.680   700.006    54.60   69.93
 256084.729   740.797   110.51   88.54
 256453.705   773.610    88.91   78.65
 256822.607   808.295    94.00   76.04
 257191.437   826.145    48.39   63.84
 257560.193   859.372    90.09   66.50
 257928.876   902.899   118.04   78.24
 258297.486   946.171   117.37   86.22
 258666.023   975.075    78.42   67.54
 259034.487   989.914    40.26   37.15
 259402.879   979.229   -29.00   36.91
 259771.197   951.389   -75.57   35.78
 260139.442   931.026   -55.29   30.53
 260507.615   915.859   -41.19   30.48
 260875.714   901.130   -40.01   36.42
 261243.741   882.471   -50.69   37.46
 261611.696   860.329   -60.16   37.40
 261979.577   837.643   -61.66   37.58
 262347.386   811.145   -72.03   44.75
 262715.123   789.187   -59.70   48.50
 263082.787   763.426   -70.05   44.26
 263450.378   742.635   -56.55   36.51
 263817.897   726.137   -44.88   32.88
 264185.344   711.339   -40.27   37.25
 264552.719   693.692   -48.03   44.09
 264920.021   670.291   -63.70   41.41
 265287.250   644.959   -68.97   28.85
 265654.408   638.864   -16.60   25.11
 266021.493   654.901    43.68   46.72
 266388.506   675.877    57.14   55.04
 266755.448   691.050    41.34   52.39
 267122.317   686.163   -13.32   39.12
 267489.114   681.926   -11.55   25.51
 267855.839   698.628    45.53   41.39
 268222.492   721.851    63.33   56.60
 268589.073   750.982    79.45   64.10
 268955.583   761.317    28.19   59.95
 269322.020   778.436    46.71   57.87
 269688.386   794.174    42.95   66.73
 270054.681   811.529    47.37   69.93
 270420.903   830.660    52.23   65.42
 270787.054   829.312    -3.68   59.01
 271153.133   830.115     2.19   48.52
 271519.141   848.104    49.14   61.01
 271885.077   871.701    64.47   73.63
 272250.942   889.130    47.63   87.13
 272620.186   920.277    84.34   92.16
 273000.903   922.570     6.02   84.34
 273381.541   906.367   -42.56   77.65
 273762.101   890.778   -40.95   76.17
 274142.583   876.298   -38.05   62.84
 274522.986   875.271    -2.70   55.56
 274903.311   905.671    79.92   52.22
 275283.558   933.207    72.40   61.37
 275663.727   944.815    30.53   59.05
 276043.818   968.053    61.13   57.55
 276423.831  1009.448   108.91   94.01
 276803.766  1039.093    78.01   97.02
 277183.624  1068.548    77.53   86.82
 277563.403  1066.130    -6.37   90.13
 277943.105  1033.679   -85.45   82.97
 278322.728  1004.459   -76.96   80.04
 278702.274   968.126   -95.71   74.07
 279081.743   944.378   -62.57   58.07
 279461.134   930.864   -35.61   38.48
 279840.447   929.928    -2.47   36.44
 280219.683   918.257   -30.77   41.98
 280598.841   904.959   -35.07   40.91
 280977.922   895.932   -23.81   35.26
 281356.926   891.256   -12.33   31.52
 281735.852   906.015    38.94   39.71
 282114.701   934.483    75.13   63.88
 282493.472   956.405    57.86   76.76
 282872.167   978.052    57.15   77.06
 283250.784   998.721    54.58   82.52
 283629.325  1022.505    62.82   97.06
 284007.788  1054.910    85.60  107.51
 284386.174  1066.357    30.25  101.76
 284764.483  1062.789    -9.43   82.24
 285142.716  1060.323    -6.52   73.91
 285520.871  1067.624    19.30   85.31
 285898.950  1077.126    25.13   75.84
 286276.952  1065.163   -31.64   55.09
 286654.877  1071.275    16.17   46.74
 287032.726  1087.915    44.03   64.05
 287410.498  1121.493    88.87   72.48
 287788.193  1150.723    77.37   73.55
 288165.812  1175.114    64.58   76.79
 288543.354  1209.815    91.89   82.67
 288920.820  1255.255   120.35   89.80
 289298.209  1291.260    95.38   92.71
 289675.523  1327.482    95.98   80.26
 290052.759  1355.971    75.50   81.38
 290429.920  1341.350   -38.76  102.15
 290807.004  1302.793  -102.23  106.13
 291184.013  1251.328  -136.48   98.28
 291560.945  1208.482  -113.65   90.76
 291937.801  1168.615  -105.76   72.90
 292314.581  1137.096   -83.64   56.33
 292691.285  1107.198   -79.35   45.53
 293067.913  1091.893   -40.63   38.69
 293444.465  1091.971     0.21   37.31
 293820.941  1116.526    65.21   56.89
 294197.341  1161.304   118.94   70.42
 294573.666  1188.251    71.59   67.87
 294949.915  1192.937    12.45   75.67
 295326.089  1177.198   -41.83   97.61
 295702.186  1142.302   -92.76   93.64
 296078.208  1126.982   -40.73   85.75
 296454.155  1138.426    30.43   92.74
 296830.026  1168.111    78.96   79.05
 297205.822  1164.864    -8.64   70.59
 297581.542  1137.682   -72.33   71.83
 297957.187  1118.943   -49.87   76.99
 298332.757  1137.789    50.17  104.73
 298708.251  1165.171    72.91  104.23
 299083.670  1170.232    13.48   94.94
 299459.014  1153.190   -45.39  105.71
 299834.283  1092.626  -161.35  112.22
 300209.477  1038.448  -144.37   91.22
 300584.595  1011.282   -72.41   57.06
 300959.639  1008.993    -6.10   42.99
 301334.608  1028.785    52.77   49.69
 301709.502  1060.187    83.74   57.04
 302084.321  1093.201    88.06   77.12
 302459.065  1151.005   154.21  102.32
 302833.734  1193.237   112.69  103.58
 303208.329  1239.185   122.63  108.68
 303582.849  1265.115    69.22  113.70
 303957.294  1298.841    90.05  121.85
 304331.665  1321.763    61.21  121.88
 304705.961  1350.084    75.65  121.26
 305080.183  1364.920    39.64  117.65
 305454.330  1411.723   125.07  101.60
 305828.403  1426.392    39.20   95.63
 306202.402  1439.868    36.03  108.76
 306576.326  1442.729     7.65  105.44
 306950.176  1427.471   -40.80  108.78
 307323.951  1400.493   -72.16  121.91
 307697.653  1330.459  -187.36  116.23
 308071.280  1279.218  -137.11  102.49
 308444.833  1229.914  -131.96   89.80
 308818.312  1187.226  -114.27   83.83
 309191.717  1153.334   -90.74   75.96
 309565.048  1132.295   -56.34   64.50
 309938.305  1126.788   -14.75   74.61
 310311.489  1152.392    68.59   91.85
 310684.598  1202.792   135.05  110.06
 311057.634  1228.527    68.97   97.07
 311430.595  1220.137   -22.49  101.93
 311803.484  1144.369  -203.14  130.80
 312176.298  1042.544  -273.06   99.34
 312549.039   983.785  -157.60   64.00
 312921.706   955.772   -75.15   35.67
 313294.300   958.804     8.14   46.20
