# NaN NaN NaN ;Mean Elev.(m), Avg Gradient(m/km), RMS Gradient(m/km) - SRTM1     
#   98.249 -39.070  53.849 ;Mean Elev.(m), Avg Gradient(m/km), RMS Gradient(m/km) - ASTER GDEM
#  104.087 -38.114  54.830 ;Mean Elev.(m), Avg Gradient(m/km), RMS Gradient(m/km) - GMTED2010 
  8 236.663359  63.157643   144.601   140.445  6 52483.80705546 13.814
  9 236.662886  63.159265   112.674    97.440  5 52518.80701510 13.098
 10 236.670591  63.154511   100.105   100.332  6 52553.80706620 39.821
 11 236.663851  63.153649   101.037   103.748  5 52588.80704946 31.987
 12 236.662537  63.158108   191.617   186.320  4 52623.80699660 13.100
 13 236.668301  63.152893   214.184   214.614  6 52658.80701867  9.988
 15 236.669740  63.153025   212.451   212.378  7 52728.80703674  7.601
 16 236.653130  63.162763   104.256   104.019  3 52763.80704742 15.466
 17 236.678373  63.147495    99.300    99.196  6 52798.80702627 42.155
 18 236.678270  63.149091    98.105    98.195  6 52833.80709582 38.483
 19 236.673881  63.151439    96.807    96.831  6 52868.80713781 41.542
 21 236.656391  63.160327   100.816   101.121  4 52938.80708402 17.257
 22 236.670002  63.152871   215.237   214.821  7 52973.80712268  7.409
 23 236.662305  63.156454   214.035   214.643  5 53008.80712965  4.880
 24 236.673067  63.151706   217.039   216.545  6 53043.80708850  4.069
 25 236.661502  63.158372   214.118   213.758  5 53078.80712124  2.405
 26 236.675492  63.158061   215.608   215.608  2 53113.80709127  0.110
 27 236.665789  63.155291   104.142   104.467  5 53148.80713730 38.844
 28 236.673463  63.152580   172.325   175.515  6 53183.80713417  5.722
 29 236.665681  63.155521    98.335    98.605  6 53218.80715863 15.447
 30 236.657571  63.161934   175.229   175.779  3 53253.80713514  7.758
 31 236.670690  63.152860   100.020    98.838  7 53288.80714010 36.918
 32 236.669838  63.151002   100.798   100.713  6 53323.80711614 32.117
 33 236.664979  63.156253   197.514   199.147  6 53358.80707833 10.524
 34 236.673145  63.150780   217.776   217.259  6 53393.80709566  4.611
 35 236.665094  63.156789   205.669   211.016  6 53428.80708882  5.864
 36 236.676082  63.149258   214.866   214.976  6 53463.80711149  4.443
 37 236.663750  63.157374   101.691   101.515  5 53498.80717818 37.762
 38 236.667739  63.156141    99.786    98.909  6 53533.80716217 34.368
 39 236.661467  63.158932   100.171   100.002  5 53568.80717806 21.993
 40 236.661983  63.160377   116.945    97.568  4 53603.80712386 12.523
 41 236.672030  63.152114   197.525   198.806  6 53638.80712357  9.623
 42 236.664824  63.155736   101.764   101.702  5 53673.80714350 30.292
 43 236.664984  63.157691   193.638   185.223  5 53708.80707415  8.950
 44 236.657119  63.160481   205.336   206.042  4 53743.80698428  6.376
 45 236.672115  63.152673   215.359   215.554  6 53778.80701361  4.106
 46 236.659016  63.160912   213.165   213.787  4 53813.80698610  2.010
 49 236.663169  63.159436   101.706   102.073  5 53918.80712554 38.266
 50 236.661456  63.160507    95.375    95.445  4 53953.80712717 19.041
 52 236.674401  63.150778   100.062    99.595  7 54023.80710956 28.411
 53 236.672969  63.151483   174.881   175.028  6 54058.80710235 17.674
 54 236.659900  63.158935   208.982   209.047  4 54093.80708027  5.336
 55 236.676609  63.148330   216.594   216.830  7 54128.80702107  3.828
 57 236.667076  63.143950   212.505   212.505  2 54198.80702485  0.379
 58 236.671455  63.153777    99.232    99.120  6 54233.80706454 41.963
 59 236.667581  63.154323   157.590   163.054  7 54268.80708385  7.765
 60 236.667793  63.153492    98.195    98.103  6 54303.80708763 24.138
 61 236.665096  63.156953    96.202    95.914  6 54338.80707174 18.935
 62 236.668654  63.148686   146.400   125.134  5 54373.80702206 10.497
 63 236.664604  63.154235   102.870   102.518  6 54408.80701808 34.928
 64 236.676395  63.148262   210.111   210.986  7 54443.80698343  9.124
 65 236.668058  63.154197   212.188   212.075  6 54478.80700774  6.115
 66 236.675914  63.149044   218.076   218.084  7 54513.80699820  3.544
 67 236.664234  63.157320   215.217   215.738  6 54548.80702082  2.818
 68 236.673741  63.157944   165.094   175.283  4 54583.80699211  1.868
 69 236.667763  63.153094    99.633    99.817  6 54618.80701340 43.979
 70 236.665080  63.153750    99.405    99.264  6 54653.80702491 21.506
 71 236.664078  63.156626   165.463   178.474  5 54688.80701270  8.113
 72 236.676121  63.149584    96.168    96.193  7 54723.80697367 40.024
 73 236.661601  63.150931   502.006   502.006  2 54758.80698997 17.072
 74 236.675893  63.150000   100.826   100.448  7 54793.80696717 30.810
 75 236.667189  63.152475   215.163   215.248  6 54828.80698813  6.072
 76 236.674123  63.150289   217.695   218.188  6 54863.80696141  5.174
 77 236.664566  63.157586   213.493   213.465  5 54898.80698715  3.612
 78 236.671756  63.152495   213.841   213.748  6 54933.80695489  2.675
 79 236.668045  63.153697   105.188   104.557  6 54968.80698865 36.885
 80 236.667005  63.156596    99.228    99.493  6 55003.80700812 29.909
 81 236.667134  63.152999    97.370    96.827  6 55038.80699573 34.567
 82 236.662409  63.156217    96.348    95.954  5 55073.80697987 43.728
 83 236.673740  63.151443   101.622   101.914  7 55108.80692834 38.599
 84 236.664930  63.156552   102.007   100.059  5 55143.80693182 33.191
 85 236.676575  63.148282   213.762   213.746  7 55178.80690230 10.137
 86 236.666252  63.155173   213.970   215.010  5 55213.80692656  6.141
 87 236.672794  63.150791   216.517   216.386  6 55248.80690153  4.646
 88 236.663684  63.157325   214.062   213.811  6 55283.80691995  4.411
 89 236.668220  63.158081   103.583   103.615  4 55318.80689030 17.340
 90 236.665266  63.155729   109.385    96.263  6 55353.80689315 15.375
 91 236.672432  63.151426    96.953    97.763  7 55388.80689178 42.399
 92 236.667730  63.154538    95.973    96.014  6 55423.80691066 43.588
 93 236.667034  63.161813   103.386   103.239  3 55458.80688062 10.252
