# NaN NaN NaN ;Mean Elev.(m), Avg Gradient(m/km), RMS Gradient(m/km) - SRTM1     
#   84.993 -21.316  45.012 ;Mean Elev.(m), Avg Gradient(m/km), RMS Gradient(m/km) - ASTER GDEM
#   87.178 -21.495  45.644 ;Mean Elev.(m), Avg Gradient(m/km), RMS Gradient(m/km) - GMTED2010 
  7   210.863 52467.80897195  2.75 236.264249  63.528564  9.694
  7   214.366 52467.80897259  2.10 236.261549  63.525434  9.694
  7   216.029 52467.80897324  1.64 236.258849  63.522304  9.694
  8    88.058 52502.80896192 43.56 236.260617  63.529682 11.696
  8    89.375 52502.80896256 41.28 236.257917  63.526562 11.696
  8    88.544 52502.80896321 43.15 236.255227  63.523432 11.696
  9   218.180 52537.80894863  3.54 236.273412  63.518218  4.401
  9   218.505 52537.80894927  3.15 236.270712  63.515088  4.401
  9   225.157 52537.80894992  2.94 236.268012  63.511958  4.401
  9   233.504 52537.80895056  2.55 236.265312  63.508828  4.401
 10   208.280 52572.80898628  9.10 236.265228  63.528195  7.420
 10   207.630 52572.80898693  8.72 236.262528  63.525065  7.420
 10   206.669 52572.80898757  8.30 236.259828  63.521935  7.420
 11   140.117 52607.80894461  0.82 236.260957  63.525846 10.238
 11   138.578 52607.80894525  0.89 236.258262  63.522713  5.836
 12   207.992 52642.80894193  8.39 236.267850  63.523051 12.595
 12   207.541 52642.80894258  7.76 236.265150  63.519921 12.595
 12   204.213 52642.80894322  8.25 236.262450  63.516791  7.484
 16    91.676 52782.80892774 40.40 236.272438  63.520792 10.092
 16    91.456 52782.80892838 44.63 236.269736  63.517663 17.979
 16    90.265 52782.80892903 44.33 236.267036  63.514533 17.979
 16    90.399 52782.80892967 40.75 236.264346  63.511413 17.979
 17    89.186 52817.80900606 17.26 236.271112  63.521393 12.686
 17    89.146 52817.80900670 18.81 236.268411  63.518265  8.771
 17    89.459 52817.80900735 20.04 236.265711  63.515135  8.771
 17    89.580 52817.80900799 19.28 236.263021  63.512015  8.771
 18   123.352 52852.80905558  6.23 236.271043  63.524321  8.506
 18   118.867 52852.80905622  5.60 236.268343  63.521191  8.506
 18   116.457 52852.80905687  5.06 236.265649  63.518060  5.065
 18   113.918 52852.80905751  4.94 236.262949  63.514940  5.065
 20   108.801 52922.80904302 19.62 236.260245  63.533022  6.217
 20   104.658 52922.80904367  9.39 236.257545  63.529902  6.217
 20   117.800 52922.80904431  7.00 236.254855  63.526772  6.217
 25   210.155 53097.80902576  2.75 236.257121  63.535703  3.125
 25   209.175 53097.80902640  2.86 236.254421  63.532573  3.125
 25   217.229 53097.80902705  2.00 236.251731  63.529453  3.125
 28    88.478 53202.80908118 33.27 236.264940  63.526400  4.929
 28    88.189 53202.80908182 34.05 236.262240  63.523270  4.929
 28    87.802 53202.80908247 35.72 236.259544  63.520138  9.624
 30    87.183 53272.80900997 41.76 236.275960  63.515909 10.904
 30    88.207 53272.80901062 40.90 236.273260  63.512779 10.904
 30    86.625 53272.80901126 44.11 236.270560  63.509659 10.904
 30    86.834 53272.80901191 40.83 236.267860  63.506529 10.904
 32   204.752 53342.80903646  9.89 236.260861  63.528646 11.942
 32   202.781 53342.80903710  8.98 236.258161  63.525516 11.942
 32   201.383 53342.80903775  9.50 236.255461  63.522386 11.942
 37    97.148 53517.80908483 10.74 236.263830  63.526683  7.812
 37    91.696 53517.80908548 10.79 236.261130  63.523553  7.812
 37    90.508 53517.80908612 10.11 236.258430  63.520423  7.812
 40   120.369 53622.80902770  5.95 236.269716  63.522297 13.091
 40   125.339 53622.80902835  4.07 236.267018  63.519170  6.140
 40   115.655 53622.80902899  5.47 236.264318  63.516040  6.140
 41    90.688 53657.80905523 11.02 236.267616  63.523329 14.728
 41    90.897 53657.80905587 10.83 236.264915  63.520201  7.170
 41    89.361 53657.80905652 11.34 236.262215  63.517071  7.170
 42    88.477 53692.80903702 26.33 236.261749  63.530614 13.020
 42    88.249 53692.80903767 32.69 236.259049  63.527494 13.020
 42    87.680 53692.80903831 38.42 236.256349  63.524364 13.020
 43    88.989 53727.80896023  1.62 236.258035  63.531816  4.837
 43    89.959 53727.80896087  1.24 236.255335  63.528686  4.837
 44   209.820 53762.80891876  5.77 236.275310  63.518317  4.320
 44   209.310 53762.80891941  4.69 236.272610  63.515187  4.320
 44   207.183 53762.80892005  4.74 236.269910  63.512067  4.320
 44   207.400 53762.80892070  3.45 236.267210  63.508937  4.320
 47    97.155 53867.80898745 31.70 236.268546  63.525849 13.142
 47    97.308 53867.80898810 31.73 236.265846  63.522729 13.142
 47    96.750 53867.80898874 32.70 236.263146  63.519599 13.142
 47    95.742 53867.80898939 34.06 236.260446  63.516469 13.142
 48    92.070 53902.80901870 41.41 236.264067  63.525772  9.743
 48    92.296 53902.80901934 39.16 236.261357  63.522642  9.743
 48    92.149 53902.80901999 37.59 236.258663  63.519509 16.681
 49    86.899 53937.80905495 38.71 236.258777  63.529789 19.454
 49    86.535 53937.80905559 42.31 236.256077  63.526669 19.454
 50    88.982 53972.80901778 39.18 236.259272  63.533008 13.875
 50    88.019 53972.80901842 44.42 236.256572  63.529878 13.875
 50    86.459 53972.80901907 43.86 236.253872  63.526748 13.875
 55   211.048 54147.80896793  1.38 236.267146  63.523500  5.000
 55   210.359 54147.80896857  1.52 236.264446  63.520370  5.000
 55   210.338 54147.80896922  0.32 236.261746  63.517240  5.000
 56   206.189 54182.80895035  2.05 236.256450  63.532375  5.323
 56   208.118 54182.80895100  0.23 236.253753  63.529240  1.779
 57   145.773 54217.80897613  2.87 236.269191  63.525199  4.327
 57   145.441 54217.80897678  1.31 236.266491  63.522079  4.327
 57   145.531 54217.80897742  0.29 236.263791  63.518949  4.327
 57   144.841 54217.80897807  0.08 236.261091  63.515819  4.327
 58    91.753 54252.80900154 41.20 236.265082  63.525520 18.380
 58    92.088 54252.80900218 45.94 236.262382  63.522390 18.380
 58    92.113 54252.80900283 41.58 236.259682  63.519260 18.380
 59    92.956 54287.80900577 34.32 236.265510  63.527508 18.823
 59    91.362 54287.80900642 36.98 236.262810  63.524388 18.823
 59    92.979 54287.80900706 36.98 236.260110  63.521258 18.823
 60   110.263 54322.80900291  8.72 236.267252  63.528053  3.426
 60   100.372 54322.80900355  8.34 236.264552  63.524923  3.426
 60   101.281 54322.80900420  7.15 236.261852  63.521803  3.426
 60    96.773 54322.80900484  7.80 236.259162  63.518673  3.426
 61    89.106 54357.80896016 40.24 236.258196  63.532390  7.495
 61    88.693 54357.80896081 46.06 236.255498  63.529264 16.997
 61    88.263 54357.80896145 41.11 236.252798  63.526134 16.997
 64    90.110 54462.80892198  2.87 236.270355  63.524448  3.985
 64    90.769 54462.80892262  3.18 236.267655  63.521328  3.985
 64    90.483 54462.80892327  2.63 236.264965  63.518198  3.985
 64    90.821 54462.80892391  2.29 236.262265  63.515068  3.985
 67   206.442 54567.80892368  5.42 236.258378  63.531848  7.094
 67   206.786 54567.80892497  4.52 236.252979  63.525591  2.243
 70    90.956 54672.80894422 22.13 236.263690  63.528668 17.826
 70    89.571 54672.80894486 24.65 236.261000  63.525538 17.826
 70    90.517 54672.80894551 26.47 236.258300  63.522408 17.826
 71   205.878 54707.80890309  6.28 236.261976  63.529873  9.638
 71   207.697 54707.80890373  4.86 236.259276  63.526743  9.638
 71   205.270 54707.80890438  4.98 236.256574  63.523617  4.680
 72    87.163 54742.80891015 17.30 236.267772  63.525479  5.450
 72    87.165 54742.80891080 21.70 236.265072  63.522349  5.450
 72    87.003 54742.80891144 26.88 236.262372  63.519219  5.450
 73   206.092 54777.80888559  6.29 236.263173  63.527691  7.112
 73   205.692 54777.80888623  5.59 236.260473  63.524571  7.112
 73   203.380 54777.80888688  4.88 236.257773  63.521441  7.112
 74    87.653 54812.80890413  4.77 236.269488  63.522207  4.039
 74    88.638 54812.80890478  4.58 236.266788  63.519087  4.039
 78    86.979 54952.80890052 26.90 236.267835  63.527126  8.384
 78    87.246 54952.80890116 23.82 236.265140  63.523993 15.656
 78    88.266 54952.80890181 20.27 236.262440  63.520873 15.656
 78    88.343 54952.80890245 24.68 236.259740  63.517743 15.656
 79   209.045 54987.80892475  5.47 236.266165  63.528150 11.751
 79   206.986 54987.80892540  7.94 236.263461  63.525020  6.144
 79   206.871 54987.80892604  6.48 236.260761  63.521890  6.144
 79   214.586 54987.80892669  4.91 236.258061  63.518770  6.144
 80    89.555 55022.80891749 19.61 236.263381  63.526453  5.983
 80    89.623 55022.80891813 19.77 236.260681  63.523333  5.983
 80    89.724 55022.80891878 20.59 236.257981  63.520203  5.983
 83    88.703 55127.80885332 35.19 236.267944  63.527439 14.024
 83    87.660 55127.80885396 42.43 236.265244  63.524309 14.024
 83    86.133 55127.80885461 45.54 236.262544  63.521189 14.024
 83    86.989 55127.80885525 38.42 236.259854  63.518059 14.024
 86    88.889 55232.80883377 21.97 236.258811  63.530976 11.951
 86    88.438 55232.80883441 18.36 236.256110  63.527843  6.841
 87    87.239 55267.80883924 16.32 236.267570  63.527210  5.122
 87    87.351 55267.80883988 14.48 236.264870  63.524080  5.122
 87    87.740 55267.80884053 10.40 236.262170  63.520950  5.122
 87    87.433 55267.80884117  6.73 236.259480  63.517830  5.122
 89    95.593 55337.80881312 40.07 236.263549  63.526476 22.871
 89    93.278 55337.80881376 40.05 236.260850  63.523343 20.504
 89    94.415 55337.80881441 38.85 236.258150  63.520223 20.504
 90    89.125 55372.80880355 42.45 236.263813  63.526818 17.168
 90    88.319 55372.80880419 44.26 236.261113  63.523688 17.168
 90    89.041 55372.80880484 41.20 236.258413  63.520568 17.168
 92    91.738 55442.80882200  9.65 236.262984  63.526794 12.513
 92    90.220 55442.80882265  9.20 236.260288  63.523660  4.952
 92    88.854 55442.80882329 10.04 236.257588  63.520540  4.952
 93    89.056 55477.80876118 18.53 236.257789  63.532145  5.573
 93    92.267 55477.80876182 11.38 236.255089  63.529015  5.573
 93    98.785 55477.80876247  9.02 236.252395  63.525889  7.461
