# NaN NaN NaN ;Mean Elev.(m), Avg Gradient(m/km), RMS Gradient(m/km) - SRTM1     
#    8.082 -16.671  42.617 ;Mean Elev.(m), Avg Gradient(m/km), RMS Gradient(m/km) - ASTER GDEM
#   19.093 -16.451  42.340 ;Mean Elev.(m), Avg Gradient(m/km), RMS Gradient(m/km) - GMTED2010 
  6 229.742629  67.107268    45.011    32.650  7 52418.83615167  8.570
  7 229.753869  67.124068    39.701    45.403 15 52453.83617417 12.517
  9 229.753047  67.128754    17.117    17.335 14 52523.83612674 17.077
 10 229.751938  67.114271    69.987    70.847 16 52558.83617929 13.215
 11 229.743718  67.117036    22.956    17.376  9 52593.83618068 32.251
 12 229.754627  67.103098    20.811    17.767 15 52628.83610894 21.330
 13 229.753560  67.121498    19.923    16.724 14 52663.83614146 17.981
 14 229.751487  67.097799    15.748    15.755 12 52698.83612051 19.279
 15 229.753107  67.115338    35.152    36.322 17 52733.83614179 12.349
 16 229.751126  67.132152    19.705    19.547 14 52768.83613940 26.847
 17 229.755769  67.106366    63.666    69.935 16 52803.83616823 12.148
 18 229.756613  67.110780    52.813    60.922 16 52838.83623040 12.744
 19 229.753861  67.113189    16.356    16.594 17 52873.83626979 43.983
 20 229.755166  67.122032    16.126    16.327 16 52908.83624780 20.943
 22 229.755041  67.111426    47.768    45.302 17 52978.83623698 13.351
 23 229.753991  67.127011    67.282    67.224 14 53013.83623284  8.577
 24 229.755969  67.110323    49.511    47.831 16 53048.83620670  9.589
 25 229.753938  67.130560    65.638    65.692 14 53083.83623877  8.181
 26 229.753963  67.113526    67.607    67.625 16 53118.83621198  6.410
 27 229.756247  67.122300    23.304    23.289 15 53153.83626140 39.580
 28 229.753539  67.110738    49.036    60.809 16 53188.83625243 10.395
 29 229.756640  67.123950    16.169    16.090 15 53223.83626552 25.342
 30 229.751837  67.131889    15.859    15.863 13 53258.83623954 39.421
 31 229.753819  67.116501    23.893    15.566 17 53293.83626572 19.606
 32 229.749948  67.115216    16.323    16.357 12 53328.83623958 25.076
 33 229.755974  67.126697    15.712    15.792 15 53363.83618961 17.066
 34 229.752319  67.111804    19.965    14.640 15 53398.83621555 15.981
 35 229.754626  67.126077    14.504    14.670 15 53433.83620361 15.137
 36 229.753571  67.109969    14.289    14.253 16 53468.83624740 15.789
 37 229.753565  67.123747    22.604    22.436 15 53503.83629038 30.786
 38 229.753987  67.121505    71.197    71.369 15 53538.83628771  8.140
 39 229.753606  67.127391    43.993    40.144 15 53573.83628565 11.308
 40 229.750469  67.130820    41.708    43.351 13 53608.83623491 12.315
 41 229.755449  67.109009    25.846    17.140 16 53643.83624073 12.386
 42 229.752186  67.124145    16.450    16.434 14 53678.83625625 35.601
 43 229.754711  67.126801    16.110    16.033 14 53713.83618409 20.407
 45 229.755976  67.119934    15.967    16.133 15 53783.83613038 17.883
 46 229.751212  67.131036    14.936    14.972 14 53818.83609052 15.311
 47 229.754593  67.115281    40.276    40.632 16 53853.83617193  7.662
 48 229.755245  67.111257    75.180    75.158 16 53888.83618074 11.637
 49 229.758528  67.129175    45.575    51.504 13 53923.83624522 20.629
 50 229.755554  67.132273    42.281    42.154 13 53958.83623633 12.760
 52 229.752294  67.105440    20.438    17.006 15 54028.83623089 41.011
 53 229.753476  67.117872    14.923    15.137 15 54063.83622250 24.233
 54 229.749501  67.125879    20.233    15.963 12 54098.83618840 23.679
 55 229.753032  67.106554    14.978    15.092 15 54133.83614829 20.956
 57 229.755617  67.110390    14.734    14.779 16 54203.83615161 19.424
 58 229.754130  67.116477    19.151    19.194 17 54238.83618516 31.297
 59 229.754159  67.119047    63.805    65.062 15 54273.83620236  8.516
 60 229.754086  67.116489    18.601    18.468 16 54308.83620470 45.415
 61 229.758910  67.132381    44.156    49.488 11 54343.83617939 29.636
 63 229.753697  67.122035    28.942    20.832 15 54413.83612936 18.387
 64 229.765084  67.118143    39.703    42.214 11 54448.83610642 16.409
 65 229.753940  67.116331    25.076    16.871 17 54483.83612424 16.890
 66 229.756377  67.111553    44.149    44.533 16 54518.83612156 11.161
 67 229.753730  67.126918    57.732    64.306 14 54553.83613419  8.908
 68 229.746557  67.107940    32.293    31.385  9 54588.83611810  9.319
 69 229.755413  67.121962    72.223    71.989 15 54623.83613297 12.583
 70 229.753844  67.119693    69.455    69.780 15 54658.83614226  8.196
 71 229.755286  67.124576    32.580    34.278 15 54693.83612210 22.218
 72 229.755676  67.112159    16.294    16.328 16 54728.83609753 18.825
 73 229.754601  67.119913    16.291    16.165 15 54763.83610098 31.809
 74 229.754806  67.108757    16.989    16.910 16 54798.83609169 19.704
 76 229.754029  67.107393    45.990    44.799 16 54868.83608848 11.192
 77 229.750572  67.126670    64.779    64.605 12 54903.83609987  8.224
 78 229.753586  67.112033    49.143    46.313 16 54938.83607841  8.321
 79 229.754059  67.116268    25.128    25.122 16 54973.83610881 28.186
 80 229.753500  67.122260    20.225    19.657 15 55008.83612228 33.896
 81 229.753066  67.116210    17.892    18.004 16 55043.83611303 43.010
 82 229.754094  67.126794    52.035    60.487 15 55078.83608832 13.717
 83 229.754961  67.113623    65.389    66.283 16 55113.83604593 15.690
 84 229.753371  67.120178    21.257    17.780 15 55148.83604525 24.215
 85 229.756315  67.110620    49.614    47.172 16 55183.83602870 16.818
 86 229.756027  67.125412    65.455    65.955 15 55218.83604195 13.831
 87 229.754168  67.109779    58.100    63.286 16 55253.83602511 12.708
 88 229.754151  67.129685    61.075    64.385 14 55288.83603104 10.939
 89 229.753858  67.120257    20.069    20.144 15 55323.83601032 19.620
 90 229.754364  67.122056    18.381    18.414 15 55358.83600854 42.737
 92 229.767881  67.128925    27.988    16.580  9 55428.83602268 16.443
 93 229.753496  67.127501    16.694    17.026 15 55463.83598664 39.951
