# NaN NaN NaN ;Mean Elev.(m), Avg Gradient(m/km), RMS Gradient(m/km) - SRTM1     
#   12.585   0.478   3.696 ;Mean Elev.(m), Avg Gradient(m/km), RMS Gradient(m/km) - ASTER GDEM
#   14.464  -0.016   0.160 ;Mean Elev.(m), Avg Gradient(m/km), RMS Gradient(m/km) - GMTED2010 
  7 225.907733  68.475711     1.853     1.819  3 52474.22736362 26.560
  8 225.902569  68.491088    -4.046    -4.174  9 52509.22733067 26.968
  9 225.904643  68.474724     1.040     1.005  3 52544.22732512 27.578
 10 225.905654  68.475239     1.194     1.193  3 52579.22736547 30.473
 11 225.899459  68.491675     2.499     2.580  9 52614.22733522 21.297
 12 225.900116  68.482463     1.513     1.157  4 52649.22731413 20.561
 13 225.906175  68.491325     2.995     3.032  9 52684.22729615 18.822
 14 225.907122  68.475315     1.147     1.238  3 52719.22734717 15.977
 16 225.896321  68.472152     4.076     4.045  3 52789.22731890 34.359
 17 225.901231  68.475193     1.855     1.815  3 52824.22738981 29.430
 18 225.905284  68.475262     2.027     2.027  2 52859.22743591 20.492
 19 225.893105  68.489630     1.686     1.428  6 52894.22746995 36.100
 20 225.906196  68.492017     2.860     3.002  9 52929.22741993 32.427
 21 225.904473  68.472945     0.357     0.349  3 52964.22740167 23.809
 22 225.897655  68.483212     1.704     1.361  4 52999.22744002 15.276
 23 225.903478  68.492347     2.950     2.972  9 53034.22739317 13.947
 24 225.905769  68.478914     2.222     1.881  5 53069.22740692 13.924
 25 225.906751  68.492564     3.210     3.247  9 53104.22739493 13.055
 26 225.905007  68.476436     0.593     0.548  3 53139.22741173 20.487
 28 225.885262  68.497176     1.120     1.125  7 53209.22747129 50.940
 29 225.900652  68.492032     1.203     0.850  9 53244.22743765 29.280
 30 225.900018  68.470902     1.114     0.962  3 53279.22741323 22.100
 31 225.899952  68.481758     0.496     0.514  4 53314.22743868 34.586
 32 225.898920  68.492403     1.613     1.479  9 53349.22740629 26.250
 33 225.901288  68.472353     0.716     0.709  3 53384.22737678 18.147
 34 225.899225  68.493011     2.562     2.668  8 53419.22738692 16.465
 35 225.898918  68.472017     0.937     0.911  3 53454.22738909 14.813
 36 225.903995  68.473628     0.563     0.531  3 53489.22747450 19.247
 37 225.896735  68.489789     3.170     3.037  6 53524.22746440 28.339
 38 225.904506  68.479181     1.864     1.854  5 53559.22748897 32.949
 39 225.906573  68.494907     3.296     3.252  7 53594.22742937 28.891
 40 225.892603  68.469489     1.199     1.367  3 53629.22741769 23.559
 41 225.904340  68.476861     1.094     1.119  3 53664.22744269 24.631
 42 225.899836  68.492503     2.963     3.085  9 53699.22740381 16.741
 43 225.909856  68.495874     3.386     3.408  4 53734.22732643 18.184
 44 225.903914  68.482541     2.153     1.740  7 53769.22730809 17.288
 45 225.907685  68.492184     3.182     3.167  9 53804.22730546 16.610
 46 225.900142  68.472285     1.093     1.085  3 53839.22732186 14.041
 47 225.904590  68.479188     3.702     3.708  5 53874.22736916 41.974
 48 225.902395  68.475142     2.477     2.521  3 53909.22741312 29.181
 49 225.905543  68.475436     1.563     1.563  2 53944.22743570 24.073
 50 225.902451  68.492115     1.497     1.795 10 53979.22738793 27.511
 51 225.898800  68.472522     0.930     0.740  3 54014.22739856 41.014
 52 225.893140  68.494834     0.343     0.335  7 54049.22740805 40.400
 54 225.909825  68.495604     3.446     3.441  4 54119.22732886 19.295
 55 225.893635  68.489750     2.080     2.082  6 54154.22735535 17.274
 56 225.906886  68.493615     3.193     3.156  7 54189.22732402 17.018
 57 225.906387  68.475392     1.344     1.316  3 54224.22736304 15.139
 58 225.895450  68.489191     3.058     2.964  6 54259.22738688 24.034
 59 225.895086  68.489946     2.042     2.067  6 54294.22739017 31.158
 60 225.901957  68.490954     2.352     2.402 10 54329.22738417 25.957
 61 225.905634  68.495738     3.480     3.443  6 54364.22733138 23.270
 62 225.895385  68.489155     1.582     1.580  6 54399.22732466 43.618
 63 225.905751  68.492405     2.128     2.468  9 54434.22728266 31.272
 64 225.906345  68.475357     0.839     0.811  3 54469.22730494 21.845
 65 225.903660  68.492495     2.903     2.995  9 54504.22729764 15.395
 66 225.889177  68.496550     2.550     2.896  7 54539.22732445 15.069
 67 225.906899  68.492527     3.216     3.286  9 54574.22729821 14.396
 68 225.895270  68.489703     4.422     4.400  6 54609.22731585 36.865
 69 225.889132  68.496014     2.339     1.976  7 54644.22732504 24.904
 70 225.886803  68.496620     2.154     1.874  7 54679.22732683 25.930
 71 225.906623  68.495445     2.169     2.284  6 54714.22727784 36.030
 72 225.906782  68.475747     0.900     0.893  3 54749.22729234 27.534
 73 225.902798  68.490632     1.610     1.579 10 54784.22726483 33.738
 74 225.906983  68.476085     1.086     1.017  3 54819.22728485 20.017
 75 225.900552  68.492410     3.024     3.052 10 54854.22726209 17.031
 76 225.893828  68.490265     2.474     2.486  6 54889.22729242 15.408
 77 225.907172  68.493804     3.393     3.360  6 54924.22726175 14.699
 78 225.904288  68.476754     1.922     1.737  3 54959.22728743 25.519
 79 225.903304  68.482126     2.720     2.596  5 54994.22731043 25.200
 80 225.891796  68.495122     2.562     2.804  7 55029.22730305 24.107
 81 225.895249  68.493634     1.803     1.519  8 55064.22729420 40.463
 82 225.907312  68.495405     3.601     3.497  5 55099.22723883 22.802
 83 225.900148  68.482024     1.457     1.463  4 55134.22723627 37.908
 84 225.903672  68.492369     3.308     3.322  9 55169.22720238 20.108
 85 225.907597  68.475829     1.426     1.365  3 55204.22722792 18.667
 86 225.904983  68.491605     3.265     3.250  9 55239.22720912 17.984
 87 225.891544  68.495299     2.991     3.191  8 55274.22722569 15.825
 88 225.906027  68.494031     1.468     1.109  7 55309.22719300 19.097
 89 225.891303  68.494436     3.542     3.602  7 55344.22719371 45.400
 90 225.900187  68.492120     2.582     2.674 10 55379.22718776 24.025
 91 225.907449  68.475261     1.454     1.465  3 55414.22720988 32.112
 92 225.900488  68.492426     3.050     2.986 10 55449.22720072 21.788
 93 225.910318  68.495935     3.397     3.409  4 55484.22712719 36.116
