# NaN NaN NaN ;Mean Elev.(m), Avg Gradient(m/km), RMS Gradient(m/km) - SRTM1     
#   17.003  -0.877  39.357 ;Mean Elev.(m), Avg Gradient(m/km), RMS Gradient(m/km) - ASTER GDEM
#   30.000  -1.074  36.655 ;Mean Elev.(m), Avg Gradient(m/km), RMS Gradient(m/km) - GMTED2010 
  7 231.048515  65.858142    28.208    28.202  5 52452.22082497 48.008
  8 231.073363  65.846303    28.956    28.957  9 52487.22080356 33.917
  9 231.079674  65.843686    27.603    27.589  8 52522.22077343 29.495
 11 231.054292  65.856636    27.273    27.297  6 52592.22082251 36.478
 12 231.047927  65.860074    27.566    27.582  3 52627.22074041 24.878
 13 231.061007  65.852944    30.440    32.059  3 52662.22078490 16.868
 14 231.040312  65.860215    34.382    27.264  3 52697.22076394 14.786
 15 231.080454  65.843483    46.859    43.778  9 52732.22078297  7.965
 16 231.081152  65.843264    29.005    29.007  8 52767.22079196 31.987
 17 231.040040  65.858797    28.506    28.518  4 52802.22080505 48.903
 18 231.050674  65.855878    28.286    28.273  5 52837.22086947 50.430
 19 231.056598  65.855321    27.148    27.093  5 52872.22090952 38.331
 20 231.075914  65.845696    26.901    26.904  9 52907.22089721 38.348
 21 231.045200  65.858654    26.294    26.264  4 52942.22082894 41.895
 23 231.062603  65.852132    59.656    56.834  6 53012.22088277  7.535
 24 231.043474  65.858602    68.541    67.168  5 53047.22085154  6.920
 25 231.055536  65.856011    67.129    67.441  6 53082.22088546  6.365
 26 231.039956  65.859209    69.300    69.175  5 53117.22085695  5.132
 27 231.046466  65.858861    29.805    29.807  5 53152.22090584 49.087
 28 231.073810  65.844897    27.803    27.787  9 53187.22088954 31.301
 29 231.076991  65.843655    27.119    27.207  9 53222.22091185 21.381
 30 231.077052  65.844987    26.429    26.399  9 53257.22088812 31.172
 31 231.035002  65.859436    28.376    29.750  5 53292.22090920 18.413
 32 231.073931  65.845249    40.050    44.444  6 53327.22087967 24.239
 35 231.084770  65.841760    63.822    62.878  8 53432.22084693  3.802
 36 231.043640  65.857630    65.698    61.130  5 53467.22088592  4.753
 37 231.051233  65.857046    34.265    34.267  5 53502.22093855 51.840
 38 231.068092  65.848622    29.079    29.071  9 53537.22092914 50.772
 39 231.058105  65.855059    27.970    27.890  6 53572.22093486 20.134
 40 231.087686  65.841262    27.375    27.370  8 53607.22088034 47.762
 41 231.040280  65.858958    27.068    27.037  4 53642.22088556 24.065
 42 231.052711  65.856490    26.845    26.777  5 53677.22090367 48.158
 43 231.089203  65.840723    64.104    64.273  9 53712.22082886  3.617
 44 231.041168  65.858878    68.571    68.619  5 53747.22074555  8.134
 45 231.074693  65.845400    64.881    63.355  9 53782.22077321  6.257
 46 231.086648  65.849605    62.421    62.421  2 53817.22073930  5.413
 48 231.077277  65.843723    29.502    29.239  9 53887.22081684 21.270
 49 231.043634  65.858781    28.322    28.269  4 53922.22089210 23.979
 50 231.053823  65.856097    27.133    27.158  6 53957.22088613 20.448
 51 231.038757  65.858038    26.940    26.992  5 53992.22081022 49.185
 52 231.045280  65.858390    27.019    26.233  4 54027.22087356 23.563
 53 231.075302  65.845632    57.599    57.440  9 54062.22086385 11.701
 55 231.042405  65.858737    59.963    61.104  5 54132.22078938  8.338
 56 231.075358  65.845119    61.079    61.753  9 54167.22080769  5.425
 57 231.045360  65.857853    60.301    58.052  5 54202.22079250  5.551
 58 231.056353  65.855747    34.909    34.944  6 54237.22082763 25.919
 59 231.068053  65.848622    28.795    28.809  9 54272.22084550 45.150
 60 231.057854  65.855288    28.972    28.957  6 54307.22084916 30.637
 61 231.082138  65.842905    27.552    27.479  9 54342.22082635 33.431
 62 231.052881  65.855098    32.106    32.051  4 54377.22078429 17.382
 63 231.069026  65.847427    27.407    27.381  9 54412.22077460 44.041
 64 231.042639  65.859438    28.914    28.925  4 54447.22075052 14.706
 66 231.046586  65.857851    53.008    52.508  5 54517.22076407  9.728
 67 231.079682  65.842957    54.183    55.221  9 54552.22077862  7.207
 68 231.054412  65.856170    29.195    29.096  5 54587.22075943 11.827
 69 231.064361  65.850687    28.948    28.932  8 54622.22077649 48.776
 70 231.057314  65.855719    28.881    28.871  5 54657.22078713 18.722
 71 231.073571  65.845815    27.153    27.186  9 54692.22076818 21.705
 72 231.047547  65.858483    26.677    26.644  5 54727.22074045 28.724
 73 231.061551  65.852883    30.565    30.213  7 54762.22074683 19.453
 74 231.040338  65.859311    27.627    27.514  5 54797.22073392 25.269
 75 231.064223  65.850841    38.711    36.829  7 54832.22073607 14.809
 76 231.045404  65.857807    60.940    61.048  4 54867.22072922  5.198
 77 231.074277  65.845693    61.855    60.948  9 54902.22074488  3.897
 78 231.051776  65.856732    63.383    63.589  5 54937.22071894  3.527
 79 231.055608  65.855864    36.453    36.444  5 54972.22075152 28.450
 80 231.063183  65.851619    29.004    28.993  7 55007.22076785 46.419
 81 231.061255  65.853292    27.859    27.890  7 55042.22075698 34.555
 82 231.078862  65.843197    27.747    27.733  9 55077.22073435 28.676
 83 231.052130  65.856033    31.051    30.823  5 55112.22069013 15.976
 84 231.061286  65.852741    27.587    27.581  6 55147.22069073 29.880
 85 231.042748  65.858743    28.303    28.178  5 55182.22067069 23.268
 86 231.074258  65.843415    60.364    57.963  7 55217.22068453  8.385
 87 231.051120  65.855625    58.995    55.458  4 55252.22066613  7.340
 88 231.078291  65.843860    62.776    63.201  9 55287.22067685  5.031
 89 231.057505  65.855572    30.073    30.051  5 55322.22065511 33.893
 90 231.064264  65.851024    28.025    27.827  7 55357.22065346 21.871
 91 231.051293  65.855674    28.003    27.569  5 55392.22065668 27.773
 92 231.060878  65.853488    27.355    27.341  7 55427.22067041 50.202
 93 231.084542  65.841777    27.272    27.268  8 55462.22063307 50.606
