# NaN NaN NaN ;Mean Elev.(m), Avg Gradient(m/km), RMS Gradient(m/km) - SRTM1     
#   20.856   0.548   2.575 ;Mean Elev.(m), Avg Gradient(m/km), RMS Gradient(m/km) - ASTER GDEM
#   15.000   0.022   0.494 ;Mean Elev.(m), Avg Gradient(m/km), RMS Gradient(m/km) - GMTED2010 
  7     6.088 52458.22927899 26.66 225.564110  68.182073 22.113
  7     2.498 52458.22927964 29.76 225.560330  68.185113 22.113
  7     2.494 52458.22928028 28.30 225.556550  68.188153 22.113
  7     2.355 52458.22928093 26.29 225.552770  68.191193 22.113
  7     2.217 52458.22928157 27.02 225.548990  68.194233 22.113
  7     2.302 52458.22928222 25.79 225.545200  68.197273 22.113
  7     2.432 52458.22928286 23.38 225.541420  68.200313 22.113
  7     2.600 52458.22928350 23.29 225.537640  68.203353 22.113
  7     4.723 52458.22928415 26.75 225.533850  68.206393 22.113
  8     3.113 52493.22925876 33.36 225.564701  68.189237 31.422
  8     2.915 52493.22925940 31.42 225.560921  68.192277 31.422
  8     2.801 52493.22926005 30.03 225.557141  68.195317 31.422
  8     2.682 52493.22926069 29.38 225.553361  68.198357 31.422
  8     2.389 52493.22926133 27.97 225.549571  68.201397 31.422
  8     2.458 52493.22926198 25.85 225.545791  68.204437 31.422
  8     2.294 52493.22926262 24.70 225.542001  68.207477 31.422
  8     4.769 52493.22926327 23.95 225.538221  68.210517 31.422
 10     1.412 52563.22927261 38.54 225.582299  68.162774 22.477
 10     1.285 52563.22927325 39.86 225.578529  68.165814 22.477
 10     1.362 52563.22927389 42.10 225.574749  68.168854 22.477
 10     1.420 52563.22927454 44.36 225.570969  68.171894 22.477
 10     1.360 52563.22927518 37.76 225.567199  68.174934 22.477
 10     1.252 52563.22927583 39.17 225.563419  68.177974 22.477
 10     1.322 52563.22927647 46.99 225.559639  68.181024 22.477
 10     1.267 52563.22927712 42.29 225.555859  68.184064 22.477
 10     1.415 52563.22927776 36.95 225.552079  68.187104 22.477
 10     1.444 52563.22927841 49.08 225.548299  68.190140 21.839
 10     1.345 52563.22927905 47.91 225.544509  68.193180 21.839
 10     1.282 52563.22927970 51.77 225.540729  68.196220 21.839
 10     1.410 52563.22928034 52.74 225.536939  68.199260 21.839
 10     1.389 52563.22928099 51.12 225.533159  68.202300 21.839
 12     4.160 52633.22923706 23.66 225.598765  68.143418  6.196
 12     4.999 52633.22923771 23.72 225.595005  68.146458  6.196
 12     5.022 52633.22923835 23.27 225.591235  68.149498  6.196
 12     4.928 52633.22923899 23.08 225.587465  68.152538  6.196
 12     4.417 52633.22923964 23.63 225.583685  68.155578  6.196
 12     3.934 52633.22924028 23.88 225.579915  68.158618  6.196
 12     3.537 52633.22924093 24.25 225.576145  68.161658  6.196
 12     3.308 52633.22924157 24.14 225.572365  68.164708  6.196
 12     3.490 52633.22924222 23.85 225.568595  68.167748  6.196
 12     3.140 52633.22924286 23.89 225.564815  68.170788  6.196
 12     3.153 52633.22924351 23.57 225.561035  68.173828  6.196
 12     2.874 52633.22924415 24.04 225.557262  68.176867  6.451
 12     2.521 52633.22924480 23.17 225.553482  68.179907  6.451
 12     2.239 52633.22924544 22.75 225.549702  68.182947  6.451
 12     1.368 52633.22924609 25.56 225.545922  68.185987  6.451
 12     1.353 52633.22924673 25.41 225.542142  68.189027  6.451
 12     1.720 52633.22924738 23.43 225.538352  68.192067  6.451
 12     1.918 52633.22924802 23.34 225.534572  68.195107  6.451
 13     3.979 52668.22925904 21.40 225.570890  68.174380  4.618
 13     5.013 52668.22925968 20.36 225.567120  68.177420  4.618
 13     4.731 52668.22926032 18.99 225.563340  68.180460  4.618
 13     5.356 52668.22926097 18.64 225.559560  68.183500  4.618
 13     5.448 52668.22926161 18.23 225.555780  68.186540  3.550
 13     4.100 52668.22926226 17.78 225.552000  68.189580  3.550
 13     3.942 52668.22926290 17.98 225.548220  68.192620  3.550
 13     3.448 52668.22926355 17.90 225.544440  68.195660  3.550
 13     2.822 52668.22926419 17.42 225.540660  68.198700  3.550
 13     2.736 52668.22926484 17.41 225.536870  68.201740  3.550
 14     4.934 52703.22923192 20.56 225.595346  68.150539  3.863
 14     4.653 52703.22923256 20.56 225.591576  68.153579  3.863
 14     4.484 52703.22923321 20.23 225.587806  68.156619  3.863
 14     4.258 52703.22923385 20.17 225.584026  68.159659  3.863
 14     3.925 52703.22923450 20.86 225.580256  68.162699  3.863
 14     3.893 52703.22923514 20.42 225.576476  68.165739  3.863
 14     3.750 52703.22923579 19.93 225.572706  68.168779  3.863
 14     3.683 52703.22923643 20.18 225.568926  68.171819  3.863
 14     3.599 52703.22923707 19.76 225.565146  68.174859  3.863
 14     5.111 52703.22923772 18.21 225.561366  68.177899  3.863
 14     4.128 52703.22923836 17.85 225.557586  68.180949  3.863
 14     5.286 52703.22923901 17.12 225.553806  68.183989  3.863
 14     3.302 52703.22923965 17.24 225.550026  68.187029  3.863
 14     3.443 52703.22924030 16.66 225.546244  68.190063  3.983
 14     3.219 52703.22924094 16.97 225.542464  68.193103  3.983
 14     2.563 52703.22924159 16.78 225.538674  68.196143  3.983
 14     2.719 52703.22924223 16.54 225.534894  68.199183  3.983
 16     3.508 52773.22923788 23.72 225.566933  68.194081  7.427
 16     3.275 52773.22923852 21.37 225.563143  68.197121  7.427
 16     3.122 52773.22923917 20.72 225.559363  68.200161  7.427
 16     2.848 52773.22923981 21.92 225.555583  68.203201 13.606
 16     2.966 52773.22924046 22.54 225.551803  68.206241 13.606
 16     3.139 52773.22924110 21.10 225.548013  68.209281 13.606
 16     3.415 52773.22924175 19.87 225.544233  68.212321 13.606
 17     3.901 52808.22929198 28.59 225.600183  68.138995 18.592
 17     3.663 52808.22929263 26.47 225.596413  68.142035 18.592
 17     4.240 52808.22929327 23.94 225.592653  68.145075 18.592
 17     4.934 52808.22929392 21.64 225.588883  68.148115 18.592
 17     5.213 52808.22929456 22.21 225.585113  68.151155 18.592
 17     5.657 52808.22929521 21.27 225.581333  68.154195 18.592
 17     4.867 52808.22929585 20.63 225.577563  68.157245 18.592
 17     5.224 52808.22929650 20.29 225.573793  68.160285 18.592
 17     4.880 52808.22929714 21.40 225.570013  68.163325 18.592
 17     4.409 52808.22929778 21.74 225.566243  68.166365 18.592
 17     3.958 52808.22929843 22.65 225.562463  68.169405 18.592
 17     4.082 52808.22929907 23.89 225.558683  68.172445 18.592
 17     4.145 52808.22929972 25.50 225.554909  68.175486 23.613
 17     3.890 52808.22930036 28.89 225.551129  68.178526 23.613
 17     3.123 52808.22930101 29.88 225.547349  68.181566 23.613
 17     3.374 52808.22930165 24.92 225.543569  68.184606 23.613
 18     2.895 52843.22935021 39.52 225.600518  68.142024 30.408
 18     2.943 52843.22935085 40.16 225.596748  68.145064 30.408
 18     2.774 52843.22935150 40.74 225.592988  68.148104 30.408
 18     2.850 52843.22935214 40.39 225.589218  68.151144 30.408
 18     2.632 52843.22935279 38.05 225.585438  68.154184 30.408
 18     2.618 52843.22935343 36.60 225.581668  68.157224 30.408
 18     2.774 52843.22935408 36.97 225.577898  68.160274 30.408
 18     2.763 52843.22935472 36.53 225.574118  68.163314 30.408
 18     2.694 52843.22935537 37.98 225.570348  68.166354 30.408
 18     2.845 52843.22935601 43.20 225.566568  68.169394 30.408
 18     2.895 52843.22935666 51.61 225.562798  68.172434 30.408
 18     2.830 52843.22935730 52.65 225.559018  68.175474 30.408
 18     2.764 52843.22935795 53.18 225.555241  68.178515 50.900
 18     2.717 52843.22935859 53.64 225.551461  68.181555 50.900
 18     2.714 52843.22935924 53.67 225.547681  68.184595 50.900
 18     2.712 52843.22935988 54.23 225.543891  68.187635 50.900
 18     2.730 52843.22936052 53.70 225.540111  68.190675 50.900
 18     2.766 52843.22936117 53.19 225.536331  68.193715 50.900
 18     2.818 52843.22936181 51.95 225.532541  68.196755 50.900
 19     5.365 52878.22939016 28.66 225.595157  68.150811 28.794
 19     4.818 52878.22939080 32.97 225.591387  68.153851 28.794
 19     4.496 52878.22939145 25.67 225.587617  68.156901 28.794
 19     5.220 52878.22939209 24.51 225.583837  68.159941 28.794
 19     4.977 52878.22939274 24.17 225.580067  68.162981 28.794
 19     4.988 52878.22939338 22.66 225.576297  68.166021 28.794
 19     3.962 52878.22939403 24.43 225.572517  68.169061 28.794
 19     4.123 52878.22939467 20.15 225.568747  68.172101 28.794
 19     4.398 52878.22939532 19.20 225.564967  68.175141 28.794
 19     5.474 52878.22939596 18.48 225.561183  68.178185 26.465
 19     5.347 52878.22939661 19.50 225.557413  68.181225 26.465
 19     1.790 52878.22939725 23.07 225.553633  68.184265 26.465
 19     1.820 52878.22939790 24.20 225.549853  68.187305 26.465
 19     1.639 52878.22939854 23.50 225.546063  68.190345 26.465
 19     1.680 52878.22939918 25.10 225.542283  68.193385 26.465
 19     2.187 52878.22939983 21.76 225.538503  68.196425 26.465
 19     1.956 52878.22940047 22.51 225.534723  68.199465 26.465
 20     5.150 52913.22935659 31.10 225.567594  68.193330 33.074
 20     4.787 52913.22935723 25.16 225.563814  68.196370 33.074
 20     4.463 52913.22935788 22.39 225.560030  68.199411 25.784
 20     3.593 52913.22935852 23.85 225.556250  68.202451 25.784
 20     3.299 52913.22935917 22.40 225.552470  68.205491 25.784
 20     3.839 52913.22935981 22.96 225.548680  68.208531 25.784
 20     4.066 52913.22936046 23.91 225.544900  68.211571 25.784
 20     4.186 52913.22936110 26.57 225.541110  68.214611 25.784
 21     1.842 52948.22930436 32.54 225.598735  68.141332  8.974
 21     1.640 52948.22930501 33.70 225.594965  68.144372  8.974
 21     1.840 52948.22930565 31.09 225.591195  68.147412  8.974
 21     1.778 52948.22930630 34.14 225.587425  68.150462  8.974
 21     1.774 52948.22930694 33.56 225.583655  68.153502  8.974
 21     1.665 52948.22930759 32.12 225.579875  68.156542  8.974
 21     1.667 52948.22930823 32.05 225.576105  68.159582  8.974
 21     1.821 52948.22930888 34.38 225.572325  68.162622  8.974
 21     1.793 52948.22930952 32.92 225.568554  68.165664 13.793
 21     1.917 52948.22931017 31.80 225.564774  68.168704 13.793
 21     1.863 52948.22931081 31.12 225.560994  68.171744 13.793
 21     1.719 52948.22931146 32.01 225.557224  68.174784 13.793
 21     1.630 52948.22931210 32.05 225.553444  68.177824 13.793
 21     1.733 52948.22931275 33.14 225.549654  68.180864 13.793
 21     1.660 52948.22931339 33.24 225.545874  68.183904 13.793
 21     1.530 52948.22931403 33.49 225.542094  68.186944 13.793
 21     1.695 52948.22931468 37.70 225.538314  68.189984 13.793
 23     5.547 53018.22934001 13.82 225.563426  68.189325  4.933
 23     4.353 53018.22934066 13.79 225.559646  68.192365  4.933
 23     4.403 53018.22934130 13.78 225.555867  68.195406  3.375
 23     3.538 53018.22934195 14.23 225.552077  68.198446  3.375
 23     3.205 53018.22934259 14.23 225.548297  68.201486  3.375
 23     3.519 53018.22934324 13.87 225.544517  68.204526  3.375
 23     4.154 53018.22934388 14.30 225.540727  68.207566  3.375
 23     4.541 53018.22934453 14.51 225.536947  68.210606  3.375
 24     4.286 53053.22931383 15.93 225.595892  68.148697  2.869
 24     4.308 53053.22931447 16.78 225.592122  68.151737  2.869
 24     4.374 53053.22931512 16.41 225.588352  68.154777  2.869
 24     4.265 53053.22931576 16.81 225.584572  68.157817  2.869
 24     4.055 53053.22931641 16.22 225.580802  68.160857  2.869
 24     3.963 53053.22931705 15.48 225.577032  68.163897  2.869
 24     3.808 53053.22931770 15.77 225.573252  68.166937  2.869
 24     3.845 53053.22931834 15.72 225.569472  68.169977  2.869
 24     3.954 53053.22931899 15.63 225.565702  68.173027  2.869
 24     3.805 53053.22931963 14.86 225.561922  68.176067  2.869
 24     3.494 53053.22932028 14.88 225.558142  68.179107  2.869
 24     3.406 53053.22932092 14.45 225.554362  68.182147  2.869
 24     3.298 53053.22932157 14.40 225.550582  68.185187  2.869
 24     3.203 53053.22932221 14.28 225.546803  68.188222  3.111
 24     2.859 53053.22932285 14.30 225.543013  68.191262  3.111
 24     2.970 53053.22932350 14.25 225.539233  68.194302  3.111
 24     2.489 53053.22932414 14.34 225.535443  68.197342  3.111
 25     4.018 53088.22935820 13.95 225.562723  68.184936  4.244
 25     3.973 53088.22935884 13.09 225.558948  68.187981  3.025
 25     3.892 53088.22935948 12.65 225.555168  68.191021  3.025
 25     4.270 53088.22936013 12.87 225.551388  68.194061  3.025
 25     3.512 53088.22936077 12.86 225.547608  68.197101  3.025
 25     3.176 53088.22936142 13.35 225.543828  68.200141  3.025
 25     2.509 53088.22936206 13.48 225.540048  68.203181  3.025
 25     2.757 53088.22936271 13.28 225.536258  68.206221  3.025
 26     4.200 53123.22932066  5.10 225.596886  68.146480  2.096
 26     4.354 53123.22932130  5.03 225.593116  68.149520  2.096
 26     4.498 53123.22932195  4.80 225.589336  68.152560  2.096
 26     4.351 53123.22932259  5.10 225.585566  68.155600  2.096
 26     4.371 53123.22932324  5.09 225.581796  68.158640  2.096
 26     4.200 53123.22932388  4.55 225.578026  68.161680  2.096
 26     4.023 53123.22932453  4.89 225.574246  68.164720  2.096
 26     4.116 53123.22932517  4.65 225.570476  68.167760  2.096
 26     4.114 53123.22932582  4.61 225.566696  68.170810  2.096
 26     4.336 53123.22932646  4.93 225.562916  68.173850  2.096
 26     4.096 53123.22932711  5.09 225.559146  68.176890  2.096
 26     3.974 53123.22932775  4.77 225.555366  68.179930  2.096
 26     3.400 53123.22932840  4.92 225.551586  68.182970  2.096
 26     3.669 53123.22932904  4.56 225.547807  68.186007  2.040
 26     3.613 53123.22932969  4.68 225.544017  68.189047  2.040
 26     3.383 53123.22933033  4.84 225.540237  68.192087  2.040
 26     3.789 53123.22933097  4.74 225.536457  68.195127  2.040
 26     2.623 53123.22933162  5.33 225.532667  68.198167  2.040
 27     6.577 53158.22937726 44.26 225.601453  68.141323 42.229
 27     6.514 53158.22937790 42.90 225.597693  68.144363 42.229
 27     6.545 53158.22937855 45.70 225.593926  68.147402 47.382
 27     6.471 53158.22937919 45.15 225.590156  68.150442 47.382
 27     6.482 53158.22937984 43.73 225.586386  68.153482 47.382
 27     6.420 53158.22938048 45.43 225.582606  68.156522 47.382
 27     6.411 53158.22938113 45.51 225.578836  68.159562 47.382
 27     6.410 53158.22938177 46.07 225.575066  68.162612 47.382
 27     6.394 53158.22938242 48.52 225.571296  68.165652 47.382
 27     6.381 53158.22938306 49.25 225.567516  68.168692 47.382
 27     6.317 53158.22938371 46.37 225.563736  68.171732 47.382
 27     6.247 53158.22938435 45.92 225.559966  68.174772 47.382
 27     6.323 53158.22938499 48.54 225.556186  68.177812 47.382
 27     6.369 53158.22938564 47.71 225.552406  68.180852 47.382
 27     6.326 53158.22938628 46.98 225.548626  68.183892 47.382
 27     6.455 53158.22938693 46.92 225.544846  68.186932 47.382
 27     6.458 53158.22938757 47.53 225.541066  68.189972 47.382
 27     6.306 53158.22938822 45.36 225.537286  68.193012 47.382
 27     6.172 53158.22938886 41.88 225.533496  68.196052 47.382
 28     1.971 53193.22938034 26.78 225.561892  68.186999 24.708
 28     1.921 53193.22938098 27.98 225.558112  68.190039 24.708
 28     1.802 53193.22938163 29.54 225.554332  68.193079 24.708
 28     1.777 53193.22938227 29.17 225.550552  68.196119 24.708
 28     1.798 53193.22938292 28.21 225.546772  68.199159 24.708
 28     1.929 53193.22938356 28.00 225.542982  68.202199 24.708
 28     1.999 53193.22938421 27.78 225.539202  68.205239 24.708
 28     4.729 53193.22938485 26.80 225.535412  68.208279 24.708
 30     1.085 53263.22935025 48.72 225.563686  68.192626 42.842
 30     1.070 53263.22935089 40.83 225.559907  68.195670 36.353
 30     1.050 53263.22935154 34.67 225.556127  68.198710 36.353
 30     1.000 53263.22935218 31.44 225.552337  68.201750 36.353
 30     0.698 53263.22935283 23.26 225.548557  68.204790 36.353
 30     0.886 53263.22935347 22.38 225.544777  68.207830 36.353
 30     3.047 53263.22935412 21.67 225.540987  68.210870 36.353
 31     1.214 53298.22937984 34.20 225.599388  68.138823 10.791
 31     1.178 53298.22938048 35.03 225.595618  68.141873 10.791
 31     1.259 53298.22938113 37.12 225.591848  68.144913 10.791
 31     1.117 53298.22938177 37.67 225.588081  68.147950 21.785
 31     1.217 53298.22938242 35.26 225.584311  68.150990 21.785
 31     1.208 53298.22938306 37.49 225.580541  68.154030 21.785
 31     1.240 53298.22938371 35.68 225.576771  68.157070 21.785
 31     1.260 53298.22938435 32.78 225.573001  68.160120 21.785
 31     1.244 53298.22938500 34.85 225.569221  68.163160 21.785
 31     1.153 53298.22938564 34.25 225.565451  68.166200 21.785
 31     1.229 53298.22938628 32.65 225.561671  68.169240 21.785
 31     1.218 53298.22938693 34.43 225.557901  68.172280 21.785
 31     1.240 53298.22938757 36.35 225.554121  68.175320 21.785
 31     1.264 53298.22938822 31.90 225.550341  68.178360 21.785
 31     1.146 53298.22938886 33.09 225.546561  68.181400 21.785
 31     1.065 53298.22938951 34.80 225.542781  68.184440 21.785
 33     4.764 53368.22930490 19.83 225.566961  68.193957  4.043
 33     4.622 53368.22930555 19.95 225.563181  68.196997  4.043
 33     3.934 53368.22930619 20.26 225.559401  68.200037  4.043
 33     3.584 53368.22930684 20.44 225.555611  68.203077  4.043
 33     2.443 53368.22930748 20.49 225.551831  68.206117  4.043
 33     2.085 53368.22930813 21.05 225.548051  68.209167  4.043
 33     2.998 53368.22930877 20.76 225.544261  68.212207  4.043
 35     4.740 53438.22932307 14.08 225.563555  68.192298  6.192
 35     4.594 53438.22932371 13.81 225.559765  68.195338  6.192
 35     4.143 53438.22932435 14.07 225.555985  68.198378  6.192
 35     3.299 53438.22932500 14.04 225.552205  68.201418  6.192
 35     3.139 53438.22932564 14.67 225.548425  68.204458  6.192
 35     2.588 53438.22932629 14.90 225.544635  68.207508  6.192
 35     2.795 53438.22932693 14.75 225.540855  68.210548  6.192
 36     4.298 53473.22936960 13.62 225.600896  68.141969  3.955
 36     4.599 53473.22937024 13.67 225.597126  68.145019  3.955
 36     4.632 53473.22937089 13.64 225.593359  68.148056  2.412
 36     4.507 53473.22937153 13.51 225.589589  68.151096  2.412
 36     4.448 53473.22937218 14.03 225.585819  68.154136  2.412
 36     4.542 53473.22937282 13.29 225.582049  68.157176  2.412
 36     3.993 53473.22937347 13.38 225.578279  68.160216  2.412
 36     3.952 53473.22937411 13.41 225.574499  68.163266  2.412
 36     3.784 53473.22937476 13.45 225.570729  68.166306  2.412
 36     3.818 53473.22937540 13.94 225.566949  68.169346  2.412
 36     3.700 53473.22937605 13.37 225.563179  68.172386  2.412
 36     4.363 53473.22937669 13.37 225.559399  68.175426  2.412
 36     4.266 53473.22937734 13.20 225.555619  68.178466  2.412
 36     3.033 53473.22937798 13.21 225.551839  68.181506  2.412
 36     4.644 53473.22937862 13.23 225.548059  68.184546  2.412
 36     3.129 53473.22937927 12.99 225.544279  68.187586  2.412
 36     2.867 53473.22937991 13.22 225.540499  68.190626  2.412
 36     2.615 53473.22938056 13.74 225.536719  68.193666  2.412
 36     2.799 53473.22938120 13.59 225.532929  68.196706  2.412
 37     5.067 53508.22940153 31.10 225.569080  68.175494 28.011
 37     5.174 53508.22940217 28.41 225.565300  68.178534 28.011
 37     5.059 53508.22940282 27.09 225.561520  68.181574 28.011
 37     4.962 53508.22940346 27.84 225.557740  68.184614 28.011
 37     4.991 53508.22940411 27.91 225.553960  68.187654 28.011
 37     5.019 53508.22940475 28.79 225.550180  68.190694 28.011
 37     4.983 53508.22940540 27.36 225.546400  68.193734 28.011
 37     5.055 53508.22940604 26.33 225.542620  68.196774 28.011
 37     5.065 53508.22940669 26.74 225.538830  68.199814 28.011
 37     5.083 53508.22940733 32.20 225.535050  68.202854 28.011
 38     4.126 53543.22941214 25.46 225.568312  68.176394 18.260
 38     5.657 53543.22941279 21.45 225.564532  68.179434 18.260
 38     5.537 53543.22941343 20.85 225.560752  68.182474 18.260
 38     6.246 53543.22941408 19.87 225.556972  68.185514 18.260
 38     5.473 53543.22941472 17.93 225.553192  68.188554 18.260
 38     4.593 53543.22941537 17.72 225.549412  68.191594 18.260
 38     4.047 53543.22941601 16.67 225.545632  68.194634 18.260
 38     4.049 53543.22941665 16.71 225.541852  68.197674 18.260
 38     4.532 53543.22941730 16.13 225.538062  68.200714 18.260
 38     5.177 53543.22941794 16.34 225.534282  68.203754 18.260
 39     6.176 53578.22939735 23.57 225.565332  68.186249 33.068
 39     2.113 53578.22939800 24.67 225.561552  68.189289 33.068
 39     1.964 53578.22939864 26.18 225.557772  68.192329 33.068
 39     1.944 53578.22939929 22.55 225.553992  68.195369 33.068
 39     1.934 53578.22939993 20.45 225.550212  68.198409 33.068
 39     2.023 53578.22940057 20.25 225.546432  68.201449 33.068
 39     2.189 53578.22940122 19.94 225.542642  68.204499 33.068
 39     4.895 53578.22940186 20.06 225.538862  68.207539 33.068
 40     6.392 53613.22935130 19.87 225.564458  68.191115 23.891
 40     4.661 53613.22935195 19.79 225.560678  68.194155 23.891
 40     4.011 53613.22935259 21.14 225.556898  68.197195 23.891
 40     3.243 53613.22935324 20.28 225.553118  68.200235 23.891
 40     3.041 53613.22935388 19.49 225.549328  68.203285 23.891
 40     2.382 53613.22935453 18.57 225.545548  68.206325 23.891
 40     4.635 53613.22935517 16.58 225.541768  68.209365 23.891
 41     5.491 53648.22934830 31.66 225.597047  68.148122 30.225
 41     5.257 53648.22934894 32.20 225.593274  68.151157 12.545
 41     4.850 53648.22934959 33.07 225.589504  68.154197 12.545
 41     4.855 53648.22935023 32.04 225.585734  68.157237 12.545
 41     4.310 53648.22935088 32.43 225.581964  68.160277 12.545
 41     3.987 53648.22935152 32.57 225.578184  68.163327 12.545
 41     4.019 53648.22935217 31.30 225.574414  68.166367 12.545
 41     3.797 53648.22935281 31.50 225.570634  68.169407 12.545
 41     3.557 53648.22935346 29.93 225.566864  68.172447 12.545
 41     3.428 53648.22935410 29.65 225.563084  68.175487 12.545
 41     4.972 53648.22935475 27.75 225.559304  68.178527 12.545
 41     5.232 53648.22935539 24.36 225.555524  68.181567 12.545
 41     5.350 53648.22935604 24.40 225.551744  68.184607 12.545
 41     5.141 53648.22935668 24.77 225.547964  68.187647 12.545
 41     1.320 53648.22935733 26.05 225.544184  68.190687 12.545
 41     3.817 53648.22935797 26.27 225.540394  68.193727 12.545
 41     3.692 53648.22935862 23.91 225.536614  68.196767 12.545
 41     4.231 53648.22935926 23.72 225.532824  68.199807 12.545
 42     3.866 53683.22936878 23.50 225.569669  68.175404  8.431
 42     5.154 53683.22936943 20.70 225.565899  68.178444  8.431
 42     5.302 53683.22937007 17.76 225.562119  68.181484  8.431
 42     5.270 53683.22937072 17.20 225.558339  68.184524  8.431
 42     3.642 53683.22937136 15.98 225.554559  68.187564  8.431
 42     3.188 53683.22937200 17.87 225.550779  68.190604  8.431
 42     1.748 53683.22937265 18.34 225.546999  68.193644  8.431
 42     2.872 53683.22937329 17.55 225.543219  68.196684  8.431
 42     3.195 53683.22937394 16.68 225.539439  68.199724  8.431
 42     1.834 53683.22937458 17.70 225.535649  68.202764  8.431
 43     5.291 53718.22929917 13.51 225.565127  68.193196  5.315
 43     4.778 53718.22929982 14.01 225.561347  68.196236  5.315
 43     4.280 53718.22930046 13.74 225.557567  68.199276  5.315
 43     3.525 53718.22930110 13.46 225.553787  68.202316  5.315
 43     3.095 53718.22930175 14.37 225.550007  68.205366  5.315
 43     3.191 53718.22930239 13.84 225.546217  68.208406  5.315
 43     3.814 53718.22930304 14.53 225.542437  68.211446  5.315
 44     4.737 53753.22921181 16.65 225.595107  68.150688  2.801
 44     4.868 53753.22921245 15.98 225.591327  68.153728  2.801
 44     4.809 53753.22921310 16.46 225.587557  68.156778  2.801
 44     4.580 53753.22921374 16.53 225.583787  68.159818  2.801
 44     4.194 53753.22921439 16.45 225.580007  68.162858  2.801
 44     3.945 53753.22921503 16.01 225.576237  68.165898  2.801
 44     3.873 53753.22921568 16.03 225.572457  68.168938  2.801
 44     3.818 53753.22921632 15.93 225.568687  68.171978  2.801
 44     4.069 53753.22921697 15.10 225.564907  68.175018  2.801
 44     3.748 53753.22921761 14.58 225.561127  68.178058  2.801
 44     4.988 53753.22921826 14.64 225.557347  68.181098  2.801
 44     4.923 53753.22921890 14.14 225.553567  68.184138  2.801
 44     3.316 53753.22921955 14.52 225.549787  68.187178  2.801
 44     2.816 53753.22922019 14.22 225.545997  68.190218  2.801
 44     3.159 53753.22922083 14.20 225.542217  68.193258  2.801
 44     2.496 53753.22922148 14.22 225.538437  68.196298  2.801
 44     2.831 53753.22922212 14.50 225.534647  68.199338  2.801
 45     5.975 53788.22924955 14.59 225.562909  68.188897  4.666
 45     4.452 53788.22925019 14.26 225.559129  68.191937  4.666
 45     4.121 53788.22925084 14.04 225.555349  68.194977  4.666
 45     3.703 53788.22925148 14.24 225.551569  68.198017  4.666
 45     3.418 53788.22925212 14.17 225.547789  68.201057  4.666
 45     3.043 53788.22925277 14.36 225.543999  68.204097  4.666
 45     2.716 53788.22925341 14.90 225.540219  68.207137  4.666
 45     4.628 53788.22925406 14.24 225.536429  68.210177  4.666
 46     4.395 53823.22919430 16.02 225.600615  68.137173  2.424
 46     4.254 53823.22919494 15.59 225.596845  68.140213  2.424
 46     4.264 53823.22919559 15.34 225.593075  68.143253  2.424
 46     4.098 53823.22919623 16.10 225.589305  68.146303  2.424
 46     4.543 53823.22919688 15.82 225.585535  68.149343  2.424
 46     4.177 53823.22919752 16.26 225.581765  68.152383  2.424
 46     4.103 53823.22919817 16.16 225.577985  68.155423  2.424
 46     3.780 53823.22919881 15.76 225.574215  68.158463  2.424
 46     3.718 53823.22919946 15.84 225.570435  68.161503  2.424
 46     3.594 53823.22920010 15.43 225.566665  68.164543  2.424
 46     3.434 53823.22920075 15.69 225.562885  68.167583  2.424
 46     3.631 53823.22920139 15.21 225.559105  68.170623  2.424
 46     3.466 53823.22920204 15.31 225.555325  68.173663  2.424
 46     3.161 53823.22920268 14.73 225.551545  68.176703  2.424
 46     3.167 53823.22920332 14.66 225.547765  68.179743  2.424
 46     3.172 53823.22920397 14.50 225.543985  68.182783  2.424
 47     4.757 53858.22928855 13.31 225.596009  68.147115  5.044
 47     4.724 53858.22928920 13.56 225.592232  68.150152  2.664
 47     4.626 53858.22928984 14.10 225.588462  68.153192  2.664
 47     4.605 53858.22929049 13.98 225.584692  68.156232  2.664
 47     4.440 53858.22929113 13.99 225.580922  68.159282  2.664
 47     4.184 53858.22929177 14.01 225.577152  68.162322  2.664
 47     4.023 53858.22929242 13.91 225.573372  68.165362  2.664
 47     3.969 53858.22929306 13.28 225.569602  68.168402  2.664
 47     3.801 53858.22929371 14.37 225.565822  68.171442  2.664
 47     3.899 53858.22929435 13.44 225.562052  68.174482  2.664
 47     4.802 53858.22929500 12.68 225.558272  68.177522  2.664
 47     4.659 53858.22929564 12.46 225.554492  68.180562  2.664
 47     4.920 53858.22929629 11.92 225.550712  68.183602  2.664
 47     4.801 53858.22929693 11.98 225.546932  68.186642  2.664
 47     3.243 53858.22929758 12.16 225.543152  68.189682  2.664
 47     2.872 53858.22929822 11.87 225.539372  68.192722  2.664
 47     2.838 53858.22929887 12.07 225.535582  68.195762  2.664
 48     4.197 53893.22930932 53.78 225.569832  68.175900 47.520
 48     4.231 53893.22930996 52.33 225.566052  68.178940 47.520
 48     4.143 53893.22931061 52.26 225.562272  68.181980 47.520
 48     4.082 53893.22931125 52.95 225.558492  68.185020 47.520
 48     4.224 53893.22931190 51.38 225.554712  68.188060 47.520
 48     4.208 53893.22931254 52.25 225.550932  68.191100 47.520
 48     4.171 53893.22931319 49.70 225.547152  68.194140 47.520
 48     4.137 53893.22931383 51.95 225.543362  68.197180 47.520
 48     4.109 53893.22931448 51.12 225.539582  68.200220 47.520
 48     4.081 53893.22931512 51.86 225.535792  68.203260 47.520
 49     2.749 53928.22936065 50.37 225.600445  68.142875 41.980
 49     2.594 53928.22936129 53.10 225.596675  68.145915 41.980
 49     2.671 53928.22936194 53.93 225.592910  68.148957 48.001
 49     2.675 53928.22936258 51.98 225.589140  68.151997 48.001
 49     2.584 53928.22936323 54.31 225.585370  68.155037 48.001
 49     2.715 53928.22936387 51.33 225.581600  68.158077 48.001
 49     2.678 53928.22936451 50.39 225.577820  68.161117 48.001
 49     2.574 53928.22936516 54.86 225.574050  68.164167 48.001
 49     2.627 53928.22936580 52.86 225.570280  68.167207 48.001
 49     2.716 53928.22936645 52.66 225.566500  68.170247 48.001
 49     2.697 53928.22936709 51.93 225.562730  68.173287 48.001
 49     2.686 53928.22936774 52.40 225.558950  68.176327 48.001
 49     2.680 53928.22936838 52.24 225.555170  68.179367 48.001
 49     2.678 53928.22936903 52.68 225.551390  68.182407 48.001
 49     2.678 53928.22936967 51.86 225.547610  68.185447 48.001
 49     2.678 53928.22937032 51.20 225.543830  68.188487 48.001
 49     2.691 53928.22937096 51.33 225.540050  68.191527 48.001
 49     2.697 53928.22937161 52.71 225.536270  68.194567 48.001
 49     2.664 53928.22937225 46.89 225.532490  68.197607 48.001
 50     1.802 53963.22935077 50.98 225.563671  68.182847 39.489
 50     1.747 53963.22935141 42.09 225.559891  68.185887 39.489
 50     1.742 53963.22935206 40.19 225.556111  68.188927 39.489
 50     1.763 53963.22935270 44.31 225.552331  68.191967 39.489
 50     1.724 53963.22935334 46.40 225.548551  68.195007 39.489
 50     1.752 53963.22935399 33.39 225.544771  68.198047 39.489
 50     1.613 53963.22935463 29.51 225.540991  68.201087 39.489
 50     1.864 53963.22935528 44.75 225.537201  68.204137 39.489
 51     1.622 53998.22928998 50.04 225.598709  68.135610 42.740
 51     1.563 53998.22929062 51.22 225.594939  68.138650 42.740
 51     1.542 53998.22929127 52.36 225.591169  68.141690 42.740
 51     1.566 53998.22929191 52.11 225.587399  68.144730 42.740
 51     1.641 53998.22929256 52.25 225.583622  68.147770 48.475
 51     1.596 53998.22929320 53.30 225.579852  68.150820 48.475
 51     1.565 53998.22929385 53.12 225.576082  68.153860 48.475
 51     1.616 53998.22929449 53.13 225.572302  68.156900 48.475
 51     1.607 53998.22929514 52.49 225.568532  68.159940 48.475
 51     1.529 53998.22929578 53.70 225.564752  68.162980 48.475
 51     1.506 53998.22929643 53.76 225.560982  68.166020 48.475
 51     1.624 53998.22929707 52.36 225.557202  68.169060 48.475
 51     1.660 53998.22929772 50.96 225.553422  68.172100 48.475
 51     1.658 53998.22929836 50.20 225.549642  68.175140 48.475
 52     1.353 54033.22934361 47.64 225.583737  68.161466 41.696
 52     1.272 54033.22934425 48.79 225.579957  68.164506 41.696
 52     1.427 54033.22934490 48.35 225.576187  68.167546 41.696
 52     1.259 54033.22934554 52.76 225.572407  68.170586 41.696
 52     1.276 54033.22934619 53.24 225.568637  68.173626 41.696
 52     1.355 54033.22934683 51.30 225.564857  68.176666 41.696
 52     1.388 54033.22934748 49.46 225.561077  68.179706 41.696
 52     1.327 54033.22934812 49.45 225.557297  68.182746 41.696
 52     1.257 54033.22934876 47.71 225.553517  68.185786 41.696
 52     1.374 54033.22934941 43.98 225.549737  68.188826 41.696
 52     1.270 54033.22935005 46.80 225.545957  68.191866 41.696
 52     1.420 54033.22935070 48.68 225.542167  68.194906 41.696
 52     1.361 54033.22935134 49.16 225.538387  68.197946 41.696
 52     1.282 54033.22935199 50.48 225.534597  68.200986 41.696
 54     4.190 54103.22930169 17.77 225.566088  68.191255  4.096
 54     3.916 54103.22930234 17.59 225.562308  68.194295  4.096
 54     3.855 54103.22930298 17.79 225.558518  68.197335  4.096
 54     3.155 54103.22930363 18.13 225.554738  68.200375  4.096
 54     2.974 54103.22930427 18.31 225.550958  68.203415  4.096
 54     2.618 54103.22930492 18.44 225.547178  68.206455  4.096
 54     2.906 54103.22930556 18.57 225.543388  68.209495  4.096
 54     3.638 54103.22930621 19.04 225.539608  68.212535  4.096
 55     4.603 54138.22926403 16.11 225.597511  68.147072  5.742
 55     4.741 54138.22926467 17.19 225.593737  68.150108  2.825
 55     4.704 54138.22926532 16.85 225.589967  68.153148  2.825
 55     4.812 54138.22926596 17.07 225.586197  68.156188  2.825
 55     4.538 54138.22926661 17.72 225.582417  68.159238  2.825
 55     4.428 54138.22926725 16.71 225.578647  68.162278  2.825
 55     3.936 54138.22926789 18.67 225.574877  68.165318  2.825
 55     3.900 54138.22926854 16.93 225.571097  68.168358  2.825
 55     3.748 54138.22926918 16.66 225.567317  68.171398  2.825
 55     3.812 54138.22926983 15.98 225.563547  68.174438  2.825
 55     3.656 54138.22927047 15.87 225.559767  68.177478  2.825
 55     3.556 54138.22927112 15.42 225.555987  68.180518  2.825
 55     3.298 54138.22927176 15.48 225.552207  68.183558  2.825
 55     2.689 54138.22927241 15.77 225.548427  68.186598  2.825
 55     2.605 54138.22927305 15.82 225.544647  68.189638  2.825
 55     2.307 54138.22927370 15.94 225.540857  68.192678  2.825
 55     2.198 54138.22927434 15.97 225.537077  68.195718  2.825
 55     2.254 54138.22927499 16.48 225.533297  68.198758  2.825
 56     3.933 54173.22927901 15.44 225.565055  68.187577  4.137
 56     3.940 54173.22927966 15.42 225.561277  68.190620  2.924
 56     2.876 54173.22928030 15.53 225.557497  68.193660  2.924
 56     2.757 54173.22928095 15.56 225.553717  68.196700  2.924
 56     2.618 54173.22928159 15.73 225.549937  68.199740  2.924
 56     2.387 54173.22928224 15.74 225.546147  68.202780  2.924
 56     2.042 54173.22928288 16.28 225.542367  68.205820  2.924
 56     2.840 54173.22928353 15.98 225.538587  68.208860  2.924
 57     4.559 54208.22926944 16.00 225.598306  68.144960  3.136
 57     4.419 54208.22927009 16.75 225.594536  68.148000  3.136
 57     4.540 54208.22927073 16.82 225.590766  68.151040  3.136
 57     4.252 54208.22927138 16.50 225.586996  68.154080  3.136
 57     4.432 54208.22927202 17.30 225.583216  68.157120  3.136
 57     4.176 54208.22927267 16.21 225.579446  68.160160  3.136
 57     4.040 54208.22927331 16.04 225.575676  68.163200  3.136
 57     3.880 54208.22927396 16.40 225.571896  68.166240  3.136
 57     3.917 54208.22927460 15.65 225.568126  68.169280  3.136
 57     3.902 54208.22927524 15.35 225.564346  68.172330  3.136
 57     3.849 54208.22927589 15.10 225.560566  68.175370  3.136
 57     3.724 54208.22927653 14.47 225.556786  68.178410  3.136
 57     3.568 54208.22927718 14.41 225.553016  68.181450  3.136
 57     3.136 54208.22927782 14.60 225.549226  68.184490  3.136
 57     2.672 54208.22927847 14.19 225.545451  68.187526  3.180
 57     1.932 54208.22927911 14.40 225.541671  68.190566  3.180
 57     1.894 54208.22927976 14.40 225.537881  68.193606  3.180
 57     1.974 54208.22928040 14.69 225.534101  68.196646  3.180
 59     5.565 54278.22932108 23.83 225.567694  68.177716 24.968
 59     5.516 54278.22932172 21.39 225.563914  68.180756 24.968
 59     5.648 54278.22932237 18.50 225.560134  68.183796 24.968
 59     5.567 54278.22932301 19.17 225.556354  68.186836 24.968
 59     5.160 54278.22932365 18.70 225.552577  68.189877 27.739
 59     3.601 54278.22932430 19.51 225.548787  68.192917 27.739
 59     3.277 54278.22932494 19.97 225.545007  68.195957 27.739
 59     3.057 54278.22932559 20.93 225.541227  68.198997 27.739
 59     4.018 54278.22932623 21.85 225.537437  68.202037 27.739
 59     2.704 54278.22932688 29.94 225.533657  68.205077 27.739
 60     3.077 54313.22932250 40.60 225.564019  68.184040 40.835
 60     2.936 54313.22932315 31.02 225.560239  68.187080 40.835
 60     2.741 54313.22932379 25.95 225.556461  68.190120 33.677
 60     2.708 54313.22932444 24.49 225.552681  68.193160 33.677
 60     2.673 54313.22932508 25.82 225.548901  68.196200 33.677
 60     2.692 54313.22932573 24.30 225.545111  68.199240 33.677
 60     2.910 54313.22932637 23.56 225.541331  68.202280 33.677
 60     2.936 54313.22932702 28.11 225.537541  68.205320 33.677
 61     1.737 54348.22929500 50.56 225.564891  68.191563 40.346
 61     1.595 54348.22929565 42.90 225.561111  68.194603 40.346
 61     1.592 54348.22929629 36.81 225.557331  68.197643 40.346
 61     1.636 54348.22929693 32.78 225.553551  68.200683 40.346
 61     1.578 54348.22929758 23.15 225.549761  68.203723 40.346
 61     1.167 54348.22929822 22.11 225.545981  68.206763 40.346
 61     2.894 54348.22929887 19.33 225.542191  68.209803 40.346
 62     1.726 54383.22925360 35.67 225.593698  68.152189 27.682
 62     1.602 54383.22925424 38.42 225.589918  68.155229 27.682
 62     1.592 54383.22925489 41.18 225.586148  68.158269 27.682
 62     1.511 54383.22925553 44.37 225.582378  68.161309 27.682
 62     1.406 54383.22925618 43.90 225.578598  68.164359 27.682
 62     1.488 54383.22925682 47.11 225.574828  68.167399 27.682
 62     1.563 54383.22925747 45.39 225.571048  68.170439 27.682
 62     1.545 54383.22925811 44.55 225.567278  68.173479 27.682
 62     1.419 54383.22925876 45.67 225.563498  68.176519 27.682
 62     1.522 54383.22925940 43.22 225.559718  68.179559 27.682
 62     1.575 54383.22926005 33.67 225.555938  68.182599 10.322
 62     4.932 54383.22926069 25.74 225.552158  68.185639 10.322
 62     4.840 54383.22926133 24.30 225.548378  68.188679 10.322
 62     4.051 54383.22926198 25.72 225.544598  68.191719 10.322
 62     2.722 54383.22926262 26.41 225.540818  68.194759 10.322
 62     2.546 54383.22926327 25.76 225.537028  68.197799 10.322
 62     2.362 54383.22926391 27.19 225.533248  68.200839 10.322
 63     3.062 54418.22924359 27.02 225.564924  68.187386  9.089
 63     1.446 54418.22924424 30.03 225.561154  68.190426  9.089
 63     1.473 54418.22924488 32.10 225.557374  68.193466  9.089
 63     1.332 54418.22924553 31.49 225.553584  68.196506  9.089
 63     1.357 54418.22924617 31.91 225.549804  68.199546  9.089
 63     1.323 54418.22924682 30.82 225.546024  68.202586  9.089
 63     1.307 54418.22924746 28.77 225.542244  68.205626  9.089
 63     1.355 54418.22924810 27.19 225.538454  68.208666  9.089
 64     4.402 54453.22922179 22.35 225.599200  68.141890  3.843
 64     4.287 54453.22922244 22.56 225.595430  68.144930  3.843
 64     4.443 54453.22922308 23.47 225.591660  68.147970  3.843
 64     4.480 54453.22922373 22.64 225.587900  68.151010  3.843
 64     4.580 54453.22922437 22.47 225.584120  68.154050  3.843
 64     4.172 54453.22922502 24.22 225.580350  68.157090  3.843
 64     3.996 54453.22922566 23.99 225.576580  68.160130  3.843
 64     3.918 54453.22922631 22.23 225.572800  68.163170  3.843
 64     3.615 54453.22922695 22.11 225.569030  68.166210  3.843
 64     3.375 54453.22922760 22.82 225.565250  68.169250  3.843
 64     3.284 54453.22922824 23.40 225.561470  68.172300  3.843
 64     3.264 54453.22922889 22.10 225.557700  68.175340  3.843
 64     2.825 54453.22922953 23.22 225.553920  68.178380  3.843
 64     2.097 54453.22923018 24.13 225.550138  68.181417  4.732
 64     1.675 54453.22923082 23.93 225.546358  68.184457  4.732
 64     0.935 54453.22923146 24.67 225.542568  68.187497  4.732
 64     1.143 54453.22923211 24.45 225.538788  68.190537  4.732
 64     1.769 54453.22923275 24.71 225.535008  68.193577  4.732
 65     5.458 54488.22924170 18.59 225.562363  68.186139  5.475
 65     5.487 54488.22924234 18.24 225.558583  68.189179  5.475
 65     4.184 54488.22924299 18.24 225.554803  68.192219  5.475
 65     3.490 54488.22924363 18.80 225.551023  68.195259  5.475
 65     2.977 54488.22924428 19.60 225.547243  68.198299  5.475
 65     2.368 54488.22924492 19.81 225.543453  68.201339  5.475
 65     2.005 54488.22924557 19.82 225.539673  68.204379  5.475
 65     1.998 54488.22924621 20.82 225.535883  68.207419  5.475
 66     4.572 54523.22923876 19.87 225.584049  68.161294  3.510
 66     4.209 54523.22923940 20.03 225.580279  68.164334  3.510
 66     4.035 54523.22924005 19.65 225.576499  68.167374  3.510
 66     3.924 54523.22924069 20.84 225.572729  68.170414  3.510
 66     3.845 54523.22924134 20.04 225.568949  68.173454  3.510
 66     3.733 54523.22924198 20.06 225.565172  68.176497  3.117
 66     4.927 54523.22924262 18.47 225.561392  68.179537  3.117
 66     4.980 54523.22924327 18.47 225.557612  68.182577  3.117
 66     3.391 54523.22924391 17.95 225.553832  68.185617  3.117
 66     3.442 54523.22924456 17.85 225.550052  68.188657  3.117
 66     3.190 54523.22924520 17.95 225.546272  68.191697  3.117
 66     2.837 54523.22924585 17.87 225.542492  68.194737  3.117
 66     2.381 54523.22924649 17.74 225.538702  68.197777  3.117
 66     2.039 54523.22924714 17.97 225.534922  68.200817  3.117
 67     5.120 54558.22925208 15.66 225.563230  68.189304  3.043
 67     5.168 54558.22925273 15.31 225.559450  68.192344  3.043
 67     4.033 54558.22925337 15.59 225.555670  68.195384  3.043
 67     3.805 54558.22925402 15.67 225.551890  68.198424  3.043
 67     3.148 54558.22925466 15.67 225.548110  68.201464  3.043
 67     2.477 54558.22925531 16.08 225.544320  68.204504  3.043
 67     1.906 54558.22925595 16.36 225.540540  68.207544  3.043
 67     3.146 54558.22925660 16.08 225.536750  68.210584  3.043
 68     3.824 54593.22923774 18.37 225.570146  68.174677  5.089
 68     3.766 54593.22923838 16.22 225.566372  68.177724  3.992
 68     3.718 54593.22923902 14.93 225.562592  68.180764  3.992
 68     5.034 54593.22923967 15.26 225.558812  68.183804  3.992
 68     4.955 54593.22924031 13.68 225.555032  68.186844  3.992
 68     3.220 54593.22924096 13.34 225.551252  68.189884  3.992
 68     2.270 54593.22924160 13.66 225.547472  68.192924  3.992
 68     2.670 54593.22924225 13.53 225.543692  68.195964  3.992
 68     2.995 54593.22924289 13.57 225.539902  68.199004  3.992
 68     2.355 54593.22924354 13.97 225.536122  68.202044  3.992
 69     5.584 54628.22925409 24.50 225.564638  68.182203 21.582
 69     5.795 54628.22925473 21.63 225.560858  68.185243 21.582
 69     5.586 54628.22925538 20.41 225.557078  68.188283 21.582
 69     3.410 54628.22925602 20.62 225.553298  68.191323 21.582
 69     3.607 54628.22925667 21.55 225.549518  68.194363 21.582
 69     3.149 54628.22925731 23.87 225.545738  68.197403 21.582
 69     4.347 54628.22925796 21.56 225.541948  68.200443 21.582
 69     5.013 54628.22925860 20.69 225.538168  68.203483 21.582
 69     5.045 54628.22925925 27.08 225.534378  68.206523 21.582
 70     4.205 54663.22925965 22.89 225.570683  68.173129 35.232
 70     4.491 54663.22926029 22.48 225.566903  68.176169 35.232
 70     5.427 54663.22926094 22.71 225.563123  68.179214 26.475
 70     5.589 54663.22926158 19.88 225.559353  68.182254 26.475
 70     3.596 54663.22926223 20.78 225.555573  68.185294 26.475
 70     3.054 54663.22926287 20.08 225.551793  68.188334 26.475
 70     2.892 54663.22926352 21.75 225.548003  68.191374 26.475
 70     2.943 54663.22926416 27.40 225.544223  68.194414 26.475
 70     2.907 54663.22926480 29.46 225.540443  68.197454 26.475
 70     3.067 54663.22926545 24.57 225.536653  68.200494 26.475
 71     6.601 54698.22923644 29.47 225.566573  68.189706 30.174
 71     1.392 54698.22923709 23.77 225.562793  68.192746 30.174
 71     1.525 54698.22923773 21.95 225.559013  68.195786 30.174
 71     1.812 54698.22923838 18.84 225.555233  68.198826 30.174
 71     2.889 54698.22923902 19.48 225.551443  68.201866 30.174
 71     2.156 54698.22923967 19.41 225.547663  68.204906 30.174
 71     4.470 54698.22924031 17.87 225.543883  68.207946 30.174
 71     5.148 54698.22924096 17.82 225.540093  68.210986 30.174
 72     4.815 54733.22921142 24.66 225.597387  68.146371 24.772
 72     5.375 54733.22921207 23.18 225.593617  68.149411 24.772
 72     5.318 54733.22921271 28.20 225.589847  68.152451 24.772
 72     4.972 54733.22921336 26.67 225.586077  68.155491 24.772
 72     4.468 54733.22921400 27.35 225.582307  68.158531 24.772
 72     4.656 54733.22921465 27.79 225.578537  68.161581 24.772
 72     4.202 54733.22921529 24.98 225.574757  68.164621 24.772
 72     3.980 54733.22921594 23.10 225.570987  68.167661 24.772
 72     3.812 54733.22921658 21.60 225.567207  68.170701 24.772
 72     3.785 54733.22921723 20.58 225.563427  68.173741 24.772
 72     3.497 54733.22921787 20.75 225.559655  68.176783 27.048
 72     2.827 54733.22921852 23.77 225.555875  68.179823 27.048
 72     2.780 54733.22921916 21.51 225.552095  68.182863 27.048
 72     2.251 54733.22921981 24.06 225.548315  68.185903 27.048
 72     2.197 54733.22922045 23.28 225.544535  68.188943 27.048
 72     1.654 54733.22922109 26.65 225.540745  68.191983 27.048
 72     2.325 54733.22922174 24.75 225.536965  68.195023 27.048
 72     1.779 54733.22922238 26.14 225.533185  68.198063 27.048
 73     1.268 54768.22921530 34.85 225.561724  68.185935  8.750
 73     1.252 54768.22921595 31.40 225.557944  68.188975  8.750
 73     1.273 54768.22921659 29.30 225.554164  68.192015  8.750
 73     1.181 54768.22921724 30.41 225.550384  68.195055  8.750
 73     1.199 54768.22921788 30.04 225.546594  68.198095  8.750
 73     1.155 54768.22921852 29.51 225.542814  68.201135  8.750
 73     1.212 54768.22921917 29.75 225.539034  68.204175  8.750
 73     1.326 54768.22921981 28.99 225.535244  68.207215  8.750
 74     5.201 54803.22920494 19.31 225.598320  68.144639  5.002
 74     5.400 54803.22920558 18.72 225.594550  68.147679  5.002
 74     5.108 54803.22920623 19.32 225.590780  68.150719  5.002
 74     5.012 54803.22920687 20.35 225.587010  68.153759  5.002
 74     4.930 54803.22920752 20.98 225.583230  68.156799  5.002
 74     4.495 54803.22920816 21.19 225.579460  68.159849  5.002
 74     4.225 54803.22920881 21.09 225.575690  68.162889  5.002
 74     3.971 54803.22920945 20.70 225.571910  68.165929  5.002
 74     3.683 54803.22921010 20.76 225.568140  68.168969  5.002
 74     3.497 54803.22921074 21.29 225.564360  68.172009  5.002
 74     3.658 54803.22921139 20.62 225.560581  68.175050  5.402
 74     4.905 54803.22921203 21.48 225.556801  68.178090  5.402
 74     4.636 54803.22921268 21.60 225.553031  68.181130  5.402
 74     2.497 54803.22921332 21.46 225.549251  68.184170  5.402
 74     1.677 54803.22921397 22.23 225.545461  68.187210  5.402
 74     1.642 54803.22921461 22.73 225.541681  68.190250  5.402
 74     1.885 54803.22921526 22.58 225.537901  68.193290  5.402
 74     2.270 54803.22921590 22.65 225.534111  68.196330  5.402
 75     3.940 54838.22920786 20.21 225.564835  68.181512  3.690
 75     3.766 54838.22920851 19.48 225.561055  68.184552  3.690
 75     3.383 54838.22920915 19.53 225.557275  68.187592  3.690
 75     3.694 54838.22920980 18.93 225.553495  68.190632  3.690
 75     3.409 54838.22921044 19.59 225.549715  68.193672  3.690
 75     2.984 54838.22921109 19.86 225.545925  68.196712  3.690
 75     2.589 54838.22921173 19.69 225.542145  68.199752  3.690
 75     2.195 54838.22921237 19.63 225.538365  68.202792  3.690
 75     2.275 54838.22921302 19.83 225.534575  68.205832  3.690
 76     4.869 54873.22920543 17.62 225.594032  68.150619  3.111
 76     4.553 54873.22920608 17.85 225.590262  68.153659  3.111
 76     4.930 54873.22920672 18.02 225.586492  68.156709  3.111
 76     4.717 54873.22920737 17.86 225.582712  68.159749  3.111
 76     4.374 54873.22920801 18.13 225.578942  68.162789  3.111
 76     4.019 54873.22920866 18.67 225.575172  68.165829  3.111
 76     4.056 54873.22920930 18.38 225.571392  68.168869  3.111
 76     3.712 54873.22920995 19.48 225.567612  68.171909  3.111
 76     3.769 54873.22921059 18.42 225.563840  68.174952  2.840
 76     3.676 54873.22921124 17.35 225.560060  68.177992  2.840
 76     3.515 54873.22921188 16.79 225.556280  68.181032  2.840
 76     3.338 54873.22921252 16.82 225.552500  68.184072  2.840
 76     3.002 54873.22921317 16.98 225.548720  68.187112  2.840
 76     1.883 54873.22921381 16.78 225.544940  68.190152  2.840
 76     1.673 54873.22921446 16.82 225.541160  68.193192  2.840
 76     2.287 54873.22921510 16.83 225.537370  68.196232  2.840
 76     2.512 54873.22921575 16.72 225.533590  68.199272  2.840
 77     4.250 54908.22921617 15.36 225.565316  68.189273  2.723
 77     3.164 54908.22921681 15.60 225.561536  68.192313  2.723
 77     4.080 54908.22921746 15.88 225.557756  68.195353  2.723
 77     3.530 54908.22921810 15.78 225.553976  68.198393  2.723
 77     2.874 54908.22921874 16.13 225.550186  68.201433  2.723
 77     2.508 54908.22921939 15.99 225.546406  68.204473  2.723
 77     2.268 54908.22922003 16.20 225.542626  68.207513  2.723
 77     2.568 54908.22922068 16.55 225.538836  68.210553  2.723
 78     4.594 54943.22919781 15.14 225.596239  68.147365  3.037
 78     4.484 54943.22919845 15.40 225.592469  68.150405  3.037
 78     4.680 54943.22919910 15.46 225.588699  68.153445  3.037
 78     4.479 54943.22919974 15.40 225.584929  68.156495  3.037
 78     4.438 54943.22920039 15.62 225.581149  68.159535  3.037
 78     4.316 54943.22920103 15.60 225.577379  68.162575  3.037
 78     3.988 54943.22920167 16.71 225.573599  68.165615  3.037
 78     4.010 54943.22920232 16.41 225.569829  68.168655  3.037
 78     4.141 54943.22920296 15.47 225.566049  68.171695  3.037
 78     3.787 54943.22920361 14.64 225.562274  68.174740  2.674
 78     3.664 54943.22920425 14.66 225.558494  68.177780  2.674
 78     3.581 54943.22920490 14.41 225.554714  68.180820  2.674
 78     3.266 54943.22920554 14.51 225.550934  68.183860  2.674
 78     2.929 54943.22920619 14.54 225.547154  68.186900  2.674
 78     2.309 54943.22920683 14.67 225.543374  68.189940  2.674
 78     2.369 54943.22920748 14.49 225.539594  68.192980  2.674
 78     2.415 54943.22920812 14.36 225.535804  68.196020  2.674
 79     5.866 54978.22923126 39.75 225.567949  68.177560 29.749
 79     5.810 54978.22923190 33.97 225.564169  68.180610 29.749
 79     5.742 54978.22923254 29.88 225.560389  68.183650 29.749
 79     5.388 54978.22923319 28.53 225.556609  68.186690 29.749
 79     5.423 54978.22923383 28.28 225.552829  68.189730 29.749
 79     5.515 54978.22923448 29.52 225.549049  68.192770 29.749
 79     5.620 54978.22923512 30.30 225.545269  68.195810 29.749
 79     5.681 54978.22923577 32.73 225.541479  68.198850 29.749
 79     5.744 54978.22923641 35.26 225.537699  68.201890 29.749
 79     5.764 54978.22923706 34.74 225.533909  68.204930 29.749
 80     3.078 55013.22923819 43.25 225.565164  68.181788 28.590
 80     3.114 55013.22923883 26.91 225.561384  68.184828 28.590
 80     2.944 55013.22923948 24.15 225.557604  68.187868 28.590
 80     2.780 55013.22924012 21.85 225.553824  68.190908 28.590
 80     2.877 55013.22924077 20.74 225.550044  68.193948 28.590
 80     3.000 55013.22924141 21.56 225.546254  68.196988 28.590
 80     3.071 55013.22924206 21.33 225.542474  68.200028 28.590
 80     4.670 55013.22924270 20.72 225.538684  68.203068 28.590
 80     2.927 55013.22924335 28.69 225.534904  68.206108 28.590
 81     2.007 55048.22923080 49.28 225.565398  68.180161 35.131
 81     1.867 55048.22923144 46.34 225.561618  68.183201 35.131
 81     1.936 55048.22923209 42.48 225.557838  68.186241 35.131
 81     1.982 55048.22923273 42.04 225.554058  68.189281 35.131
 81     1.930 55048.22923338 36.47 225.550268  68.192321 35.131
 81     2.001 55048.22923402 33.99 225.546488  68.195361 35.131
 81     1.912 55048.22923467 33.11 225.542708  68.198401 35.131
 81     1.800 55048.22923531 28.11 225.538928  68.201441 35.131
 81     1.950 55048.22923595 23.18 225.535138  68.204481 35.131
 82     5.978 55083.22920315 26.03 225.564781  68.193198 32.356
 82     2.006 55083.22920380 25.34 225.561001  68.196238 32.356
 82     0.379 55083.22920444 22.20 225.557211  68.199278 32.356
 82     1.660 55083.22920509 18.78 225.553431  68.202318 32.356
 82     1.803 55083.22920573 19.86 225.549651  68.205358 32.356
 82     2.732 55083.22920638 17.66 225.545871  68.208398 32.356
 82     4.480 55083.22920702 17.03 225.542081  68.211438 32.356
 83     1.408 55118.22915657 50.34 225.593325  68.151682 34.799
 83     1.499 55118.22915722 51.66 225.589555  68.154722 34.799
 83     1.545 55118.22915786 54.00 225.585785  68.157762 34.799
 83     1.513 55118.22915851 52.57 225.582015  68.160802 34.799
 83     1.406 55118.22915915 53.70 225.578245  68.163852 34.799
 83     1.409 55118.22915980 52.10 225.574465  68.166892 34.799
 83     1.527 55118.22916044 52.21 225.570685  68.169932 34.799
 83     1.374 55118.22916109 53.40 225.566915  68.172972 34.799
 83     1.527 55118.22916173 51.90 225.563135  68.176012 34.799
 83     1.425 55118.22916238 52.84 225.559355  68.179052 32.562
 83     1.493 55118.22916302 52.65 225.555575  68.182092 32.562
 83     1.356 55118.22916366 53.19 225.551795  68.185132 32.562
 83     1.454 55118.22916431 52.06 225.548015  68.188172 32.562
 83     1.406 55118.22916495 53.48 225.544235  68.191212 32.562
 83     1.435 55118.22916560 52.13 225.540455  68.194252 32.562
 83     1.348 55118.22916624 53.39 225.536665  68.197292 32.562
 83     1.449 55118.22916689 50.14 225.532885  68.200332 32.562
 84     3.804 55153.22916039 20.72 225.562348  68.185933  4.173
 84     5.281 55153.22916103 20.14 225.558568  68.188973  4.173
 84     4.212 55153.22916168 20.00 225.554788  68.192013  4.173
 84     3.794 55153.22916232 19.83 225.550998  68.195053  4.173
 84     3.215 55153.22916297 20.11 225.547218  68.198093  4.173
 84     2.949 55153.22916361 20.28 225.543438  68.201133  4.173
 84     2.752 55153.22916426 20.85 225.539658  68.204173  4.173
 84     3.989 55153.22916490 21.48 225.535868  68.207213  4.173
 85     4.351 55188.22914358 20.16 225.598304  68.145149  3.037
 85     4.573 55188.22914423 19.48 225.594534  68.148189  3.037
 85     4.678 55188.22914487 19.82 225.590764  68.151229  3.037
 85     4.670 55188.22914552 20.11 225.586994  68.154279  3.037
 85     4.536 55188.22914616 19.40 225.583214  68.157319  3.037
 85     4.474 55188.22914681 20.20 225.579444  68.160359  3.037
 85     4.171 55188.22914745 20.19 225.575674  68.163399  3.037
 85     3.892 55188.22914810 20.52 225.571894  68.166439  3.037
 85     3.856 55188.22914874 19.62 225.568124  68.169479  3.037
 85     3.522 55188.22914938 19.60 225.564344  68.172519  3.037
 85     3.519 55188.22915003 18.68 225.560561  68.175562  2.838
 85     3.472 55188.22915067 18.43 225.556791  68.178602  2.838
 85     3.285 55188.22915132 18.60 225.553011  68.181642  2.838
 85     2.854 55188.22915196 18.66 225.549231  68.184682  2.838
 85     2.268 55188.22915261 18.76 225.545441  68.187722  2.838
 85     2.532 55188.22915325 18.69 225.541661  68.190762  2.838
 85     2.484 55188.22915390 18.81 225.537881  68.193802  2.838
 85     2.498 55188.22915454 18.82 225.534091  68.196842  2.838
 86     5.239 55223.22915925 17.77 225.562885  68.185000  2.955
 86     5.350 55223.22915990 18.43 225.559115  68.188040  2.955
 86     4.011 55223.22916054 17.69 225.555335  68.191080  2.955
 86     3.691 55223.22916119 17.51 225.551545  68.194120  2.955
 86     3.218 55223.22916183 17.90 225.547765  68.197160  2.955
 86     2.909 55223.22916248 18.08 225.543985  68.200200  2.955
 86     2.448 55223.22916312 18.01 225.540205  68.203240  2.955
 86     2.840 55223.22916377 18.58 225.536415  68.206280  2.955
 87     4.293 55258.22914510 19.43 225.571743  68.172938  4.037
 87     3.959 55258.22914575 19.70 225.567959  68.175981  3.051
 87     3.878 55258.22914639 18.95 225.564189  68.179021  3.051
 87     3.776 55258.22914704 17.57 225.560409  68.182061  3.051
 87     3.633 55258.22914768 17.11 225.556629  68.185101  3.051
 87     3.647 55258.22914832 17.31 225.552849  68.188141  3.051
 87     3.475 55258.22914897 17.08 225.549069  68.191181  3.051
 87     3.199 55258.22914961 17.25 225.545279  68.194221  3.051
 87     2.868 55258.22915026 17.34 225.541499  68.197261  3.051
 87     2.373 55258.22915090 18.00 225.537719  68.200301  3.051
 87     2.631 55258.22915155 17.42 225.533929  68.203341  3.051
 88     5.689 55293.22914731 15.23 225.566939  68.188433  3.077
 88     4.160 55293.22914796 14.74 225.563169  68.191473  3.077
 88     4.388 55293.22914860 15.07 225.559389  68.194513  3.077
 88     3.770 55293.22914925 15.26 225.555599  68.197553  3.077
 88     3.468 55293.22914989 15.19 225.551819  68.200593  3.077
 88     2.815 55293.22915054 15.50 225.548039  68.203633  3.077
 88     2.690 55293.22915118 15.47 225.544249  68.206673  3.077
 88     3.067 55293.22915182 15.64 225.540469  68.209713  3.077
 89     4.257 55328.22912895 28.93 225.569231  68.174767 10.570
 89     4.207 55328.22912959 25.90 225.565461  68.177807 10.570
 89     3.990 55328.22913024 25.35 225.561680  68.180853  7.849
 89     4.009 55328.22913088 25.53 225.557900  68.183893  7.849
 89     3.872 55328.22913153 26.02 225.554120  68.186933  7.849
 89     3.855 55328.22913217 27.50 225.550340  68.189973  7.849
 89     3.917 55328.22913281 27.51 225.546560  68.193013  7.849
 89     3.987 55328.22913346 26.27 225.542770  68.196053  7.849
 89     4.008 55328.22913410 24.57 225.538990  68.199093  7.849
 89     4.143 55328.22913475 24.36 225.535210  68.202133  7.849
 90     6.360 55363.22912615 22.45 225.565521  68.185567 20.197
 90     6.279 55363.22912680 18.05 225.561741  68.188607 20.197
 90     5.812 55363.22912744 19.11 225.557961  68.191647 20.197
 90     2.826 55363.22912808 19.82 225.554181  68.194687 20.197
 90     3.978 55363.22912873 16.84 225.550401  68.197727 20.197
 90     4.264 55363.22912937 16.70 225.546621  68.200767 20.197
 90     4.693 55363.22913002 18.15 225.542831  68.203807 20.197
 90     5.303 55363.22913066 18.03 225.539051  68.206847 20.197
 91     5.316 55398.22912714 24.81 225.598226  68.146037 24.566
 91     5.485 55398.22912779 22.38 225.594456  68.149077 24.566
 91     5.347 55398.22912843 28.84 225.590686  68.152117 24.566
 91     5.263 55398.22912908 24.85 225.586916  68.155157 24.566
 91     5.361 55398.22912972 23.32 225.583136  68.158207 24.566
 91     5.255 55398.22913037 23.09 225.579366  68.161247 24.566
 91     5.008 55398.22913101 22.50 225.575596  68.164287 24.566
 91     4.631 55398.22913166 21.91 225.571816  68.167327 24.566
 91     4.039 55398.22913230 21.06 225.568036  68.170367 24.566
 91     4.207 55398.22913295 19.46 225.564266  68.173407 24.566
 91     3.440 55398.22913359 20.12 225.560489  68.176449 34.009
 91     5.134 55398.22913423 20.36 225.556709  68.179489 34.009
 91     2.162 55398.22913488 23.50 225.552929  68.182529 34.009
 91     1.982 55398.22913552 26.23 225.549149  68.185569 34.009
 91     1.971 55398.22913617 22.58 225.545369  68.188609 34.009
 91     1.808 55398.22913681 27.29 225.541579  68.191649 34.009
 91     2.026 55398.22913746 25.45 225.537799  68.194689 34.009
 91     2.176 55398.22913810 28.43 225.534019  68.197729 34.009
 92     5.936 55433.22914195 20.86 225.562644  68.184904 24.832
 92     6.083 55433.22914259 17.09 225.558864  68.187944 24.832
 92     5.763 55433.22914324 15.43 225.555084  68.190984 24.832
 92     3.883 55433.22914388 15.46 225.551304  68.194024 24.832
 92     3.475 55433.22914453 16.10 225.547514  68.197064 24.832
 92     3.459 55433.22914517 16.32 225.543734  68.200104 24.832
 92     2.319 55433.22914581 18.15 225.539954  68.203144 24.832
 92     5.227 55433.22914646 17.06 225.536164  68.206184 24.832
 93     5.036 55468.22910074 27.34 225.566604  68.194397 31.056
 93     4.402 55468.22910138 25.30 225.562824  68.197437 31.056
 93     3.999 55468.22910203 22.80 225.559034  68.200477 31.056
 93     3.292 55468.22910267 23.96 225.555254  68.203517 31.056
 93     2.763 55468.22910332 25.58 225.551474  68.206557 31.056
 93     1.754 55468.22910396 34.97 225.547684  68.209597 31.056
 93     1.772 55468.22910461 47.22 225.543904  68.212637 31.056
