-191557.540   175.731     0.00    2.64
-191181.997   175.170    -1.49    2.46
-190806.524   173.715    -3.88    3.06
-190431.123   171.731    -5.29    3.92
-190055.793   169.693    -5.43    4.09
-189680.535   168.532    -3.10    3.92
-189305.347   167.465    -2.84    4.12
-188930.231   167.279    -0.50    4.71
-188555.186   167.544     0.71    4.72
-188180.212   167.420    -0.33    4.26
-187805.309   166.679    -1.98    3.51
-187430.478   165.998    -1.82    2.41
-187055.717   165.140    -2.29    2.12
-186681.027   164.651    -1.30    1.79
-186306.408   164.093    -1.49    2.16
-185931.860   163.632    -1.23    2.64
-185557.382   163.244    -1.04    3.08
-185182.976   163.496     0.67    3.09
-184808.640   163.837     0.91    3.33
-184434.375   164.779     2.52    3.98
-184060.181   165.872     2.92    3.76
-183686.057   166.059     0.50    3.16
-183312.004   165.255    -2.15    2.90
-182938.021   163.845    -3.77    2.80
-182564.109   162.038    -4.83    2.28
-182190.267   160.726    -3.51    1.96
-181816.496   159.419    -3.50    1.99
-181442.795   158.194    -3.28    2.02
-181069.164   157.150    -2.80    2.12
-180695.604   157.012    -0.37    2.81
-180322.114   156.912    -0.27    3.62
-179948.694   157.146     0.63    4.24
-179575.345   156.898    -0.67    4.47
-179202.065   156.962     0.17    3.62
-178828.856   157.467     1.36    3.12
-178455.717   159.116     4.42    3.97
-178082.647   162.220     8.32    5.19
-177709.648   164.809     6.94    4.73
-177336.719   166.744     5.19    3.81
-176963.859   167.604     2.31    3.79
-176591.070   167.444    -0.43    3.67
-176218.350   166.930    -1.38    3.71
-175845.700   166.035    -2.40    4.06
-175473.120   165.375    -1.77    4.11
-175100.610   164.879    -1.33    4.19
-174728.169   165.232     0.95    4.39
-174355.798   165.874     1.72    3.95
-173983.496   166.058     0.49    3.38
-173611.264   164.854    -3.24    4.02
-173239.102   163.387    -3.94    4.82
-172867.009   160.565    -7.59    5.60
-172494.985   159.700    -2.32    6.76
-172123.031   159.874     0.47    7.24
-171751.146   160.243     0.99    7.48
-171379.331   160.854     1.64    8.06
-171007.585   161.185     0.89    9.00
-170635.908   159.351    -4.93   10.16
-170264.300   158.385    -2.60    9.91
-169892.762   157.644    -2.00    7.93
-169521.292   158.374     1.97    5.59
-169149.892   160.791     6.51    5.26
-168778.561   163.993     8.63    4.43
-168407.299   165.876     5.07    3.02
-168036.105   165.197    -1.83    3.76
-167664.981   161.709    -9.40    5.64
-167293.926   157.547   -11.22    5.74
-166922.939   153.155   -11.84    4.79
-166552.022   149.679    -9.37    3.67
-166181.173   147.019    -7.17    2.82
-165810.392   145.118    -5.13    3.00
-165439.681   142.941    -5.87    3.16
-165069.038   139.843    -8.36    5.46
-164698.464   137.441    -6.48    5.73
-164327.959   136.143    -3.50    5.51
-163957.522   134.991    -3.11    4.89
-163587.153   135.372     1.03    4.49
-163216.853   136.541     3.16    4.65
-162846.622   136.803     0.71    4.80
-162476.458   137.453     1.76    4.93
-162106.364   139.509     5.56    5.54
-161736.337   142.949     9.30    4.76
-161366.379   146.731    10.22    4.63
-160996.489   150.145     9.23    5.14
-160626.668   154.279    11.18    4.93
-160256.914   157.628     9.06    3.81
-159887.229   159.773     5.80    2.57
-159517.612   160.243     1.27    2.64
-159148.062   158.984    -3.41    5.68
-158778.581   157.158    -4.94    7.44
-158409.168   154.315    -7.70    7.63
-158039.823   152.644    -4.53    6.95
-157670.546   151.244    -3.79    5.99
-157301.336   151.444     0.54    5.94
-156932.195   152.435     2.69    5.64
-156563.121   153.065     1.71    5.46
-156194.115   154.316     3.39    5.48
-155825.177   156.409     5.67    6.91
-155456.306   161.026    12.52    7.39
-155087.503   166.726    15.46    6.94
-154718.768   171.721    13.55    7.12
-154350.100   176.768    13.69    7.35
-153981.500   181.403    12.58    7.16
-153612.968   183.837     6.61    7.53
-153244.502   185.053     3.30   13.62
-152876.105   180.791   -11.57   20.96
-152507.774   177.069   -10.11   23.20
-152139.511   178.814     4.74   24.49
-151771.316   185.832    19.06   26.65
-151403.187   198.020    33.11   28.09
-151035.126   213.580    42.28   22.04
-150667.132   225.731    33.02    5.53
-150299.206   227.440     4.65    3.61
-149931.346   227.363    -0.21    3.55
-149563.554   226.526    -2.28    4.79
-149195.828   225.570    -2.60    6.65
-148828.170   225.891     0.87    8.01
-148460.578   227.718     4.97    8.47
-148093.054   231.079     9.15    6.59
-147725.596   233.328     6.12    4.68
-147358.206   235.103     4.83    4.95
-146990.882   236.853     4.77    6.86
-146623.625   241.112    11.60    8.45
-146256.435   244.903    10.33    7.65
-145889.311   246.590     4.59    6.72
-145522.255   246.845     0.70    6.73
-145155.264   245.667    -3.21    5.91
-144788.341   245.327    -0.93    4.24
-144421.484   248.529     8.73    6.54
-144054.694   255.837    19.93   11.68
-143687.970   266.230    28.34   14.18
-143321.313   277.220    29.98   15.65
-142954.722   289.279    32.90   14.61
-142578.788   297.398    21.60   15.52
-142198.445   306.110    22.91   13.16
-141818.174   311.893    15.21    9.24
-141437.975   313.613     4.52    7.57
-141057.848   315.413     4.74    8.27
-140677.794   317.467     5.41   11.17
-140297.811   320.126     7.00   12.52
-139917.901   323.867     9.85   12.24
-139538.062   326.834     7.81   12.36
-139158.296   330.891    10.68   13.12
-138778.601   336.603    15.05   15.23
-138398.979   342.526    15.60   14.23
-138019.428   346.566    10.64   14.69
-137639.949   348.821     5.94   15.44
-137260.542   350.995     5.73   18.11
-136881.206   353.590     6.84   19.90
-136501.942   356.773     8.39   19.96
-136122.750   361.565    12.64   19.76
-135743.630   363.840     6.00   19.98
-135364.581   365.624     4.71   22.20
-134985.603   367.605     5.23   25.08
-134606.697   372.725    13.51   27.74
-134227.863   379.134    16.92   30.69
-133849.100   389.266    26.75   31.88
-133470.408   402.520    35.00   30.76
-133091.788   415.279    33.70   27.55
-132713.238   426.244    28.97   23.17
-132334.761   434.852    22.74   17.58
-131956.354   439.973    13.54   11.86
-131578.018   439.522    -1.19    9.78
-131199.754   435.930    -9.49   10.51
-130821.561   431.753   -11.05   10.36
-130443.438   426.338   -14.32   10.43
-130065.387   420.116   -16.46   10.39
-129687.407   413.067   -18.65   12.38
-129309.497   405.044   -21.23   14.19
-128931.659   396.733   -22.00   17.16
-128553.891   384.871   -31.40   20.48
-128176.194   372.387   -33.06   26.42
-127798.568   355.571   -44.54   30.97
-127421.013   337.435   -48.04   28.30
-127043.528   321.182   -43.06   18.88
-126666.114   312.605   -22.73   10.76
-126288.771   307.026   -14.79    4.66
-125911.498   305.474    -4.11    6.02
-125534.296   303.573    -5.04    6.62
-125157.164   301.523    -5.44    6.34
-124780.102   299.503    -5.36    5.62
-124403.111   298.093    -3.74    5.50
-124026.191   296.096    -5.30    5.98
-123649.341   294.439    -4.40    6.50
-123272.561   293.498    -2.50    7.81
-122895.851   292.007    -3.96    9.50
-122519.211   289.110    -7.69   11.37
-122142.642   283.493   -14.92   13.35
-121766.143   278.849   -12.34   12.49
-121389.714   274.478   -11.61   12.53
-121013.355   272.314    -5.75   10.71
-120637.066   270.893    -3.78    8.77
-120260.847   268.926    -5.23    7.56
-119884.697   264.703   -11.23   10.30
-119508.618   255.338   -24.91   13.62
-119132.609   245.916   -25.06   12.14
-118756.669   238.362   -20.09    8.35
-118380.800   233.303   -13.46    3.44
-118005.000   231.279    -5.39    2.27
-117629.269   230.044    -3.29    1.12
-117253.609   229.754    -0.77    0.82
-116878.018   229.340    -1.10    1.15
-116502.496   228.079    -3.36    2.46
-116127.045   226.010    -5.51    3.35
-115751.662   223.520    -6.64    3.48
-115376.349   220.624    -7.72    2.97
-115001.106   219.146    -3.94    3.21
-114625.932   218.303    -2.25    3.51
-114250.827   217.938    -0.97    3.74
-113875.792   217.023    -2.44    3.97
-113500.826   216.035    -2.63    4.05
-113125.929   214.454    -4.22    4.02
-112751.101   213.170    -3.42    3.83
-112376.343   211.074    -5.59    4.13
-112001.654   208.449    -7.01    4.95
-111627.034   204.814    -9.70    5.05
-111252.482   201.998    -7.52    3.98
-110878.000   199.797    -5.88    1.48
-110503.587   199.291    -1.35    0.00
-110129.243   199.291     0.00    0.00
-109754.968   199.291     0.00    0.00
-109380.761   199.291     0.00    0.00
-109006.624   199.291     0.00    0.00
-108632.555   199.291     0.00    0.00
-108258.555   199.291     0.00    0.00
-107884.623   199.291     0.00    0.00
-107510.761   199.361     0.19    0.48
-107136.966   199.580     0.58    1.10
-106763.241   200.028     1.20    1.52
-106389.584   202.005     5.29    3.63
-106015.996   205.256     8.70    5.56
-105642.476   210.600    14.31    7.00
-105269.024   216.118    14.78    7.32
-104895.641   223.990    21.08   10.22
-104522.327   232.338    22.36   12.86
-104149.080   244.600    32.86   15.33
-103775.902   256.628    32.23   13.66
-103402.793   269.315    34.01   13.58
-103029.751   280.743    30.64   14.51
-102656.778   293.726    34.81   16.28
-102283.872   305.616    31.89   15.55
-101911.035   317.917    33.00   12.92
-101538.266   327.893    26.76    9.70
-101165.565   336.338    22.66   10.10
-100792.932   344.019    20.62    9.77
-100420.367   351.700    20.62    8.56
-100047.870   357.604    15.85    7.21
 -99675.441   362.797    13.94    6.14
 -99303.080   367.279    12.04    6.28
 -98930.786   372.657    14.45    6.55
 -98558.560   376.023     9.04    5.51
 -98186.402   377.303     3.44    4.99
 -97814.312   374.705    -6.98    8.82
 -97442.289   367.901   -18.29   11.71
 -97070.334   360.827   -19.02   11.89
 -96698.447   353.327   -20.17   12.93
 -96326.627   343.730   -25.81   17.76
 -95954.875   328.449   -41.11   22.47
 -95583.190   312.538   -42.81   22.59
 -95211.572   296.050   -44.37   19.65
 -94840.022   281.797   -38.36   18.20
 -94468.540   269.604   -32.82   15.04
 -94097.124   263.779   -15.69   11.22
 -93725.776   262.074    -4.59    8.05
 -93354.495   266.954    13.14    9.26
 -92983.282   278.398    30.83   12.92
 -92612.136   288.815    28.07   17.20
 -92241.056   302.604    37.16   17.98
 -91870.044   315.773    35.50   15.55
 -91499.099   330.978    40.99   14.86
 -91128.221   343.462    33.66   14.52
 -90757.410   354.449    29.63   12.81
 -90386.666   362.327    21.25    8.68
 -90015.989   367.505    13.97    3.74
 -89645.379   368.791     3.47    3.78
 -89274.836   369.032     0.65    4.42
 -88904.359   368.170    -2.32    4.73
 -88533.950   366.749    -3.84    4.08
 -88163.607   364.479    -6.13    4.03
 -87793.330   363.153    -3.58    3.35
 -87423.121   363.730     1.56    4.63
 -87052.978   368.908    13.99   10.60
 -86682.902   375.738    18.46   16.92
 -86312.892   384.428    23.49   23.21
 -85942.949   391.962    20.36   27.85
 -85573.072   400.573    23.28   31.73
 -85203.262   403.444     7.76   24.75
 -84833.518   405.137     4.58   19.42
 -84463.841   407.026     5.11   12.63
 -84094.230   407.316     0.79    8.63
 -83724.685   410.672     9.08    9.73
 -83355.207   415.650    13.47   10.55
 -82985.795   421.779    16.59   14.45
 -82616.449   428.740    18.85   16.95
 -82247.169   436.279    20.42   19.99
 -81877.955   439.641     9.11   20.86
 -81508.808   438.575    -2.89   23.43
 -81139.726   431.120   -20.20   27.19
 -80770.711   423.815   -19.80   25.33
 -80401.761   420.078   -10.13   21.67
 -80032.878   422.158     5.64   22.89
 -79664.060   426.532    11.86   28.67
 -79295.309   434.608    21.90   34.44
 -78926.623   437.474     7.77   37.86
 -78558.003   435.628    -5.01   42.29
 -78189.449   420.231   -41.78   46.99
 -77820.960   401.596   -50.57   47.47
 -77452.538   383.797   -48.31   44.39
 -77084.181   367.449   -44.38   40.53
 -76715.889   354.084   -36.29   33.88
 -76347.663   345.501   -23.31   25.87
 -75979.503   343.632    -5.08   22.80
 -75611.409   346.303     7.26   22.67
 -75243.380   349.010     7.36   23.25
 -74875.416   349.945     2.54   24.62
 -74507.518   348.750    -3.25   26.52
 -74139.685   343.329   -14.74   29.36
 -73771.917   334.672   -23.54   29.21
 -73404.215   324.240   -28.37   29.01
 -73036.578   313.714   -28.63   26.07
 -72669.007   305.053   -23.56   24.08
 -72301.501   297.413   -20.79   21.49
 -71934.059   292.204   -14.18   19.64
 -71566.683   291.219    -2.68   17.88
 -71199.373   290.958    -0.71   16.61
 -70832.127   284.791   -16.79   18.46
 -70464.946   280.462   -11.79   19.08
 -70097.830   279.230    -3.36   20.45
 -69730.780   279.035    -0.53   21.93
 -69363.794   282.132     8.44   20.94
 -68996.873   279.986    -5.85   20.03
 -68630.017   279.903    -0.23   20.87
 -68263.226   280.442     1.47   21.05
 -67890.587   280.612     0.46   21.46
 -67510.389   275.562   -13.28   22.36
 -67130.260   270.427   -13.51   24.28
 -66750.202   264.791   -14.83   22.62
 -66370.214   257.713   -18.63   23.75
 -65990.297   248.363   -24.61   26.26
 -65610.449   238.969   -24.73   27.07
 -65230.672   227.987   -28.92   26.58
 -64850.965   215.969   -31.65   28.43
 -64471.328   204.470   -30.29   28.14
 -64091.760   195.888   -22.61   25.76
 -63712.263   187.278   -22.69   22.86
 -63332.836   182.676   -12.13   18.19
 -62953.479   181.637    -2.74   15.36
 -62574.192   181.686     0.13   13.17
 -62194.974   182.578     2.35   13.24
 -61815.826   182.184    -1.04   13.88
 -61436.748   180.449    -4.58   13.52
 -61057.740   176.291   -10.97   10.85
 -60678.801   173.559    -7.21    9.53
 -60299.933   174.254     1.83    8.24
 -59921.133   175.541     3.40    8.69
 -59542.403   174.243    -3.43   10.32
 -59163.743   170.941    -8.72   11.51
 -58785.152   167.898    -8.04   11.18
 -58406.631   166.088    -4.78    9.88
 -58028.179   164.620    -3.88    7.88
 -57649.797   164.010    -1.61    8.41
 -57271.484   161.560    -6.48   11.32
 -56893.240   157.411   -10.97   13.32
 -56515.065   152.393   -13.27   14.95
 -56136.960   147.084   -14.04   14.07
 -55758.924   141.686   -14.28   12.90
 -55380.956   137.686   -10.58   10.70
 -55003.059   132.718   -13.15    9.45
 -54625.230   125.958   -17.89    8.81
 -54247.470   120.562   -14.28    8.62
 -53869.779   117.676    -7.64    7.44
 -53492.157   115.913    -4.67    5.50
 -53114.604   115.242    -1.78    5.30
 -52737.120   112.315    -7.76    7.18
 -52359.705   110.081    -5.92    7.06
 -51982.358   107.184    -7.68    5.36
 -51605.081   105.303    -4.98    5.14
 -51227.872   101.859    -9.13    8.22
 -50850.732    96.866   -13.24   11.03
 -50473.660    89.832   -18.65   11.60
 -50096.657    83.083   -17.90   10.54
 -49719.723    70.122   -34.39   24.49
 -49342.857    54.888   -40.42   32.11
 -48966.060    39.409   -41.08   31.45
 -48589.331    25.304   -37.44   22.43
 -48212.670    18.535   -17.97    7.92
 -47836.078    24.841    16.75   12.66
 -47459.555    36.958    32.18   21.45
 -47083.099    54.569    46.79   27.35
 -46706.712    72.316    47.15   24.06
 -46330.394    86.266    37.07   12.66
 -45954.143    91.958    15.13    6.48
 -45577.960    92.871     2.43    6.28
 -45201.846    90.108    -7.35    9.43
 -44825.800    87.059    -8.11   11.95
 -44449.822    83.279   -10.06   12.03
 -44073.912    79.803    -9.25    9.62
 -43698.070    77.388    -6.42    5.71
 -43322.296    76.700    -1.83    4.41
 -42946.589    75.649    -2.80    5.38
 -42570.951    74.460    -3.17    5.75
 -42195.380    73.152    -3.48    5.12
 -41819.878    72.038    -2.97    4.84
 -41444.443    71.378    -1.76    4.75
 -41069.075    70.834    -1.45    4.55
 -40693.776    69.443    -3.71    4.82
 -40318.544    67.719    -4.59    5.54
 -39943.380    65.478    -5.97    6.30
 -39568.283    62.797    -7.15    6.15
 -39193.254    59.927    -7.65    5.78
 -38818.292    57.432    -6.65    4.98
 -38443.398    55.199    -5.96    4.04
 -38068.571    53.231    -5.25    3.03
 -37693.812    51.919    -3.50    2.34
 -37319.120    50.700    -3.25    2.45
 -36944.496    49.200    -4.01    3.13
 -36569.938    46.657    -6.79    4.09
 -36195.448    43.225    -9.16    5.67
 -35821.025    41.632    -4.25    6.70
 -35446.670    43.137     4.02    7.88
 -35072.381    46.693     9.50    8.08
 -34698.160    50.304     9.65    5.13
 -34324.005    50.711     1.09    4.65
 -33949.918    50.266    -1.19    4.31
 -33575.898    49.688    -1.54    3.88
 -33201.945    48.637    -2.81    3.25
 -32828.058    47.941    -1.86    2.39
 -32454.239    48.464     1.40    2.19
 -32080.486    49.886     3.81    2.40
 -31706.800    51.391     4.03    2.51
 -31333.181    52.760     3.66    1.70
 -30959.629    53.353     1.59    1.11
 -30586.143    53.074    -0.75    1.41
 -30212.724    52.455    -1.66    1.49
 -29839.372    52.422    -0.09    1.84
 -29466.086    53.453     2.76    3.12
 -29092.867    56.327     7.70    5.93
 -28719.715    62.883    17.57   11.40
 -28346.629    67.571    12.57   12.15
 -27973.609    69.891     6.22   10.90
 -27600.656    70.566     1.81    9.57
 -27227.769    69.649    -2.46    6.98
 -26854.949    69.291    -0.96    5.84
 -26482.195    70.425     3.04    6.71
 -26109.507    71.917     4.00    7.79
 -25736.886    73.451     4.12    8.31
 -25364.330    74.218     2.06    8.18
 -24991.841    75.538     3.54    8.20
 -24619.418    76.401     2.32    8.09
 -24247.061    76.678     0.75    8.00
 -23874.770    76.169    -1.37    8.35
 -23502.546    73.815    -6.32    8.61
 -23130.387    70.474    -8.98    8.16
 -22758.294    67.998    -6.65    6.82
 -22386.267    66.028    -5.29    4.68
 -22014.306    65.772    -0.69    4.35
 -21642.411    65.193    -1.56    5.24
 -21270.582    62.693    -6.72    7.28
 -20898.818    57.711   -13.40   10.70
 -20527.121    50.378   -19.73   12.05
 -20155.489    45.822   -12.26    9.62
 -19783.922    44.069    -4.72    6.89
 -19412.422    45.645     4.24    5.61
 -19040.987    50.303    12.54    5.02
 -18669.617    54.628    11.65    5.30
 -18298.313    61.084    17.39    8.25
 -17927.075    68.562    20.15   11.03
 -17555.902    76.711    21.95   10.38
 -17184.795    82.649    16.00    6.66
 -16813.753    85.340     7.25    3.06
 -16442.776    83.071    -6.12    5.44
 -16071.864    77.859   -14.05    8.42
 -15701.018    70.669   -19.39   10.96
 -15330.238    61.753   -24.05   11.63
 -14959.522    54.106   -20.63   10.06
 -14588.872    47.081   -18.95    7.46
 -14218.287    42.401   -12.63    7.60
 -13847.767    39.822    -6.96    7.26
 -13477.312    37.816    -5.41    6.07
 -13106.922    38.528     1.92    4.95
 -12736.597    40.413     5.09    4.80
 -12366.337    43.405     8.08    5.05
 -11996.142    47.513    11.10    5.07
 -11626.012    52.265    12.84    6.61
 -11255.947    60.846    23.19   12.76
 -10885.947    77.958    46.25   25.21
 -10516.012   101.399    63.37   36.15
 -10146.141   130.848    79.62   39.92
  -9776.335   158.678    75.26   33.08
  -9406.594   177.680    51.39   27.47
  -9036.918   183.231    15.01   26.40
  -8667.306   182.525    -1.91   27.76
  -8297.759   177.498   -13.60   27.35
  -7928.276   166.646   -29.37   27.47
  -7558.858   151.908   -39.90   31.17
  -7189.505   135.434   -44.60   30.43
  -6820.216   116.044   -52.51   30.35
  -6450.991    97.642   -49.84   23.13
  -6081.831    86.366   -30.54   18.68
  -5712.735    75.291   -30.01    9.79
  -5343.704    70.941   -11.79    8.02
  -4974.736    67.341    -9.76    7.83
  -4605.834    66.130    -3.28   10.19
  -4236.995    64.111    -5.47   12.91
  -3868.221    59.871   -11.50   13.52
  -3499.510    52.835   -19.08   13.59
  -3130.864    44.893   -21.54   12.02
  -2762.282    38.953   -16.12    9.10
  -2393.765    34.228   -12.82    6.55
  -2025.311    31.291    -7.97    5.16
  -1656.921    28.462    -7.68    5.22
  -1288.595    24.180   -11.63    6.08
   -920.333    17.093   -19.24    9.69
   -552.135    10.903   -16.81   10.19
   -184.001     3.903   -19.01    7.18
    184.069     0.364    -9.62    2.82
    552.076     1.166     2.18    3.54
    920.018     3.340     5.91    4.70
   1287.897     5.974     7.16    4.93
   1655.713     9.044     8.35    4.48
   2023.464    12.354     9.00    5.11
   2391.152    15.074     7.40    6.35
   2758.776    18.367     8.96    6.56
   3126.337    22.628    11.59    5.63
   3493.834    26.011     9.20    5.03
   3861.268    29.143     8.52    5.36
   4228.638    31.855     7.38    6.20
   4595.945    33.883     5.52    6.32
   4963.188    35.330     3.94    7.12
   5330.368    34.041    -3.51    9.25
   5697.485    32.139    -5.18   11.69
   6064.538    28.550    -9.78   13.83
   6431.528    24.747   -10.36   14.35
   6801.158    21.228    -9.52   14.92
   7181.210    18.914    -6.09   14.83
   7561.193    15.425    -9.18   13.17
   7941.109    14.706    -1.89   12.63
   8320.956    14.562    -0.38   12.28
   8700.734    14.078    -1.28   13.07
   9080.444    12.978    -2.89   13.68
   9460.086    16.053     8.10   18.65
   9839.660    37.207    55.73   55.94
  10219.165    90.528   140.50  125.93
  10598.603   159.254   181.12  166.63
  10977.972   213.203   142.21  147.97
  11357.273   215.241     5.37  126.23
  11736.506   187.640   -72.78  107.68
  12115.671   144.747  -113.13   86.69
  12494.768    90.859  -142.15   59.21
  12873.797    57.251   -88.67   41.62
  13252.758    36.155   -55.67   29.36
  13631.651    30.646   -14.54   28.49
  14010.476    30.508    -0.37   28.49
  14389.234    30.919     1.09   26.92
  14767.924    33.891     7.85   24.90
  15146.546    31.341    -6.73   21.90
  15525.100    28.316    -7.99   17.32
  15903.587    26.143    -5.74   13.78
  16282.006    24.230    -5.05   11.61
  16660.357    22.229    -5.29    8.47
  17038.641    22.099    -0.35    5.70
  17416.858    23.661     4.13    5.21
  17795.006    26.898     8.56    6.65
  18173.088    29.869     7.86    7.10
  18551.102    31.152     3.39    5.41
  18929.049    32.591     3.81    3.81
  19306.928    33.318     1.92    3.37
  19684.740    34.340     2.71    3.35
  20062.485    35.421     2.86    4.15
  20440.162    38.180     7.31    5.33
  20817.773    40.927     7.28    5.41
  21195.316    43.178     5.96    4.71
  21572.792    43.678     1.32    5.27
  21950.201    42.876    -2.13    6.02
  22327.543    41.666    -3.21    6.35
  22704.818    40.316    -3.58    6.61
  23082.026    38.470    -4.89    6.47
  23459.167    36.342    -5.64    5.79
  23836.241    34.661    -4.46    4.50
  24213.248    33.633    -2.73    2.81
  24590.188    33.217    -1.10    1.14
  24967.062    33.701     1.29    1.31
  25343.869    34.528     2.20    1.86
  25720.609    35.317     2.09    1.97
  26097.282    36.703     3.68    3.04
  26473.889    37.706     2.66    3.51
  26850.429    39.106     3.72    4.36
  27226.903    41.317     5.87    5.99
  27603.310    43.797     6.59    7.79
  27979.650    46.447     7.04    8.65
  28355.924    51.007    12.12   11.61
  28732.132    57.987    18.55   14.86
  29108.273    69.053    29.42   18.03
  29484.348    81.227    32.37   22.99
  29860.356    94.859    36.25   29.32
  30236.298   114.503    52.25   34.69
  30612.174   131.995    46.53   40.90
  30987.984   152.945    55.75   46.95
  31363.727   174.470    57.29   51.89
  31739.405   202.432    74.43   64.95
  32115.016   233.541    82.82   83.27
  32490.561   256.587    61.37   85.44
  32866.040   271.741    40.36   79.35
  33241.453   282.735    29.29   66.47
  33616.800   275.458   -19.39   56.15
  33992.081   250.178   -67.36   55.85
  34367.296   221.823   -75.57   53.23
  34742.445   188.118   -89.84   35.29
  35117.528   162.791   -67.52   23.37
  35492.546   148.402   -38.37   19.05
  35867.498   144.725    -9.81   22.74
  36242.384   153.995    24.73   39.30
  36617.204   167.330    35.58   50.75
  36991.959   165.871    -3.89   48.04
  37366.648   163.093    -7.41   44.71
  37741.271   147.340   -42.05   28.51
  38115.829   137.158   -27.19   20.95
  38490.322   128.059   -24.29   17.76
  38864.748   118.849   -24.60   15.68
  39239.110   112.143   -17.91   12.28
  39613.406   107.172   -13.28    9.81
  39987.636   102.416   -12.71    6.52
  40361.801    98.983    -9.17    4.30
  40735.901    97.428    -4.16    3.62
  41109.936    96.633    -2.13    2.61
  41483.905    97.303     1.79    2.62
  41857.809    99.430     5.69    3.23
  42231.648   101.728     6.15    3.40
  42605.422   104.329     6.96    3.85
  42979.130   106.464     5.71    4.07
  43352.774   108.723     6.05    4.29
  43726.352   110.078     3.63    4.37
  44099.866   111.266     3.18    4.41
  44473.314   111.624     0.96    4.47
  44846.698   112.569     2.53    4.66
  45220.016   113.503     2.50    4.90
  45593.270   115.093     4.26    4.85
  45966.459   116.645     4.16    4.60
  46339.583   118.076     3.83    4.03
  46712.642   119.227     3.09    3.83
  47085.636   121.177     5.23    4.27
  47458.566   122.803     4.36    4.63
  47831.431   125.920     8.36    5.23
  48204.232   129.599     9.87    5.14
  48576.968   134.016    11.85    5.39
  48949.639   137.842    10.27    5.37
  49322.246   142.616    12.81    5.32
  49694.788   146.240     9.73    4.84
  50067.266   149.827     9.63    4.50
  50439.679   152.227     6.44    4.03
  50812.028   153.216     2.66    3.59
  51184.312   154.436     3.28    4.49
  51556.532   156.966     6.80    7.35
  51928.688   158.658     4.55    9.43
  52300.780   163.859    13.98   11.77
  52672.807   165.901     5.49   12.61
  53044.770   165.653    -0.67   12.55
  53416.669   166.278     1.68   12.06
  53788.504   165.678    -1.61   12.48
  54160.275   168.034     6.34   14.88
  54531.981   173.575    14.90   17.08
  54903.624   176.693     8.39   16.40
  55275.202   174.778    -5.15   15.12
  55646.717   182.251    20.11   31.30
  56018.168   212.978    82.72   63.44
  56389.554   257.421   119.66   72.21
  56760.877   303.167   123.19   60.53
  57132.136   334.252    83.72   43.06
  57503.332   357.028    61.36   41.54
  57874.463   368.015    29.60   39.36
  58245.531   378.478    28.20   37.64
  58616.535   386.212    20.84   38.40
  58987.475   391.891    15.31   37.86
  59358.352   395.226     8.99   35.00
  59729.165   390.478   -12.80   33.87
  60099.914   373.616   -45.48   36.06
  60470.600   347.466   -70.54   44.34
  60841.223   331.005   -44.41   42.51
  61211.782   334.898    10.51   49.34
  61582.277   346.868    32.30   58.53
  61952.709   360.760    37.50   47.76
  62323.078   352.953   -21.08   46.68
  62693.383   346.991   -16.10   65.87
  63063.625   352.843    15.81   78.14
  63433.804   374.503    58.51   81.90
  63803.920   404.228    80.31   84.72
  64173.972   448.141   118.66   78.40
  64543.961   494.586   125.52   70.92
  64913.887   536.441   113.14   63.05
  65283.750   573.712   100.76   56.13
  65653.550   597.803    65.14   49.11
  66023.286   615.367    47.50   41.32
  66392.960   634.528    51.83   39.21
  66762.571   648.624    38.13   45.00
  67132.118   676.903    76.52   56.02
  67501.603   699.395    60.87   53.94
  67871.025   696.101    -8.92   61.24
  68240.384   681.103   -40.60   74.48
  68609.680   677.203   -10.56   90.89
  68978.914   692.291    40.86  117.85
  69348.084   763.797   193.68  134.54
  69717.192   834.599   191.81   97.56
  70086.238   843.595    24.38  102.23
  70455.220   759.703  -227.35  186.48
  70824.140   619.427  -380.21  240.32
  71192.998   493.816  -340.52  197.42
  71561.792   386.996  -289.63   95.31
  71930.525   379.603   -20.05   83.56
  72299.194   438.740   160.39  151.16
  72667.802   513.453   202.68  173.85
  73036.346   618.974   286.30  206.48
  73404.829   724.403   286.10  202.42
  73773.249   789.393   176.39  156.30
  74141.607   838.091   132.19  134.80
  74509.902   867.849    80.80  126.73
  74878.135   897.734    81.15  106.57
  75246.306   939.088   112.32   80.00
  75614.415   969.000    81.25   56.39
  75982.461   976.371    20.03   51.66
  76350.445   962.741   -37.04   68.53
  76718.367   935.210   -74.82   86.80
  77086.228   877.291  -157.44  115.91
  77454.026   808.629  -186.67  141.55
  77821.762   751.966  -154.07  130.01
  78189.436   742.567   -25.56  130.33
  78557.048   799.228   154.12  170.38
  78924.598   865.899   181.38  162.05
  79292.086   912.516   126.84  112.67
  79659.512   916.144     9.87   87.65
  80026.877   851.216  -176.73  107.99
  80394.179   801.772  -134.60   90.70
  80761.420   789.328   -33.88   79.76
  81128.600   795.633    17.17   75.64
  81495.717   813.478    48.61   57.08
  81875.378   805.914   -19.92   52.24
  82255.222   798.266   -20.13   46.48
  82635.000   805.515    19.08   44.50
  83014.711   844.213   101.91   64.76
  83394.355   891.331   124.10   54.34
  83773.933   921.728    80.08   47.71
  84153.445   935.214    35.53   45.12
  84532.890   919.531   -41.33   54.29
  84912.269   882.047   -98.80   64.92
  85291.581   842.516  -104.21   71.46
  85670.827   795.228  -124.68   87.12
  86050.007   760.073   -92.71   71.68
  86429.120   753.228   -18.05   68.75
  86808.167   763.212    26.34   70.55
  87187.148   810.391   124.48   59.87
  87566.063   844.156    89.10   47.75
  87944.911   850.875    17.74   42.87
  88323.694   861.184    27.21   30.81
  88702.410   855.291   -15.56   34.32
  89081.061   836.501   -49.62   41.33
  89459.645   816.916   -51.73   42.59
  89838.164   806.148   -28.45   36.44
  90216.617   796.578   -25.28   33.66
  90595.003   802.180    14.80   32.02
  90973.324   813.835    30.81   24.89
  91351.579   819.595    15.23   18.69
  91729.769   824.239    12.28   11.01
  92107.892   816.716   -19.89   16.71
  92485.950   801.478   -40.30   22.51
  92863.942   784.116   -45.93   25.27
  93241.869   765.507   -49.24   23.16
  93619.729   746.628   -49.96   25.24
  93997.525   728.345   -48.39   24.43
  94375.255   698.716   -78.43   41.63
  94752.919   651.291  -125.56   70.36
  95130.518   590.519  -160.93   87.53
  95508.051   522.316  -180.64   78.39
  95885.519   479.441  -113.58   52.68
  96262.922   452.603   -71.11   28.34
  96640.259   443.901   -23.06   30.44
  97017.531   474.354    80.71   64.25
  97394.737   523.316   129.79   93.49
  97771.879   613.076   237.98  132.94
  98148.955   695.870   219.55  123.04
  98525.966   729.919    90.31   99.14
  98902.912   725.744   -11.07   99.83
  99279.793   672.728  -140.66  101.28
  99656.609   602.791  -185.59   73.80
 100033.360   550.641  -138.41   83.74
 100410.045   500.575  -132.90  100.40
 100786.666   434.633  -175.07   69.22
 101163.222   410.126   -65.07   48.77
 101539.713   427.392    45.86   65.20
 101916.139   456.057    76.14   70.59
 102292.501   485.405    77.97   64.79
 102668.797   510.370    66.34   55.43
 103045.029   520.458    26.81   55.15
 103421.196   532.765    32.72   46.02
 103797.298   552.304    51.94   43.59
 104173.336   593.391   109.25   55.77
 104549.309   637.599   117.57   51.75
 104925.218   652.266    39.01   41.12
 105301.062   632.172   -53.46   58.61
 105676.841   582.353  -132.56   67.79
 106052.556   534.704  -126.81   46.52
 106428.206   504.228   -81.12   29.30
 106803.792   492.678   -30.75   25.00
 107179.314   487.057   -14.97   31.65
 107554.771   491.845    12.75   42.30
 107930.164   495.941    10.91   46.16
 108305.493   497.317     3.67   44.28
 108680.758   498.503     3.16   38.84
 109055.958   496.186    -6.18   31.95
 109431.094   495.354    -2.22   28.47
 109806.166   496.430     2.87   26.98
 110181.173   502.680    16.67   29.57
 110556.117   510.343    20.43   28.29
 110930.997   518.962    22.99   28.84
 111305.812   533.265    38.16   36.55
 111680.564   555.060    58.15   42.96
 112055.251   565.714    28.43   47.07
 112429.875   565.778     0.17   55.27
 112804.435   523.416  -113.09   84.36
 113178.931   501.252   -59.18   85.96
 113553.363   493.291   -21.26  110.12
 113927.731   514.727    57.25  133.47
 114302.036   562.803   128.43  136.28
 114676.277   589.396    71.05  132.28
 115050.454   623.139    90.17  109.67
 115424.567   618.667   -11.95  105.33
 115798.617   604.050   -39.07  129.02
 116172.603   570.358   -90.08  156.27
 116546.526   458.178  -299.98  203.02
 116920.385   340.839  -313.83  211.69
 117294.181   278.628  -166.41  163.82
 117667.913   297.710    51.05  174.01
 118041.582   416.823   318.74  205.10
 118415.187   546.944   348.25  141.82
 118788.729   599.958   141.91   65.81
 119162.208   607.198    19.38   52.20
 119535.623   601.303   -15.78   53.57
 119908.976   589.531   -31.53   57.14
 120282.264   586.177    -8.98   57.40
 120655.490   589.778     9.65   56.22
 121028.653   586.740    -8.14   55.80
 121401.752   593.509    18.14   57.05
 121774.788   587.816   -15.26   52.91
 122147.761   557.804   -80.46   50.60
 122520.671   526.541   -83.83   69.25
 122893.519   479.706  -125.60   63.97
 123266.303   450.355   -78.73   46.01
 123639.024   431.329   -51.04   35.94
 124011.682   430.528    -2.15   41.50
 124384.278   404.041   -71.08   60.82
 124756.810   364.188  -106.97   75.00
 125129.280   327.093   -99.58   70.04
 125501.687   306.554   -55.15   52.88
 125874.031   317.111    28.35   53.56
 126246.312   346.148    77.99   59.90
 126618.531   383.342    99.91   45.02
 126990.687   405.403    59.27   26.61
 127362.781   416.803    30.63   20.74
 127734.812   414.688    -5.68   28.00
 128106.780   394.573   -54.07   51.40
 128478.686   359.512   -94.26   71.45
 128850.529   324.063   -95.32   68.08
 129222.310   311.172   -34.67   55.33
 129594.028   315.395    11.36   53.98
 129965.684   338.483    62.12   54.12
 130337.278   371.758    89.54   43.21
 130708.809   397.148    68.33   29.99
 131080.278   412.569    41.51   27.81
 131451.685   421.953    25.26   27.00
 131823.029   425.866    10.54   27.56
 132194.312   426.838     2.62   24.17
 132565.532   413.432   -36.11   34.07
 132936.690   392.573   -56.19   50.56
 133307.785   379.745   -34.56   46.74
 133678.819   376.499    -8.75   39.69
 134049.791   384.607    21.86   39.03
 134420.700   400.598    43.11   35.76
 134791.548   414.253    36.82   35.83
 135162.334   421.464    19.45   36.05
 135533.058   434.778    35.91   33.75
 135903.719   452.122    46.79   29.32
 136274.319   476.135    64.79   31.63
 136644.858   494.343    49.13   36.48
 137015.334   528.432    92.00   42.08
 137385.749   563.021    93.37   41.40
 137756.101   606.041   116.15   50.75
 138126.392   651.424   122.55   53.71
 138496.622   708.455   154.03   73.34
 138866.790   773.593   175.95   89.89
 139236.896   862.161   239.28  115.77
 139606.941   947.804   231.41  133.74
 139976.924  1087.445   377.38  179.19
 140346.845  1200.146   304.63  160.36
 140716.705  1278.828   212.71   94.97
 141086.504  1305.922    73.26   57.03
 141456.241  1280.620   -68.43   50.68
 141825.917  1254.936   -69.47   41.00
 142195.531  1241.816   -35.49   45.03
 142565.084  1224.393   -47.14   55.67
 142934.576  1212.406   -32.44   62.03
 143304.006  1201.686   -29.02   62.41
 143673.375  1182.962   -50.69   64.80
 144042.683  1170.212   -34.52   67.98
 144411.930  1165.215   -13.53   67.04
 144781.116  1140.357   -67.32   83.93
 145150.240  1071.509  -186.49  128.29
 145519.304   972.512  -268.21  153.29
 145888.306   843.240  -350.28  147.10
 146257.248   755.406  -238.04   91.03
 146626.128   729.187   -71.07   72.47
 146994.947   736.567    20.01   92.25
 147363.706   749.996    36.41   92.45
 147732.403   756.462    17.54   89.90
 148101.040   778.823    60.65  111.00
 148469.616   839.252   163.93  144.58
 148838.131   919.491   217.71  159.42
 149206.585   998.228   213.67  142.39
 149574.978  1076.522   212.50  104.60
 149943.311  1131.070   148.08   64.79
 150311.583  1153.064    59.71   33.42
 150679.795  1147.187   -15.96   53.44
 151047.945  1128.544   -50.63   83.15
 151416.036  1096.161   -87.97  114.99
 151784.065  1068.044   -76.39  115.28
 152152.034  1072.329    11.64  106.00
 152519.943  1083.096    29.26  103.66
 152887.791  1110.330    74.03  109.81
 153255.578  1151.704   112.48  110.63
 153623.305  1182.076    82.58  105.31
 153990.972  1198.798    45.48  113.07
 154358.579  1164.616   -92.97  157.32
 154726.125  1102.426  -169.18  182.78
 155093.610  1023.161  -215.67  190.63
 155461.036   924.967  -267.22  163.30
 155828.401   863.135  -168.29  131.28
 156195.706   819.510  -118.75   71.50
 156572.521   818.291    -3.24   59.29
 156952.229   838.718    53.79   65.66
 157331.871   861.886    61.02   77.23
 157711.449   899.172    98.22  110.09
 158090.962   935.646    96.09  130.17
 158470.410   971.304    93.96  132.14
 158849.793   995.330    63.32  133.51
 159229.112  1006.028    28.20  119.89
 159608.366  1002.075   -10.42  116.88
 159987.556  1010.044    21.01  118.96
 160366.681  1007.075    -7.83  122.22
 160745.741   999.603   -19.71  112.36
 161124.737   989.507   -26.64   94.74
 161503.668   988.569    -2.47   89.25
 161882.535   999.304    28.33   93.65
 162261.338  1015.226    42.03   99.29
 162640.076  1035.547    53.65  100.43
 163018.749  1050.696    40.00   91.01
 163397.359  1069.784    50.41   95.20
 163775.904  1085.704    42.05   95.77
 164154.385  1078.898   -17.98   84.97
 164532.802  1067.596   -29.86   73.73
 164911.154  1066.641    -2.53   65.82
 165289.442  1060.304   -16.75   52.70
 165667.667  1061.111     2.13   34.90
 166045.827  1069.038    20.96   19.31
 166423.923  1083.212    37.48   24.47
 166801.955  1105.070    57.81   47.64
 167179.923  1129.044    63.42   51.51
 167557.827  1156.940    73.81   47.24
 167935.667  1180.611    62.64   46.92
 168313.444  1224.778   116.90   58.10
 168691.156  1277.646   139.95   79.19
 169068.805  1382.842   278.52  138.37
 169446.389  1497.664   304.05  159.44
 169823.910  1579.370   216.40  122.28
 170201.368  1615.291    95.15   96.97
 170578.761  1563.646  -136.83  118.72
 170956.091  1478.291  -226.18   99.85
 171333.358  1415.012  -167.70   98.81
 171710.560  1350.851  -170.07   97.94
 172087.700  1282.941  -180.04   91.54
 172464.775  1219.054  -169.40   63.46
 172841.787  1192.914   -69.32   40.89
 173218.736  1226.701    89.62   94.54
 173595.621  1261.849    93.25  105.03
 173972.443  1297.126    93.60   97.77
 174349.202  1329.291    85.36   81.83
 174725.897  1379.983   134.55  103.26
 175102.529  1444.372   170.93  109.92
 175479.097  1476.641    85.68   98.87
 175855.603  1498.805    58.86   90.69
 176232.045  1530.405    83.93  100.58
 176608.424  1570.115   105.49   95.59
 176984.739  1609.875   105.64   56.76
 177360.992  1614.885    13.31   37.64
 177737.182  1584.745   -80.11   53.02
 178113.308  1526.564  -154.66   70.52
 178489.372  1474.842  -137.51   76.33
 178865.372  1408.843  -175.50   75.09
 179241.310  1340.291  -182.32   88.95
 179617.184  1243.580  -257.26  112.29
 179992.996  1161.936  -217.22  105.11
 180368.745  1130.096   -84.72   83.56
 180744.431  1160.330    80.47  113.57
 181120.055  1235.370   199.74  119.91
 181495.615  1293.475   154.69   82.39
 181871.113  1303.172    25.82   88.20
 182246.548  1273.904   -77.95  115.73
 182621.920  1215.226  -156.30  128.96
 182997.230  1183.222   -85.26  104.21
 183372.477  1183.063    -0.42   84.24
 183747.662  1210.291    72.56   88.75
 184122.784  1222.797    33.33   98.81
 184497.844  1178.688  -117.59  132.45
 184872.841  1119.686  -157.32  123.49
 185247.776  1094.211   -67.93   95.97
 185622.648  1148.224   144.06  141.51
 185997.458  1265.449   312.71  166.33
 186372.205  1371.093   281.86  132.40
 186746.891  1441.225   187.15   74.00
 187121.513  1463.719    60.04   59.01
 187496.074  1447.358   -43.68   81.70
 187870.573  1409.975   -99.80  101.49
 188245.009  1368.528  -110.68  102.36
 188619.383  1344.725   -63.57   90.75
 188993.695  1323.057   -57.88   77.92
 189367.945  1307.148   -42.50   73.30
 189742.133  1281.811   -67.70   77.92
 190116.258  1266.436   -41.09   89.94
 190490.322  1227.146  -105.02   86.84
 190864.324  1194.953   -86.06   75.01
 191238.264  1164.228   -82.15   65.40
 191612.142  1140.527   -63.38   39.68
 191985.958  1144.541    10.74   34.71
 192359.712  1165.833    56.96   44.98
 192733.404  1200.191    91.93   59.44
 193107.035  1249.140   130.99   80.07
 193480.604  1293.646   119.12   88.50
 193854.111  1318.248    65.86   82.97
 194227.556  1312.278   -15.98   71.35
 194600.940  1282.624   -79.41   71.76
 194974.262  1250.881   -85.02   68.90
 195347.523  1214.548   -97.32   55.22
 195720.722  1188.595   -69.53   45.13
 196093.859  1173.656   -40.03   41.92
 196466.935  1172.164    -4.00   46.98
 196839.950  1167.988   -11.19   49.94
 197212.903  1158.239   -26.14   50.85
 197585.794  1156.265    -5.29   44.40
 197958.625  1147.719   -22.92   42.29
 198331.393  1128.970   -50.29   42.17
 198704.101  1114.680   -38.33   44.47
 199076.747  1109.447   -14.04   44.02
 199449.332  1101.738   -20.69   42.98
 199821.856  1083.849   -48.01   44.93
 200194.318  1066.504   -46.56   44.50
 200566.720  1057.458   -24.29   47.64
 200939.060  1069.541    32.45   57.82
 201311.339  1095.765    70.43   71.20
 201683.557  1112.851    45.89   74.08
 202055.714  1125.396    33.70   69.79
 202427.810  1121.909    -9.37   68.97
 202799.845  1101.764   -54.14   56.88
 203171.819  1086.672   -40.56   52.42
 203543.732  1078.862   -21.00   44.94
 203915.584  1062.223   -44.74   44.37
 204287.376  1049.430   -34.40   45.34
 204659.106  1039.980   -25.42   44.47
 205030.776  1017.441   -60.63   46.26
 205402.385   987.888   -79.51   49.83
 205773.933   974.473   -36.10   45.62
 206145.421   971.537    -7.90   43.02
 206516.847   969.172    -6.37   37.66
 206888.214   965.248   -10.57   34.09
 207259.519   944.107   -56.93   41.36
 207630.764   922.180   -59.05   38.52
 208001.948   902.949   -51.80   37.03
 208373.072   884.021   -50.99   34.12
 208744.135   879.878   -11.16   32.59
 209115.138   876.902    -8.02   31.51
 209486.081   883.443    17.63   29.02
 209856.963   892.263    23.78   21.11
 210227.784   887.637   -12.47   19.76
 210598.546   880.346   -19.66   21.53
 210969.246   862.357   -48.52   28.51
 211339.887   838.262   -65.00   33.32
 211710.467   831.028   -19.52   29.44
 212080.988   830.305    -1.95   29.86
 212451.447   839.015    23.51   29.42
 212821.847   847.763    23.61   21.60
 213192.187   846.823    -2.54   21.84
 213562.466   836.181   -28.74   26.99
 213932.686   810.716   -68.77   41.28
 214302.845   797.912   -34.58   39.28
 214672.944   797.047    -2.34   39.77
 215042.984   799.633     6.99   43.14
 215412.963   810.238    28.66   42.79
 215782.883   808.642    -4.31   50.25
 216152.742   793.370   -41.28   54.85
 216522.542   772.037   -57.68   55.36
 216892.281   749.765   -60.23   46.04
 217261.961   734.291   -41.85   38.83
 217631.582   722.607   -31.61   29.16
 218001.142   717.858   -12.85   25.93
 218370.643   713.557   -11.64   26.10
 218740.084   711.615    -5.25   27.81
 219109.465   720.329    23.59   34.58
 219478.787   739.716    52.48   47.81
 219848.049   775.949    98.11   61.03
 220217.251   814.602   104.67   58.48
 220586.394   843.015    76.96   42.75
 220955.478   851.657    23.41   36.97
 221324.501   837.731   -37.73   46.98
 221693.466   814.524   -62.89   43.86
 222062.371   797.067   -47.31   38.94
 222431.217   777.138   -54.02   29.14
 222800.003   767.031   -27.40   25.67
 223168.730   759.249   -21.10   21.19
 223537.397   762.378     8.49   27.74
 223906.005   766.333    10.73   33.74
 224274.554   778.582    33.23   37.29
 224643.044   788.277    26.30   33.08
 225011.475   782.830   -14.78   36.53
 225379.846   774.833   -21.71   39.50
 225748.158   771.751    -8.36   39.96
 226116.411   760.948   -29.33   39.09
 226484.605   755.580   -14.58   36.98
 226852.740   748.819   -18.36   36.76
 227220.816   737.909   -29.63   32.28
 227588.833   735.099    -7.63   31.66
 227956.791   747.057    32.49   34.06
 228324.690   757.902    29.47   34.84
 228692.530   750.603   -19.84   49.70
 229060.311   729.416   -57.60   58.66
 229428.034   701.758   -75.20   59.19
 229795.697   682.168   -53.27   55.71
 230163.302   667.765   -39.17   48.09
 230530.848   662.158   -15.25   41.38
 230898.335   656.451   -15.53   31.69
 231272.544   649.896   -17.51   26.90
 231652.116   636.171   -36.15   26.87
 232031.625   615.657   -54.04   28.09
 232411.071   591.504   -63.64   29.73
 232790.454   569.885   -56.97   26.84
 233169.774   555.393   -38.20   23.28
 233549.031   543.931   -30.22   21.06
 233928.226   540.584    -8.82   18.29
 234307.357   547.225    17.51   20.90
 234686.425   565.771    48.91   30.19
 235065.430   601.240    93.56   48.95
 235444.373   630.642    77.58   53.50
 235823.252   646.199    41.05   52.34
 236202.069   643.735    -6.50   59.44
 236580.823   618.501   -66.61   68.22
 236959.515   583.544   -92.29   62.49
 237338.143   555.467   -74.14   55.84
 237716.709   534.710   -54.82   39.47
 238095.213   528.804   -15.60   32.16
 238473.654   533.067    11.26   30.81
 238852.032   555.144    58.33   33.98
 239230.348   577.369    58.73   31.73
 239608.601   589.414    31.84   29.93
 239986.792   592.278     7.57   36.07
 240364.920   588.208   -10.76   46.50
 240742.986   569.396   -49.75   55.96
 241120.990   548.485   -55.31   58.99
 241498.931   521.038   -72.61   40.76
 241876.810   506.210   -39.23   29.03
 242254.626   495.210   -29.11   24.28
 242632.381   486.984   -21.77   21.83
 243010.073   476.664   -27.32   15.08
 243387.703   470.252   -16.98    7.59
 243765.271   466.064   -11.09   13.68
 244142.776   455.988   -26.69   24.80
 244520.220   454.744    -3.30   31.71
 244897.601   453.816    -2.46   39.01
 245274.921   458.860    13.36   44.61
 245652.178   467.522    22.95   42.92
 246029.374   463.291   -11.21   41.08
 246406.507   466.499     8.50   43.92
 246783.579   477.102    28.11   54.66
 247160.589   496.979    52.71   62.91
 247537.537   527.007    79.64   74.12
 247914.423   552.488    67.60   80.16
 248291.247   574.396    58.13   83.62
 248668.010   577.358     7.86   83.47
 249044.711   554.534   -60.57   79.69
 249421.350   534.710   -52.62   72.83
 249797.927   491.936  -113.56   78.42
 250174.443   453.494  -102.08   93.48
 250550.898   410.528  -114.11   88.34
 250927.290   398.638   -31.58   81.92
 251303.622   441.050   112.68  114.94
 251679.891   529.027   233.76  122.44
 252056.099   618.503   237.79  110.52
 252432.246   696.811   208.14   94.60
 252808.331   763.970   178.53   86.77
 253184.355   823.464   158.18   86.42
 253560.318   882.159   156.09   79.52
 253936.219   903.824    57.62   81.14
 254312.059   891.564   -32.61  102.66
 254687.838   845.518  -122.51  123.61
 255063.555   797.771  -127.05  116.53
 255439.212   751.385  -123.45  101.86
 255814.807   727.967   -62.34   74.02
 256190.341   726.571    -3.72   51.63
 256565.814   750.237    63.02   57.24
 256941.225   779.672    78.39   62.83
 257316.576   808.346    76.38   56.19
 257691.866   837.163    76.77   52.00
 258067.095   867.763    81.53   45.79
 258442.262   898.891    82.95   41.76
 258817.369   915.907    45.35   33.71
 259192.415   911.650   -11.35   41.44
 259567.400   893.331   -48.84   50.43
 259942.324   866.473   -71.62   57.69
 260317.188   830.918   -94.83   72.34
 260691.990   793.488   -99.84   71.62
 261066.732   779.238   -38.02   59.55
 261441.413   783.291    10.81   53.14
 261816.034   815.784    86.72   55.57
 262190.593   855.411   105.77   39.28
 262565.093   889.904    92.08   33.28
 262939.531   913.710    63.56   26.49
 263313.909   931.187    46.67   25.65
 263688.227   947.606    43.85   28.98
 264062.484   959.791    32.55   33.25
 264436.680   973.541    36.74   33.80
 264810.816   986.139    33.66   37.38
 265184.892  1001.402    40.79   41.58
 265558.907  1015.835    38.58   37.79
 265932.862  1033.527    47.30   29.67
 266306.756  1054.172    55.20   40.66
 266680.590  1062.764    22.98   73.64
 267054.364  1065.918     8.44   97.50
 267428.078  1069.345     9.17  123.46
 267801.732  1059.277   -26.94  121.15
 268175.325  1073.008    36.74  115.53
