# NaN NaN NaN ;Mean Elev.(m), Avg Gradient(m/km), RMS Gradient(m/km) - SRTM1     
#   44.980  -2.490  12.339 ;Mean Elev.(m), Avg Gradient(m/km), RMS Gradient(m/km) - ASTER GDEM
#   61.117  -3.364  10.729 ;Mean Elev.(m), Avg Gradient(m/km), RMS Gradient(m/km) - GMTED2010 
  6   127.536 52419.81471231 10.96 235.095568  64.623778  9.608
  6   127.262 52419.81471295 10.94 235.092668  64.620668  9.608
  7   126.541 52454.81473610 12.10 235.093264  64.628072  9.867
  7   126.752 52454.81473675  7.49 235.090364  64.624962  9.867
  7   126.214 52454.81473739  6.88 235.087464  64.621852  9.867
  8   127.537 52489.81471249  8.32 235.097862  64.625761  5.592
  8   127.365 52489.81471313  7.66 235.094962  64.622651  5.592
  9   127.011 52524.81468930  9.95 235.090592  64.632076  9.429
  9   126.785 52524.81468995  7.10 235.087692  64.628966  9.429
  9   126.346 52524.81469059  6.23 235.084792  64.625846  9.429
 10   127.168 52559.81473961 16.38 235.098577  64.624523  4.090
 10   126.628 52559.81474026 16.44 235.095667  64.621403  4.090
 11   122.893 52594.81474400 14.29 235.093178  64.631713  6.128
 11   125.435 52594.81474464 14.33 235.090278  64.628603  6.128
 11   124.854 52594.81474529 14.15 235.087383  64.625492  4.348
 11   124.349 52594.81474593 14.85 235.084473  64.622372  4.348
 13   126.488 52664.81470632 10.33 235.094372  64.627160  5.086
 13   125.796 52664.81470697 11.08 235.091471  64.624048  3.249
 15   125.743 52734.81471001  8.16 235.096674  64.625062  3.679
 15   121.499 52734.81471065  8.89 235.093774  64.621952  3.679
 16   127.335 52769.81469848 16.64 235.093443  64.638147  5.269
 16   127.354 52769.81469912 13.78 235.090543  64.635027  5.269
 16   127.034 52769.81469977 11.35 235.087643  64.631917  5.269
 16   126.701 52769.81470041 10.13 235.084743  64.628807  5.269
 16   126.411 52769.81470106  9.39 235.081843  64.625697  5.269
 19   127.426 52874.81483561  6.97 235.098936  64.623257  2.973
 19   126.406 52874.81483626  8.01 235.096036  64.620137  2.973
 20   126.636 52909.81480864  8.28 235.094048  64.625390  7.052
 20   126.760 52909.81480928  7.25 235.091148  64.622280  7.052
 23   126.137 53014.81479438  8.39 235.093774  64.632685  4.220
 23   125.953 53014.81479503  6.89 235.090864  64.629575  4.220
 23   125.563 53014.81479567  6.53 235.087964  64.626465  4.220
 23   125.070 53014.81479632  6.22 235.085070  64.623350  2.478
 25   125.831 53084.81480316  6.80 235.092235  64.636505  3.428
 25   125.413 53084.81480380  6.29 235.089335  64.633395  3.428
 25   125.616 53084.81480445  5.18 235.086425  64.630285  3.428
 25   124.921 53084.81480509  4.91 235.083525  64.627175  3.428
 26   127.582 53119.81477519  3.37 235.100088  64.624481  3.447
 26   127.197 53119.81477583  3.58 235.097181  64.621371  1.885
 27   127.541 53154.81482739 12.15 235.094837  64.626401 13.785
 27   127.052 53154.81482803 11.75 235.091933  64.623290  3.975
 29   125.577 53224.81482902 11.05 235.093132  64.624577 13.320
 29   120.412 53224.81482966  8.44 235.090239  64.621462  5.455
 30   123.246 53259.81480120 12.47 235.093228  64.638903  7.462
 30   122.453 53259.81480185 14.09 235.090318  64.635793  7.462
 30   124.866 53259.81480249  8.68 235.087418  64.632683  7.462
 30   124.367 53259.81480314  6.97 235.084518  64.629573  7.462
 30   124.612 53259.81480378  3.91 235.081618  64.626453  7.462
 31   126.586 53294.81483095 12.15 235.094827  64.624560  8.597
 31   125.852 53294.81483160 12.31 235.091921  64.621451  5.727
 33   126.462 53364.81475351 10.40 235.092768  64.629173  3.879
 33   126.168 53364.81475415  9.65 235.089868  64.626063  3.879
 33   125.496 53364.81475480  9.31 235.086965  64.622947  2.819
 35   126.546 53434.81476785  5.84 235.094700  64.631043  3.723
 35   126.169 53434.81476850  5.39 235.091800  64.627933  3.723
 35   125.772 53434.81476914  5.02 235.088906  64.624818  2.351
 37    95.685 53504.81485345 21.94 235.094769  64.629909 11.046
 37   127.036 53504.81485409 12.07 235.091869  64.626799 11.046
 37   127.060 53504.81485473 10.15 235.088969  64.623689 11.046
 38   126.694 53539.81485393  6.53 235.093066  64.625755 11.271
 38   126.748 53539.81485458  5.87 235.090159  64.622640  3.104
 39   125.654 53574.81484838  8.76 235.092506  64.632191 11.207
 39   125.627 53574.81484903  6.22 235.089596  64.629081 11.207
 39   125.254 53574.81484967  4.93 235.086696  64.625971 11.207
 39   124.894 53574.81485032  4.59 235.083803  64.622856  5.648
 40   124.916 53609.81479745 10.49 235.093849  64.639660  8.273
 40   125.236 53609.81479874  9.49 235.088039  64.633440  8.273
 40   125.819 53609.81479939  6.98 235.085139  64.630330  8.273
 40   125.115 53609.81480003  7.62 235.082239  64.627210  8.273
 42   122.288 53679.81481955 17.46 235.092053  64.630400  6.278
 42   121.436 53679.81482020 17.61 235.089153  64.627290  6.278
 42   118.841 53679.81482084 17.61 235.086246  64.624177  4.839
 43   126.059 53714.81474781  6.59 235.092989  64.629320  4.069
 43   125.870 53714.81474845  6.80 235.090089  64.626210  4.069
 43   125.379 53714.81474910  6.84 235.087186  64.623094  3.033
 45   127.022 53784.81469461  6.46 235.097144  64.626136  4.226
 45   126.458 53784.81469525  6.93 235.094242  64.623023  2.548
 46   125.557 53819.81465255  6.82 235.092592  64.637058  3.829
 46   125.461 53819.81465319  7.85 235.089692  64.633938  3.829
 46   125.635 53819.81465384  4.65 235.086782  64.630828  3.829
 46   125.224 53819.81465448  3.97 235.083882  64.627718  3.829
 46   124.768 53819.81465513  4.07 235.080982  64.624608  3.829
 47   126.620 53854.81473717  8.51 235.097358  64.624145  6.025
 47   120.668 53854.81473781  9.79 235.094458  64.621035  6.025
 49   125.963 53924.81481128 13.67 235.092833  64.630354  9.656
 49   126.724 53924.81481193  7.05 235.089923  64.627244  9.656
 49   126.125 53924.81481257  6.16 235.087023  64.624134  9.656
 53   120.878 54064.81478704 16.15 235.095283  64.624914  5.969
 53   119.750 54064.81478769 17.43 235.092383  64.621804  5.969
 54   125.041 54099.81475055  6.99 235.093484  64.634393  3.903
 54   125.591 54099.81475120  5.36 235.090584  64.631283  3.903
 54   124.020 54099.81475184  5.92 235.087684  64.628173  3.903
 54   124.817 54099.81475249  5.82 235.084784  64.625063  3.903
 59   127.253 54274.81476674  6.74 235.096705  64.625967  7.675
 59   126.898 54274.81476739  6.19 235.093805  64.622857  7.675
 61   125.880 54344.81474336  9.69 235.093031  64.632844  9.410
 61   125.758 54344.81474400  5.67 235.090131  64.629734  9.410
 61   125.356 54344.81474465  5.59 235.087231  64.626624  9.410
 61   124.902 54344.81474529  4.42 235.084331  64.623514  9.410
 63   125.488 54414.81469288 15.42 235.092784  64.626770  5.526
 63   120.700 54414.81469352 15.07 235.089884  64.623650  5.526
 65   126.120 54484.81468809 11.53 235.096877  64.623842  4.229
 65   125.426 54484.81468874 11.52 235.093977  64.620732  4.229
 67   126.152 54554.81469791  7.27 235.094381  64.632653  4.247
 67   126.114 54554.81469855  7.32 235.091487  64.629538  3.006
 67   125.866 54554.81469920  5.87 235.088577  64.626428  3.006
 67   124.966 54554.81469984  6.30 235.085677  64.623308  3.006
 68   122.377 54589.81468132 14.31 235.099004  64.624587  6.357
 68   126.406 54589.81468196 14.65 235.096094  64.621467  6.357
 69   127.817 54624.81469821  8.96 235.094328  64.626216  4.431
 69   127.273 54624.81469885  7.77 235.091428  64.623106  4.431
 70   127.082 54659.81470655  7.08 235.096029  64.626573  3.483
 70   126.626 54659.81470720  6.49 235.093119  64.623463  3.483
 71    53.861 54694.81468560 36.50 235.093347  64.628018 20.276
 71    54.911 54694.81468625 28.94 235.090447  64.624908 20.276
 71    54.875 54694.81468689 27.18 235.087547  64.621788 20.276
 72   128.216 54729.81466161 10.39 235.101909  64.623669  3.345
 72   127.981 54729.81466225  9.70 235.099009  64.620559  3.345
 73   121.259 54764.81466465 21.22 235.094659  64.624408  5.673
 73   120.514 54764.81466530 19.47 235.091759  64.621298  5.673
 75   126.416 54834.81465537  9.01 235.094046  64.625561  3.449
 75   126.033 54834.81465601  8.22 235.091146  64.622441  3.449
 77   126.102 54904.81466268  3.32 235.093532  64.635568  3.116
 77   125.849 54904.81466333  3.27 235.090632  64.632455  2.124
 77   125.681 54904.81466397  2.54 235.087732  64.629335  2.124
 77   125.640 54904.81466461  1.96 235.084832  64.626225  2.124
 78   127.546 54939.81464360  2.81 235.101430  64.624639  3.624
 78   127.277 54939.81464424  2.31 235.098530  64.621529  3.624
 79   127.948 54974.81467381 11.85 235.097456  64.625138  3.040
 79   127.307 54974.81467445 11.82 235.094556  64.622028  3.040
 80   127.103 55009.81468641  8.68 235.092694  64.626167  4.054
 80   126.647 55009.81468706 10.52 235.089794  64.623057  4.054
 82   122.514 55079.81465151 12.86 235.092562  64.631154 17.082
 82   125.532 55079.81465216  8.95 235.089655  64.628038  7.650
 82   126.739 55079.81465280  6.40 235.086755  64.624928  7.650
 84   119.670 55149.81460919 17.78 235.092753  64.624413  7.047
 84   119.615 55149.81460984 16.50 235.089853  64.621303  7.047
 86   126.535 55219.81460610  8.67 235.095087  64.629550  3.335
 86   126.071 55219.81460674  7.89 235.092187  64.626430  3.335
 86   125.250 55219.81460739  8.41 235.089287  64.623320  3.335
 88   125.804 55289.81459450  6.86 235.093608  64.634847  4.343
 88   125.251 55289.81459514  5.22 235.090708  64.631737  4.343
 88   125.911 55289.81459579  5.25 235.087802  64.628620  2.535
 88   125.162 55289.81459643  4.84 235.084902  64.625510  2.535
 89   127.409 55324.81457538 10.55 235.093350  64.624311  5.620
 89   127.044 55324.81457603  9.36 235.090450  64.621201  5.620
 90   126.034 55359.81457293 11.78 235.093209  64.626394  4.759
 90   125.757 55359.81457357  9.89 235.090309  64.623284  4.759
 92   126.438 55429.81458871 13.45 235.097000  64.624009  4.365
 92   126.448 55429.81458935  8.29 235.094100  64.620899  4.365
 93   122.667 55464.81454918 18.70 235.094399  64.634487 13.157
 93   125.106 55464.81454982  8.93 235.091499  64.631377 13.157
 93   126.092 55464.81455047  5.42 235.088600  64.628261  5.194
 93   125.319 55464.81455111  7.42 235.085700  64.625151  5.194
