-180187.238    94.373     0.00    3.12
-179808.106    92.595    -4.69    2.96
-179429.049    91.868    -1.92    2.43
-179050.068    92.438     1.50    2.57
-178671.162    93.413     2.57    2.23
-178292.331    94.441     2.71    1.33
-177913.576    94.634     0.51    0.98
-177534.895    94.080    -1.46    1.31
-177156.290    92.844    -3.26    1.76
-176777.760    91.758    -2.87    1.85
-176399.305    90.867    -2.35    1.52
-176020.925    90.981     0.30    1.60
-175642.620    92.095     2.94    1.99
-175264.390    93.460     3.61    2.07
-174886.235    95.379     5.08    1.81
-174508.154    96.878     3.97    1.86
-174130.149    98.711     4.85    1.94
-173752.218   100.288     4.17    1.87
-173374.362   102.227     5.13    2.25
-172996.580   103.797     4.16    2.28
-172618.873   105.201     3.72    2.03
-172241.241   106.270     2.83    1.16
-171863.683   106.913     1.71    0.61
-171486.200   107.360     1.18    0.50
-171108.791   107.595     0.62    0.47
-170731.456   107.855     0.69    0.32
-170354.196   108.220     0.97    0.65
-169977.011   108.532     0.83    0.94
-169599.899   108.754     0.59    1.29
-169222.862   108.948     0.52    1.71
-168845.899   109.561     1.62    2.06
-168469.010   110.187     1.66    2.08
-168092.195   110.858     1.78    1.66
-167715.454   111.190     0.88    1.03
-167338.787   110.499    -1.83    1.51
-166962.194   109.340    -3.08    1.82
-166585.675   108.295    -2.78    1.58
-166209.230   107.633    -1.76    1.09
-165832.859   107.902     0.72    1.53
-165456.561   108.711     2.15    1.94
-165080.337   109.133     1.12    1.98
-164704.187   109.377     0.65    1.97
-164328.111   109.584     0.55    1.80
-163952.108   110.011     1.14    1.88
-163576.179   110.821     2.16    1.78
-163200.323   111.681     2.29    1.68
-162824.541   112.686     2.67    1.42
-162448.832   113.528     2.24    1.16
-162073.197   114.313     2.09    1.00
-161697.635   114.974     1.76    0.84
-161322.146   115.453     1.27    0.62
-160946.731   115.767     0.84    0.36
-160571.389   116.660     2.38    1.34
-160196.120   117.584     2.46    1.71
-159820.924   118.315     1.95    1.59
-159445.801   118.925     1.63    1.23
-159070.752   118.491    -1.16    1.47
-158695.775   117.962    -1.41    1.46
-158320.871   116.823    -3.04    2.07
-157946.041   115.986    -2.23    1.90
-157571.283   115.787    -0.53    1.45
-157196.598   115.816     0.08    1.32
-156821.986   116.384     1.52    1.16
-156447.446   117.084     1.87    0.77
-156072.980   117.702     1.65    0.93
-155698.586   118.425     1.93    0.97
-155324.264   119.172     1.99    1.03
-154950.016   119.779     1.62    0.91
-154575.839   120.235     1.22    0.77
-154201.736   120.669     1.16    0.71
-153827.705   121.028     0.96    0.84
-153453.746   121.389     0.96    0.89
-153079.859   121.758     0.99    0.83
-152706.045   122.145     1.04    0.82
-152332.304   122.595     1.20    0.98
-151958.634   123.535     2.52    1.59
-151585.037   124.971     3.84    1.92
-151211.512   126.728     4.71    2.52
-150838.059   129.522     7.48    3.83
-150464.678   132.805     8.79    3.74
-150091.369   135.587     7.45    2.75
-149718.133   137.694     5.64    1.55
-149344.968   138.879     3.18    1.46
-148971.875   140.022     3.06    1.62
-148598.854   140.720     1.87    1.61
-148225.905   140.889     0.45    1.67
-147853.027   139.765    -3.01    2.40
-147480.222   138.204    -4.19    2.57
-147107.488   136.175    -5.45    2.40
-146734.826   134.043    -5.72    2.82
-146362.235   132.258    -4.79    2.99
-145989.717   131.727    -1.43    2.78
-145617.269   132.626     2.41    3.34
-145244.893   134.750     5.71    3.53
-144872.589   137.350     6.98    2.47
-144500.356   139.390     5.48    2.19
-144128.195   141.197     4.86    2.23
-143756.104   142.741     4.15    2.03
-143384.086   144.120     3.71    1.45
-143012.138   145.201     2.91    1.24
-142640.262   146.199     2.68    1.42
-142268.457   147.356     3.11    2.00
-141896.723   148.947     4.28    2.37
-141525.060   150.772     4.91    2.53
-141153.468   153.122     6.33    2.63
-140781.947   155.553     6.54    2.92
-140410.497   158.443     7.78    3.25
-140039.119   160.982     6.84    3.58
-139667.811   163.723     7.38    3.29
-139296.574   165.856     5.75    2.97
-138925.407   167.758     5.13    2.39
-138554.312   169.209     3.91    2.01
-138183.287   169.998     2.13    1.69
-137812.333   170.614     1.66    1.79
-137441.450   171.340     1.96    1.98
-137070.637   172.606     3.42    2.24
-136699.895   173.974     3.69    2.04
-136329.224   175.384     3.81    2.09
-135958.623   176.777     3.76    2.00
-135588.092   178.315     4.15    2.27
-135217.632   180.247     5.21    2.45
-134847.242   182.800     6.89    3.41
-134476.923   186.258     9.34    5.01
-134106.673   192.028    15.58    7.59
-133736.495   199.425    19.98   10.18
-133366.386   210.660    30.36   12.81
-132996.348   220.476    26.53   12.42
-132626.379   232.163    31.59   11.60
-132256.481   241.604    25.52   11.37
-131886.653   252.453    29.34   11.30
-131516.895   261.247    23.78   10.94
-131147.207   270.844    25.96    9.32
-130777.589   277.637    18.38    8.39
-130408.040   283.301    15.33    6.86
-130038.562   286.561     8.82    6.62
-129669.153   289.139     6.98    6.46
-129299.815   290.334     3.23    6.46
-128930.546   291.633     3.52    5.81
-128561.346   292.683     2.85    5.16
-128192.217   293.486     2.18    4.73
-127823.157   294.663     3.19    4.79
-127454.166   296.222     4.22    5.15
-127085.246   298.948     7.39    6.10
-126716.394   302.770    10.36    6.55
-126347.612   307.568    13.01    7.07
-125978.900   311.985    11.98    5.61
-125610.257   315.709    10.10    4.27
-125241.683   317.994     6.20    3.07
-124873.179   320.290     6.23    3.63
-124504.744   323.334     8.26    5.76
-124136.378   328.109    12.96    7.24
-123768.082   332.646    12.32    6.74
-123399.854   337.576    13.39    4.97
-123031.696   340.788     8.73    3.90
-122663.607   343.708     7.93    3.29
-122295.587   346.072     6.42    3.18
-121927.635   348.035     5.34    2.63
-121559.753   349.447     3.84    2.75
-121191.940   350.096     1.76    2.99
-120824.196   349.798    -0.81    3.67
-120456.520   349.600    -0.54    4.39
-120088.913   349.683     0.23    4.75
-119721.375   349.853     0.46    5.08
-119353.906   349.515    -0.92    5.50
-118986.506   348.606    -2.47    5.52
-118619.174   347.354    -3.41    4.78
-118251.911   345.981    -3.74    4.18
-117884.716   345.041    -2.56    4.03
-117517.590   343.810    -3.35    3.84
-117150.533   342.254    -4.24    3.75
-116783.544   341.017    -3.37    3.41
-116416.623   340.172    -2.30    3.23
-116049.771   339.288    -2.41    2.96
-115682.987   338.401    -2.42    2.55
-115316.271   337.499    -2.46    2.22
-114949.624   336.735    -2.09    1.77
-114583.045   335.868    -2.37    1.46
-114216.534   334.553    -3.59    2.14
-113850.091   332.686    -5.09    2.72
-113483.717   330.747    -5.29    2.84
-113109.520   328.471    -6.08    2.23
-112729.021   326.867    -4.22    1.92
-112348.597   325.262    -4.22    1.80
-111968.246   323.878    -3.64    1.61
-111587.970   322.460    -3.73    1.54
-111207.768   321.044    -3.72    1.60
-110827.640   319.692    -3.56    1.51
-110447.587   318.444    -3.28    1.21
-110067.607   317.490    -2.51    1.03
-109687.701   316.499    -2.61    1.20
-109307.869   314.765    -4.56    2.53
-108928.111   313.046    -4.53    2.61
-108548.427   311.936    -2.92    2.17
-108168.817   311.949     0.03    2.10
-107789.280   313.247     3.42    2.17
-107409.818   315.064     4.79    2.09
-107030.429   316.820     4.63    2.32
-106651.113   318.817     5.26    2.40
-106271.871   320.606     4.72    2.93
-105892.703   322.626     5.33    4.18
-105513.608   325.347     7.18    5.88
-105134.587   329.798    11.75    8.61
-104755.639   334.019    11.14   10.40
-104376.765   338.522    11.89   10.97
-103997.964   342.495    10.49   11.68
-103619.236   344.522     5.35   11.92
-103240.581   346.389     4.93   13.19
-102862.000   347.122     1.94   14.52
-102483.492   347.816     1.83   15.52
-102105.057   346.750    -2.82   15.39
-101726.695   344.148    -6.88   14.56
-101348.406   341.447    -7.14   14.18
-100970.190   339.012    -6.44   14.10
-100592.048   335.913    -8.20   15.25
-100213.978   334.694    -3.23   16.59
 -99835.981   333.028    -4.41   17.24
 -99458.056   332.877    -0.40   18.35
 -99080.205   333.541     1.76   18.63
 -98702.426   332.793    -1.98   18.58
 -98324.721   332.465    -0.87   17.96
 -97947.087   328.325   -10.96   16.28
 -97569.527   324.541   -10.02   13.75
 -97192.039   319.274   -13.95    9.09
 -96814.623   315.867    -9.03    4.82
 -96437.280   313.961    -5.05    0.35
 -96060.010   313.913    -0.13    0.00
 -95682.812   313.913     0.00    0.00
 -95305.686   313.913     0.00    0.00
 -94928.633   313.913     0.00    0.00
 -94551.652   314.192     0.74    0.92
 -94174.743   315.139     2.51    2.33
 -93797.906   317.088     5.17    4.26
 -93421.142   320.169     8.18    6.08
 -93044.450   324.864    12.46    8.19
 -92667.830   332.274    19.68   10.28
 -92291.282   340.204    21.06    9.18
 -91914.806   347.810    20.20    7.13
 -91538.402   352.532    12.55    4.60
 -91162.069   355.041     6.67    2.40
 -90785.809   355.455     1.10    2.24
 -90409.621   353.553    -5.06    4.48
 -90033.504   349.431   -10.96    8.84
 -89657.459   341.327   -21.55   13.82
 -89281.486   331.209   -26.91   14.88
 -88905.585   319.074   -32.29   18.49
 -88529.755   306.592   -33.21   18.55
 -88153.997   294.189   -33.01   19.61
 -87778.310   282.876   -30.11   17.85
 -87402.695   275.454   -19.76   13.94
 -87027.152   269.851   -14.92    7.53
 -86651.679   271.855     5.34    9.65
 -86276.279   279.613    20.67   14.14
 -85900.949   292.084    33.23   21.64
 -85525.691   307.663    41.52   22.59
 -85150.504   325.448    47.41   22.30
 -84775.389   340.076    39.00   16.42
 -84400.345   349.854    26.08   12.08
 -84025.371   356.238    17.03    6.38
 -83650.469   357.262     2.73    4.56
 -83275.638   354.777    -6.63    6.61
 -82900.878   347.879   -18.41   10.54
 -82526.189   338.613   -24.73   12.78
 -82151.571   327.936   -28.50   12.88
 -81777.024   316.913   -29.43   11.89
 -81402.548   307.274   -25.74   11.82
 -81028.143   297.197   -26.92   12.23
 -80653.808   285.076   -32.38   15.28
 -80279.544   271.493   -36.29   17.44
 -79905.351   256.285   -40.65   18.73
 -79531.229   239.438   -45.04   19.23
 -79157.177   221.534   -47.87   20.89
 -78783.196   203.584   -48.00   20.80
 -78409.285   183.320   -54.20   24.42
 -78035.445   161.584   -58.15   25.05
 -77661.676   140.622   -56.08   22.65
 -77287.976   124.523   -43.08   12.51
 -76914.348   118.053   -17.32    5.46
 -76540.789   116.651    -3.75    2.39
 -76167.301   117.831     3.16    2.21
 -75793.883   118.975     3.06    2.63
 -75420.536   122.832    10.33    7.00
 -75047.258   128.419    14.97   11.04
 -74674.051   139.603    29.97   15.72
 -74300.914   153.263    36.61   15.28
 -73927.847   165.029    31.54   12.73
 -73554.850   174.571    25.58    8.13
 -73181.923   180.355    15.51    5.46
 -72809.066   184.222    10.37    4.86
 -72436.279   186.925     7.25    4.62
 -72063.562   189.901     7.99    4.60
 -71690.915   192.402     6.71    4.75
 -71318.337   194.676     6.10    5.26
 -70945.829   198.360     9.89    5.04
 -70573.391   200.288     5.18    4.35
 -70201.023   201.235     2.54    3.64
 -69828.724   200.676    -1.50    4.34
 -69456.495   200.820     0.39    6.07
 -69084.336   200.613    -0.56    8.61
 -68712.246   200.274    -0.91    9.75
 -68340.225   199.988    -0.77   11.42
 -67968.274   198.207    -4.79   12.89
 -67596.393   195.151    -8.22   14.10
 -67224.581   192.465    -7.22   12.49
 -66852.838   190.576    -5.08    9.60
 -66481.164   190.367    -0.56    6.06
 -66109.560   192.552     5.88    5.74
 -65738.025   197.936    14.49    7.97
 -65366.559   204.454    17.55    9.63
 -64995.162   213.227    23.62   10.22
 -64623.835   221.621    22.60    9.29
 -64252.576   228.634    18.89    8.76
 -63881.387   235.425    18.30   10.51
 -63510.266   243.737    22.40   14.08
 -63139.214   253.541    26.42   17.44
 -62768.232   266.250    34.26   18.67
 -62397.318   277.901    31.41   18.12
 -62026.473   293.148    41.12   17.06
 -61655.697   306.204    35.21   14.14
 -61284.990   319.540    35.98   12.88
 -60914.351   330.580    29.79   13.03
 -60543.781   341.832    30.37   12.36
 -60173.280   351.520    26.15   10.92
 -59802.847   360.121    23.22    9.02
 -59432.483   366.529    17.31    8.36
 -59062.187   372.275    15.52    7.56
 -58691.960   376.309    10.90    7.58
 -58321.802   380.313    10.82    6.75
 -57951.712   383.111     7.56    6.90
 -57581.690   387.925    13.01    8.55
 -57211.736   394.495    17.76   11.67
 -56841.851   403.209    23.56   14.15
 -56472.034   412.355    24.73   14.05
 -56102.286   419.626    19.66   13.01
 -55732.605   424.639    13.56   10.35
 -55362.993   427.738     8.38    9.04
 -54993.449   428.936     3.24    8.12
 -54623.973   429.172     0.64    7.81
 -54254.565   427.855    -3.57    7.35
 -53885.225   424.877    -8.06    7.93
 -53515.953   414.832   -27.20   14.87
 -53146.749   399.154   -42.47   22.60
 -52777.612   377.669   -58.21   28.04
 -52408.544   357.060   -55.84   29.12
 -52039.543   331.762   -68.56   30.48
 -51670.611   310.852   -56.68   27.77
 -51301.746   293.247   -47.73   21.93
 -50932.948   282.913   -28.02   13.71
 -50564.219   279.207   -10.05   14.44
 -50195.557   281.287     5.64   21.54
 -49826.962   283.960     7.25   27.64
 -49458.435   281.413    -6.91   28.67
 -49089.976   273.160   -22.40   28.23
 -48721.584   263.690   -25.71   25.44
 -48353.260   252.377   -30.71   23.17
 -47985.003   241.819   -28.67   22.66
 -47616.813   230.826   -29.86   20.49
 -47248.691   220.006   -29.39   16.26
 -46880.636   211.014   -24.43   10.17
 -46512.648   204.501   -17.70    7.31
 -46144.728   200.138   -11.86    6.66
 -45776.875   196.732    -9.26    6.64
 -45409.089   193.790    -8.00    5.89
 -45041.370   191.831    -5.33    4.88
 -44673.718   192.750     2.50    5.46
 -44306.133   196.008     8.86    8.37
 -43938.615   200.841    13.15    9.92
 -43571.164   209.235    22.84   10.66
 -43203.780   217.160    21.57   12.74
 -42836.463   232.708    42.33   23.40
 -42469.213   250.525    48.52   33.26
 -42102.029   274.192    64.46   38.82
 -41734.913   291.996    48.50   40.20
 -41367.863   305.901    37.88   34.80
 -41000.880   303.163    -7.46   28.25
 -40633.963   296.255   -18.83   22.41
 -40267.113   282.019   -38.81   20.09
 -39900.330   275.901   -16.68   17.25
 -39533.614   285.328    25.71   30.10
 -39166.963   310.543    68.77   51.21
 -38800.380   365.681   150.41   65.55
 -38429.852   410.548   121.10   57.92
 -38049.504   451.842   108.57   33.51
 -37669.228   469.576    46.64   17.11
 -37289.024   476.490    18.19   18.97
 -36908.892   479.038     6.70   27.42
 -36528.833   481.384     6.17   30.26
 -36148.845   475.276   -16.07   36.09
 -35768.930   463.949   -29.81   43.30
 -35389.087   463.728    -0.58   43.38
 -35009.316   473.086    24.64   42.27
 -34629.617   494.841    57.30   32.33
 -34249.990   511.925    45.00   15.36
 -33870.435   520.588    22.82    6.09
 -33490.951   524.877    11.30    6.31
 -33111.540   531.247    16.79    9.22
 -32732.200   538.660    19.54   11.62
 -32352.932   546.576    20.87   13.29
 -31973.736   554.732    21.51   15.81
 -31594.611   563.461    23.02   17.07
 -31215.558   570.481    18.52   16.42
 -30836.577   578.090    20.08   15.90
 -30457.667   585.938    20.71   17.60
 -30078.828   593.372    19.62   18.40
 -29700.062   601.400    21.20   21.54
 -29321.366   612.866    30.28   32.94
 -28942.742   628.413    41.06   43.11
 -28564.189   651.490    60.96   52.09
 -28185.708   683.753    85.25   64.67
 -27807.298   726.830   113.84   77.00
 -27428.959   774.913   127.09   78.40
 -27050.691   817.604   112.86   91.45
 -26672.494   858.218   107.39   99.20
 -26294.369   889.134    81.76  112.33
 -25916.314   909.596    54.13  111.45
 -25538.331   919.323    25.73  109.14
 -25160.418   924.219    12.96   98.23
 -24782.577   925.687     3.89   82.51
 -24404.806   915.187   -27.80   70.78
 -24027.106   894.389   -55.07   73.29
 -23649.478   858.389   -95.33   84.97
 -23271.919   815.000  -114.92   94.83
 -22894.432   767.764  -125.13   97.41
 -22517.015   728.814  -103.20   85.29
 -22139.669   699.235   -78.39   61.01
 -21762.394   690.787   -22.39   41.69
 -21385.189   699.355    22.72   40.25
 -21008.055   709.313    26.41   53.68
 -20630.991   717.348    21.31   78.71
 -20253.998   729.772    32.96   89.26
 -19877.075   698.913   -81.87  112.55
 -19500.222   635.486  -168.31  126.71
 -19123.440   574.454  -161.98  104.83
 -18746.729   543.605   -81.89   69.56
 -18370.087   564.485    55.44   90.60
 -17993.516   597.425    87.48   89.10
 -17617.015   614.716    45.92   75.43
 -17240.584   609.718   -13.28   58.45
 -16864.223   606.937    -7.39   55.39
 -16487.932   614.629    20.44   64.30
 -16111.711   623.479    23.52   61.11
 -15735.561   612.675   -28.72   63.33
 -15359.480   587.666   -66.50   60.92
 -14983.469   570.660   -45.23   50.77
 -14607.528   573.828     8.43   68.49
 -14231.657   567.878   -15.83   79.36
 -13855.856   546.540   -56.78   67.21
 -13480.124   523.660   -60.89   46.26
 -13104.462   507.425   -43.22   29.07
 -12728.870   491.443   -42.55   19.92
 -12353.347   476.718   -39.21   20.89
 -11977.895   460.309   -43.71   23.83
 -11602.511   447.407   -34.37   23.79
 -11227.198   434.377   -34.72   25.70
 -10851.953   426.901   -19.92   27.17
 -10476.778   413.948   -34.52   30.77
 -10101.673   395.962   -47.95   33.21
  -9726.637   375.592   -54.32   37.88
  -9351.670   356.000   -52.25   36.34
  -8976.773   336.007   -53.33   36.84
  -8601.945   320.474   -41.44   36.97
  -8227.186   308.313   -32.45   35.75
  -7852.496   300.144   -21.80   35.11
  -7477.876   291.058   -24.25   39.28
  -7103.324   282.863   -21.88   46.27
  -6728.842   272.390   -27.97   53.13
  -6354.428   254.749   -47.12   54.45
  -5980.084   231.104   -63.16   55.51
  -5605.809   198.439   -87.28   44.05
  -5231.602   171.348   -72.39   35.96
  -4857.464   147.251   -64.41   17.85
  -4483.396   135.008   -32.73   11.30
  -4109.396   127.541   -19.97    6.24
  -3735.465   124.819    -7.28    3.57
  -3361.602   120.027   -12.82   12.86
  -2987.808   107.354   -33.91   22.63
  -2614.083    93.040   -38.30   25.96
  -2240.427    76.796   -43.47   25.05
  -1866.839    63.457   -35.70   21.61
  -1493.320    57.961   -14.72   25.67
  -1119.869    45.673   -32.90   31.28
   -746.486    30.348   -41.04   32.80
   -373.172    13.298   -45.67   25.58
      0.073     0.438   -34.46    6.97
    373.250    -1.087    -4.08    0.00
    746.359    -1.087     0.00    0.00
   1119.400    -1.036     0.14    0.32
   1492.372    -0.636     1.07    1.04
   1865.277     0.503     3.05    3.84
   2238.113     5.807    14.23   13.75
   2610.880    15.344    25.58   23.22
   2983.580    24.504    24.58   26.68
   3356.212    35.913    30.62   28.90
   3728.776    44.678    23.53   27.49
   4101.271    53.226    22.95   26.03
   4473.699    59.772    17.58   23.16
   4846.059    64.323    12.22   21.62
   5218.351    70.022    15.31   18.16
   5590.575    74.644    12.42   15.59
   5962.732    78.913    11.47   11.11
   6334.820    73.785   -13.78   16.50
   6706.841    71.070    -7.30   18.10
   7078.795    73.375     6.20   19.73
   7450.680    81.466    21.76   20.46
   7822.498    94.041    33.82   11.69
   8194.249   101.769    20.79    5.97
   8565.931   106.618    13.05    5.14
   8937.547   111.325    12.67    5.49
   9309.095   116.078    12.79    5.29
   9680.575   121.211    13.82    6.19
  10051.988   126.593    14.49    6.38
  10423.334   131.278    12.62    6.40
  10794.613   135.170    10.48    5.83
  11165.824   138.841     9.89    5.13
  11536.968   142.288     9.29    4.58
  11908.044   145.681     9.14    4.87
  12279.054   149.063     9.12    5.12
  12649.996   153.340    11.53    5.79
  13020.872   157.617    11.53    6.62
  13391.680   162.448    13.03    7.30
  13762.421   167.074    12.48    7.08
  14133.095   172.169    13.75    6.02
  14503.703   174.222     5.54    7.94
  14874.243   176.548     6.28   10.02
  15244.717   180.133     9.67    9.88
  15615.123   186.145    16.23    9.87
  15985.463   192.035    15.90    9.31
  16355.736   199.636    20.53    9.02
  16725.943   205.469    15.75    7.59
  17096.082   208.767     8.91    6.13
  17466.155   208.303    -1.25    6.44
  17836.162   206.696    -4.34    7.19
  18206.101   206.218    -1.29    7.73
  18575.975   205.973    -0.66    8.48
  18945.781   208.479     6.78    7.18
  19315.522   213.588    13.82    7.35
  19685.195   219.020    14.70    8.27
  20054.803   227.032    21.68    8.74
  20424.344   234.616    20.52   10.19
  20793.818   244.812    27.60   12.00
  21163.227   256.202    30.83   15.04
  21532.569   269.626    36.34   18.76
  21901.845   283.830    38.46   22.45
  22271.054   301.192    47.02   22.49
  22640.198   314.223    35.30   20.00
  23009.275   324.490    27.82   17.30
  23378.287   331.094    17.90   20.34
  23747.232   332.759     4.51   23.79
  24116.111   331.037    -4.67   23.57
  24484.924   330.268    -2.08   19.70
  24853.672   332.745     6.71   14.42
  25222.353   342.400    26.19   15.50
  25590.969   357.223    40.21   21.27
  25959.518   376.951    53.53   24.61
  26328.002   398.306    57.95   27.11
  26696.420   417.660    52.53   26.88
  27064.773   436.467    51.06   25.35
  27433.059   451.139    39.84   23.17
  27801.280   463.997    34.92   20.20
  28169.436   473.608    26.11   18.93
  28537.526   479.511    16.03   15.89
  28905.550   481.022     4.11   13.43
  29273.509   478.523    -6.79   17.48
  29641.402   471.443   -19.24   21.11
  30009.230   457.765   -37.19   23.54
  30376.992   445.197   -34.17   24.54
  30744.689   428.060   -46.61   21.98
  31112.321   413.436   -39.78   20.74
  31479.887   393.864   -53.25   23.17
  31847.388   376.135   -48.24   22.85
  32214.824   361.516   -39.79   15.34
  32582.194   358.330    -8.67    9.58
  32949.500   362.708    11.92   11.15
  33316.740   373.263    28.74   12.41
  33683.915   384.195    29.77   10.20
  34051.025   395.231    30.06   14.21
  34418.070   408.426    35.95   18.55
  34785.050   426.444    49.10   22.88
  35151.966   441.816    41.89   22.72
  35518.816   457.104    41.67   22.28
  35885.601   462.047    13.48   24.19
  36252.753   459.853    -5.98   32.54
  36632.955   448.865   -28.90   41.97
  37013.086   436.080   -33.63   50.28
  37393.147   418.483   -46.30   62.30
  37773.138   393.961   -64.53   68.81
  38153.059   360.361   -88.44   67.82
  38532.909   319.279  -108.15   70.61
  38912.689   271.721  -125.22   72.58
  39292.399   226.190  -119.91   67.05
  39672.039   183.711  -111.89   56.34
  40051.609   143.181  -106.77   57.34
  40431.109   107.626   -93.69   56.82
  40810.538    76.238   -82.72   40.84
  41189.898    54.047   -58.49   20.28
  41569.188    45.267   -23.15    5.03
  41948.408    44.706    -1.48    4.18
  42327.558    46.074     3.61    4.48
  42706.638    48.145     5.46    4.36
  43085.649    51.160     7.96    4.57
  43464.590    56.080    12.98    7.59
  43843.461    62.888    17.97   10.38
  44222.262    73.255    27.37   14.44
  44600.994    89.532    42.98   25.56
  44979.656   113.185    62.46   39.72
  45358.248   147.093    89.56   51.62
  45736.772   196.127   129.54   64.99
  46115.225   252.913   150.04   72.52
  46493.609   322.389   183.60   81.69
  46871.924   386.128   168.48   66.43
  47250.170   416.817    81.13   50.74
  47628.346   413.352    -9.16   59.75
  48006.453   398.133   -40.25   69.64
  48384.490   382.218   -42.10   73.12
  48762.459   388.206    15.84   75.89
  49140.358   400.479    32.48   71.12
  49518.188   414.864    38.07   56.07
  49895.949   424.202    24.72   39.32
  50273.641   444.217    52.99   42.14
  50651.264   482.335   100.94   55.51
  51028.818   520.541   101.19   56.21
  51406.303   537.060    43.76   54.40
  51783.719   535.644    -3.75   60.57
  52161.066   512.552   -61.19   69.62
  52538.345   489.618   -60.78   59.65
  52915.554   482.523   -18.81   47.12
  53292.695   482.798     0.73   38.73
  53669.767   492.748    26.39   32.98
  54046.771   500.876    21.56   28.77
  54423.706   505.432    12.09   24.11
  54800.572   513.691    21.91   20.87
  55177.370   526.383    33.68   16.67
  55554.099   539.061    33.65   23.95
  55930.760   557.345    48.54   33.02
  56307.352   589.523    85.44   40.66
  56683.876   600.877    30.15   34.29
  57060.331   590.352   -27.96   41.35
  57436.718   564.950   -67.49   50.25
  57813.037   534.827   -80.04   50.63
  58189.287   531.271    -9.45   63.52
  58565.470   554.877    62.75  100.97
  58941.584   591.839    98.27  127.56
  59317.630   628.588    97.72  119.72
  59693.608   624.713   -10.31  118.34
  60069.517   567.560  -152.03  140.52
  60445.359   513.798  -143.04  123.43
  60821.133   466.584  -125.64   96.64
  61196.839   444.875   -57.78  103.18
  61572.476   436.937   -21.13   95.78
  61948.046   397.067  -106.15   66.40
  62323.548   364.084   -87.83   38.90
  62698.983   355.624   -22.53   31.26
  63074.349   350.718   -13.07   32.02
  63449.648   346.718   -10.66   33.06
  63824.879   379.497    87.35   76.61
  64200.042   429.495   133.27  114.11
  64575.138   511.234   217.90  142.81
  64950.166   577.538   176.79  124.97
  65325.126   615.948   102.43   99.45
  65700.019   622.827    18.35   78.19
  66074.845   596.851   -69.30   74.86
  66449.603   538.474  -155.76   87.66
  66824.294   479.462  -157.49   85.95
  67198.917   412.197  -179.54   93.87
  67573.473   345.123  -179.07  104.53
  67947.961   259.568  -228.45   91.08
  68322.383   202.096  -153.49   69.91
  68696.737   160.425  -111.31   33.91
  69071.024   144.535   -42.45   10.22
  69445.243   143.251    -3.43   10.20
  69819.396   153.169    26.51   20.87
  70193.481   167.669    38.76   27.73
  70567.500   191.462    63.61   43.24
  70941.451   240.479   131.07   75.13
  71315.336   309.938   185.76  108.28
  71689.153   402.047   246.39  129.00
  72062.904   464.222   166.34  103.38
  72436.587   464.497     0.74   96.71
  72810.204   437.351   -72.65   95.21
  73183.754   412.303   -67.05   68.46
  73557.237   433.663    57.19   89.28
  73930.654   512.600   211.38  139.07
  74304.004   599.791   233.52  140.15
  74677.287   683.326   223.77  115.37
  75050.504   719.728    97.53   83.74
  75423.654   685.772   -90.99  107.07
  75796.737   611.438  -199.23  125.44
  76169.754   509.407  -273.51  111.94
  76542.704   455.701  -144.00   72.72
  76915.588   450.745   -13.29   62.95
  77288.406   496.749   123.39   95.51
  77661.157   574.284   207.99  106.95
  78033.842   660.234   230.61  121.64
  78406.461   760.098   267.99  132.81
  78779.013   819.065   158.27  111.29
  79151.499   821.116     5.50  112.87
  79523.919   771.026  -134.49  130.39
  79896.272   689.326  -219.40  101.69
  80268.560   677.086   -32.87   88.83
  80640.781   715.723   103.79  121.99
  81012.937   783.001   180.77  147.07
  81385.026   857.716   200.79  141.11
  81757.050   922.134   173.15  134.59
  82129.007   959.532   100.54  107.87
  82500.899   969.723    27.40   81.06
  82872.724   945.839   -64.23   86.42
  83244.484   883.439  -167.84   85.85
  83616.178   815.049  -183.98   72.32
  83987.806   751.546  -170.87   76.89
  84359.369   670.407  -218.36  104.63
  84730.866   600.000  -189.51  107.52
  85102.297   579.251   -55.86   97.17
  85473.662   580.308     2.85   89.01
  85844.962   577.757    -6.87   83.04
  86216.196   557.787   -53.79   98.57
  86587.365   490.382  -181.59   98.69
  86958.468   456.088   -92.40   82.85
  87329.506   460.444    11.74   95.81
  87700.479   495.432    94.31   97.38
  88071.386   545.251   134.31   62.92
  88442.227   563.469    49.12   46.24
  88813.004   560.901    -6.93   40.02
  89183.715   552.123   -23.68   38.84
  89554.360   537.681   -38.96   36.99
  89924.941   519.493   -49.08   40.19
  90295.456   477.296  -113.88   65.61
  90665.907   448.901   -76.64   69.83
  91036.292   433.767   -40.86   65.24
  91406.612   451.382    47.56   67.37
  91776.867   496.547   121.97   62.56
  92147.057   522.951    71.32   52.46
  92517.182   514.074   -23.98   73.43
  92887.242   485.511   -77.18  101.48
  93257.237   434.703  -137.31  119.17
  93627.167   378.242  -152.61  116.65
  93997.033   309.318  -186.34   96.55
  94366.833   260.816  -131.15   85.77
  94736.569   212.718  -130.08   55.28
  95106.240   190.108   -61.16   28.05
  95475.847   182.197   -21.40   11.66
  95845.389   186.713    12.22   13.53
  96214.866   210.013    63.06   42.37
  96584.278   247.648   101.87   72.88
  96953.626   298.420   137.45   92.01
  97322.910   348.222   134.85   93.54
  97692.129   401.388   143.99   72.23
  98061.283   431.864    82.55   51.51
  98430.373   453.597    58.88   32.85
  98799.399   453.142    -1.23   40.19
  99168.360   449.685    -9.37   44.09
  99537.257   451.601     5.19   44.08
  99906.090   451.966     0.99   41.95
 100274.858   448.499    -9.40   36.20
 100643.562   449.069     1.55   29.55
 101012.202   455.493    17.43   28.75
 101380.778   463.334    21.27   32.21
 101749.290   473.547    27.71   33.00
 102117.737   487.212    37.08   32.73
 102486.121   502.985    42.81   31.55
 102854.440   518.490    42.09   29.91
 103222.696   536.301    48.36   37.75
 103590.887   553.913    47.83   41.31
 103959.015   568.226    38.88   37.69
 104327.079   578.420    27.69   28.69
 104695.078   582.086     9.96   23.66
 105063.014   579.546    -6.90   29.23
 105430.887   572.185   -20.01   36.81
 105798.695   551.276   -56.84   41.89
 106166.440   526.790   -66.58   34.88
 106534.121   521.012   -15.71   38.02
 106901.738   518.761    -6.12   39.96
 107269.292   515.555    -8.72   40.78
 107636.782   506.185   -25.50   46.06
 108004.209   491.234   -40.69   44.89
 108371.572   479.086   -33.07   44.06
 108738.872   480.838     4.77   48.53
 109106.108   484.362     9.59   47.14
 109473.281   478.962   -14.71   43.58
 109840.390   477.965    -2.72   39.20
 110207.436   488.206    27.90   38.06
 110574.419   498.597    28.31   39.56
 110941.338   525.481    73.26   40.57
 111318.521   551.347    68.57   37.48
 111698.509   582.901    83.03   60.03
 112078.428   614.154    82.25   65.71
 112458.279   625.469    29.79   68.97
 112838.061   639.217    36.20   73.20
 113217.775   631.777   -19.59   71.20
 113597.420   625.963   -15.32   59.76
 113976.998   627.576     4.25   52.36
 114356.507   638.851    29.71   52.58
 114735.947   653.251    37.95   54.71
 115115.320   674.098    54.95   55.39
 115494.624   695.991    57.71   54.54
 115873.860   725.617    78.11   60.84
 116253.028   758.005    85.41   43.50
 116632.128   774.063    42.35   32.21
 117011.161   779.576    14.54   20.34
 117390.125   769.419   -26.80   18.35
 117769.021   758.090   -29.90   20.75
 118147.849   750.413   -20.26   22.09
 118526.609   747.849    -6.77   20.06
 118905.302   751.825    10.50   21.42
 119283.927   759.024    19.01   18.57
 119662.484   759.654     1.66   20.32
 120040.973   751.308   -22.05   24.43
 120419.395   744.234   -18.69   21.12
 120797.749   747.126     7.64   18.89
 121176.035   749.796     7.06   18.26
 121554.254   753.543     9.90   16.85
 121932.405   755.400     4.91   18.12
 122310.489   772.377    44.90   37.36
 122688.505   789.992    46.60   38.70
 123066.454   793.740     9.92   31.32
 123444.335   777.192   -43.79   39.91
 123822.149   745.145   -84.81   45.35
 124199.896   722.926   -58.81   37.94
 124577.576   717.688   -13.87   38.33
 124955.188   735.580    47.38   54.98
 125332.733   771.642    95.51   55.71
 125710.211   802.024    80.48   42.14
 126087.621   811.513    25.14   35.32
 126464.965   800.407   -29.43   36.63
 126842.242   782.939   -46.30   36.78
 127219.451   761.617   -56.52   39.45
 127596.594   736.298   -67.13   44.41
 127973.669   712.291   -63.66   44.18
 128350.678   705.676   -17.54   33.80
 128727.619   701.633   -10.73   26.90
 129104.494   697.833   -10.08   26.24
 129481.302   668.493   -77.86   50.77
 129858.044   631.744   -97.53   49.17
 130234.718   614.328   -46.23   43.20
 130611.326   600.277   -37.31   39.76
 130987.867   594.201   -16.13   40.02
 131364.342   577.563   -44.19   45.74
 131740.749   563.572   -37.17   43.05
 132117.091   562.111    -3.88   46.09
 132493.366   562.358     0.66   52.25
 132869.574   562.485     0.34   57.65
 133245.716   542.464   -53.22   63.13
 133621.791   514.851   -73.42   54.93
 133997.800   492.790   -58.67   33.39
 134373.743   484.047   -23.25   13.54
 134749.619   487.851    10.12   12.95
 135125.429   497.938    26.84   15.70
 135501.173   508.186    27.27   14.66
 135876.850   512.518    11.53   10.57
 136252.462   513.601     2.88   10.76
 136628.007   518.291    12.49   15.30
 137003.486   526.993    23.17   19.85
 137378.899   539.617    33.62   17.87
 137754.246   548.729    24.27   13.56
 138129.527   549.663     2.49   13.00
 138504.742   554.251    12.23   16.28
 138879.891   566.499    32.64   22.41
 139254.975   585.472    50.58   28.52
 139629.992   615.113    79.03   42.75
 140004.943   656.559   110.52   54.87
 140379.829   684.491    74.50   51.35
 140754.649   710.394    69.10   39.60
 141129.403   713.763     8.99   32.53
 141504.092   695.503   -48.73   38.22
 141878.715   670.713   -66.16   48.06
 142253.272   628.813  -111.85   41.87
 142627.764   604.444   -65.06   33.61
 143002.190   593.963   -27.99   20.47
 143376.550   592.939    -2.73   12.67
 143750.845   600.029    18.94    9.43
 144125.075   602.740     7.25    6.04
 144499.239   592.950   -26.16   23.56
 144873.338   572.284   -55.24   37.24
 145247.372   552.576   -52.68   33.51
 145621.340   546.503   -16.24   27.99
 145995.243   556.051    25.53   31.02
 146369.080   578.888    61.08   33.18
 146742.853   605.345    70.78   37.25
 147116.560   622.622    46.23   37.58
 147490.202   633.038    27.87   31.64
 147863.779   636.690     9.77   30.33
 148237.291   640.113     9.17   32.51
 148610.738   645.952    15.63   32.74
 148984.120   665.938    53.52   32.96
 149357.437   686.285    54.50   27.87
 149730.689   696.913    28.47   31.17
 150103.876   705.400    22.74   40.33
 150476.998   715.765    27.78   50.90
 150850.056   733.716    48.11   73.21
 151223.048   763.306    79.32   86.61
 151595.976   792.808    79.10   94.46
 151968.839   823.913    83.41   87.64
 152341.638   860.926    99.27   96.94
 152714.371   905.876   120.58   95.26
 153087.041   942.032    97.01   92.14
 153459.645   953.090    29.68   83.92
 153832.185   911.413  -111.86  102.94
 154204.660   852.172  -159.03  129.27
 154577.071   813.979  -102.54  144.45
 154949.418   751.629  -167.43  149.67
 155321.700   695.624  -150.42  126.93
 155693.918   678.751   -45.33   91.33
 156066.071   729.553   136.49  127.02
 156438.160   863.308   359.42  178.33
 156810.185   959.527   258.60  141.59
 157182.145   998.328   104.30  108.90
 157554.041  1015.105    45.11  109.50
 157925.873   995.116   -53.75  121.60
 158297.641  1011.624    44.40  132.64
 158669.345  1018.588    18.73  135.02
 159040.984   994.861   -63.84  117.72
 159412.560  1005.049    27.41  113.41
 159784.071  1029.173    64.93  112.38
 160155.519  1085.751   152.30  111.69
 160526.902  1143.216   154.71   93.02
 160898.222  1161.613    49.54   83.14
 161269.478  1149.511   -32.59   92.41
 161640.670  1079.663  -188.15  145.55
 162011.798   962.913  -314.54  154.88
 162382.862   876.038  -234.09  139.57
 162753.863   799.134  -207.26  111.70
 163124.799   748.926  -135.34   88.76
 163495.673   708.742  -108.33   77.99
 163866.482   667.526  -111.14   64.21
 164237.228   635.692   -85.85   45.71
 164607.910   629.963   -15.46   38.02
 164978.529   640.718    29.02   45.65
 165349.084   668.926    76.11   46.76
 165719.575   696.860    75.39   36.80
 166090.004   706.513    26.06   37.50
 166460.368   718.620    32.68   35.24
 166830.670   734.723    43.48   39.72
 167200.908   754.466    53.32   48.76
 167571.082   785.988    85.14   67.33
 167941.194   832.620   125.98   84.79
 168311.242   887.382   147.97  100.96
 168681.226   939.075   139.70   82.26
 169051.148   965.876    72.44   64.38
 169421.007   979.111    35.78   58.49
 169790.802  1004.864    69.63   52.86
 170160.534  1036.102    84.48   60.03
 170530.203  1087.592   139.27   79.52
 170899.809  1154.210   180.22   93.82
 171269.353  1222.568   184.95  105.36
 171638.833  1259.295    99.39   86.97
 172008.250  1274.493    41.14   73.39
 172377.604  1300.481    70.35   75.02
 172746.896  1326.263    69.81   84.77
 173116.124  1349.683    63.42   78.38
 173485.290  1346.088    -9.74   71.81
 173854.393  1316.186   -81.00   99.72
 174223.433  1256.076  -162.86  116.42
 174592.411  1241.571   -39.30  106.29
 174961.325  1257.051    41.95  110.56
 175330.178  1299.692   115.59  114.47
 175698.967  1360.001   163.51  100.22
 176067.694  1416.508   153.23   91.31
 176436.359  1459.476   116.53   74.96
 176804.961  1466.601    19.33   68.81
 177173.500  1430.363   -98.32   97.94
 177541.977  1369.170  -166.05  107.72
 177910.391  1271.850  -264.12  130.14
 178278.744  1193.875  -211.65  118.37
 178647.033  1169.358   -66.56  108.32
 179015.261  1232.188   170.60  166.34
 179383.426  1328.774   262.30  161.00
 179751.529  1389.861   165.93  110.14
 180119.569  1409.682    53.85   93.54
 180487.548  1393.326   -44.44   92.73
 180855.464  1430.209   100.24  123.46
 181223.318  1506.176   206.48  127.23
 181591.110  1533.644    74.67  108.19
 181958.840  1490.176  -118.19  147.34
 182326.508  1416.554  -200.21  159.76
 182694.114  1333.113  -226.95  131.15
 183061.658  1231.734  -275.79  123.26
 183429.140  1189.813  -114.06  116.03
 183796.560  1183.195   -18.01  109.87
 184163.918  1217.163    92.45  118.35
 184531.215  1296.287   215.39  110.71
 184898.449  1388.938   252.26  111.74
 185265.622  1435.116   125.75  106.84
 185632.733  1424.888   -27.85  100.87
 186006.741  1363.167  -165.00  143.39
 186386.588  1288.813  -195.71  147.45
 186766.369  1231.624  -150.56  136.38
 187146.083  1198.338   -87.65  129.55
 187525.731  1197.173    -3.07  118.18
 187905.312  1219.837    59.70  105.90
 188284.826  1244.063    63.82  113.25
 188664.274  1294.763   133.59  117.10
 189043.655  1337.521   112.69  108.63
 189422.971  1351.459    36.74   93.44
 189802.219  1400.363   128.93  125.66
 190181.402  1487.102   228.72  140.63
 190560.518  1563.296   200.95  136.88
 190939.567  1612.713   130.35  133.32
 191318.551  1608.027   -12.36  147.12
 191697.468  1551.295  -149.70  161.75
 192076.319  1488.663  -165.29  152.88
 192455.104  1446.718  -110.72  117.73
 192833.823  1414.990   -83.76   92.55
 193212.475  1398.801   -42.75   92.51
 193591.062  1402.148     8.84   98.86
 193969.583  1410.394    21.78  126.69
 194348.037  1418.979    22.68  138.43
 194726.426  1467.488   128.18  146.18
 195104.749  1514.505   124.26  114.48
 195483.006  1528.238    36.30  104.55
 195861.197  1551.426    61.30   84.39
 196239.322  1507.407  -116.40  113.55
 196617.382  1421.778  -226.46  136.24
 196995.376  1304.388  -310.51  162.68
 197373.304  1172.992  -347.62  175.85
 197751.166  1055.638  -310.52  202.46
 198128.963   918.644  -362.55  191.66
 198506.695   831.626  -230.33  151.10
 198884.360   813.000   -49.31  132.98
 199261.960   864.638   136.73  172.46
 199639.495   993.166   340.38  200.82
 200016.964  1109.477   308.08  179.79
 200394.368  1197.826   234.06  138.56
 200771.706  1253.940   148.68  116.78
 201148.980  1277.470    62.36  100.22
 201526.187  1301.321    63.22   99.58
 201903.330  1340.126   102.87  111.22
 202280.407  1384.359   117.29  118.59
 202657.419  1440.238   148.19  128.33
 203034.366  1490.647   133.71  129.60
 203411.247  1482.268   -22.23  133.76
 203788.064  1421.670  -160.79  154.74
 204164.815  1337.040  -224.59  173.61
 204541.502  1226.090  -294.49  147.71
 204918.123  1143.311  -219.76  131.62
 205294.679  1076.355  -177.78  133.89
 205671.171  1015.768  -160.90  134.94
 206047.597   972.516  -114.88  139.04
 206423.959   958.618   -36.92  147.45
 206800.256   936.526   -58.70  143.75
 207176.488   918.439   -48.07  140.27
 207552.655   890.521   -74.20  140.58
 207928.758   841.176  -131.18  146.11
 208304.795   763.726  -205.93  145.92
 208680.769   697.656  -175.70  146.33
 209056.677   635.963  -164.09  138.81
 209432.521   558.793  -205.29  130.21
 209808.300   500.056  -156.28  112.96
 210184.015   428.473  -190.49  101.99
 210559.665   379.426  -130.54  101.45
 210935.251   336.518  -114.22  106.06
 211310.772   282.251  -144.49   85.76
 211686.229   240.368  -111.53   47.97
 212061.622   227.195   -35.08   30.72
 212436.950   234.276    18.86   38.17
 212812.214   251.913    46.99   50.83
 213187.413   280.708    76.73   61.60
 213562.549   320.653   106.46   76.27
 213937.620   383.426   167.33   90.04
 214312.627   454.095   188.41   99.33
 214687.570   504.887   135.44  103.02
 215062.448   533.951    77.52  109.15
 215437.263   510.128   -63.55  126.58
 215812.014   461.597  -129.48  119.19
 216186.700   416.438  -120.50   99.88
 216561.323   400.782   -41.79   77.84
 216935.881   426.151    67.72   94.04
 217310.376   486.156   160.20  130.96
 217684.807   572.369   230.21  146.92
 218059.174   662.143   239.76  165.76
 218433.477   695.495    89.09  172.94
 218807.717   691.413   -10.91  163.95
 219181.893   678.126   -35.50  141.83
 219556.005   677.598    -1.41  151.76
 219930.053   712.863    94.26  175.89
 220304.038   750.367   100.26  181.56
 220677.959   771.041    55.28  157.81
 221051.816   776.400    14.33  135.19
 221425.610   796.772    54.49  131.96
 221799.340   807.567    28.88  147.97
 222173.007   831.026    62.77  174.26
 222546.611   867.978    98.89  178.59
 222920.151   846.749   -56.82  183.77
 223293.628   785.221  -164.71  218.20
 223667.041   701.166  -225.06  191.27
 224040.391   664.226   -98.93  130.46
 224413.678   714.080   133.53  171.00
 224786.901   831.472   314.48  189.06
 225160.061   965.558   359.26  156.49
 225533.158  1072.349   286.18  125.91
 225906.192  1128.952   151.71  143.27
 226279.163  1192.597   170.61  162.11
 226652.071  1217.938    67.94  150.21
 227024.915  1203.131   -39.71  135.09
 227397.697  1189.485   -36.60  123.78
 227770.415  1191.787     6.18  125.35
 228143.071  1223.811    85.92  129.13
 228515.664  1234.040    27.45  110.25
 228888.193  1184.295  -133.51  126.50
 229260.660  1096.673  -235.20  131.90
 229633.064  1054.761  -112.52  105.71
 230005.406  1087.242    87.22  131.70
 230377.684  1164.340   207.06  126.91
 230749.900  1216.938   141.28   95.93
 231122.053  1259.032   113.09  104.78
 231494.143  1293.763    93.32  118.83
 231866.171  1314.021    54.44  120.00
 232238.136  1314.490     1.26  112.45
 232610.039  1303.479   -29.60  106.36
 232981.879  1312.571    24.45   84.62
 233353.656  1305.048   -20.23   72.08
 233725.371  1260.088  -120.93  101.87
 234097.024  1172.385  -235.93  144.66
 234468.614  1030.551  -381.62  191.41
 234840.142   903.548  -341.77  156.78
 235211.607   852.991  -136.08  113.27
 235583.010   869.589    44.68  136.39
 235954.351   976.303   287.32  155.81
 236325.629  1078.954   276.42  128.58
 236696.846  1131.038   140.28  103.88
 237068.000  1144.705    36.81  105.37
 237439.092  1112.276   -87.37  121.72
 237810.121  1054.265  -156.32  142.67
 238181.089   952.347  -274.68  160.87
 238551.995   864.710  -236.23  150.84
 238922.838   793.108  -193.04  124.34
 239293.620   740.994  -140.52  104.16
 239664.339   688.438  -141.74  116.93
 240034.997   633.205  -148.98  140.94
 240405.592   552.576  -217.52  132.49
 240776.126   495.859  -153.04   66.86
 241146.598   498.093     6.03   65.63
 241517.008   525.602    74.25   96.28
 241887.357   545.134    52.73  115.87
 242257.643   558.494    36.07  122.07
 242627.868   577.301    50.79  109.16
 242998.031   616.735   106.51   89.71
 243368.133   676.501   161.45  100.13
 243738.173   731.021   147.31   82.37
 244108.151   744.363    36.05   76.28
 244478.068   756.324    32.33   78.64
 244847.923   745.978   -27.97   76.79
 245217.716   724.557   -57.92   67.15
 245587.449   718.476   -16.44   55.53
 245957.119   704.913   -36.68   39.10
 246326.729   703.151    -4.77   38.73
 246696.277   709.338    16.74   43.60
 247065.763   707.401    -5.24   45.06
 247435.188   710.116     7.35   44.88
 247804.552   726.459    44.24   46.78
 248173.855   753.052    71.99   64.28
 248543.096   785.268    87.23   72.77
 248912.277   843.332   157.24   96.01
 249281.396   881.101   102.30   92.21
 249650.454   894.941    37.49   79.60
 250019.451   890.351   -12.44   73.31
 250388.386   861.535   -78.09   70.54
 250757.261   834.342   -73.70   71.62
 251126.075   793.593  -110.46  102.04
 251494.827   749.718  -118.96  105.51
 251863.519   705.846  -118.97   84.80
 252232.150   670.192   -96.70   63.58
 252600.720   658.153   -32.66   52.40
 252969.229   667.151    24.41   53.91
 253337.677   676.359    24.99   55.07
 253706.065   691.734    41.73   57.96
 254074.391   702.848    30.17   62.01
 254442.657   712.473    26.13   64.79
 254810.862   724.108    31.59   70.51
 255179.007   734.144    27.26   73.77
 255547.091   742.321    22.21   77.99
 255915.114   750.393    21.93   80.86
 256283.077   745.842   -12.37   77.51
