# NaN NaN NaN ;Mean Elev.(m), Avg Gradient(m/km), RMS Gradient(m/km) - SRTM1     
#   34.097   2.736  19.259 ;Mean Elev.(m), Avg Gradient(m/km), RMS Gradient(m/km) - ASTER GDEM
#   60.956 -12.660  28.724 ;Mean Elev.(m), Avg Gradient(m/km), RMS Gradient(m/km) - GMTED2010 
  7 233.963733  64.949121    50.561    51.071  3 52457.81865139 29.075
 10 233.972150  64.946343   103.230   103.471  4 52562.81865048 21.568
 13 233.960706  64.947822   101.144   100.860  3 52667.81863208  8.930
 14 233.977034  64.944176   101.580   101.666  4 52702.81860722  6.240
 17 233.970853  64.946214    50.445    50.475  4 52807.81867050 44.045
 18 233.970903  64.945638    87.377    93.982  4 52842.81872873 18.807
 20 233.960992  64.949038    86.652   101.881  3 52912.81872512 13.610
 23 233.957184  64.950160   101.740   102.067  3 53017.81871112  7.098
 24 233.974554  64.945481   110.621   108.485  4 53052.81869235  5.745
 25 233.950412  64.953141   123.683   124.456  3 53087.81872866  3.567
 27 233.961720  64.948432    51.663    51.663  2 53157.81875610 38.289
 28 233.966796  64.947912    72.181    56.964  3 53192.81874951 13.134
 30 233.952457  64.953518    87.609   101.944  3 53262.81872006  7.910
 31 233.961020  64.948441    48.177    48.187  3 53297.81875928 29.757
 34 233.968448  64.947875   114.641   113.138  4 53402.81870382  5.639
 36 233.966757  64.948837   125.018   125.213  3 53472.81874750  5.290
 38 233.960418  64.950549    85.169    97.835  3 53542.81878330 11.447
 39 233.956387  64.950649    50.152    49.808  3 53577.81876842 33.502
 41 233.971690  64.945754   101.788   102.590  3 53647.81872682 12.150
 43 233.957917  64.949690    65.837    50.539  3 53717.81866904 14.970
 44 233.977376  64.943488    75.451    75.363  4 53752.81858995 14.504
 45 233.963234  64.947344   100.574   100.327  3 53787.81861976  9.492
 46 233.981710  64.943660   121.424   121.647  4 53822.81857443  4.799
 47 233.965746  64.948842    47.661    47.853  3 53857.81866605 19.955
 49 233.957167  64.951249    87.241   103.050  3 53927.81873894 13.183
 50 233.953330  64.952040    46.200    46.089  3 53962.81872194 32.646
 51 233.981539  64.942663    77.964    77.583  4 53997.81866956 12.935
 52 233.971111  64.946508    47.138    47.191  3 54032.81871901 44.804
 54 233.955151  64.952584   106.511   105.771  3 54102.81867157  8.279
 55 233.969798  64.947363   102.865   102.283  3 54137.81864159  6.770
 59 233.965344  64.948931    70.722    56.243  3 54277.81869267 10.668
 60 233.964176  64.948535    50.600    50.577  3 54312.81869331 42.368
 61 233.955037  64.950203    85.824    99.907  3 54347.81866496  8.548
 63 233.958001  64.950191    48.669    48.661  3 54417.81861432 33.535
 64 233.973758  64.946775    48.388    48.522  4 54452.81860060 12.379
 67 233.958029  64.950685   104.336   104.858  3 54557.81862189  3.591
 69 233.962357  64.949184    50.354    50.580  4 54627.81862486 37.033
 70 233.963494  64.948785    49.663    49.782  4 54662.81863236 26.059
 73 233.962839  64.948653    52.804    52.981  3 54767.81858640 30.557
 74 233.969517  64.947005    90.053   102.152  4 54802.81858345 12.881
 75 233.964522  64.949799   106.268   107.043  3 54837.81857896  8.340
 77 233.954217  64.951770   120.086   120.086  2 54907.81858629  2.757
 78 233.969115  64.947867   119.468   119.751  4 54942.81857503  2.140
 79 233.963943  64.949692    48.463    48.421  3 54977.81860235 37.516
 80 233.961978  64.949052    79.353    79.276  4 55012.81860961 19.933
 81 233.966149  64.949222    49.929    50.012  3 55047.81860189 42.839
 82 233.954414  64.951132   111.426   111.426  2 55082.81857264  8.771
 83 233.970845  64.947186   102.003   102.328  3 55117.81853412 19.670
 84 233.959189  64.948466    49.599    49.536  3 55152.81853148 18.662
 86 233.959789  64.948302   104.785   104.967  3 55222.81853035  5.858
 87 233.967060  64.947788   107.549   108.888  4 55257.81851781  4.766
 88 233.955901  64.951469   104.246   104.246  2 55292.81851744  4.521
 91 233.969362  64.946752    48.241    48.955  3 55397.81850533 16.629
 92 233.964699  64.947940    49.045    49.087  3 55432.81851240 27.909
 93 233.953991  64.951869   103.589   103.589  2 55467.81847022  7.749
